20 198.41 0.18 198.59 0.075 19 39 0.42 0.0 
40 197.19 0.21 197.4 0.118 38 84 0.83 0.0 
60 195.87 0.12 195.99 0.168 55 132 1.21 0.01 
80 195.24 -0.21 195.03 0.2 72 184 1.58 0.01 
100 194.64 -0.24 194.4 0.22 91 239 2.0 0.01 
120 194.15 -0.5 193.65 0.258 108 297 2.37 0.01 
140 193.32 -0.42 192.9 0.284 126 349 2.76 0.02 
160 192.52 -0.53 192.0 0.31 142 413 3.11 0.02 
180 191.28 -0.49 190.79 0.335 160 468 3.51 0.02 
200 189.68 -0.49 189.19 0.352 175 524 3.84 0.03 
220 189.27 -0.69 188.58 0.385 193 589 4.23 0.03 
240 188.5 -0.63 187.87 0.4 209 632 4.58 0.03 
260 187.91 -0.84 187.07 0.421 222 696 4.87 0.03 
280 187.59 -0.89 186.7 0.436 240 768 5.26 0.04 
300 186.8 -1.06 185.74 0.451 256 839 5.61 0.04 
320 186.18 -1.13 185.04 0.461 271 907 5.94 0.05 
340 185.75 -1.23 184.51 0.478 288 970 6.32 0.05 
360 184.68 -1.29 183.39 0.492 305 1043 6.69 0.05 
380 184.23 -1.43 182.81 0.506 321 1113 7.04 0.06 
400 183.58 -1.48 182.1 0.52 333 1192 7.3 0.06 
420 182.5 -1.36 181.14 0.53 347 1261 7.61 0.06 
440 182.96 -1.57 181.39 0.542 361 1323 7.92 0.07 
460 181.93 -1.55 180.38 0.55 375 1400 8.22 0.07 
480 181.53 -1.52 180.01 0.557 390 1479 8.55 0.07 
500 180.38 -1.47 178.91 0.57 407 1556 8.93 0.08 
520 179.76 -1.48 178.27 0.58 419 1627 9.19 0.08 
540 178.77 -1.4 177.37 0.589 433 1697 9.5 0.08 
560 178.72 -1.6 177.12 0.598 447 1781 9.8 0.09 
580 177.98 -1.64 176.34 0.611 462 1858 10.13 0.09 
600 176.77 -1.57 175.19 0.617 477 1936 10.46 0.1 
620 175.94 -1.7 174.24 0.627 490 2021 10.75 0.1 
640 175.8 -1.78 174.03 0.632 504 2100 11.05 0.1 
660 174.91 -1.75 173.15 0.643 520 2184 11.4 0.11 
680 174.4 -1.83 172.57 0.647 534 2267 11.71 0.11 
700 174.04 -1.8 172.24 0.656 547 2361 12.0 0.12 
720 173.97 -1.83 172.14 0.662 563 2452 12.35 0.12 
740 173.18 -1.89 171.29 0.667 576 2529 12.63 0.13 
760 172.02 -1.87 170.15 0.669 590 2622 12.94 0.13 
780 172.21 -2.01 170.2 0.679 603 2732 13.22 0.14 
800 171.34 -2.05 169.28 0.682 618 2808 13.55 0.14 
820 170.96 -2.16 168.8 0.684 634 2905 13.9 0.14 
840 170.56 -2.19 168.37 0.692 647 2996 14.19 0.15 
860 170.41 -2.25 168.17 0.696 662 3081 14.52 0.15 
880 169.48 -2.31 167.17 0.702 677 3177 14.85 0.16 
900 169.48 -2.4 167.08 0.705 688 3282 15.09 0.16 
920 168.69 -2.4 166.29 0.709 700 3373 15.35 0.17 
940 168.19 -2.37 165.82 0.714 714 3467 15.66 0.17 
960 167.79 -2.43 165.36 0.717 726 3558 15.92 0.18 
980 167.83 -2.45 165.39 0.723 739 3666 16.21 0.18 
1000 166.95 -2.43 164.52 0.726 753 3764 16.51 0.19 
1020 166.3 -2.42 163.88 0.732 768 3865 16.84 0.19 
1040 166.06 -2.46 163.6 0.734 783 3974 17.17 0.2 
1060 165.46 -2.34 163.12 0.737 799 4066 17.52 0.2 
1080 164.77 -2.35 162.42 0.741 812 4156 17.81 0.21 
1100 164.72 -2.36 162.36 0.745 827 4245 18.14 0.21 
1120 163.76 -2.38 161.38 0.748 840 4345 18.42 0.22 
1140 163.59 -2.35 161.24 0.753 854 4435 18.73 0.22 
1160 163.0 -2.41 160.59 0.754 868 4545 19.04 0.23 
1180 162.8 -2.44 160.36 0.758 879 4666 19.28 0.23 
1200 162.1 -2.46 159.65 0.761 888 4769 19.47 0.24 
1220 161.47 -2.48 158.99 0.765 900 4884 19.74 0.24 
1240 161.31 -2.41 158.9 0.768 912 4978 20.0 0.25 
1260 161.13 -2.49 158.64 0.769 922 5093 20.22 0.25 
1280 160.65 -2.45 158.19 0.772 937 5205 20.55 0.26 
1300 160.48 -2.53 157.94 0.774 950 5310 20.83 0.26 
1320 159.97 -2.55 157.42 0.777 958 5414 21.01 0.27 
1340 159.65 -2.62 157.03 0.777 967 5515 21.21 0.27 
1360 159.83 -2.68 157.15 0.783 976 5615 21.4 0.28 
1380 159.36 -2.66 156.7 0.784 990 5748 21.71 0.29 
1400 159.02 -2.73 156.29 0.786 1002 5868 21.97 0.29 
1420 158.33 -2.5 155.83 0.787 1013 5959 22.21 0.3 
1440 157.22 -2.5 154.71 0.789 1027 6070 22.52 0.3 
1460 157.52 -2.49 155.02 0.794 1039 6172 22.79 0.31 
1480 156.87 -2.48 154.39 0.793 1054 6291 23.11 0.31 
1500 157.09 -2.54 154.55 0.794 1065 6406 23.36 0.32 
1520 156.64 -2.54 154.11 0.796 1074 6530 23.55 0.32 
1540 156.17 -2.55 153.63 0.801 1084 6643 23.77 0.33 
1560 155.93 -2.54 153.38 0.802 1095 6757 24.01 0.34 
1580 155.65 -2.6 153.05 0.803 1109 6872 24.32 0.34 
1600 155.31 -2.58 152.73 0.806 1121 6979 24.58 0.35 
1620 154.86 -2.59 152.28 0.806 1135 7120 24.89 0.35 
1640 154.69 -2.58 152.11 0.807 1145 7231 25.11 0.36 
1660 154.26 -2.59 151.67 0.811 1158 7378 25.39 0.37 
1680 153.92 -2.62 151.3 0.813 1170 7506 25.66 0.37 
1700 153.67 -2.58 151.09 0.814 1176 7624 25.79 0.38 
1720 153.53 -2.56 150.97 0.815 1190 7726 26.1 0.38 
1740 153.06 -2.56 150.49 0.813 1201 7843 26.34 0.39 
1760 152.65 -2.67 149.98 0.817 1214 7966 26.62 0.4 
1780 152.56 -2.74 149.82 0.82 1226 8089 26.89 0.4 
1800 152.37 -2.71 149.67 0.82 1237 8207 27.13 0.41 
1820 152.46 -2.76 149.7 0.822 1250 8341 27.41 0.41 
1840 152.01 -2.78 149.23 0.823 1262 8472 27.68 0.42 
1860 151.94 -2.76 149.18 0.824 1275 8594 27.96 0.43 
1880 151.45 -2.74 148.71 0.825 1289 8691 28.27 0.43 
1900 150.86 -2.82 148.04 0.821 1300 8817 28.51 0.44 
1920 151.17 -2.87 148.31 0.829 1312 8937 28.77 0.44 
1940 151.14 -2.88 148.26 0.831 1322 9051 28.99 0.45 
1960 149.99 -2.8 147.2 0.83 1333 9187 29.23 0.46 
1980 149.52 -2.72 146.8 0.831 1345 9300 29.5 0.46 
2000 149.79 -2.78 147.01 0.831 1351 9428 29.63 0.47 
2020 149.46 -2.8 146.67 0.834 1365 9561 29.93 0.48 
2040 149.13 -2.74 146.39 0.835 1378 9700 30.22 0.48 
2060 148.49 -2.76 145.73 0.833 1385 9818 30.37 0.49 
2080 148.32 -2.73 145.6 0.836 1395 9943 30.59 0.49 
2100 148.38 -2.72 145.66 0.839 1407 10068 30.86 0.5 
2120 148.75 -2.73 146.02 0.839 1411 10178 30.94 0.51 
2140 147.57 -2.65 144.93 0.839 1424 10296 31.23 0.51 
2160 147.53 -2.68 144.85 0.841 1435 10428 31.47 0.52 
2180 147.56 -2.6 144.95 0.84 1446 10535 31.71 0.52 
2200 147.07 -2.6 144.47 0.841 1457 10684 31.95 0.53 
2220 146.61 -2.62 143.98 0.845 1471 10827 32.26 0.54 
2240 146.74 -2.47 144.28 0.846 1480 10922 32.46 0.54 
2260 145.95 -2.47 143.47 0.845 1489 11038 32.65 0.55 
2280 145.69 -2.49 143.19 0.846 1495 11167 32.79 0.56 
2300 146.02 -2.57 143.45 0.849 1502 11301 32.94 0.56 
2320 145.56 -2.56 142.99 0.849 1512 11424 33.16 0.57 
2340 145.24 -2.55 142.69 0.849 1527 11547 33.49 0.57 
2360 145.43 -2.55 142.88 0.849 1536 11673 33.68 0.58 
2380 144.86 -2.58 142.28 0.852 1546 11802 33.9 0.59 
2400 144.64 -2.54 142.1 0.851 1558 11936 34.17 0.59 
2420 144.7 -2.57 142.13 0.852 1568 12067 34.39 0.6 
2440 144.41 -2.54 141.86 0.854 1577 12187 34.58 0.61 
2460 144.39 -2.52 141.88 0.854 1586 12296 34.78 0.61 
2480 144.22 -2.49 141.72 0.855 1593 12420 34.93 0.62 
2500 143.64 -2.48 141.16 0.857 1602 12532 35.13 0.62 
2520 143.94 -2.5 141.44 0.857 1608 12689 35.26 0.63 
2540 142.98 -2.47 140.51 0.858 1616 12815 35.44 0.64 
2560 142.97 -2.42 140.55 0.858 1625 12941 35.64 0.64 
2580 142.66 -2.38 140.28 0.858 1634 13077 35.83 0.65 
2600 142.1 -2.4 139.71 0.858 1640 13212 35.96 0.66 
2620 142.16 -2.35 139.81 0.86 1653 13328 36.25 0.66 
2640 141.85 -2.26 139.59 0.86 1667 13451 36.56 0.67 
2660 141.72 -2.23 139.49 0.861 1679 13554 36.82 0.67 
2680 141.92 -2.2 139.72 0.862 1689 13685 37.04 0.68 
2700 141.35 -2.16 139.19 0.863 1697 13794 37.21 0.69 
2720 141.43 -2.21 139.22 0.862 1701 13915 37.3 0.69 
2740 140.92 -2.19 138.73 0.865 1708 14058 37.46 0.7 
2760 140.73 -2.17 138.56 0.865 1719 14186 37.7 0.71 
2780 140.52 -2.18 138.34 0.865 1731 14316 37.96 0.71 
2800 139.83 -2.21 137.62 0.864 1740 14449 38.16 0.72 
2820 139.88 -2.18 137.7 0.865 1748 14589 38.33 0.73 
2840 139.87 -2.24 137.63 0.865 1757 14713 38.53 0.73 
2860 139.76 -2.2 137.56 0.867 1767 14853 38.75 0.74 
2880 139.22 -2.19 137.02 0.867 1777 14979 38.97 0.74 
2900 139.78 -2.17 137.61 0.867 1787 15129 39.19 0.75 
2920 139.32 -2.16 137.16 0.868 1798 15245 39.43 0.76 
2940 139.23 -2.14 137.09 0.87 1808 15369 39.65 0.76 
2960 138.99 -2.15 136.83 0.87 1815 15496 39.8 0.77 
2980 138.83 -2.16 136.67 0.87 1822 15643 39.96 0.78 
3000 138.41 -2.12 136.29 0.871 1833 15798 40.2 0.79 
3020 138.19 -2.14 136.06 0.871 1841 15935 40.37 0.79 
3040 137.82 -2.12 135.7 0.871 1849 16067 40.55 0.8 
3060 137.63 -2.07 135.56 0.873 1856 16211 40.7 0.81 
3080 137.59 -2.0 135.59 0.873 1861 16337 40.81 0.81 
3100 137.63 -1.93 135.7 0.873 1867 16459 40.94 0.82 
3120 137.32 -1.95 135.37 0.872 1878 16579 41.18 0.82 
3140 137.15 -1.98 135.17 0.874 1886 16725 41.36 0.83 
3160 136.85 -1.98 134.87 0.873 1892 16851 41.49 0.84 
3180 136.67 -1.95 134.72 0.874 1898 16981 41.62 0.84 
3200 137.08 -2.02 135.07 0.876 1902 17113 41.71 0.85 
3220 136.74 -2.0 134.74 0.876 1915 17249 42.0 0.86 
3240 136.72 -1.96 134.76 0.877 1921 17373 42.13 0.86 
3260 136.37 -1.9 134.48 0.878 1930 17512 42.32 0.87 
3280 136.07 -1.96 134.11 0.877 1938 17636 42.5 0.88 
3300 135.91 -1.93 133.98 0.878 1945 17761 42.65 0.88 
3320 136.12 -1.91 134.22 0.879 1952 17891 42.81 0.89 
3340 135.54 -1.92 133.62 0.879 1960 18022 42.98 0.9 
3360 135.51 -1.92 133.59 0.878 1967 18145 43.14 0.9 
3380 135.33 -1.89 133.44 0.88 1973 18274 43.27 0.91 
3400 135.42 -1.88 133.55 0.88 1980 18401 43.42 0.92 
3420 135.19 -1.89 133.3 0.881 1988 18546 43.6 0.92 
3440 134.51 -1.83 132.68 0.882 1994 18670 43.73 0.93 
3460 135.1 -1.92 133.18 0.882 2002 18778 43.9 0.93 
3480 135.23 -1.85 133.38 0.882 2009 18902 44.06 0.94 
3500 134.45 -1.83 132.62 0.883 2017 19015 44.23 0.95 
3520 134.27 -1.79 132.48 0.883 2025 19139 44.41 0.95 
3540 134.5 -1.76 132.74 0.883 2034 19271 44.61 0.96 
3560 133.79 -1.74 132.04 0.884 2048 19407 44.91 0.97 
3580 133.92 -1.69 132.23 0.885 2054 19555 45.04 0.97 
3600 133.76 -1.66 132.1 0.885 2063 19680 45.24 0.98 
3620 133.08 -1.64 131.43 0.885 2071 19817 45.42 0.99 
3640 133.32 -1.61 131.71 0.886 2077 19934 45.55 0.99 
3660 133.4 -1.6 131.79 0.887 2084 20066 45.7 1.0 
3680 133.21 -1.54 131.66 0.886 2092 20208 45.88 1.0 
3700 132.61 -1.54 131.06 0.886 2102 20341 46.1 1.01 
3720 133.03 -1.57 131.46 0.888 2109 20475 46.25 1.02 
3740 132.35 -1.47 130.88 0.887 2116 20599 46.4 1.02 
3760 132.28 -1.38 130.9 0.887 2124 20749 46.58 1.03 
3780 131.71 -1.32 130.38 0.887 2133 20880 46.78 1.04 
3800 132.02 -1.31 130.71 0.888 2138 21018 46.89 1.05 
3820 132.01 -1.28 130.73 0.889 2142 21144 46.97 1.05 
3840 131.95 -1.23 130.72 0.889 2151 21265 47.17 1.06 
3860 131.16 -1.16 129.99 0.889 2155 21407 47.26 1.06 
3880 130.6 -1.23 129.37 0.889 2164 21535 47.46 1.07 
3900 131.02 -1.23 129.79 0.89 2167 21664 47.52 1.08 
3920 131.22 -1.17 130.05 0.891 2178 21797 47.76 1.08 
3940 131.51 -1.13 130.39 0.889 2183 21920 47.87 1.09 
3960 130.91 -1.07 129.84 0.891 2189 22073 48.0 1.1 
3980 130.81 -1.05 129.76 0.891 2198 22246 48.2 1.11 
4000 130.64 -1.01 129.64 0.892 2202 22365 48.29 1.11 
4020 130.03 -1.01 129.02 0.892 2207 22507 48.4 1.12 
4040 130.31 -0.96 129.35 0.893 2210 22643 48.46 1.13 
4060 129.88 -0.88 129.01 0.893 2219 22769 48.66 1.13 
4080 130.0 -0.85 129.15 0.893 2224 22888 48.77 1.14 
4100 129.21 -0.76 128.45 0.892 2233 23018 48.97 1.14 
4120 129.09 -0.72 128.37 0.894 2239 23142 49.1 1.15 
4140 128.67 -0.75 127.92 0.894 2242 23283 49.17 1.16 
4160 128.8 -0.7 128.09 0.894 2247 23399 49.28 1.16 
4180 128.68 -0.69 128.0 0.895 2254 23531 49.43 1.17 
4200 129.06 -0.67 128.4 0.894 2262 23677 49.61 1.18 
4220 128.49 -0.64 127.85 0.895 2268 23813 49.74 1.18 
4240 128.26 -0.65 127.61 0.896 2277 23942 49.93 1.19 
4260 128.42 -0.67 127.75 0.895 2287 24053 50.15 1.2 
4280 128.16 -0.69 127.46 0.896 2296 24176 50.35 1.2 
4300 127.93 -0.65 127.28 0.898 2303 24296 50.5 1.21 
4320 127.95 -0.58 127.38 0.897 2309 24444 50.64 1.22 
4340 127.18 -0.56 126.62 0.897 2313 24575 50.72 1.22 
4360 127.12 -0.56 126.56 0.898 2321 24689 50.9 1.23 
4380 127.34 -0.53 126.81 0.898 2324 24822 50.96 1.23 
4400 127.12 -0.5 126.63 0.899 2328 24964 51.05 1.24 
4420 127.37 -0.48 126.89 0.9 2335 25086 51.21 1.25 
