[0.011425608109832553, 0.019246487744497477, 0.04438100917128673, 0.10806011449130346, 0.0016778315683610486, 0.036967490889248306, 0.055092936989170456, 0.12576053489797287, 0.05316874002496327, 0.004189787501129525, 0.03161266942201044, 0.13434354768080858, 0.07411678304052882, 0.0016703838265255191, 0.003596594275536247, 0.12893672233641615, 0.04097378612778251, 0.014524046234457515, 0.017301503129559588, 0.0011322724257803365, 0.0011961217098038952, 0.0018041084287881912, 0.003306106331694742, 0.0011961217098038952, 0.007664051637463995]
[0.0030444989276682153, 0.007525571121907746, 0.017405408137127168, 0.10401447291943008, 8.50936587894541e-6, 0.0706887300296996, 0.06625780045856232, 0.16887887219143857, 0.028016710012562833, 0.0015537379410614075, 0.025890709314158194, 0.0037794150945109767, 0.07200522136311738, 0.0006871038384118518, 0.00047569724030390543, 0.18116452643272052, 0.03482387469259127, 0.034649012506978126, 0.013474888228776993, 0.0007609966483555716, 0.0005661521693803818, 0.000661395811083364, 0.0009718146390005988, 0.00023850037533757222, 0.0]
[0.012275474876444951, 0.012304215650267564, 0.03303867685649116, 0.12175189729234308, 0.0009718146390005988, 0.02486582244773205, 0.04272370298819965, 0.16761381152242374, 0.039278804999153094, 0.0020626912917920217, 0.026709808588596482, 0.0020788231003673087, 0.06137713190898368, 0.0027788086895783083, 0.003306106331694742, 0.13268586721154924, 0.03117770953129816, 0.006825134032236158, 0.01597470501026286, 0.0012304203053819236, 0.0014319761624032807, 0.0007609966483555716, 0.00345080401581042, 0.0007609966483555716, 0.008358448186184635]
[0.019058633699713147, 0.0017644270160780428, 0.04201663816873928, 0.09859826788557932, 0.0007125021962934002, 0.10752671970665362, 0.014000955613522327, 0.11441155235164294, 0.04854872784050843, 0.004984966815186005, 0.000598664879062869, 0.05911343298489147, 0.029785034197624155, 0.00021861679638100675, 0.0001337529898158904, 0.12137144507088715, 0.008819146643585421, 0.05792927757373913, 0.011283712605194054, 0.0027280671496903515, 0.0011069111910358511, 6.864537953827959e-5, 0.00345080401581042, 0.00047569724030390543, 0.0011534814465179771]
[0.0022585013498821974, 0.020496672370602088, 0.03187285064516185, 0.08143343602943356, 0.0013136827127070436, 0.02249529813333068, 0.047837309622797954, 0.12799119988967964, 0.03682452562761709, 0.0038912679985896636, 0.014786510892079587, 0.1082918775240371, 0.06154159160389644, 0.007343580568221757, 0.0027630857231201547, 0.07052365533408184, 0.02857005308714601, 0.011709490319670026, 0.0029842609452665828, 0.0014319761624032807, 0.0023285488830018857, 0.0009718146390005988, 0.0028790899246125493, 0.0023285488830018857, 0.010183695326579728]
[0.0029447787925729963, 0.00015677030695678527, 0.015053294937879113, 0.01758274712308052, 0.0, 0.09676740907779631, 0.043276432856260164, 0.10112789726544155, 0.013510943184004871, 0.00449185401128523, 0.006516994242188704, 0.0859328910099191, 0.05445467998741275, 0.00030798405568517205, 0.00017313646071325298, 0.11323473721737998, 0.011154220217929642, 0.05808174711248543, 0.0017190947575579539, 0.0008645791071191788, 0.0002101776142287902, 0.000390531031640381, 0.003596594275536247, 3.2165726121963624e-5, 0.0]
[0.00816813711429903, 0.011873458835387726, 0.026520712289759458, 0.1679970194773828, 0.0015537379410614075, 0.016516130952125428, 0.037871558333876676, 0.007829894708274172, 0.034165044474837876, 0.0018041084287881912, 0.023244013581668457, 0.014067209773039949, 0.040924142383510484, 0.00034715649682217405, 0.0014319761624032807, 0.1581217508708314, 0.027107899457215402, 0.003979011211609974, 0.011859986600042565, 0.0003178979984688995, 0.0013127100730284439, 0.0009718146390005988, 0.0008645791071191788, 0.0005661521693803818, 0.00913305088696269]
[0.0018156089949847402, 0.006273959903639876, 0.01447677272717531, 0.0976346155972282, 6.864537953827959e-5, 0.04874159951113344, 0.05469026505548684, 0.2512406941053924, 0.019953155753317096, 0.0014319761624032807, 0.023306363554569928, 0.007666994483989262, 0.05177092180471102, 7.434787307213889e-5, 0.00047569724030390543, 5.088289120465947e-6, 0.028510218292387316, 0.02092358477719267, 0.010226433285597282, 0.00023850037533757222, 0.0005661521693803818, 0.0, 0.0023285488830018857, 0.00017313646071325298, 0.0]
[0.0008357043210501201, 0.01152222407727563, 0.02346540142983691, 0.09406209156944471, 0.0010075255018523726, 0.01886752511681442, 0.04241724508693556, 0.004200121101013636, 0.032920792399138, 0.003306106331694742, 0.010463944947491352, 0.1493614611471975, 0.05005459649585371, 0.002520577404824956, 0.0015849178984805338, 0.1028841132199576, 0.022189532469141387, 0.00583589064806286, 0.0028427574362980424, 0.002194762932941256, 0.0008645791071191788, 0.0018041084287881912, 0.0023285488830018857, 0.0014319761624032807, 0.010933145936572316]
[0.0025262338111710202, 0.0019360756249692038, 3.488117641776631e-5, 0.0049281049476587666, 0.0006138114691240802, 0.0016158865880776738, 0.004036971775820856, 0.00091416044835418, 0.050294272618851846, 0.002154758528505921, 0.001383588224853181, 5.215214449750009e-5, 0.0001161225136579305, 0.0003385378097190486, 0.000390531031640381, 0.006028774218651565, 0.00796918663209898, 0.0013092524258103448, 0.013126808525567288, 0.010835551205689159, 0.0011961217098038952, 0.01028883198785215, 0.00015677030695678527, 0.0021504620682835252, 3.90941815505368e-6]
[0.0006771260985169074, 0.003430295078569309, 0.008594916044822268, 0.006898103786105392, 0.0002695648739566832, 0.00662545834845157, 0.02429419997223325, 0.0006719348906156358, 0.013422129726468588, 0.0011961217098038952, 0.002339337615181814, 0.02356648855483562, 8.210635007345566e-5, 0.00010940575248915597, 0.0012290308626388355, 0.0012948306995330533, 0.011068781236686058, 0.0003410493834976559, 0.00015486805805420495, 0.0009718146390005988, 0.000661395811083364, 0.0008645791071191788, 0.0011961217098038952, 0.0008645791071191788, 0.011754666823934674]
[0.0019805675332349483, 1.834252535487177e-5, 0.0007546488009849955, 3.8097115877359315e-5, 0.008616107590289426, 0.0021319457853095514, 0.0035408128062274, 0.00827656268008703, 0.0013894698142470682, 0.002545055779596324, 0.0006118024881415617, 0.017511182812428715, 0.0010247458493557876, 0.005437107616335056, 0.0066868061174560215, 0.0023862291845505278, 0.00018649054480369314, 0.0010236144818525847, 0.014121243635762924, 0.009643157780890164, 0.0007941002516182599, 0.005844665972888907, 0.01461778191925682, 0.004556744074232809, 0.00019353928849193645]
[0.002678281699724479, 0.0006050635666773373, 0.0009881852211463017, 0.011336462072297042, 0.00041899788421303086, 0.005353288931071306, 8.375911287520819e-5, 0.0010214100841250476, 0.0003349883160066536, 0.004866606995291288, 0.0002695648739566832, 0.001131910501583747, 0.012332059194373666, 0.004489940414071978, 1.5092465077829516e-5, 0.0015516695616321734, 0.020551219294915192, 0.017726599742180063, 6.882499793364099e-5, 0.013510943184004871, 6.864537953827959e-5, 0.0002695648739566832, 0.01816772709035716, 0.0011069111910358511, 0.003750089544871083]
[0.003483803417352667, 2.2629312474449883e-5, 0.0003505064857099111, 0.00237739463384834, 0.021477494047939895, 0.0012372782738269052, 0.004599313358722594, 0.002829508839569953, 0.0037414831293418396, 0.0003056305034324367, 4.582813777680595e-6, 0.008494947862161713, 0.0019476161634553717, 0.00012384657861901852, 0.0010443187876882057, 5.858978946932385e-6, 7.698060084725209e-5, 5.234652320795915e-5, 0.0067195283436279965, 0.00010390261502389489, 0.020370151600071988, 0.000390531031640381, 0.0009110260654366033, 0.021458543422488777, 0.011568723503094291]
[0.0008647519952103399, 0.0004137053116585027, 7.024297937736673e-5, 4.604948621169877e-5, 5.0694601800408226e-5, 9.164323212542628e-5, 0.00411675503254404, 0.0020717639269094354, 0.04023245822366395, 0.0020525261392578056, 0.0006903036654773102, 0.002938102299070578, 3.5241732582110246e-5, 7.778753638485467e-5, 0.000390531031640381, 0.002606496730553659, 0.01367276280439872, 0.0004262149678199243, 0.021116701257553314, 0.005369277005148711, 0.0020138714737617516, 0.0033364596001449823, 0.00040435873239786984, 0.0109385393786474, 0.009100841532408395]
[0.013618191303864723, 0.0003723225960361944, 0.0003727106932365676, 0.00047569724030390543, 6.864537953827959e-5, 0.03459318626050241, 0.0022665457166662203, 0.0016080101237799923, 0.0010824141040125777, 0.00015677030695678527, 0.0038397518208052317, 0.02418527295151003, 2.543981685086444e-5, 0.006094664968489928, 0.003596594275536247, 0.015616167451327906, 0.0012598879101798598, 1.0578794493833806e-6, 0.000680172520376136, 0.0027280671496903515, 0.0031601971318280997, 0.0006407741019007463, 0.0003112367062416818, 3.2165726121963624e-5, 0.0]
[0.00820451965661961, 0.0035923263127921705, 0.0010798577503363313, 0.006519172608929525, 0.006177710998386352, 0.000750782318649129, 0.00014641501747770852, 4.295078816303347e-5, 0.001314067131680233, 0.013049698335553722, 0.0010487877403453283, 0.005228604833784277, 2.1567111030984976e-5, 0.0002873381773840144, 0.0002369111266247552, 0.0026251774288297385, 0.0011617999787109003, 0.0027039066517208533, 0.013377564220947727, 0.0053909843986124015, 0.031514754409492314, 0.00013967428283488312, 0.0026487712681104647, 0.0005238356417450827, 2.1925119187941097e-5]
[0.007903231495023692, 0.0018349170190462786, 0.0010435569317729671, 0.0025762821749177826, 0.0024321828005254707, 0.001332816535136323, 0.0019622109064910635, 0.0037899679432370596, 0.0017866952071887978, 0.0015500997340361067, 0.0011067467793836041, 0.00024892337618803544, 0.0007211192073648173, 0.006782006743684496, 0.0035890470681161097, 0.0028447523217502, 0.0004843128649763915, 0.0007629426386663403, 0.019253564099226208, 0.009147641027574526, 0.0022966791852403936, 0.00902242191713188, 0.020934812410997865, 0.003136487858095515, 0.00016508757056445458]
[2.162864780653963e-5, 0.0009133818920871143, 0.004828306867838151, 0.01433491488556686, 6.864537953827959e-5, 0.00033597078155871217, 0.00022589604241954548, 0.00908116180244601, 0.011480868575478038, 0.0008645791071191788, 0.008519334170347823, 0.004147466925271737, 0.02765418090123651, 0.0002720084040676537, 0.0003112367062416818, 1.0737396442668003e-5, 0.012834170638728505, 0.0027988841865959624, 0.0046625665089792, 0.0001161225136579305, 0.000390531031640381, 0.000390531031640381, 0.00047569724030390543, 8.50936587894541e-6, 0.0]
[0.00021418237036994353, 0.0017931562298681217, 0.00014166383499543758, 0.0018227451890476202, 0.003306106331694742, 0.0002644980565204929, 0.009527371447833666, 0.0007774446100019808, 0.002039196474781395, 0.001648928868008887, 0.0045096304579615425, 0.0008670984221025493, 4.3771184429984697e-5, 0.0009985062880217572, 0.0019884330578223103, 0.0001956273427299593, 0.004824594178063066, 0.0004503399439328001, 0.0021360010533269264, 0.005647821620958885, 0.0012072611233221173, 0.0010641544906944455, 3.852645303271452e-5, 1.6471368155184478e-7, 0.010860765420350096]
[0.0002785087037426902, 0.0009937729117917467, 0.0054323381640789346, 0.008439146889302536, 0.0001161225136579305, 0.0001686039068775414, 0.0009578441772175208, 0.0022343833958910417, 0.013556136259145233, 6.864537953827959e-5, 7.026672345979482e-5, 6.88550844566661e-5, 0.0005794311973169033, 1.4046567553022978e-9, 0.000390531031640381, 0.0029859306605524126, 0.013688244450071298, 0.000582904573689722, 0.002327331483383476, 0.0001161225136579305, 0.0003112367062416818, 0.00023850037533757222, 0.0016778315683610486, 0.0001161225136579305, 0.0]
[0.004434073025656054, 0.0001487801784000862, 0.0006964394981440565, 0.002131965943207789, 0.0034265304119786627, 0.0004473126291777464, 8.185800962049947e-5, 0.003865953580231025, 0.0013241265694471736, 0.003127660622402494, 0.0011593893321870975, 0.0004366610836435674, 0.0003526415732772359, 0.0007809858848719046, 0.0024058713700459136, 0.006378766795100573, 0.0005426794942534532, 0.0006615868430101431, 0.00030121404286808165, 0.0006593555018232721, 0.0072637432558275965, 0.001969840054194946, 0.00023342049767312517, 0.006059659288406146, 0.008148049610817207]
[0.004107683548765187, 0.0003662515899110659, 0.0010235526029148114, 0.0015781720989605195, 0.0030845394106158736, 0.0005757036316509367, 8.89823218962638e-6, 0.007050720710155792, 0.00211102086255769, 0.001165290228267609, 0.007377387914271189, 1.4063401392625766e-5, 0.00031707642511971104, 0.0003919577552656192, 0.003199269685819341, 0.005099723350749475, 0.0006745081648554651, 0.0010436036732199405, 0.000904059248808502, 0.0005753750174001442, 0.005432177910476297, 0.002149843461281424, 0.00023342049767312517, 0.004138730763327285, 0.0003649822090379135]
[0.001048013968698496, 0.00035639023802262835, 0.001859224186702339, 0.004089526930265437, 0.0018025084134213995, 0.004267919794238427, 0.0027264020706824817, 1.7683512672927114e-5, 9.627527277511374e-6, 0.00048023553783545616, 0.0016286932743521942, 0.007315109278602527, 0.00028292073861401965, 0.0005297225246427301, 0.003194535250883767, 0.0035582394006450895, 9.69133719601876e-7, 0.00010275079627483164, 0.0006404422198502142, 0.002208098939129167, 0.000667154426345698, 8.317195409802188e-5, 0.0017625866394032508, 0.014230373082985224, 0.00010492844042716068]
[0.0025376803784195674, 0.0008175965414339579, 0.012110413190883247, 0.006234593013163302, 6.864537953827959e-5, 0.0010967331105816705, 0.0011212497406890786, 0.0019033867908189485, 0.0005716256836004949, 0.0027393036303854047, 0.0031146699538915617, 0.00015258308227491905, 0.0003494478970385627, 0.00023389074754177203, 0.00023850037533757222, 0.004460776448872987, 0.011496708681764414, 4.940020557710851e-6, 0.0005688433634250343, 0.0007609966483555716, 6.70844513224548e-7, 0.00017313646071325298, 0.003596594275536247, 0.0, 0.0]
[7.936470893115896e-6, 0.003025032655975776, 0.0005890029491714341, 0.0014501174314740326, 0.0033684559071214693, 0.0033562700916568086, 1.3488760544775355e-5, 0.00027632816944004115, 0.003376575066986372, 0.0023565399639891935, 0.0011214063726924612, 0.0048968321208296695, 1.3636923965583002e-5, 0.007330562751177806, 0.0013319034830913913, 0.004629144417701642, 0.007044875614807359, 0.0035997104309036434, 0.0001319003427123727, 0.0036895530718751308, 0.0003204615198521268, 0.0007102813683430827, 1.1429597616239456e-8, 0.0008832657837982228, 0.00011819285645284401]
[0.0049652593217771514, 0.004457975922759515, 0.0002414055917398393, 0.0023581886669714197, 0.000390531031640381, 0.01041350528651388, 0.0006269622116317438, 0.004329504445508912, 0.00013934820865016179, 0.0011961217098038952, 0.00010438608444257721, 3.8232910303393885e-7, 2.235737274802654e-5, 0.0034827742726510104, 0.0007609966483555716, 0.00019754699159602474, 0.000507261066963572, 0.0002006443202406021, 0.006464539697556898, 0.0003178979984688995, 0.000390531031640381, 0.00047569724030390543, 0.0016778315683610486, 0.000390531031640381, 0.00913305088696269]
[0.0004428398208049791, 0.0011655243411184124, 0.00013963141871138791, 0.0013961382250465178, 0.0007609966483555716, 0.0001887553323283624, 0.007300528378252669, 0.0016664395816886786, 0.00013086162331276503, 0.0015537379410614075, 0.00112798139618241, 0.005527573018596629, 0.001979698224342151, 0.0016029114545639198, 0.0014319761624032807, 0.0005239269147647658, 0.003955982557370253, 0.004244652830685699, 0.00011906655529440825, 0.0010824141040125777, 0.0011157446264155597, 0.0011961217098038952, 0.0027393036303854047, 2.024434460984895e-6, 0.010874283943282959]
[0.0017978528298569375, 0.0021005861227047957, 0.0003252800465890571, 0.0006602395466107263, 0.0002695648739566832, 0.004839154964340318, 0.005588013575760879, 0.0009170746814278069, 0.0011806680613906627, 0.0016778315683610486, 0.0002687560941670693, 0.005506844370315841, 0.006864074167640295, 9.689537203853458e-6, 0.0007609966483555716, 0.005807150920004101, 0.0049283696172837226, 3.930808149311916e-5, 0.002815527025840519, 0.0007609966483555716, 0.000390531031640381, 0.0013127100730284439, 0.0018041084287881912, 2.024434460984895e-6, 0.0077718942460579254]
[0.005943284734685041, 0.02368868422695243, 0.006365811857825521, 0.002541509379713874, 0.004040066585295597, 3.2165726121963624e-5, 0.006681960397991943, 0.0, 0.0, 0.0, 8.50936587894541e-6, 0.0008052245735472542, 3.2165726121963624e-5, 3.2165726121963624e-5, 8.50936587894541e-6, 0.0, 0.005470771158620065, 0.0, 6.864537953827959e-5, 0.0, 8.50936587894541e-6, 0.004511052458656799, 0.0, 0.0, 0.0]
[0.00034489285449930017, 0.0009185228805661354, 0.0005517798597017582, 0.003655158999820742, 0.0001701868356425698, 0.00013309698735018563, 0.0001995286719850991, 0.0005928208796011757, 0.0031163495625663225, 0.0005996037676937052, 0.00015805567128109694, 0.005607342603492601, 0.0035192737596203283, 0.00493908480137872, 0.0015087096885181223, 0.000215245394438422, 0.0002101776142287902, 0.0016645776749775014, 0.0023664264110407757, 3.7621540137495004e-5, 0.0014789946300690737, 0.00038915873423278147, 0.005558185013237536, 0.0008649709650399347, 0.004043784017254227]
[0.0006651698437165959, 0.0025742739731223242, 0.005748874351782639, 0.0007253081645045879, 0.00047569724030390543, 0.003974344548595242, 0.0015420169790554081, 0.0004924570340939915, 0.00037246461407664314, 0.0013136827127070436, 0.002484521422336355, 8.113785782655003e-6, 0.0014206540799162806, 0.00011750141549371875, 0.0028790899246125493, 0.00625045730207598, 0.0017470974064567723, 0.00021158435083391477, 0.0013993179289932527, 0.0013127100730284439, 0.002604709787954858, 0.001720318957210011, 0.0003881539133224563, 0.0007548609806730788, 0.003230103185403902]
[0.003653049425878146, 0.0, 8.50936587894541e-6, 0.00022222584355664808, 0.0, 0.004770552229556482, 0.006909464255008969, 3.9651264406722676e-5, 0.0050369341444843445, 3.852645303271452e-5, 0.003306106331694742, 0.0, 0.0, 8.50936587894541e-6, 0.0, 0.007014387666352644, 0.005117698073017303, 0.001100861411849415, 0.0006232815701863121, 0.0027393036303854047, 0.003596594275536247, 8.50936587894541e-6, 0.0, 0.0, 0.0]
[0.002588947975873156, 0.0008697679516384057, 0.00036364083427985975, 0.00030831149191937017, 0.0010824141040125777, 0.0062124278846517715, 0.0019439263115539791, 0.00035401653665712365, 0.00022067739530238963, 0.0024639572695156374, 8.655602666295592e-5, 0.0011433683988481477, 0.0004111664167529361, 0.00275498482458658, 0.0043403938867335725, 0.002023267138629605, 0.0034353952276874426, 0.00039724741244652646, 0.0004128684557192751, 0.0009334548527483678, 0.00047569724030390543, 0.0009718146390005988, 0.0018041084287881912, 0.0003112367062416818, 0.004273467837762319]
[0.002841216598301501, 0.0048325569161638895, 0.00017656453030591435, 0.002396643327015918, 4.151550357711615e-6, 0.005845303174007169, 0.0013776063941185225, 8.122578607488475e-5, 0.0070881777841139346, 0.003272103240284034, 0.0023450534860307622, 2.5984585114167892e-5, 8.50936587894541e-6, 0.00022638104527063089, 0.00017313646071325298, 0.003718740198095381, 0.00025260900304657427, 4.95438841533987e-5, 0.0008324062214520745, 0.0003415203899897678, 0.0008645791071191788, 2.7350800450179542e-5, 3.852645303271452e-5, 0.002760928464004891, 4.9726225690232715e-5]
[4.372377560868e-5, 2.077490722611681e-5, 0.00029173438098477333, 0.0001409225415945183, 0.00727733687046362, 0.003301288684391508, 0.00273975220607018, 3.171226822815251e-5, 0.0033119287542377925, 0.00011662931318099246, 0.0013618606674480954, 7.339827288883427e-6, 1.51252934874416e-5, 0.0036824823595777104, 0.00013607453732271033, 4.2337721812542176e-5, 0.0004254392950507474, 0.0003067873523179051, 0.008936471965207686, 0.002489189070033794, 5.644744774652697e-5, 0.004081649127536583, 3.687053598516916e-5, 0.0016044388407427763, 0.00015378711740688484]
[0.0031499446162655473, 0.00028399683946219974, 9.256593504143856e-5, 0.0033061491578041027, 0.004382150604814837, 0.0009211373696532254, 0.00010170893276615278, 0.0016167099481614357, 0.00016938319040630916, 0.0012362550675485418, 0.0007316453183489526, 9.738942467950708e-5, 0.00031707642511971104, 0.0006348726170288619, 0.0014878816301264973, 0.005557736736496639, 0.002976136237201856, 6.276856016518978e-5, 2.7825336537163573e-5, 0.0013347363604143065, 0.000285013061952678, 0.0020592012179254894, 0.00028138639768643197, 0.004965974055141967, 0.004315530295572724]
[5.8138672635172067e-5, 0.0007609966483555716, 0.005758637852413973, 6.864537953827959e-5, 0.0005661521693803818, 2.341798177973712e-5, 0.0001161225136579305, 6.774293548724949e-5, 0.00017313646071325298, 0.00047176138721685104, 0.0014299995721250708, 3.626350992766143e-5, 0.0023690653096490755, 0.0009718146390005988, 0.00047569724030390543, 0.0011266332253218672, 0.000661395811083364, 0.013271995719251313, 7.466266277588048e-5, 0.0005661521693803818, 0.0017517107531481169, 0.0016251722750966137, 0.00727586444528177, 0.00034874864693592374, 0.0016778315683610486]
[8.50936587894541e-6, 5.638530942194265e-7, 8.50936587894541e-6, 0.00247537292179282, 0.0, 0.0, 0.00043921663655041056, 8.50936587894541e-6, 0.0016251722750966137, 0.0, 0.004066070874945114, 0.0019096159142280161, 0.0038912679985896636, 0.001838613749800027, 0.004916929833756933, 0.00047569724030390543, 0.0015179100903952528, 0.0001161225136579305, 0.010027061861114966, 0.0001161225136579305, 0.0, 0.00345080401581042, 0.0, 0.0010824141040125777, 0.0]
[0.0017723588391929095, 0.006225862117379199, 1.5043754681088304e-5, 0.001333980841110114, 2.024434460984895e-6, 0.00025079940397189924, 0.0037207678797949433, 0.00023314915524380846, 0.0005571865935322037, 0.000390531031640381, 4.543025404334599e-5, 0.00018031397065278263, 4.103541630005327e-5, 5.4849612855636725e-6, 3.852645303271452e-5, 0.005165571329891854, 0.0054459216366318074, 1.7461614515875442e-5, 0.0011866357146881057, 0.00010990865092432424, 1.057131840734543e-5, 0.0011112728225894895, 0.0014605623939815413, 0.003979410946692255, 0.0006138237828085297]
[0.00012502657373540758, 0.00010850033414907829, 4.1264396168955554e-5, 7.112545454227188e-5, 0.0010202156546955266, 0.000588475077831622, 0.0006156966742832766, 0.0034669336414105446, 0.00040200540322389653, 0.0016243969110955065, 0.0008826466514868254, 0.001136502663867776, 0.0003558546047838099, 0.0012836240510994464, 0.002431509996730953, 0.0034236748632032344, 6.731875783017125e-7, 0.0014813143313199516, 0.005377785114250563, 5.289827187824345e-5, 0.00022538857976480862, 0.0005850639380518279, 0.00017021892438223545, 0.0003983791697779052, 0.007103184134251511]
[0.0003247256742238344, 8.582739021524761e-5, 0.0015008750165438857, 0.001369246085638441, 0.0002297957688326027, 0.00030807174113159537, 1.1807476715534524e-7, 0.00038808861113847574, 0.004981760595845704, 2.4036017829943534e-5, 0.00044638796147908983, 2.6031744797378863e-5, 0.004623503588735623, 0.0018740050993835827, 0.001508971475572796, 0.0003561843921764743, 5.539007323196671e-6, 0.00037508841867076384, 0.006200716361906604, 0.00015521743937366682, 0.00010990865092432424, 1.2173954852305277e-5, 0.0002882263387706731, 0.00014503011164087578, 0.005513582171892548]
[0.00047569724030390543, 0.0013176597792224735, 0.007078879258957824, 0.0021855154565019333, 0.0001161225136579305, 0.00047569724030390543, 0.0004812679931401106, 0.0007221101673146142, 0.0019246839474798983, 0.0001161225136579305, 0.0008794191450112118, 0.004978918693471175, 0.001080372246593709, 0.0007553165772682027, 0.000390531031640381, 6.864537953827959e-5, 0.0002880105150590735, 0.0013309767210751052, 0.001641464029961467, 3.2165726121963624e-5, 0.0002695648739566832, 0.001408097118539644, 0.0017550423676039608, 0.0015333419753027194, 0.0013127100730284439]
[0.003084684536106096, 0.0004497477793289307, 0.0026910174455846633, 0.0013325898601321672, 0.0006809101993583309, 0.0008046088973229434, 0.0027264020706824817, 0.0002890313725678593, 0.00011430900279114269, 0.0003588341974797575, 2.620623775082204e-6, 0.0010316231874113527, 0.0006096707233159207, 0.0029487831762850074, 0.0018243792119184473, 0.0008283650253886358, 9.104444385916967e-6, 0.0007864760166922478, 0.0009026991285099161, 0.0010149170965918376, 0.006799789303363505, 0.0007229339224970963, 0.0004705578154762108, 0.001481415138628532, 0.0006195757173444207]
[2.9375547781578556e-5, 0.005175831656343565, 0.0001374496044633973, 5.041048231458169e-7, 0.0001161225136579305, 0.0005904072969410441, 0.008413157190573839, 0.0012943392922418612, 0.000380279714242468, 0.003306106331694742, 0.0005654747369273887, 0.00010042750579177537, 0.00042019488528707155, 4.4758766206481285e-6, 0.0014319761624032807, 0.0046616684424010055, 0.0002824474418282202, 1.1021471991741211e-5, 0.002305844734179216, 0.0007609966483555716, 0.00017313646071325298, 0.0001161225136579305, 0.0010824141040125777, 0.0, 0.0]
[5.563235803626937e-5, 0.0022528393602153068, 9.758043377577669e-5, 0.0005701516956331028, 0.0011961217098038952, 0.0009222351816153967, 0.005340698542052429, 5.121812882879313e-5, 0.001903229335762386, 7.392412758222729e-6, 0.0030822885896662194, 0.0006798345941184279, 4.3771184429984697e-5, 0.0009109963697685715, 0.00033443711415834937, 1.835924182849258e-5, 0.0005903877698809137, 0.0023548417985289156, 0.0018377953380353564, 0.0032494934041307484, 0.002595775328510488, 0.0007270692178032584, 2.610027356245582e-6, 1.0162888454374552e-6, 0.0030956099329281974]
[0.0001161225136579305, 0.0013440941571527514, 0.0005661521693803818, 0.0005262125493177838, 0.0, 3.2165726121963624e-5, 0.0023285488830018857, 0.00019122457470154442, 0.004189787501129525, 3.2165726121963624e-5, 0.0028594202841311445, 0.016816841262201253, 0.005822509999711736, 0.0017592225068550063, 0.002194762932941256, 0.0, 0.00345080401581042, 8.50936587894541e-6, 2.610027356245582e-6, 0.0, 0.0, 0.0024639572695156374, 0.0, 0.000390531031640381, 0.0]
[7.214870925303192e-5, 6.334192809512589e-7, 1.2979203204015882e-5, 0.005073299399155854, 0.0007366383753310383, 7.165843537100145e-5, 0.0005703947975932528, 0.003575939673016759, 0.0015096121264118502, 0.0004068718072736425, 0.0004177809045794465, 3.4561832829593494e-5, 0.00227757702326236, 0.006060434466359135, 0.00015468073657965093, 6.67024293319325e-5, 0.0008431957327860572, 0.002104410509742089, 0.0013404051174796885, 8.095674299940167e-5, 0.00417282276353757, 0.001269163702415291, 6.321921323464575e-5, 0.0006608248898831888, 0.001085175114471374]
[0.00010755897719105919, 0.001271925539786091, 0.00011507898136785895, 0.011068845866269899, 0.0002613002190977917, 0.002528275860201915, 0.0007174932212675091, 0.0001177315248191103, 0.005644432724980941, 0.0012769852458319334, 0.0018121287770499353, 6.882168281902978e-5, 0.0, 0.00022638104527063089, 0.00023850037533757222, 0.006028774218651565, 0.0007673867635853426, 0.00018238464529284006, 0.00011735075428602904, 0.00013520849371419924, 0.0010824141040125777, 8.896407315027373e-8, 3.852645303271452e-5, 0.0007436490442509196, 0.0007454245170346978]
[0.00033371144423212633, 0.00011945298520968243, 0.0017431017801819342, 4.8695228196258405e-5, 0.0011094510761254228, 0.000785871117441866, 1.5092465077829516e-5, 0.000615324125780406, 5.247491713579076e-5, 0.00033071240201833826, 7.636732210307027e-6, 0.0018351595779053445, 0.0005345286118865642, 3.2314530269078948e-6, 0.0018516017611728205, 0.00027216931225151507, 0.0023285488830018857, 1.1292667309886425e-5, 0.0020626912917920217, 0.0065003342686928076, 8.50936587894541e-6, 0.0010824141040125777, 6.864537953827959e-5, 1.3148020443656903e-5, 0.004189787501129525]
[0.004916929833756933, 0.004246792929333491, 0.0007609966483555716, 0.000707819653647742, 0.0028564995802520376, 0.0, 0.0052578231233957225, 3.2165726121963624e-5, 0.00040962675700996465, 0.0, 0.0, 0.0004918195722166578, 8.50936587894541e-6, 0.00033443711415834937, 0.0, 8.50936587894541e-6, 9.423344963482958e-7, 3.2165726121963624e-5, 0.006918950855758671, 8.50936587894541e-6, 3.2165726121963624e-5, 0.0011069111910358511, 0.0, 0.000661395811083364, 8.50936587894541e-6]
[0.000390531031640381, 0.00018312120541110356, 0.000239360772720898, 0.011218689494395029, 3.2165726121963624e-5, 0.00023850037533757222, 0.0006891564815721014, 0.005109382623121992, 0.001249373677658613, 0.0005661521693803818, 8.50936587894541e-6, 4.45794651775743e-6, 0.0005018509120293599, 0.0004994903922723979, 8.50936587894541e-6, 0.000132397845846664, 3.595471856675074e-5, 0.0014563794776903992, 9.601096283348232e-5, 0.0003112367062416818, 7.778390567299298e-5, 0.0008388339776424832, 2.2909942787126302e-5, 0.0012066540361480582, 3.2165726121963624e-5]
[9.85290594449446e-5, 3.75053532722248e-5, 0.0018041084287881912, 0.0001095312184806155, 0.0009718146390005988, 0.002634873058746507, 0.00238213980448437, 0.00043651742524434883, 0.007023031650583126, 0.0008645791071191788, 2.212869312732263e-5, 0.0012868614304691198, 6.839784745591392e-5, 0.001650226875076593, 0.00033443711415834937, 0.0055965367824620665, 4.659356895326714e-5, 0.000390531031640381, 0.00020742940879738794, 0.0001161225136579305, 0.0006891057853934722, 3.2165726121963624e-5, 6.864537953827959e-5, 6.864537953827959e-5, 3.2165726121963624e-5]
[0.000975891224209277, 0.0023634265562079634, 0.0012277633855330723, 0.0036648318895568695, 0.0002494975182102733, 0.005353288931071306, 0.002107801283794338, 8.187820302833619e-5, 4.341785202724067e-6, 0.0006962918796799586, 0.0007510571723836697, 0.00012182225109607378, 6.70844513224548e-7, 1.3647064077282095e-5, 3.626350992766143e-5, 0.0012713972949864177, 1.506258859316112e-6, 0.0026692399693364604, 0.0014791395523490285, 0.0003325146760135016, 0.0001161225136579305, 5.103285606542629e-7, 0.00023850037533757222, 0.001480165396503504, 0.0]
[0.0011568666587881676, 0.00020898724980233886, 0.00014010567684681272, 0.007089450945541219, 0.004040066585295597, 0.0010740754331422108, 0.00036741556800884943, 0.000979608761575542, 0.00011436273564726946, 0.0008682240583033898, 0.001080372246593709, 0.0024660811793364903, 7.541051912355028e-5, 0.00012900677066246188, 0.000412207554055652, 0.0008173680874859965, 3.24592567110929e-5, 0.0009677952844284639, 0.00022867535402348003, 0.00241030168369409, 0.0, 8.50936587894541e-6, 0.00023471311217404143, 3.488117641776631e-5, 6.864537953827959e-5]
[0.00010220800437490095, 0.0011801487898941976, 0.0003025131471081537, 0.0021166820397410073, 4.514979894667875e-5, 0.0024494589475755613, 0.002430566181040362, 0.0007940676927161733, 0.00558680878776837, 0.001438215273944955, 1.2948110708740608e-5, 0.00023194060616435128, 0.0001900727054775812, 0.0008122571631120901, 0.0021896542037217887, 0.0002785471834621271, 0.0006306184626549468, 4.40807274121875e-5, 0.0012295046148858516, 1.1171873322349691e-5, 0.0007515683583043634, 0.0009718146390005988, 0.0014319761624032807, 4.696996322584138e-6, 0.00010407149923241329]
[2.9804434969621114e-5, 0.002623742953715022, 6.784062793957772e-6, 0.0013772090038677767, 0.005653639702698157, 0.0003953669967417979, 2.0682080482613795e-5, 0.00010318735096444959, 3.086443099114492e-5, 0.0014352599906021137, 0.004918457288490063, 1.9071602999577632e-5, 6.733157643895355e-5, 0.0021455186787394734, 0.0003083299361685658, 0.002881303904766116, 0.00024898867241115487, 9.417394322863189e-9, 0.0014287567249358663, 0.0008754023344720455, 0.0010346590138601598, 0.0006851796040898911, 4.5039166273129895e-5, 0.0006464267677430305, 0.00015378711740688484]
[0.0011322658879126136, 0.0027019062314006873, 1.587326938684119e-5, 0.00010431721992118373, 0.0016041972939213004, 9.145107875406402e-5, 0.00041070309493546585, 0.00021308655193226934, 7.444752659223255e-6, 3.813060353971521e-6, 0.0002649447101889372, 0.00021637454398232888, 0.0005851906891815081, 0.00024302360638627256, 3.1449979897151285e-5, 0.0009471996058362641, 0.0002121334601833491, 1.0989956496181615e-5, 0.00259751080785774, 0.0012717826421755167, 0.0018729812219901738, 0.0016718799328313012, 0.004624459354172762, 0.005000397946282339, 0.0020147025894123767]
[9.59028866537575e-5, 0.0004959535464092611, 1.9111600806362764e-8, 0.0016632585363347187, 3.342684637316776e-5, 0.0015539683332233632, 0.0002401808345488341, 0.0038951627267861492, 0.0008253851887983455, 0.001160272727030209, 0.001079788581545801, 0.0008351881373969668, 2.45225996277406e-5, 0.00034374181758269236, 0.00023078130511488496, 0.0024084416870816874, 0.0008038748976179119, 0.005482976555841769, 0.0043368116071152395, 2.221597287700044e-7, 0.00027281546216788733, 6.880686932537669e-5, 7.120479447336866e-6, 0.0005567006022524417, 0.00014873766481049606]
[0.00017313646071325298, 0.00036962810556479334, 0.0, 0.0006532803945555419, 3.2165726121963624e-5, 0.0008645791071191788, 0.002285960951156754, 0.0001161225136579305, 0.0008097464864558427, 0.0009718146390005988, 0.0001161225136579305, 0.0002842966403231459, 0.0, 0.0011184416374002927, 3.2165726121963624e-5, 6.70844513224548e-7, 0.001650502761118014, 0.0001161225136579305, 0.00036619926717123674, 0.000390531031640381, 0.0014319761624032807, 0.005112509061543216, 0.00017313646071325298, 0.007622337524443662, 0.0017553638798742058]
[4.670745421764483e-5, 0.0038258380924270537, 2.2597831506143847e-5, 0.0023562127419026815, 5.758215464259217e-5, 0.000528649802795168, 0.0005656664853623712, 0.0006648038110363694, 0.0010233060349437249, 0.0025160155061609065, 0.0015857357542051805, 0.002076774925609721, 0.0005134810676283531, 0.0018985242804457972, 4.487228160278932e-6, 1.3906345736222582e-5, 0.0002925908020576821, 2.4035904138267018e-5, 0.0011351779422175863, 0.002212275042647408, 0.0013795361339059386, 3.409859409216455e-5, 0.00011094020313682574, 0.002093350274667662, 0.00047569724030390543]
[0.00039819614376257733, 0.0001227718920249663, 0.0005901003891671565, 0.0019039625515169592, 5.46964733216318e-5, 0.0010046188326574175, 0.00028964681410396454, 0.0004279059339798823, 2.5625788795879132e-5, 0.0001525052225453778, 0.0012502600172810685, 0.0015432327201669281, 2.2768316776588735e-5, 0.0008459494865056053, 0.005463285252538358, 0.0014302471182992358, 0.00035521546667745827, 8.803822179604526e-8, 1.2105114903410998e-6, 0.0013254733840579996, 0.002742494962945468, 0.0005425430135944462, 0.0003055470528600954, 6.344591129753708e-5, 0.0026456875676570887]
[0.0028067385680206093, 0.00015375311646921054, 3.1204045306132823e-6, 0.0025380571486081603, 0.007191119322028148, 0.00265130758834314, 2.754965952722209e-6, 0.0004362092769829948, 0.003610883955094745, 7.717882094726873e-6, 0.0008946688662662132, 0.00013600992590919597, 0.0006323935312716508, 1.8366501708560242e-6, 0.0011826932726475316, 0.0005280086341927599, 0.00022554740608574965, 0.0009718146390005988, 0.00017546074885685338, 0.0009531888329585678, 0.00015135212418167406, 0.0003875744792136704, 0.00011507898136785895, 4.846014329074901e-6, 1.1409005294904582e-5]
[0.0011856688820980534, 0.0014897005983983466, 6.939630175489602e-5, 0.0008886253567169013, 0.0006576076229272178, 1.3086050791477784e-6, 0.0005526031339976468, 0.00012858178503614027, 0.00021351084778290733, 1.2006845824732797e-5, 3.8699809820552525e-5, 5.815807435491675e-6, 0.003055411947230845, 0.000189093964228369, 0.0010127622349712304, 6.155786640196651e-5, 0.00039384740370415963, 0.00020246359932324636, 0.00032872500554426056, 0.0007165208507749297, 0.002164356996934926, 0.0013972551941461085, 0.005101661144060719, 0.0004080840389616208, 0.0030360087604124272]
[8.362790265524392e-6, 0.0012281626180924744, 0.005264772319497157, 0.0015243747627192872, 0.0010757354862415223, 9.355422427443066e-5, 0.0013756509635318897, 2.5131005540337354e-5, 0.000934239838737673, 0.0010638779591839748, 0.0008199504379748802, 4.810739559944592e-5, 2.7081196392970226e-5, 7.482168574827986e-6, 0.0007808028844032248, 0.0030976966868204153, 7.633963142247456e-5, 0.00029660803924750137, 0.0029434612629501596, 0.0006793152555279614, 3.1826060941778686e-7, 0.0001341888857492703, 0.00037929784822562235, 0.0012070161195795103, 0.00022311591877898027]
[0.0007609966483555716, 0.0007505392787982134, 0.00036696714759454265, 0.0004072747152027425, 3.2165726121963624e-5, 5.901929856370479e-5, 0.0009229560285121015, 0.00044535404264614987, 0.0002491744510528188, 0.0009950680588409, 0.000661395811083364, 0.0004283423892003004, 1.3148020443656903e-5, 0.0007697704070030956, 6.864537953827959e-5, 0.008733009056931917, 0.0010291860111869312, 0.000699092741276889, 0.0031302303349019095, 0.00361744346311472, 0.000390531031640381, 0.00014498851081200075, 6.839784745591392e-5, 0.0005830127829128517, 8.50936587894541e-6]
[0.0017550423676039608, 0.008002039189857313, 0.0015537379410614075, 0.001106580713733383, 0.004189787501129525, 0.0, 0.004176860064428289, 0.0, 0.0, 8.50936587894541e-6, 0.0, 0.0004202359535364457, 3.2165726121963624e-5, 0.0, 3.2165726121963624e-5, 0.0, 0.005006193532449229, 8.50936587894541e-6, 0.0, 0.0, 8.50936587894541e-6, 0.0034920888809515955, 0.0, 0.0, 0.0]
[0.00015097891851811526, 0.0014542341985314539, 0.0008990204356028419, 0.0012586534007285426, 0.00026974076027284064, 0.00046773238976642725, 1.4427382111478109e-5, 0.0008553170210168853, 0.00022916494040171355, 0.0004666872532770403, 6.114180851017202e-6, 0.000117001370116495, 0.006753295336749971, 3.1823035360502554e-6, 0.0011184943331036083, 0.0004557250618189542, 0.0012263954130557059, 0.0005754728889419349, 0.0049066694308062715, 0.000280215009184767, 6.648029702756579e-5, 8.558886641021977e-5, 0.00026595634618683823, 0.0018751906700886847, 0.00012572792902516188]
[0.0007188289532173084, 0.00013159620424155367, 0.0006100736754848174, 0.0014067304868504282, 0.00039310009944936147, 1.8627820635756624e-5, 0.0029654385428332687, 0.0011464131096766243, 0.00451369626249196, 0.0009757872808513965, 8.061284870298103e-5, 3.264701981198952e-5, 0.0010447134210597349, 0.003059728680055159, 6.820839733503244e-5, 0.0006884198473099423, 5.7083697173756966e-5, 1.3600820290602484e-5, 0.00010703990413488997, 0.00043974549569711797, 3.852645303271452e-5, 0.0006366602508954804, 3.2165726121963624e-5, 0.002729619531964952, 0.00023850037533757222]
[0.001125641965489069, 0.00010049868507390437, 3.530176740517126e-5, 0.0014045081228092806, 3.883488125166687e-5, 0.0005095473962857446, 1.1079713805032436e-5, 0.006953811920679804, 6.27270485228067e-5, 0.003036612413834499, 0.00025739202767113877, 0.000687503700952643, 0.00048498209875822915, 0.0003566798319135857, 0.0017485877899508038, 1.6445307748027172e-9, 0.0011819058760996846, 6.43149193941552e-5, 7.187154589427167e-6, 0.0004549555309041244, 4.836147261033045e-5, 0.00037018462157975465, 0.004493857096919993, 8.428746266542805e-7, 0.00033013520090628776]
[0.0007466884964767353, 7.521420917270703e-5, 0.0002308221523689663, 0.0004128660439712585, 0.0002416141405415179, 0.0007269111929001423, 0.0011310857885680455, 0.0009265536273787862, 0.0020092250232215426, 0.00013090003401391558, 0.00023437411233249647, 0.0006254237750324141, 2.219907519802216e-5, 0.00033688060228453075, 0.00033124727655360706, 0.0006771942250547143, 0.0013158156853516172, 0.005678157661636039, 0.0016584822801975416, 0.001442440393140688, 0.005724460346162714, 0.0016387811817830094, 0.0013706734659698744, 3.8896903240718834e-5, 8.452578251123095e-5]
[0.003984984154126278, 0.000829657662156015, 0.00014402624965811602, 0.00246308526200811, 4.2364119801930125e-5, 0.0004673921148731046, 8.7753222429788e-5, 0.0008123621577898962, 0.0013211184593288922, 0.0001543610699471145, 0.0001391751757455241, 9.587395640589394e-5, 3.074866321833001e-5, 3.683146745992816e-5, 2.0576502769444473e-5, 0.00038900410227977415, 0.002071495389285947, 0.0003069594587711273, 0.0005396339175265611, 0.0019262027542063485, 0.002519522041143028, 0.002655323373859564, 0.0009232641526964402, 0.0003527156770293917, 0.0006973512182092655]
[0.0004582873961591345, 0.0017859979461869353, 0.0011151359994369405, 0.0003994185862655859, 6.372070418706821e-7, 6.9835839282676206e-6, 0.00186036215276969, 0.0008626563496342676, 0.0018223499614575603, 0.0015409838306142815, 0.0002891732300664986, 6.924218564378004e-5, 0.0004202270844594503, 0.0008412817796347493, 0.000162033744800632, 8.984264027644311e-5, 0.003216061772842633, 0.0009261038125567573, 0.0029139253665510147, 0.0018767952837235816, 6.864537953827959e-5, 0.00017313646071325298, 6.864537953827959e-5, 1.1292667309886425e-5, 8.50936587894541e-6]
[0.002657519278931408, 0.0028773430679621247, 0.00017505298192252395, 0.0011428781523473135, 0.0001554153451207279, 3.530304507061693e-5, 0.00021512358763815798, 5.453554322535888e-6, 9.849741685387294e-6, 0.004265559808259746, 0.0002693046488018748, 0.0004487962701596867, 0.0003433537553298536, 4.858464938814044e-5, 0.002313992768230971, 0.000421753896464064, 8.710010709316344e-5, 0.0009593333367787938, 0.0009247088349397942, 1.896996814474772e-5, 0.00023850037533757222, 0.00047569724030390543, 0.0003112367062416818, 0.0011961217098038952, 7.519041657051879e-6]
[0.002009129084046341, 0.0023885132663798393, 0.002201114172177058, 2.06324356256094e-5, 4.47359344795666e-5, 0.0013429262204685266, 1.0606755220265692e-5, 0.0027630620078339073, 0.0018999375917152644, 1.2657106389921325e-6, 7.870062382050536e-5, 0.0007549764955258184, 0.001107966919723525, 0.0021373680629219825, 7.330528993627645e-5, 4.578650740148273e-6, 0.0007621779710140185, 0.0008066075813633299, 0.00024006587905646025, 5.53687069505449e-7, 8.11534394129168e-6, 6.864537953827959e-5, 0.0015819926168270755, 0.00020737983781246474, 8.50936587894541e-6]
[0.004477706463446012, 2.6114774892040116e-7, 0.0007588961547720136, 0.00016891114823999612, 0.0005396579835510338, 0.0008628961819553468, 0.0003575799302697816, 0.00016565034542282038, 4.9305862001855234e-5, 0.0011410016716839055, 5.4835365739805235e-5, 0.0004495884208336066, 0.00025533088063249294, 2.0366714042925096e-12, 0.0011637671525186882, 0.00011232853867388683, 1.6627429993724832e-5, 0.001385324434170881, 0.0012870091548189688, 0.0013315417427188416, 0.0007353216816162952, 0.005109895385659331, 0.00027960972695067815, 0.0005082819877038763, 0.001753446590680283]
[0.00014565993376799416, 0.00048107185063094287, 0.0005426924142440566, 9.230769760628223e-6, 1.3018305596594745e-5, 0.0007647139080325183, 4.2913350724015694e-5, 0.00029869713531583027, 0.005149237072901967, 2.024434460984895e-6, 0.00034032186327566903, 1.560662825310908e-5, 7.983374619043243e-5, 0.0017871322938864832, 0.000162866822305364, 4.271764192697886e-5, 4.954314357452378e-5, 0.0009021046405038504, 0.0014657345573705315, 0.00012116434767793418, 0.005501501525476748, 0.0010248548093703073, 0.0005151259047447686, 0.00011235579918485736, 0.0013476544580856482]
[0.0010528428315982885, 0.00012048972112942754, 0.0002746458519738192, 0.000301762902968291, 0.0021028425741760745, 9.486692831856404e-7, 0.002173212804950161, 0.0009640588346341936, 0.001266990254691569, 0.0002601280918779411, 0.001724761702096119, 5.4252753508765225e-5, 0.00023028459109982868, 0.0021840564596996345, 0.0008536825652247517, 5.820487603484174e-5, 0.0027318469404707633, 1.4735801844309795e-6, 1.143618400794048e-5, 0.002034477602855906, 0.0003112367062416818, 0.0003112367062416818, 0.0002695648739566832, 0.00047569724030390543, 3.472470976634669e-6]
[0.0014746409122792271, 0.00029268997076732205, 0.0001456503544952554, 0.000620142597946999, 0.0014263387836995732, 0.00027859337804837965, 0.0003166564336747903, 6.619117198428419e-5, 0.000568115853856836, 5.222406967276931e-5, 0.00022143049960619875, 7.73326411071403e-5, 0.0016025379605751266, 0.00014139855727689178, 0.002998752102906399, 0.0006749951208984322, 0.0007203771163297196, 0.00062964251903055, 0.0015262867874437699, 0.0001043132792972086, 0.002264296387929167, 0.004069357578444852, 0.0002735792593804487, 7.46447187203788e-5, 0.0005234391505198402]
