20 196.36 0.82 197.18 0.164 19 8379 0.42 0.42 
40 185.3 1.62 186.92 0.286 39 17199 0.86 0.86 
60 175.23 2.44 177.67 0.413 59 26019 1.29 1.29 
80 165.46 3.16 168.61 0.488 79 34839 1.73 1.73 
100 157.06 3.93 160.99 0.566 99 43659 2.17 2.17 
120 149.28 4.86 154.14 0.63 119 52479 2.61 2.61 
140 142.66 5.53 148.19 0.675 139 61299 3.05 3.05 
160 136.57 6.32 142.88 0.708 159 70119 3.49 3.49 
180 130.45 7.24 137.69 0.732 179 78939 3.93 3.93 
200 125.49 8.09 133.58 0.751 199 87759 4.36 4.36 
220 120.25 8.99 129.24 0.766 219 96579 4.8 4.8 
240 115.62 9.86 125.47 0.784 239 105399 5.24 5.24 
260 110.52 10.56 121.07 0.798 259 114219 5.68 5.68 
280 106.02 11.46 117.48 0.808 279 123039 6.12 6.12 
300 102.28 12.31 114.59 0.819 299 131859 6.56 6.56 
320 97.82 12.95 110.77 0.831 319 140679 7.0 7.0 
340 94.43 13.85 108.28 0.838 339 149499 7.43 7.43 
360 90.97 14.61 105.58 0.846 359 158319 7.87 7.87 
380 87.1 15.37 102.47 0.858 379 167139 8.31 8.31 
400 83.34 16.24 99.58 0.861 399 175959 8.75 8.75 
420 80.55 16.94 97.49 0.867 419 184779 9.19 9.19 
440 77.29 17.8 95.1 0.87 439 193599 9.63 9.63 
460 74.05 18.63 92.68 0.875 459 202419 10.07 10.07 
480 71.45 19.21 90.67 0.879 479 211239 10.5 10.5 
500 68.34 20.05 88.39 0.885 499 220059 10.94 10.94 
520 65.76 20.74 86.5 0.889 519 228879 11.38 11.38 
540 63.09 21.49 84.58 0.892 539 237699 11.82 11.82 
560 60.7 22.11 82.81 0.895 559 246519 12.26 12.26 
580 58.11 22.8 80.91 0.901 579 255339 12.7 12.7 
