
0.6875892
0.6933745
0.66454744
0.64661986
0.62962353
0.586811
0.58434325
0.58416355
0.58798116
0.5588434
0.55040574
0.53528464
0.5541111
0.52780855
0.52849686
0.53093624
0.51147985
0.51991713
0.5284801
0.50773656
0.4910948
0.4909717
0.5069762
0.47544125
0.48522654
0.4639145
0.4759912
0.45764127
0.4590223
0.459762
0.47871566
0.44487897
0.45373452
0.45236954
0.45615742
0.44277766
0.4369781
0.4449293
0.43844736
0.42938715
0.4362037
0.43296897
0.44630548
0.44165608
0.42193413
0.41143402
0.41348234
0.41411442
0.42276257
0.4066605
0.40441838
0.39744604
0.39583677
0.3951377
0.392969
0.3789433
0.39091724
0.3852322
0.3763458
0.39672172
0.37285212
0.3681814
0.37088615
0.36670896
0.3635953
0.3537818
0.35478553
0.35674137
0.35186762
0.35444373
0.35410547
0.3586468
0.34590742
0.3511702
0.34234026
0.33589038
0.34743962
0.34385306
0.34184784
0.33854392
0.34421244
0.3408706
0.34084636
0.32741728
0.3306374
0.3325054
0.32116535
0.32016337
0.3216838
0.31711996
0.31389266
0.32397664
0.31947896
0.3183732
0.30906266
0.30626607
0.30845678
0.30085185
0.30220205
0.30604178
0.30120298
0.29976323
0.29895434
0.29913437
0.29206073
0.29537204
0.30159777
0.28907606
0.29396906
0.29177746
0.29310292
0.28629616
0.28953397
0.2852118
0.28390783
0.28009957
0.278409
0.27951932
0.27953172
0.27953836
0.27864996
0.27358422
0.2754368
0.2777897
0.27406687
0.26291233
0.2866677
0.26096472
0.26664278
0.2708662
0.26339355
0.2585149
0.26387745
0.25763512
0.25491637
0.25099596
0.25577548
0.25675508
0.2499944
0.2435332
0.2447906
0.25140974
0.24205913
0.24731486
0.24479459
0.24654123
0.24260923
0.24256904
0.24597433
0.2366127
0.24094343
0.24756287
0.24488513
0.24438219
0.2396943
0.23945439
0.24073751
0.23664473
0.23303832
0.23461977
0.2365798
0.23448385
0.23627563
0.22533956
0.23238128
0.23181109
0.22805646
0.22936426
0.23457359
0.23249686
0.22732766
0.22510329
0.22808746
0.22688766
0.23873097
0.22740069
0.21945393
0.2204978
0.2175073
0.23719712
0.2238231
0.2246928
0.22439544
0.21802372
0.220708
0.21725912
0.22521806
0.22429794
0.2197411
0.21993944
0.22046463
0.22285172
0.22735704
0.2150923
0.21801229
0.22138774
0.2173116
0.21293642
0.2163395
0.22131105
0.21486877
0.21995662
0.21103938
0.21593057
0.20700072
0.21152332
0.2093899
0.21144797
0.20439298
0.21807154
0.20795305
0.20630454
0.20803806
0.20489691
0.20373192
0.20989105
0.20609203
0.21247727
0.20511505
0.20854796
0.20086065
0.20175605
0.19828641
0.19815914
0.1994126
0.20109014
0.19941108
0.1962768
0.19991352
0.21273941
0.19925775
0.19442596
0.20019396
0.19385765
0.19734067
0.20210792
0.19538668
0.19591331
0.19042774
0.20019042
0.19296724
0.19421533
0.19561392
0.18909833
0.19097215
0.19200335
0.2012011
0.18680036
0.18801783
0.1853349
0.19044963
0.19664668
0.19174068
0.1856109
0.18870257
0.19962552
0.18564294
0.19207187
0.19489983
0.18888538
0.187422
0.18745306
0.18615226
0.18559456
0.18787442
0.18932854
0.18641345
0.18269578
0.18431136
0.1831368
0.18580447
0.18517126
0.18429884
0.1847435
0.18117599
0.18511097
0.18641931
0.18061271
0.18154503
0.18244013
0.1789727
0.18228114
0.1769162
0.17881984
0.17925838
0.1776386
0.1788485
0.17877224
0.17354782
0.18505268
0.18053672
0.17818518
0.17682879
0.17529728
0.17855462
0.17787454
0.17573684
0.18208958
0.17494288
0.1783399
0.17209253
0.17551182
0.17665029
0.1765709
0.17805682
0.17185949
0.17397982
0.17506899
0.1705831
0.17175856
0.17292812
0.17934555
0.17122239
0.16701378
0.17244555
0.16856232
0.17282905
0.16688307
0.17226171
0.16965309
0.16599415
0.16548508
0.16403769
0.16816907
0.169004
0.16442059
0.16993394
0.1648783
0.17005062
0.16395682
0.16832657
0.16595477
0.16938123
0.16654927
0.16516256
0.16511683
0.16237608
0.1640143
0.16535035
0.16428235
0.16194998
0.16863258
0.16004525
0.1640546
0.16569452
0.16672617
0.17001915
0.16268228
0.15967503
0.16140538
0.16350684
0.16392547
0.15808451
0.16227525
0.16506632
0.1632017
0.16226062
0.15680432
0.1607296
0.15555595
0.1651564
0.16292097
0.16052403
0.16570032
0.16024072
0.15948452
0.15983373
0.16061123
0.15887935
0.16221349
0.15617321
0.15807153
0.1572271
0.1571656
0.1602256
0.16855884
0.16022891
0.15818803
0.15895753
0.15901239
0.15617001
0.15677013
0.15451278
0.16326523
0.15619631
0.15430011
0.16024297
0.15355223
0.15568954
0.15902485
0.15335551
0.1552098
0.15505938
0.1512017
0.15314922
0.15681311
0.15271366
0.15628144
0.15446779
0.15746693
0.14960481
0.15376395
0.15118432
0.14941166
0.15222439
0.150021
0.15226631
0.14893414
0.14820088
0.15044981
0.14615446
0.15022759
0.1476311
0.1510164
0.1467166
0.14639036
0.14883316
0.15294194
0.14427836
0.14798026
0.14758176
0.14217477
0.14869487
0.1455207
0.14530806
0.14175582
0.14431736
0.14439188
0.1483128
0.14780982
0.14522989
0.14309701
0.1475292
0.14280361
0.1449572
0.14410399
0.14438377
0.14589809
0.14450942
0.1474857
0.14491576
0.14271446
0.14414893
0.14574088
0.14515793
0.143839
0.1438326
0.14432234
0.141568
0.14401287
0.14351407
0.14020815
0.14341693
0.13938522
0.14586204
0.1391756
0.13894223
0.14179309
0.13802072
0.14003293
0.13602827
0.1416572
0.13762373
0.1366365
0.13953295
0.13725662
0.14082062
0.13929336
0.14145833
0.13769338
0.1351715
0.13641453
0.1404586
0.13617657
0.13364477
0.13493396
0.13769291
0.13636515
0.13699503
0.13628173
0.13497631
0.13487808
0.13730258
0.13849366
0.13156241
0.13266778
0.13163513
0.13604221
0.13924539
0.13759498
0.13630569
0.13501734
0.13212661
0.13523307
0.13255443
0.13106169
0.13031927
0.13457538
0.13075508
0.13358828
0.1329755
0.13107252
0.130648
0.13256769
0.13698788
0.12771627
0.12839603
0.13096839
0.12875281
0.13202639
0.13321686
0.13172586
0.12835556
0.12956533
0.12861197
0.13025911
0.12873362
0.12912959
0.12691426
0.12943387
0.12997113
0.12997007
0.12677266
0.12882221
0.12503225
0.12711076
0.13084969
0.13047662
0.13146225
0.12514195
0.12646046
0.12467718
0.12258587
0.1255046
0.12507065
0.12596926
0.123848595
0.12630555
0.12574469
0.12406987
0.12391766
0.1234038
0.12663835
0.11987225
0.12296998
0.12595865
0.122900456
0.122765794
0.12304816
0.12135995
0.11968517
0.122326806
0.12126336
0.12105164
0.11854008
0.117812425
0.12003841
0.122708976
0.12005666
0.12423134
0.12050828
0.1197394
0.12058017
0.11788509
0.121614754
0.11842845
0.11723879
0.11904282
0.12072999
0.11962642
0.11899077
0.12122388
0.11674022
0.11773608
0.115277186
0.122319825
0.11973067
0.116274856
0.117085405