20 198.37 0.15 198.51 0.059 18 20 0.39 0.0 
40 198.39 0.33 198.72 0.084 29 41 0.64 0.0 
60 198.23 0.39 198.62 0.11 44 61 0.96 0.0 
80 197.14 0.48 197.62 0.126 57 82 1.25 0.0 
100 197.52 0.25 197.77 0.148 72 102 1.58 0.01 
120 196.79 0.36 197.15 0.171 86 123 1.89 0.01 
140 195.84 0.31 196.15 0.192 95 150 2.08 0.01 
160 195.79 0.16 195.95 0.207 111 172 2.43 0.01 
180 195.53 -0.11 195.42 0.225 121 192 2.65 0.01 
200 195.11 -0.15 194.96 0.25 137 213 3.0 0.01 
220 194.8 -0.19 194.61 0.257 146 235 3.2 0.01 
240 194.66 0.03 194.7 0.27 158 254 3.46 0.01 
260 193.88 -0.07 193.81 0.29 166 278 3.64 0.01 
280 193.74 -0.13 193.61 0.302 180 301 3.95 0.01 
300 192.72 -0.16 192.56 0.312 188 324 4.12 0.02 
320 192.05 -0.17 191.88 0.322 200 344 4.39 0.02 
340 192.25 -0.08 192.17 0.334 210 366 4.61 0.02 
360 191.87 -0.08 191.78 0.353 221 388 4.85 0.02 
380 191.43 -0.13 191.29 0.362 230 408 5.04 0.02 
400 190.87 -0.09 190.77 0.37 239 435 5.24 0.02 
420 190.65 -0.2 190.45 0.373 249 465 5.46 0.02 
440 189.65 -0.08 189.56 0.384 259 488 5.68 0.02 
460 189.49 -0.18 189.3 0.39 271 511 5.94 0.03 
480 188.55 -0.1 188.46 0.402 284 535 6.23 0.03 
500 188.11 -0.24 187.87 0.413 297 558 6.51 0.03 
520 187.84 -0.48 187.36 0.418 306 579 6.71 0.03 
540 187.37 -0.52 186.85 0.426 316 604 6.93 0.03 
560 187.26 -0.6 186.66 0.438 323 631 7.08 0.03 
580 186.63 -0.57 186.06 0.442 330 656 7.24 0.03 
600 185.94 -0.39 185.55 0.451 341 682 7.48 0.03 
620 184.89 -0.46 184.43 0.459 352 703 7.72 0.03 
640 184.66 -0.69 183.96 0.468 362 731 7.94 0.04 
660 184.92 -0.77 184.14 0.475 370 755 8.11 0.04 
680 184.61 -0.91 183.7 0.484 380 783 8.33 0.04 
700 184.82 -1.07 183.75 0.489 389 808 8.53 0.04 
720 184.44 -1.23 183.2 0.493 395 834 8.66 0.04 
740 184.21 -1.31 182.9 0.498 402 857 8.82 0.04 
760 183.89 -1.53 182.36 0.503 412 884 9.04 0.04 
780 183.62 -1.64 181.98 0.511 419 910 9.19 0.05 
800 183.5 -1.64 181.86 0.521 429 936 9.41 0.05 
820 183.25 -1.69 181.56 0.523 437 965 9.58 0.05 
840 182.83 -1.78 181.05 0.527 446 991 9.78 0.05 
860 182.6 -2.04 180.56 0.533 455 1013 9.98 0.05 
880 182.23 -2.1 180.13 0.54 462 1036 10.13 0.05 
900 181.86 -2.21 179.65 0.542 466 1058 10.22 0.05 
920 181.8 -2.36 179.44 0.545 477 1085 10.46 0.05 
940 181.69 -2.6 179.09 0.552 486 1110 10.66 0.06 
960 181.29 -2.69 178.6 0.556 495 1136 10.86 0.06 
980 181.23 -2.72 178.51 0.558 503 1167 11.03 0.06 
1000 181.22 -2.62 178.6 0.563 512 1193 11.23 0.06 
1020 180.44 -2.69 177.76 0.567 519 1218 11.38 0.06 
1040 179.63 -2.71 176.92 0.572 526 1244 11.54 0.06 
1060 179.24 -2.87 176.37 0.576 534 1268 11.71 0.06 
1080 178.7 -3.07 175.63 0.581 541 1295 11.86 0.06 
1100 178.39 -3.09 175.3 0.584 550 1323 12.06 0.07 
1120 178.29 -3.28 175.0 0.586 560 1351 12.28 0.07 
1140 178.6 -3.38 175.22 0.592 570 1379 12.5 0.07 
1160 178.05 -3.44 174.6 0.596 581 1409 12.74 0.07 
1180 177.74 -3.42 174.32 0.601 590 1433 12.94 0.07 
1200 177.24 -3.42 173.83 0.6 597 1463 13.09 0.07 
1220 177.06 -3.6 173.46 0.606 605 1493 13.27 0.07 
1240 176.39 -3.72 172.67 0.608 615 1516 13.49 0.08 
1260 176.45 -3.88 172.57 0.611 621 1549 13.62 0.08 
1280 176.08 -3.91 172.17 0.617 626 1574 13.73 0.08 
1300 176.1 -3.89 172.21 0.619 635 1599 13.93 0.08 
1320 175.55 -3.92 171.63 0.623 644 1625 14.12 0.08 
1340 175.08 -4.0 171.08 0.627 653 1654 14.32 0.08 
1360 174.22 -4.11 170.11 0.628 661 1685 14.5 0.08 
1380 174.08 -4.32 169.76 0.634 673 1714 14.76 0.09 
1400 174.15 -4.47 169.69 0.638 682 1743 14.96 0.09 
1420 173.99 -4.56 169.43 0.639 689 1775 15.11 0.09 
1440 173.68 -4.79 168.88 0.64 696 1808 15.26 0.09 
1460 173.17 -4.89 168.27 0.644 708 1837 15.53 0.09 
1480 173.19 -5.0 168.19 0.647 718 1866 15.75 0.09 
1500 173.34 -5.0 168.34 0.652 723 1894 15.86 0.09 
1520 173.0 -5.07 167.93 0.655 732 1923 16.05 0.1 
1540 173.0 -5.26 167.74 0.656 745 1951 16.34 0.1 
1560 172.41 -5.4 167.01 0.661 753 1985 16.51 0.1 
1580 172.55 -5.54 167.01 0.662 761 2016 16.69 0.1 
1600 171.93 -5.73 166.19 0.663 772 2054 16.93 0.1 
1620 171.67 -5.73 165.94 0.666 777 2080 17.04 0.1 
1640 171.9 -5.79 166.11 0.667 784 2109 17.19 0.1 
1660 171.73 -5.88 165.85 0.67 793 2141 17.39 0.11 
1680 171.22 -5.93 165.29 0.673 799 2176 17.52 0.11 
1700 170.63 -5.95 164.67 0.673 804 2208 17.63 0.11 
1720 170.79 -6.15 164.64 0.678 815 2237 17.87 0.11 
1740 170.83 -6.27 164.56 0.677 820 2269 17.98 0.11 
1760 170.68 -6.35 164.33 0.68 826 2299 18.11 0.11 
1780 170.08 -6.39 163.68 0.681 832 2332 18.25 0.12 
1800 169.8 -6.49 163.31 0.683 836 2365 18.33 0.12 
1820 170.01 -6.46 163.56 0.687 843 2393 18.49 0.12 
1840 169.74 -6.54 163.2 0.691 849 2424 18.62 0.12 
1860 169.22 -6.72 162.5 0.691 861 2457 18.88 0.12 
1880 169.02 -6.91 162.1 0.694 871 2485 19.1 0.12 
1900 169.46 -6.91 162.55 0.695 881 2518 19.32 0.13 
1920 168.74 -6.95 161.79 0.695 886 2549 19.43 0.13 
1940 168.68 -7.0 161.67 0.697 890 2577 19.52 0.13 
1960 168.57 -6.99 161.59 0.7 894 2609 19.61 0.13 
1980 168.85 -7.08 161.77 0.702 903 2640 19.8 0.13 
2000 168.4 -7.09 161.31 0.704 907 2667 19.89 0.13 
2020 167.47 -7.12 160.35 0.706 910 2691 19.96 0.13 
2040 167.33 -7.2 160.13 0.707 917 2718 20.11 0.14 
2060 167.07 -7.19 159.88 0.706 926 2749 20.31 0.14 
2080 167.05 -7.38 159.67 0.711 931 2782 20.42 0.14 
2100 167.13 -7.54 159.59 0.712 940 2810 20.61 0.14 
2120 166.84 -7.65 159.19 0.714 946 2846 20.75 0.14 
2140 166.81 -7.73 159.08 0.716 950 2877 20.83 0.14 
2160 166.19 -7.74 158.45 0.718 956 2908 20.96 0.14 
2180 165.87 -7.72 158.14 0.719 961 2937 21.07 0.15 
2200 165.82 -7.69 158.13 0.72 969 2968 21.25 0.15 
2220 165.73 -7.75 157.98 0.724 977 2995 21.43 0.15 
2240 165.75 -7.73 158.02 0.723 985 3024 21.6 0.15 
2260 165.58 -7.78 157.8 0.726 993 3055 21.78 0.15 
2280 165.06 -7.81 157.25 0.727 1003 3092 22.0 0.15 
2300 164.28 -7.91 156.37 0.728 1010 3122 22.15 0.16 
2320 164.74 -8.09 156.65 0.731 1018 3157 22.32 0.16 
2340 164.44 -8.19 156.26 0.731 1028 3193 22.54 0.16 
2360 163.95 -8.34 155.61 0.733 1034 3225 22.68 0.16 
2380 163.81 -8.37 155.44 0.732 1040 3252 22.81 0.16 
2400 163.79 -8.52 155.27 0.736 1042 3284 22.85 0.16 
2420 163.62 -8.56 155.06 0.734 1051 3313 23.05 0.16 
2440 163.45 -8.41 155.04 0.738 1054 3341 23.11 0.17 
2460 163.59 -8.41 155.18 0.74 1060 3369 23.25 0.17 
2480 162.99 -8.49 154.5 0.743 1067 3401 23.4 0.17 
2500 162.63 -8.42 154.21 0.742 1073 3430 23.53 0.17 
2520 162.97 -8.44 154.52 0.744 1082 3459 23.73 0.17 
2540 162.84 -8.48 154.36 0.745 1087 3490 23.84 0.17 
2560 162.62 -8.58 154.04 0.747 1096 3520 24.04 0.18 
2580 162.3 -8.69 153.6 0.748 1102 3557 24.17 0.18 
2600 162.34 -8.79 153.55 0.751 1110 3593 24.34 0.18 
2620 161.91 -8.85 153.05 0.753 1121 3623 24.58 0.18 
2640 161.57 -8.99 152.59 0.754 1130 3655 24.78 0.18 
2660 161.24 -9.08 152.16 0.754 1137 3688 24.93 0.18 
2680 161.1 -9.17 151.93 0.754 1146 3721 25.13 0.19 
2700 161.02 -9.25 151.77 0.757 1155 3757 25.33 0.19 
2720 160.71 -9.26 151.45 0.758 1162 3789 25.48 0.19 
2740 160.53 -9.39 151.14 0.758 1169 3823 25.64 0.19 
2760 160.36 -9.49 150.86 0.761 1173 3857 25.72 0.19 
2780 160.58 -9.55 151.03 0.761 1177 3884 25.81 0.19 
2800 160.42 -9.66 150.75 0.761 1180 3920 25.88 0.19 
2820 160.19 -9.74 150.45 0.765 1187 3950 26.03 0.2 
2840 160.5 -9.72 150.78 0.765 1191 3984 26.12 0.2 
2860 160.23 -9.72 150.51 0.766 1197 4015 26.25 0.2 
2880 159.75 -9.85 149.9 0.765 1203 4043 26.38 0.2 
2900 159.34 -9.91 149.43 0.767 1213 4079 26.6 0.2 
2920 159.78 -9.91 149.88 0.767 1222 4111 26.8 0.2 
2940 159.27 -9.97 149.3 0.769 1225 4145 26.86 0.21 
2960 159.3 -10.0 149.3 0.769 1230 4176 26.97 0.21 
2980 159.05 -10.02 149.03 0.77 1237 4211 27.13 0.21 
3000 158.9 -10.1 148.8 0.77 1244 4239 27.28 0.21 
3020 159.06 -10.2 148.86 0.774 1247 4271 27.35 0.21 
3040 158.99 -10.23 148.76 0.773 1253 4304 27.48 0.21 
3060 158.68 -10.15 148.53 0.773 1263 4339 27.7 0.22 
3080 159.1 -10.3 148.8 0.775 1269 4368 27.83 0.22 
3100 158.84 -10.25 148.59 0.776 1276 4399 27.98 0.22 
3120 158.76 -10.27 148.5 0.776 1279 4433 28.05 0.22 
3140 158.78 -10.26 148.52 0.778 1287 4465 28.22 0.22 
3160 158.82 -10.36 148.46 0.781 1296 4495 28.42 0.22 
3180 158.5 -10.39 148.11 0.782 1303 4527 28.57 0.23 
3200 158.38 -10.37 148.01 0.782 1310 4559 28.73 0.23 
3220 158.36 -10.36 148.0 0.782 1315 4587 28.84 0.23 
3240 158.64 -10.43 148.21 0.784 1320 4617 28.95 0.23 
3260 158.59 -10.39 148.2 0.784 1322 4657 28.99 0.23 
3280 158.48 -10.41 148.06 0.783 1328 4694 29.12 0.23 
3300 157.98 -10.33 147.65 0.783 1335 4729 29.28 0.24 
3320 157.68 -10.24 147.44 0.784 1340 4758 29.39 0.24 
3340 157.48 -10.35 147.13 0.785 1345 4791 29.5 0.24 
3360 157.28 -10.41 146.87 0.787 1353 4829 29.67 0.24 
3380 157.1 -10.43 146.67 0.788 1358 4864 29.78 0.24 
3400 157.4 -10.44 146.95 0.785 1364 4898 29.91 0.24 
3420 157.1 -10.48 146.61 0.79 1371 4931 30.07 0.25 
3440 156.72 -10.36 146.35 0.79 1379 4960 30.24 0.25 
3460 156.56 -10.46 146.1 0.79 1382 4998 30.31 0.25 
3480 156.85 -10.33 146.52 0.791 1391 5030 30.5 0.25 
3500 156.39 -10.39 146.0 0.791 1395 5061 30.59 0.25 
3520 155.94 -10.39 145.55 0.791 1404 5093 30.79 0.25 
3540 155.79 -10.42 145.37 0.795 1406 5126 30.83 0.25 
3560 155.45 -10.36 145.09 0.796 1411 5162 30.94 0.26 
3580 155.67 -10.36 145.31 0.795 1417 5196 31.07 0.26 
3600 155.7 -10.24 145.46 0.796 1423 5231 31.21 0.26 
3620 155.07 -10.27 144.8 0.799 1427 5265 31.29 0.26 
3640 155.12 -10.36 144.76 0.798 1434 5299 31.45 0.26 
3660 155.24 -10.38 144.87 0.799 1439 5331 31.56 0.27 
3680 155.35 -10.42 144.93 0.801 1444 5366 31.67 0.27 
3700 154.98 -10.41 144.57 0.801 1448 5400 31.75 0.27 
3720 154.32 -10.46 143.87 0.799 1455 5435 31.91 0.27 
3740 154.24 -10.45 143.79 0.8 1462 5470 32.06 0.27 
3760 154.32 -10.5 143.82 0.801 1464 5506 32.11 0.27 
3780 153.98 -10.5 143.49 0.799 1469 5546 32.21 0.28 
3800 154.24 -10.54 143.7 0.804 1476 5578 32.37 0.28 
3820 153.92 -10.56 143.36 0.804 1480 5613 32.46 0.28 
3840 154.17 -10.61 143.56 0.804 1485 5647 32.57 0.28 
3860 154.24 -10.65 143.59 0.805 1492 5678 32.72 0.28 
3880 153.66 -10.69 142.97 0.806 1495 5715 32.79 0.28 
3900 153.81 -10.7 143.11 0.805 1499 5754 32.87 0.29 
3920 153.53 -10.72 142.81 0.805 1507 5785 33.05 0.29 
3940 153.6 -10.64 142.97 0.805 1511 5812 33.14 0.29 
3960 153.1 -10.67 142.42 0.808 1518 5842 33.29 0.29 
3980 153.09 -10.6 142.49 0.809 1522 5874 33.38 0.29 
4000 152.62 -10.66 141.96 0.809 1530 5910 33.55 0.29 
4020 152.98 -10.7 142.28 0.808 1537 5955 33.71 0.3 
4040 152.73 -10.81 141.92 0.808 1541 5987 33.79 0.3 
4060 153.38 -10.79 142.59 0.812 1546 6021 33.9 0.3 
4080 152.77 -10.79 141.97 0.81 1551 6056 34.01 0.3 
4100 152.62 -10.86 141.76 0.811 1556 6095 34.12 0.3 
4120 152.43 -10.91 141.52 0.812 1561 6132 34.23 0.3 
4140 152.45 -10.94 141.51 0.812 1561 6168 34.23 0.31 
4160 152.01 -10.98 141.04 0.813 1567 6200 34.36 0.31 
4180 152.31 -11.03 141.27 0.815 1574 6236 34.52 0.31 
4200 152.2 -10.92 141.28 0.815 1579 6270 34.63 0.31 
4220 151.6 -10.92 140.68 0.815 1589 6306 34.85 0.31 
4240 151.19 -10.98 140.21 0.813 1594 6338 34.96 0.32 
4260 150.99 -11.07 139.92 0.817 1599 6378 35.07 0.32 
4280 151.46 -11.2 140.25 0.819 1602 6409 35.13 0.32 
4300 151.38 -11.24 140.14 0.82 1607 6440 35.24 0.32 
4320 150.98 -11.15 139.83 0.818 1610 6473 35.31 0.32 
4340 151.0 -11.24 139.76 0.82 1614 6507 35.39 0.32 
4360 151.12 -11.27 139.85 0.821 1618 6542 35.48 0.33 
4380 150.92 -11.3 139.63 0.818 1622 6581 35.57 0.33 
4400 150.47 -11.28 139.19 0.821 1626 6614 35.66 0.33 
4420 150.13 -11.22 138.91 0.822 1633 6641 35.81 0.33 
4440 150.35 -11.28 139.08 0.821 1639 6677 35.94 0.33 
4460 149.94 -11.29 138.65 0.822 1645 6705 36.07 0.33 
4480 149.57 -11.27 138.29 0.824 1652 6741 36.23 0.34 
4500 149.58 -11.28 138.3 0.824 1656 6780 36.32 0.34 
4520 149.45 -11.31 138.14 0.824 1661 6822 36.43 0.34 
4540 149.52 -11.34 138.18 0.824 1664 6862 36.49 0.34 
4560 149.4 -11.32 138.08 0.824 1666 6903 36.54 0.34 
4580 149.78 -11.34 138.44 0.825 1672 6933 36.67 0.34 
4600 149.54 -11.3 138.23 0.826 1679 6966 36.82 0.35 
4620 149.65 -11.42 138.23 0.825 1685 7005 36.95 0.35 
4640 149.79 -11.37 138.42 0.825 1688 7040 37.02 0.35 
4660 149.56 -11.45 138.11 0.827 1693 7071 37.13 0.35 
4680 149.35 -11.42 137.93 0.829 1695 7106 37.17 0.35 
4700 149.21 -11.48 137.74 0.829 1700 7141 37.28 0.36 
4720 149.0 -11.49 137.51 0.83 1708 7178 37.46 0.36 
4740 148.8 -11.52 137.27 0.828 1711 7212 37.52 0.36 
4760 148.74 -11.41 137.32 0.828 1718 7239 37.68 0.36 
4780 148.7 -11.39 137.31 0.831 1722 7277 37.76 0.36 
4800 148.36 -11.41 136.94 0.832 1726 7321 37.85 0.36 
4820 148.03 -11.38 136.65 0.832 1730 7362 37.94 0.37 
4840 148.25 -11.41 136.83 0.831 1738 7397 38.11 0.37 
4860 148.31 -11.4 136.91 0.832 1745 7438 38.27 0.37 
4880 147.65 -11.43 136.22 0.832 1749 7478 38.36 0.37 
4900 147.95 -11.44 136.51 0.833 1753 7513 38.44 0.37 
4920 148.18 -11.48 136.7 0.834 1755 7551 38.49 0.38 
4940 147.81 -11.51 136.29 0.835 1759 7582 38.57 0.38 
4960 147.75 -11.56 136.2 0.836 1768 7615 38.77 0.38 
4980 147.19 -11.53 135.66 0.835 1773 7651 38.88 0.38 
5000 147.4 -11.51 135.9 0.834 1777 7686 38.97 0.38 
5020 147.6 -11.55 136.05 0.835 1783 7730 39.1 0.38 
5040 147.03 -11.53 135.5 0.836 1789 7773 39.23 0.39 
5060 147.26 -11.53 135.74 0.836 1792 7804 39.3 0.39 
5080 146.95 -11.59 135.36 0.838 1797 7843 39.41 0.39 
5100 146.72 -11.58 135.15 0.837 1801 7874 39.5 0.39 
5120 147.0 -11.62 135.38 0.836 1806 7910 39.61 0.39 
5140 146.53 -11.64 134.89 0.837 1810 7940 39.69 0.39 
5160 146.2 -11.69 134.51 0.838 1814 7973 39.78 0.4 
5180 146.85 -11.73 135.12 0.837 1819 8008 39.89 0.4 
5200 146.25 -11.79 134.46 0.837 1823 8053 39.98 0.4 
5220 146.37 -11.82 134.55 0.837 1826 8092 40.04 0.4 
5240 145.92 -11.87 134.05 0.839 1829 8129 40.11 0.4 
5260 146.51 -11.89 134.62 0.841 1833 8160 40.2 0.41 
5280 146.04 -11.92 134.12 0.842 1839 8194 40.33 0.41 
5300 145.66 -11.87 133.78 0.84 1846 8224 40.48 0.41 
5320 145.68 -11.78 133.9 0.841 1848 8261 40.53 0.41 
5340 145.75 -11.76 133.99 0.841 1849 8294 40.55 0.41 
5360 145.88 -11.79 134.09 0.841 1852 8331 40.61 0.41 
5380 146.12 -11.8 134.31 0.843 1855 8370 40.68 0.42 
5400 145.9 -11.84 134.06 0.842 1860 8411 40.79 0.42 
5420 145.65 -11.93 133.72 0.843 1862 8444 40.83 0.42 
5440 145.14 -11.96 133.18 0.843 1867 8484 40.94 0.42 
5460 145.1 -12.01 133.09 0.843 1870 8518 41.01 0.42 
5480 145.32 -12.02 133.3 0.844 1874 8552 41.1 0.43 
5500 145.48 -12.03 133.45 0.844 1879 8577 41.21 0.43 
5520 145.19 -12.01 133.18 0.845 1883 8613 41.29 0.43 
5540 144.73 -11.95 132.79 0.847 1886 8648 41.36 0.43 
5560 144.47 -12.01 132.46 0.847 1887 8691 41.38 0.43 
5580 144.63 -12.08 132.55 0.846 1890 8729 41.45 0.43 
5600 144.36 -12.02 132.34 0.845 1895 8770 41.56 0.44 
5620 144.41 -11.98 132.43 0.845 1896 8805 41.58 0.44 
5640 144.84 -12.01 132.82 0.846 1902 8843 41.71 0.44 
5660 144.17 -11.97 132.2 0.848 1907 8879 41.82 0.44 
5680 144.51 -11.99 132.52 0.847 1909 8909 41.86 0.44 
5700 143.89 -11.97 131.92 0.847 1911 8948 41.91 0.44 
5720 144.19 -12.0 132.19 0.847 1914 8987 41.97 0.45 
