
0.023220496
0.021437176
0.020241413
0.019909991
0.020174468
0.019051911
0.018311229
0.018651417
0.018531116
0.01789669
0.017260427
0.016839469
0.01645616
0.017412854
0.016608004
0.016088445
0.016265843
0.015667895
0.015880946
0.015408192
0.016027018
0.015572873
0.015788993
0.01573782
0.015967244
0.015848788
0.016013177
0.015158734
0.015335829
0.015255469
0.016168341
0.01520876
0.015130983
0.015174817
0.0152571965
0.015178234
0.014877997
0.0146587705
0.014967167
0.014844862
0.014952203
0.014755456
0.014800678
0.015044989
0.014516019
0.014260089
0.014997044
0.0141520705
0.014056097
0.014130059
0.013894648
0.014210886
0.014234821
0.014098915
0.013917015
0.015281884
0.013690252
0.013529375
0.0133370375
0.013689812
0.013759666
0.013304241
0.0135065485
0.013504631
0.013507008
0.013333531
0.0134716965
0.01309188
0.0135597335
0.013682678
0.012936956
0.013216293
0.012911223
0.013861116
0.013025388
0.012695707
0.0131606925
0.012829461
0.012629291
0.012920903
0.012877231
0.012784167
0.012374721
0.012273457
0.0124624465
0.012419296
0.01265616
0.012537502
0.012375162
0.01294382
0.012477289
0.012446987
0.012559777
0.012366967
0.012631375
0.012831146
0.012699938
0.012572731
0.013803893
0.012668029
0.012982197
0.012916999
0.012288159
0.012262255
0.012571547
0.012124785
0.012676677
0.0122977365
0.012273579
0.012354527
0.0123887975
0.0123604145
0.012172485
0.012633007
0.0119204605
0.012447284
0.012749187
0.012045167
0.012030588
0.011842082
0.012154561
0.011855773
0.012519975
0.012083089
0.011668894
0.012050791
0.0119330725
0.011571921
0.012128821
0.011989278
0.012025635
0.011598585
0.01191816
0.011771637
0.011747431
0.011927577
0.011625999
0.012076
0.012210987
0.011739837
0.011606273
0.011538168
0.011533571
0.011563589
0.012285448
0.011828336
0.011448873
0.011485904
0.011750024
0.011953792
0.011385894
0.011351062
0.011516884
0.01145695
0.011718646
0.011447281
0.012361065
0.011937488
0.011838837
0.0113016125
0.011566674
0.011200923
0.011573796
0.011297647
0.011500473
0.011542613
0.01140716
0.0111898305
0.0111317765
0.011073586
0.011213726
0.011190374
0.011083067
0.011044798
0.0111002335
0.011541282
0.011221179
0.0113268895
0.01125398
0.011126434
0.01112312
0.011516619
0.01190486
0.01140761
0.011168235
0.011311877
0.011350548
0.01106498
0.011078182
0.011195272
0.010978982
0.010999849
0.01117489
0.0110908365
0.010999825
0.011248181
0.01085013
0.010904698
0.010788633
0.0107692825
0.01074511
0.010621318
0.010741707
0.010876092
0.010687595
0.010876507
0.010865322
0.010969885
0.011016832
0.0108395945
0.011105236
0.010996283
0.010846434
0.010733691
0.010720569
0.010850392
0.010471075
0.010759535
0.010712412
0.011028841
0.010466734
0.010822249
0.010504411
0.0107972035
0.011008004
0.010723452
0.010543174
0.0105189355
0.010746361
0.010597399
0.010638506
0.010524935
0.0105273
0.010940051
0.010395725
0.0105872
0.011076788
0.0106625585
0.010551766
0.010235337
0.0104500605
0.010234402
0.010317715
0.010512805
0.010297228
0.010503456
0.010323606
0.0105578555
0.01017661
0.010105409
0.010635263
0.010588868
0.010614423
0.010745696
0.01026252
0.010036691
0.010447824
0.010459553
0.010225682
0.010577146
0.011129771
0.01043298
0.0102643855
0.011021398
0.010259296
0.010129177
0.010114877
0.0100296615
0.0104903495
0.010506642
0.01038008
0.010076731
0.010037932
0.009949522
0.010051601
0.010474958
0.010407263
0.010133541
0.010038837
0.010189428
0.01040412
0.0098299645
0.009779154
0.009808852
0.010150973
0.010168061
0.009911765
0.010035007
0.009929619
0.010560294
0.010066962
0.009753116
0.0098934425
0.0100384215
0.009772782
0.010064696
0.010315844
0.00989237
0.009966793
0.009998798
0.009872088
0.009987457
0.010017217
0.010046793
0.010015887
0.009787322
0.00990303
0.009927777
0.009901345
0.009790627
0.009987535
0.009666433
0.009675405
0.010028542
0.009673038
0.009693859
0.010132513
0.0096232975
0.009822505
0.009539968
0.009869228
0.009730388
0.009583857
0.009777326
0.009651214
0.0095671415
0.009713712
0.010115314
0.009476968
0.009600656
0.009534501
0.009403317
0.009433321
0.009901385
0.009464822
0.009705908
0.00985245
0.009689375
0.009373418
0.00955612
0.00964971
0.009692573
0.009523049
0.009519882
0.009433813
0.009434212
0.009386313
0.009642109
0.009470505
0.009441613
0.009668896
0.009781479
0.009325579
0.00989129
0.009682275
0.009540454
0.009360531
0.009755714
0.00938897
0.0095070405
0.0102458885
0.009416944
0.00965416
0.009288899
0.009491491
0.009313346
0.009394599
0.010233418
0.00943488
0.010104391
0.009618262
0.009524881
0.009261333
0.009304105
0.009453242
0.009693528
0.009329696
0.009419805
0.009391396
0.009233028
0.009350834
0.009238732
0.009465132
0.009374316
0.009430406
0.0092584025
0.009365198
0.009350681
0.009213167
0.009051591
0.009498476
0.00930425
0.009182815
0.0090950355
0.009044794
0.009228165
0.00930363
0.00904759
0.009153033
0.009331504
0.009139858
0.009205207
0.009158492
0.009107764
0.009176959
0.009016915
0.009050483
0.009203782
0.009829277
0.009334749
0.0093589
0.009230569
0.009013123
0.008941724
0.0090345405
0.009197195
0.009298922
0.009152669
0.009239168
0.009027867
0.009090932
0.008922605
0.009077737
0.009075774
0.00921258
0.009111053
0.009064542
0.009098491
0.009086731
0.0087339245
0.008995997
0.009139245
0.009200534
0.009022309
0.009036174
0.009199709
0.009145704
0.008838979
0.008869598
0.008877926
0.008854827
0.008828547
0.008909362
0.008879811
0.008713294
0.0089390855
0.008841034
0.009243434
0.00912268
0.008822652
0.008878611
0.008966268
0.008797052
0.008764484
0.0090273945
0.008896068
0.008695326
0.008716941
0.009174608
0.008736704
0.008652678
0.008738957
0.009107913
0.008632833
0.008742921
0.008732172
0.0088042375
0.008899454
0.0089331
0.00871449
0.008891625
0.009020412
0.008734943
0.008633085
0.009217918
0.008700629
0.008779583
0.008859501
0.008883747
0.008735669
0.008764607
0.008826943
0.008969244
0.008830854
0.009130891
0.008767855
0.008808437
0.008531256
0.008706818
0.008629593
0.008598751
0.008684917
0.0085807685
0.008711185
0.008902694
0.008713987
0.0085900035
0.008811369
0.008542491
0.008602669
0.008700544
0.008873088
0.008850274
0.009185341
0.008695092
0.00904553
0.008542964
0.0086976485
0.008557809
0.008835402
0.008466634
0.00856021
0.008820715
0.008595874
0.008596938
0.0084792795
0.008820247
0.008989421
0.008686932
0.00848046
0.008599926
0.008490357
0.008691487
0.008524937
0.0084781805
0.008563426
0.008507505
0.008437976
0.008717311
0.0085250735
0.008774202
0.008485835
0.008606692
0.0087419385
0.008499302
0.009408309
0.008466203
0.008415795
0.008450806
0.008609078
0.008826358
0.008367476
0.008572661
0.008527598
0.0085032005
0.008499962
0.008703035
0.00853622
0.008552346
0.00852878
0.0085354755
0.008388742
0.008337533
0.008452294
0.008466479
0.008587015
0.008339837
0.008650709
0.008264638
0.008605418
0.0083171
0.00844302
0.008523902
0.0088445265
0.008545055
0.008368966
0.00874814
0.00822518
0.008209163
0.0082687065
0.008253374
0.0083816815
0.0083020935
0.008349118
0.008234811
0.008297915
0.008141449
0.008260841
0.008055565
0.008326223
0.008081372
0.0082911905
0.008176882
0.008236031
0.008173409
0.008512038
0.008053207
0.008157527
0.008203177
0.00818893
0.008152772
0.008011782
0.0082405275
0.008019702
0.008325963
0.008339345
0.008186139
0.0082997205
0.008567218
0.008162579
0.008611521
0.008308651
0.008329117
0.007992164
0.008261005
0.008147539
0.008215087
0.008043432
0.008083949
0.00812693
0.00817869
0.008229065
0.008224743
0.008211112
0.008368795
0.00816786
0.008016568
0.008081452
0.008208224
0.008375835
0.00816724
0.008042256
0.008065198
0.008013031
0.008039842
0.007865867
0.008191543
0.008053097
0.008039165
0.007980487
0.007968429
0.008170433
0.008001538
0.007992182
0.008153926
0.008281933
0.008192004
0.008165834
0.008246855
0.0080850525
0.0081147
0.007976145
0.00806661
0.0082486365
0.008033929
0.007966166
0.007940577
0.0080659
0.007868641
0.008009961
0.0081697805
0.008014671
0.007913294
0.0081987735
0.0076901
0.008169936
0.007973665
0.007778331
0.0079916585
0.008019146
0.008021469
0.008007249
0.0080624055
0.007863017
0.0079192845
0.008077487
0.007832499
0.007928539
0.0079869935
0.00785737
0.0081322165
0.0077489913
0.007912683
0.007879124
0.008033027
0.008132844
0.008098287
0.007833067
0.007908272
0.008142518
0.007894313
0.008080373
0.007852891
0.007831622
0.007716873
0.007620832
0.0077175368
0.0077357367
0.00787345
0.008019755
0.007710036
0.007832861
0.0076587657
0.007986087
0.0078516165
0.007873936
0.007858259
0.007948298
0.007925669
0.007915536
0.007912464
0.007691542
0.007792438
0.008080142
0.007871224
0.007574527
0.007751506
0.008133848
0.007818999
0.007696727
0.0075276108
0.007619946
0.007658828
0.0076162918
0.0076655946
0.007623223
0.0077388543
0.007742041
0.0076657436
0.007745792
0.0074812
0.0077048917
0.0076788925
0.0076755155
0.0076127877
0.007756831
0.0074783945
0.0078388965
0.007739746
0.0076815137
0.007673123
0.0075647063
0.0075522573
0.007648863
0.007650258
0.0075327875
0.007619253
0.007502416
0.007471075
0.0075972634
0.007465018
0.0076560914
0.007555576
0.00771499
0.0076813158
0.007547101
0.0077943774
0.0074295104
0.0073360847
0.0073792255
0.007639836
0.007635129
0.007455425
0.007390377
0.0075049438
0.0074975346
0.007422648
0.0074160877
0.0073610763
0.0077901953
0.007649579
0.0073665553
0.0073710424
0.0073329885
0.007352505
0.007584707
0.0074186055
0.0073625236
0.0073842495
0.007394761
0.0075362315
0.007888974
0.007229189
0.007401361
0.0076456033
0.007348148
0.007371321
0.0071703056
0.007467021
0.0073493323
0.007661254
0.007321915
0.007556362
0.0073191826
0.007453001
0.007269254
0.0073143938
0.0072534345
0.0076131253
0.007253206
0.0073902044
0.0073999553
0.0072115264
0.007423388
0.0071808435
0.0073773568
0.0073933993
0.007137388
0.007229837
0.007220739
0.007571602
0.007164754
0.0073006293
0.0071647093
0.0073033287
0.007353608
0.0071602752
0.0073830434
0.0076838103
0.007289299
0.0073456843
0.0072471406
0.0073564034
0.007334203
0.007133852
0.0072812643
0.0073987218
0.007342225
0.0071265614
0.007131376
0.007000637
0.0071801245
0.007179893
0.007387222
0.006986568
0.007050385
0.0070237247
0.0071042418
0.0071609356
0.007280343
0.007057884
0.0070167654
0.007052218
0.0071453094
0.007207292
0.0069048144
0.0071023903
0.0069247647
0.0070719286
0.007149091
0.0072447704
0.0073360973
0.007146664
0.007061228
0.0069961865
0.007107806
0.0071969875
0.0071015568
0.007247307
0.007137547
0.00698744
0.0072864415
0.0069836243
0.0069845575
0.006996185
0.0072297123
0.0069992044
0.007041546
0.007008282
0.006951303
0.007136677
0.006952182
0.007138821
0.006995822
0.0069498555
0.0069853435
0.0069932016
0.006958693
0.006836338
0.007131015
0.006996461
0.007036906
0.007009564
0.0068912557
0.0069117844
0.0069571543
0.0071059414
0.006858396
0.007066714
0.007108347
0.007088945
0.006958573
0.006906355
0.006949753
0.0070536225
0.0069988887
0.0069321576
0.0071376082
0.0071728295
0.007000111
0.0070937076
0.007040787
0.0068955673
0.006996599
0.006869456
0.006898507
0.0068623815
0.007002959
0.0071945656
0.0069430345
0.0067874542
0.0069399024
0.007017468
0.006908634
0.006827772
0.006891756
0.006858373
0.006865332
0.007071895
0.0067981905
0.007006927
0.006908757
0.0067435834
0.0068058153
0.006902363
0.0069023184
0.0067410492
0.0068926313
0.006938996
0.006858558
0.006838192
0.0068521732
0.006939896
0.0068206987
0.0070206732
0.006809105
0.006927073
0.0067620655
0.0068831714
0.0069400687
0.006666012
0.00683049
0.006797017
0.006860556
0.0068603917
0.006957329
0.006776124
0.0069596837
0.0067923963
0.0068821306
0.0066693104
0.0070106857
0.0067933206
0.0067843855
0.0067743813
0.006905574
0.007079208
0.0068260618
0.006593855
0.0067224028
0.006493494
0.006622735
0.0068331417
0.006760461
0.006677921
0.0066932407
0.006815721
0.00675236
0.0070886435
0.006748805
0.006779097
0.006702076
0.0066497377
0.0066007627
0.0066814083
0.006765163
0.0065330607
0.0066260793
0.0065515037
0.0067006703
0.0066061183
0.0067694657
0.0067313714
0.0068188347
0.006537545
0.0069214827
0.006537706
0.0069274176
0.006610958
0.006734044
0.006561397
0.006679633
0.006655228
0.0066749332
0.0065653184
0.006632109
0.0066104927
0.00651574
0.0069236937
0.006673866
0.0065130107
0.0066641415
0.00676187
0.006659232
0.0065668244
0.006771302
0.006466859
0.006554245
0.006366765
0.0066252737
0.006690457
0.006714812
0.006532694
0.0069038137
0.0065387245
0.006614977
0.00642731
0.0066379197
0.0065171574
0.0064478805
0.0066150716
0.006493423
0.0065307124
0.0063948575
0.00643604
0.006428399
0.0065305885
0.0065051946
0.0065047415
0.0064742262
0.006410447
0.006625822
0.006464137
0.0065075965
0.006796424
0.006585263
0.00657599
0.0064919805
0.0064462028
0.00661905
0.0065231635
0.006591781
0.006555343
0.0064351335
0.0063929386
0.0067091174
0.006615676
0.006546704
0.006469281
0.0065384945
0.006334608
0.0069469833
0.006445419
0.0067429305
0.0063813985
0.0063290973
0.0066773295
0.006295054
0.006384421
0.0063396515
0.0062733763
0.0064689275
0.0063217343
0.006604827
0.0064626145
0.006474996
0.006608957
0.0064862086
0.0062566563
0.0064183637
0.00631569
0.0064129005
0.0066774897
0.006648637
0.0065151635
0.006355592
0.0063278973
0.0063768215
0.006622649
0.0066400957
0.0064701084
0.006518234
0.0063440935
0.0062798676
0.006354255
0.006472435
0.0064472165
0.0064831474
0.0063385805
0.0064028935
0.0062652
0.0063795596
0.006494981
0.006437748
0.00632572
0.006393287
0.0064237067
0.006293556
0.00622193
0.0065045245
0.0062413556
0.0064190696
0.0063829687
0.006272691
0.006192937
0.006206276
0.0063312114
0.006245658
0.006528764
0.006192272
0.006326225
0.0063563148
0.0063065514
0.0061990935
0.0062667294
0.006174577
0.0063161487
0.006319718
0.006323748
0.0063092606
0.006311274
0.0065028006
0.006400548
0.0062453966
0.0061771465
0.0068545816
0.0062395358
0.0062210555
0.0064370376
0.006262604
0.0062249587
0.0061241495
0.0064008757
0.006237497
0.006269385
0.0062127654
0.006253366
0.0062996284
0.006058642
0.006197935
0.00607906
0.006257313
0.006162804
0.0062688654
0.006230822
0.0062583336
0.0061649685
0.006224646
0.0063838856
0.0063242638
0.0062563126
0.0061733415
0.0060751047
0.006140331
0.0061206487
0.006107877
0.0061948984
0.0062270286
0.0063569434
0.006135428
0.0062762867
0.0061460785
0.0061877477
0.0060611423
0.006369075
0.006064426
0.006122614
0.0060440865
0.006406936
0.006080994
0.006114874
0.006123703
0.0059871376
0.0061404114
0.0060710665
0.006055147
0.006152511
0.006229278
0.006125442
0.0060940604
0.006049144
0.0061594853
0.0060497588
0.0060316627
0.0062279347
0.0061383434
0.006019458
0.00610842
0.006044334
0.0060929656
0.0060718874
0.006275167
0.0060820305
0.006028561
0.0061856224
0.006305153
0.006110276
0.0061596693
0.0061338013
0.006033605
0.006184214
0.0059837922
0.0061615356
0.0060448805
0.006107768
0.006042393
0.0061768284
0.0060861195
0.0061544813
0.0061618905
0.0059417207
0.006030061
0.006067633
0.006033881
0.005961216
0.006140774
0.0059755165
0.005948331
0.0060217446
0.006009009
0.0060456903
0.0060158274
0.0059911557
0.0061808904
0.0061343256
0.006162168
0.006019439
0.006080673
0.0060893795
0.0059131226
0.0062361853
0.0060199066
0.0060839276
0.006169764
0.006150201
0.006171257
0.0059269946
0.006150898
0.0061874706
0.006119243
0.0059527475
0.006028992
0.0059287148
0.006245652
0.0060460432
0.0059552635
0.0062244595
0.00597268
0.0059463964
0.005821156
0.005903405
0.0059290454
0.00593274
0.005929275
0.005997243
0.006059747
0.0058727437
0.005962095
0.0061268806
0.00585745
0.0059770383
0.0058465777
0.005974906
0.0060844254
0.0058264704
0.005872277
0.006013082
0.005995576
0.005842232
0.0059791007
0.006002053
0.0059498455
0.0058889617
0.0060280305
0.0060065715
0.005907569
0.005921089
0.0057878136
0.005927907
0.005917692
0.005845058
0.005855292
0.0058277957
0.006014963
0.0060663535
0.005968436
0.0059576747
0.0058496566
0.005853527
0.005997998
0.0058408645
0.0058730114
0.0060923975
0.0057345387
0.0060773888
0.0059760916
0.0057879128
0.005827733
0.0058112773
0.005835014
0.005748218
0.0059866714
0.0059111826
0.005886897
0.0058496497
0.00586277
0.0058844453
0.0059034736
0.0057826736
0.006019623
0.00604742
0.0059049134
0.005838799
0.005832841
0.0058803773
0.0058169444
0.006268075
0.0058621406
0.0058804112
0.0058658104
0.0058330614
0.0059085554
0.00576275
0.005762964
0.005978574
0.0057995724
0.0060715633
0.006095721
0.005838012
0.0059696683
0.005913504
0.0056921425
0.0059030205
0.005713309
0.005728211
0.005738645
0.005877739
0.0057856017
0.005804073
0.0060080285
0.0059678257
0.005715809
0.0060303044
0.005978156
0.00572823
0.0057230755
0.0057113054
0.0056206374
0.005756558
0.0058601256
0.005768938
0.0056170337
0.0056418423
0.005820431
0.005712701
0.005753277
0.005703384
0.005728956
0.005839957
0.0057115727
0.005752829
0.005707034
0.0059541054
0.005715735
0.0057473723
0.005716125
0.005709128
0.005711784
0.0057064234
0.0059005497
0.00566495
0.0057533807
0.0057464982
0.00571721
0.0056996266
0.0056484076
0.0059435596
0.00570573
0.0057032327
0.005653765
0.0056597
0.0057830634
0.0057346933
0.0058416585
0.005875577
0.0056298743
0.0057670875
0.0056581106
0.00562014
0.0056282855
0.005821732
0.005715064
0.005718711
0.0056276466
0.005697411
0.00573622
0.005626389
0.0056634247
0.005647414
0.0057010176
0.005625291
0.0058091753
0.005724471
0.005793976
0.0056385784
0.005688806
0.0056553227
0.0058220285
0.005689361
0.005997584
0.0056069447
0.0056739855
0.005696285
0.005731416
0.0056650913
0.005712255
0.0056264577
0.0057230904
0.0055740518
0.0056622787
0.005744361
0.0056548677
0.005685626
0.005782144
0.0055442215
0.005677217
0.0055776206
0.0056246696
0.0055117416
0.005633226
0.0054691248
0.0056676893
0.0054732957
0.0057336595
0.005582816
0.0055843624
0.005733693
0.0055620815
0.0055779503
0.0055602705
0.0055010235
0.005472496
0.0054032705
0.0055545955
0.0057937624
0.0056793876
0.00554597
0.005511531
0.005689338
0.005464334
0.005529425
0.005561257
0.0055780984
0.00551232
0.0056280317
0.0056160875
0.005489368
0.0055138455
0.0056706388
0.005480351
0.0054375534
0.0057301014
0.00543787
0.005507452
0.0054807463
0.0053917784
0.0054215286
0.0053862203
0.0054633487
0.0055259895
0.0054851077
0.0054151206
0.005606051
0.0055101197
0.0056288913
0.005621007
0.005687842
0.0055070827
0.005496613
0.005447182
0.0055910405
0.005548094
0.005604823
0.005422941
0.005506116
0.0055249683
0.0055046724
0.0054324213
0.00553896
0.0056565236
0.0055471524
0.0055449577
0.0054567633
0.005430341
0.0054975264
0.0054997886
0.00548176
0.0055769775
0.0055141244
0.0055392324
0.005325357
0.005456267
0.005390244
0.005378111
0.005335374
0.0055297185
0.005389082
0.005425369
0.005375702
0.005548827
0.0054939683
0.0054174806
0.0054695318
0.005502576
0.0053475387
0.005527969
0.0053654225
0.005453395
0.00544878
0.005476256
0.005379828
0.005429423
0.0053956565
0.005271716
0.005444096
0.005523332
0.0054992368
0.0054320735
0.0054324185
0.005333982
0.0053420933
0.0053629056
0.005319162
0.0054333746
0.005418863
0.005265788
0.005387157
0.005410329
0.0053622094
0.005351471
0.005486694
0.005289333
0.005307861
0.005225117
0.005362953
0.0053740493
0.0052935467
0.0053511118
0.0052918238
0.005450113
0.005361048
0.005425223
0.0052030985
0.005340969
0.0053446754
0.0053632953
0.0052552293
0.005239687
0.0053000534
0.0052383095
0.00521835
0.005385554
0.0052688
0.0052329223
0.00527335
0.0055634454
0.0053849733
0.0053415247
0.005256926
0.0052771918
0.0053199707
0.005383055
0.0053023193
0.005393255
0.005316199
0.0052900384
0.0054055424
0.0052414904
0.0054739476
0.0052387402
0.0054377075
0.005366414
0.00529876
0.0051445374
0.005225142
0.0052769957
0.0051724426
0.005252093
0.005204328
0.005135329
0.0051401225
0.005172181
0.0052325395
0.0053328187
0.005192279
0.005173374
0.0052524805
0.0052333297
0.0051465617
0.005229514
0.0051632007
0.005244249
0.0051348936
0.0051045427
0.0051226574
0.0051584197
0.0051324307
0.005180844
0.00526602
0.005271435
0.0051882206
0.005310385
0.005291985
0.005270042
0.005276542
0.0053478917
0.0051916153
0.0051304703
0.0052178777
0.005198296
0.0052579003
0.005200803
0.005332713
0.005262836
0.0053225616
0.0054640938
0.0052071973
0.005526479
0.005210819
0.0050768307
0.005218833
0.0051334533
0.0052386415
0.005270185
0.00512069
0.0051054563
0.005154964
0.0053574457
0.005249406
0.005195546
0.005056351
0.005134607
0.0051681893
0.005222426
0.005265577
0.0051137805
0.0051087206
0.0052507347
0.00507929
0.0050678197
0.005167304
0.005104572
0.005146105
0.0052883117
0.0052028764
0.0051354864
0.0050730384
0.004993865
0.005127685
0.005125408
0.0051130806
0.0052528367
0.005375006
0.0050805565
0.0049617607
0.005176066
0.005088318
0.005191133
0.005128266
0.0051329574
0.005034312
0.005094629
0.0049494337
0.005288564
0.0051645334
0.0052791457
0.005111899
0.0051940964
0.0051698335
0.0050975187
0.005223966
0.0050899726
0.005074903
0.005055052
0.005149425
0.0051462394
0.0052127587
0.005079287
0.0049929162
0.0049297535
0.0050072046
0.005079726
0.005063114
0.0050485926
0.005091726
0.0049689244
0.0051310924
0.0050910874
0.005053541
0.005108118
0.005024578
0.0049216896
0.005028322
0.005047803
0.005003672
0.005090814
0.004962128
0.0050277594
0.005238256
0.0051041166
0.0049650986
0.004964162
0.0050576273
0.0050056735
0.0049697626
0.004955523
0.0048823906
0.0049276697
0.0048961584
0.004955617
0.0049694097
0.004968579
0.0049656024
0.0049568103
0.0049644317
0.004934813
0.0050825807
0.004951059
0.0050794175
0.004993572
0.0049231322
0.0049552796
0.005181079
0.0049213674
0.005022941
0.0050376523
0.005035614
0.0049835034
0.0048909863
0.0050347643
0.0049909656
0.005197548
0.0049883844
0.0051019085
0.0049866447
0.004971557
0.004958749
0.004926041
0.0050394433
0.0049859555
0.0049678585
0.0050776633
0.0050319424
0.0049683084
0.00492612
0.005049043
0.0049343375
0.0049692728
0.0048145144
0.004785578
0.0048840092
0.004982334
0.0050807777
0.0049689296
0.0049110814
0.005076172
0.0050104256
0.0049495674
0.0049474784
0.005067057
0.004932446
0.004899858
0.004865017
0.0049251304
0.0048852363
0.0049490756
0.0049817446
0.0051887464
0.004941643
0.0048976615
0.00491555
0.0049766423
0.004900084
0.0050354404
0.004910736
0.0049035954
0.0050967373
0.005073459
0.0049112877
0.004859875
0.0049338676
0.004751138
0.004901804
0.004765462
0.0048316643
0.0049738404
0.004988702
0.004953596
0.0047813975
0.004923596
0.0048879543
0.0048813503
0.0047999606
0.0048551043
0.0047798664
0.0048816204
0.0049238144
0.0049904874
0.005002323
0.0047732526
0.0047669695
0.0050135995
0.0048737125
0.0047518658
0.004931036
0.0049034758
0.004863706
0.00481585
0.004837462
0.0048747784
0.004930375
0.0048392555
0.004775079
0.005030546
0.0047750114
0.004767968
0.004831704
0.0047964905
0.004878776
0.0048224153
0.0050097117
0.0048276396
0.0047961716
0.0048374995
0.0049286243
0.0048816204
0.0050049187
0.004807293
0.0047875396
0.004903181
0.0047836853
0.004898677
0.004943051
0.0047579412
0.004808093
0.0047443896
0.0049031153
0.004928458
0.004734086
0.004863735
0.0048082517
0.0047606104
0.00495065
0.0048543424
0.0048592975
0.0047833836
0.0048286985
0.0047733993
0.0049179043
0.0049654283
0.0049461313
0.004825975
0.0049106055
0.004996459
0.004703455
0.005015742
0.004828765
0.0049637826
0.0048251725
0.004787697
0.0048026084
0.004854741
0.0049027908
0.004729432
0.0047983998
0.0048064734
0.0048180036
0.0048758257
0.004850368
0.004687914
0.004719896
0.0048010712
0.004769775
0.004851374
0.0048571024
0.0047541503
0.004692849
0.0046939324
0.004766201
0.0048429207
0.0048470735
0.0046940283
0.0048406944
0.004883811
0.0048045996
0.0047289426
0.0047806976
0.0048311274
0.0047359765
0.0048833117
0.0048225545
0.004712974
0.0048757046
0.0047803223
0.0049422104
0.0048057637
0.004749679
0.0046420186
0.004761081
0.004801651
0.004950849
0.0048816716
0.0046987627
0.0046626218
0.0047172555
0.004732631
0.0046054097
0.004651241
0.004748493
0.004660225
0.004753369
0.004768116
0.004788898
0.0047835717
0.0047578225
0.004584572
0.0047020777
0.00466891
0.0046362253
0.004792255
0.0045994525
0.004597548
0.00478852
0.004654087
0.0046054358
0.004686119
0.0047437237
0.004768253
0.00459356
0.0045620026
0.0046073385
0.0046772794
0.0046227677
0.0046933666
0.0047138836
0.0047533107
0.0045665344
0.0046344455
0.0047058696
0.0047090035
0.0047142776
0.0046152035
0.004592402
0.004556912
0.004679257
0.004652049
0.0046907617
0.0048157936
0.004801923
0.0045741135
0.0045481785
0.0047932654
0.0047956444
0.0046128016
0.004715481
0.004568064
0.004628536
0.0047265477
0.0046226406
0.004721211
0.004692878
0.0045331614
0.0046952656
0.0045367065
0.004715103
0.004592489
0.004582342
0.0048238984
0.0046389136
0.0046200287
0.0046713967
0.004660684
0.0048356224
0.0047302702
0.004569056
0.0046471083
0.004553254
0.0046393364
0.0046363696
0.0046291715
0.0045679915
0.0046769213
0.004709851
0.0046641645
0.0046341717
0.004545671
0.0045312205
0.0046086875
0.0046561197
0.0045478106
0.004557418
0.0045555662
0.004645587
0.004575153
0.004657818
0.0046249805
0.0045481734
0.00454858
0.0046122223
0.004640362
0.004751344
0.004492117
0.004524995
0.0046585063
0.0046250555
0.0046702093
0.0045850375
0.0045375456
0.0044672033
0.004526318
0.004510583
0.004586771
0.0046433704
0.004553231
0.0046029263
0.0046366206
0.0045229793
0.004609037
0.0044926307
0.004572947
0.004600088
0.0044856174
0.004604431
0.0046885507
0.004732149
0.0046462766
0.004669748
0.004669452
0.004765678
0.0046678437
0.0045027114
0.0044388785
0.004484141
0.0044610454
0.0045008045
0.004537738
0.004656495
0.0045894417
0.004511651
0.0046092505
0.0044762013
0.004639041
0.0044081095
0.0044983015
0.0045736264
0.0044538635
0.004574165
0.0046685217
0.004482437
0.0046941857
0.004601921
0.004501932
0.004501
0.0045202975
0.004522209
0.0044926577
0.0045925025
0.004666259
0.004534827
0.004451882
0.0044154366
0.0044832565
0.0045195906
0.0045723687
0.004407309
0.0045545762
0.00452071
0.004618462
0.004661814
0.004531663
0.0045971875
0.0045425473
0.0044225673
0.0044961493
0.0045032715
0.004414329
0.0044864058
0.004556633
0.004461441
0.004474023
0.0044745724
0.004442207
0.004616484
0.0043762764
0.004413489
0.004417126
0.004430137
0.0045067323
0.004451155
0.004370992
0.0044896007
0.0044509186
0.0044284514
0.004497053
0.0044490453
0.00454673
0.0044848155
0.0044996915
0.00442508
0.0044322335
0.0045146896
0.0044581015
0.004528673
0.0044210823
0.0044342005
0.004424957
0.004403154
0.0045154463
0.0044555436
0.0044472916
0.0043788925
0.0045461208
0.004620108
0.0043705353
0.0043617184
0.004340462
0.0044263536
0.0044734846
0.0043796683
0.0045029433
0.004454391
0.004440954
0.0044136597
0.004415512
0.004405634
0.004469061
0.004555688
0.004431111
0.004376245
0.004414139
0.0044998825
0.004488697
0.0044261026
0.0043973858
0.0043285014
0.0043808636
0.0044218358
0.0045147026
0.0043690368
0.004468555
0.004390423
0.0043698666
0.004406548
0.0044716294
0.0043516858
0.004309377
0.0043449146
0.00436979
0.0044588614
0.004378358
0.0043809605
0.0043492154
0.004346715
0.0043588816
0.0043324702
0.004308593
0.004331342
0.004330405
0.00443017
0.004584359
0.004453065
0.004286481
0.0043847803
0.004325397
0.0044005373
0.0043189726
0.0044350284
0.004471459
0.0044348408
0.0042835036
0.004392278
0.0042968467
0.0044282177
0.0043654945
0.0043255477
0.0043148114
0.0043633063
0.004349729
0.004315674
0.004389772
0.004238922
0.0042680004
0.0043844027
0.004307995
0.004364433
0.00474372
0.004332591
0.004437032
0.0043868916
0.0043194434
0.0042770645
0.0043791346
0.0044116657
0.004248141
0.0043489323
0.004357289
0.0043181633
0.004396332
0.0043226876
0.004347442
0.004365435
0.0043973993
0.004356089
0.0043941666
0.004230783
0.0042853565
0.0043560397
0.004389439
0.0042944057
0.0042878385
0.0043870527
0.0044109314
0.004318185
0.004287268
0.0043585924
0.0043908814
0.0043650307
0.0042669196
0.00433326
0.004323771
0.004309856
0.004287502
0.0043243016
0.00425303
0.004362613
0.0043324986
0.004254558
0.004564464
0.004263147
0.0043032523
0.0043040263
0.004375696
0.004305893
0.0042799753
0.0043007424
0.004338932
0.0042586834
0.004266547
0.0042686337
0.004260942
0.0042237723
0.004529608
0.004266738
0.004223743
0.0043011988
0.0043115094
0.004282017
0.0043130904
0.004321664
0.004309905
0.0042173755
0.004291374
0.0042430144
0.0042051286
0.0042510317
0.004351299
0.004450546
0.004281294
0.0043646996
0.004229756
0.004259436
0.0043878313
0.004345195
0.0042676767
0.004166856
0.0042767324
0.004256294
0.0041922815
0.004240041
0.004160627
0.0042351275
0.0044050794
0.0041899164
0.0043684263
0.0042580594
0.0042807683
0.00418726
0.004233728
0.0041869376
0.004204341
0.0042325025
0.004365827
0.0042290874
0.004142655
0.00429223
0.004258155
0.00424271
0.0042378777
0.004194266
0.0042435606
0.004168611
0.004185896
0.0041940957
0.0042477534
0.0042058043
0.0041211876
0.0042196815
0.0042494475
0.0041228067
0.004149298
0.0042142877
0.004257582
0.0042814324
0.0041976515
0.0042896126
0.004372948
0.004281042
0.0041676117
0.004296267
0.0041759047
0.0042422554
0.0042844424
0.00420275
0.0041673635
0.00408604
0.00420688
0.0041539036
0.0042594066
0.004248879
0.004238917
0.004253572
0.0043622777
0.0041461163
0.004306289
0.0043303384
0.0041963398
0.004118721
0.004251073
0.0043277363
0.004208786
0.0043141777
0.004152409
0.004234454
0.004231071
0.0040879785
0.0042838734
0.0043081725
0.0041272216
0.0042664064
0.004369365
0.0041703335
0.0042240773
0.0043180212
0.0040847724
0.0042710216
0.004310419
0.0042555095
0.0041743503
0.0042775166
0.004298257
0.004162682
0.0042755553
0.0041542104
0.004236578
0.0043502823
0.004089908
0.0041374355
0.004129453
0.00427859
0.0041512605
0.004260391
0.0041260035
0.00420804
0.004195904
0.004267565
0.0041310578
0.0041201385
0.0041424474
0.004286136
0.0041353274
0.0041363044
0.004206485
0.0042413725
0.0040926
0.0041964776
0.004058759
0.004167095
0.0043735364
0.0042632753
0.0041869925
0.004205547
0.00411926
0.004218789
0.0041809455
0.004206695
0.0041192593
0.004137623
0.0042414363
0.00417557
0.0041952785
0.00417527
0.004184706
0.0041232724
0.0041106464
0.0041666664
0.0040367325
0.004100652
0.0042243693
0.004234562
0.004083172
0.0041393638
0.0040293424
0.0041526253
0.0043705916
0.004256879
0.004069785
0.0040927604
0.0041991854
0.0041596293
0.0041183066
0.004146303
0.00412398
0.0043060784
0.004198876
0.004104842
0.004106269
0.0040724487
0.004093361
0.004046281
0.004145476
0.0041117202
0.0040513272
0.0040624714
0.0040854034
0.004215396
0.0041074785
0.004205326
0.0040362575
0.0040676394
0.0041563376
0.0040725213
0.004107366
0.0041812942
0.0041450015
0.0042257267
0.004192577
0.004021525
0.0041065384
0.0040936186
0.0041632364
0.0041086087
0.004114972
0.004179839
0.004097303
0.0041045914
0.004157469
0.0041555185
0.004137506
0.0042229085
0.0040658144
0.0040499405
0.0042697606
0.0042115473
0.004224079
0.004129443
0.0040935646
0.0042304234
0.004138714
0.0040851063
0.0042155473
0.0040840656
0.004153846
0.0042063487
0.0040872484
0.004075937
0.004070165
0.0041642943
0.0040555988
0.004307305
0.004032796
0.00411569
0.0040108394
0.004055979
0.0040451405
0.0039803376
0.0039811227
0.004229061
0.004030772
0.0040776087
0.0040157684
0.0040686433
0.004053246
0.0040057567
0.0040157447
0.0040125633
0.004000961
0.004089977
0.004022328
0.0040704194
0.004046348
0.0039466596
0.004028903
0.0041204435
0.004015794
0.0041131647
0.0039994516
0.0040975986
0.004064648
0.0040440536
0.0040247994
0.0039294604
0.004075478
0.0041434914
0.0040624263
0.004045106
0.0039571747
0.0040539796
0.0040083877
0.004083559
0.0039824354
0.0040175375
0.004031285
0.0039942106
0.0040240055
0.0040405365
0.0040361686
0.0041426877
0.0039877896
0.0039779735
0.00414209
0.003979409
0.0040722666
0.0039264993
0.004011906
0.003989188
0.004099802
0.003956728
0.0039760834
0.0039631296
0.0041323393
0.0041313833
0.0040226826
0.0039492724
0.003963933
0.003988278
0.0039538066
0.00397661
0.0040271943
0.0040710163
0.0041217874
0.003903847
0.004051642
0.0040877513
0.0040610223
0.003963282
0.004049519
0.0040390734
0.003923211
0.0040017627
0.003993825
0.0042372453
0.00400953
0.0039971485
0.003916325
0.0040253187
0.0040560416
0.00402158
0.0039126473
0.004070663
0.004036821
0.004119562
0.0039356337
0.003891744
0.003915118
0.003926849
0.003985531
0.004107317
0.003921438
0.0038842151
0.004058981
0.0039321934
0.0039356207
0.0041559245
0.0039659203
0.0039610523
0.0039778543
0.0040280013
0.0039066607
0.0038698497
0.003975986
0.0039776443
0.0038891227
0.0038933076
0.0040327185
0.0038693962
0.0039512585
0.0040406673
0.003971417
0.0040473416
0.0037996788
0.0039167716
0.003920691
0.004018859
0.0038676136
0.0039245486
0.0038149562
0.003954499
0.003919402
0.00396402
0.0039931615
0.00396815
0.0038876869
0.0038870021
0.0039469525
0.0038933894
0.003928669
0.0039791777
0.0039344793
0.0038757958
0.004116502
0.00405104
0.0039503668
0.004020576
0.00392072
0.0038970243
0.0038746567
0.0041065253
0.0038668944
0.003921759
0.0038901304
0.003911561
0.0039428803
0.003901332
0.003974499
0.0039655548
0.0038056246
0.003859172
0.0038711156
0.0038208158
0.0038442458
0.003826814
0.003933602
0.004062936
0.0039164573
0.0038868308
0.0039009182
0.0039123874
0.0038678728
0.0039398395
0.0038277982
0.0039204806
0.0038866634
0.0039928923
0.0038628657
0.0040609627
0.003984719
0.003954013
0.003913413
0.0039775874
0.003916337
0.0039172363
0.004057626
0.0038783252
0.003879711
0.0038917114
0.0039337478
0.0039234837
0.0038924683
0.003854067
0.0039369436
0.003987265
0.0039329915
0.003851994
0.0040384308
0.0038433413
0.0038609696
0.003979641
0.003934519
0.0039228476
0.004236059
0.0039644777
0.0038967947
0.0038898047
0.003834254
0.003950273
0.0038811367
0.0038638124
0.0039520185
0.0038627093
0.0039095324
0.0038554696
0.0038230699
0.0038406122
0.003824351
0.0038820135
0.0039151665
0.0038380723
0.0038489206
0.0039113583
0.0038455862
0.004014411
0.003863355
0.0038248128
0.003815814
0.003871024
0.0038876657
0.003872694
0.00393142
0.003879678
0.003822252
0.003960936
0.0039243908
0.0039776475
0.003905102
0.0038420714
0.003947592
0.0039355666
0.0038468193
0.0041073575
0.0038238668
0.0038890657
0.003992828
0.0038876552
0.0039370833
0.003943418
0.0038599276
0.0038737494
0.00396897
0.003821673
0.0039108526
0.003935204
0.0037855518
0.003909395
0.0038218847
0.0038874638
0.003829144
0.0038730805
0.0038237476
0.003796477
0.0038032634
0.0038617717
0.0037936447
0.003858286
0.003793586
0.003860996
0.0038210934
0.0037549452
0.0037935167
0.003795412
0.0038504691
0.003843546
0.0038411766
0.0038105722
0.0038769736
0.003805872
0.0037673668
0.0037741158
0.0037856197
0.0037575224
0.00383997
0.00374539
0.003804586
0.003881001
0.0038054609
0.0038666148
0.003817839
0.0039308937
0.0040280684
0.0037927246
0.0038454637
0.0038122898
0.003818066
0.003833491
0.0037674818
0.0038022767
0.003766902
0.0038450498
0.0039026034
0.0037596938
0.0038775485
0.0038244538
0.0037735605
0.0037839003
0.0037364687
0.0037447861
0.003955917
0.003748194
0.0038075892
0.0037221913
0.0037997982
0.00381465
0.0038364811
0.0037662939
0.0037522402
0.0037920119
0.0038345433
0.0038770456
0.0037618377
0.0038949267
0.0038930266
0.0037981127
0.0038288252
0.0037616864
0.003730339
0.0037601155
0.0038889989
0.0037104874
0.0037863215
0.0037564216
0.0037601667
0.003917104
0.003743402
0.003888559
0.003853393
0.0037905308
0.0037929355
0.0037103428
0.0037019616
0.0037031404
0.0037093244
0.003928389
0.0037186828
0.0037829946
0.003712149
0.003804179
0.0038713058
0.003803894
0.0037579061
0.0037109603
0.0037051914
0.0037105714
0.0038194887
0.0037335455
0.0037564072
0.0037589993
0.0039214967
0.0036986494
0.0037527648
0.0037795582
0.0037224174
0.003699603
0.0036992228
0.0037319502
0.0036994885
0.0037403514
0.003733467
0.0036931068
0.0036985646
0.003744592
0.003756557
0.0036885894
0.0036870881
0.003915941
0.0038508447
0.0037160865
0.0036612223
0.0038795834
0.0037888645
0.0038847746
0.003763235
0.0038182132
0.0038821632
0.0037905627
0.0037191943
0.0037274926
0.0038259118
0.0036340246
0.0036409602
0.0037243008
0.0037050762
0.0037411246
0.0038466435
0.0037562144
0.0037234407
0.0037136206
0.003744336
0.0036912374
0.0036817298
0.0037475259
0.003793316
0.0036899173
0.003714463
0.0037799426
0.0037494444
0.0037406452
0.0037703123
0.0037038622
0.0036808455
0.003764783
0.0037433868
0.0036698044
0.0039025338
0.003751623
0.0037152267
0.003672551
0.003771039
0.003740988
0.003670736
0.0036608644
0.003670585
0.003746155
0.003754135
0.0036895648
0.0036991248
0.0036342358
0.00373508
0.0038684944
0.003659801
0.003742321
0.0036956342
0.0037482423
0.0036977315
0.0036702498
0.0036634305
0.0036424801
0.0036825296
0.0036788336
0.003696241
0.0037211024
0.0036352277
0.0036978829
0.003637371
0.0037497317
0.0036103188
0.0036852688
0.0036872164
0.0037227306
0.003687887
0.0036530031
0.00372138
0.003656371
0.0037119708
0.0036987842
0.0036938426
0.0036673036
0.003599439
0.003712223
0.00377952
0.0036719388
0.003706278
0.0036410266
0.0037409961
0.003807722
0.0037109777
0.003647085
0.0036574693
0.0037429463
0.0036253366
0.003691914
0.0038328525
0.0037052766
0.0036088096
0.0037459577
0.0036829002
0.0037553546
0.0036959548
0.0036139118
0.003704389
0.0037103686
0.0036054377
0.003618358
0.0036032544
0.0037280214
0.0036701323
0.0036477116
0.0037536873
0.0037410783
0.0037224998
0.0037069183
0.003696323
0.0036257654
0.0038305267
0.003735435
0.0036828725
0.0037308412
0.003712281
0.0037555343
0.0037546523
0.0036343453
0.003752452
0.0036936172
0.003712681
0.0037449235
0.0036997239
0.0037025774
0.0036555505
0.003584233
0.0036394845
0.0036697523
0.0036782424
0.0038492982
0.0036392515
0.0036416412
0.0036551666
0.0036355061
0.0036433542
0.003816655
0.003691795
0.0036397607
0.0037572365
0.003569605
0.0036040882
0.0036631452
0.003568865
0.0035908367
0.0036630987
0.003729548
0.0036341369
0.0037129917
0.0036725234
0.0037079297
0.0036379884
0.0036335185
0.0036248807
0.0036662605
0.0035780154
0.0037697526
0.003605142
0.0036280712
0.0036003757
0.0037478541
0.0036053713
0.0036157512
0.003619367
0.003688457
0.0036574511
0.003606941
0.0038059242
0.0035841395
0.0036713008
0.0035701331
0.0037062662
0.0036365462
0.0037784346
0.0036267757
0.0035935526
0.0036120357
0.0036633976
0.0036051054
0.0036193707
0.0036038146
0.0035612986
0.0035997906
0.0037093307
0.0036358184
0.0036301336
0.0036227545
0.003699116
0.00354858
0.0036604223
0.0036558034
0.0035750845
0.003746386
0.0035667026
0.0037697114
0.0037225874
0.0036572798
0.0036336053
0.0036075958
0.003616273
0.0036046663
0.0036482192
0.003698069
0.0036218055
0.0038564156
0.0036989565
0.0037355614
0.0035923542
0.0035885174
0.003771988
0.0036366633
0.0037227217
0.0035878497
0.0036186047
0.0036608397
0.003677251
0.003606357
0.0036389213
0.0036196497
0.0035974237
0.0035488931
0.0035519223
0.0035573333
0.0035939936
0.0035528105
0.0035617908
0.0036080168
0.0035971974
0.003620676
0.0035729113
0.0036285135
0.0035905868
0.0035014215
0.0037190833
0.003616724
0.003605905
0.0038425634
0.0036417944
0.003669293
0.003813077
0.0036983087
0.0036611308
0.003556622
0.0035561107
0.0035356076
0.0036003692
0.0036185116
0.0035518392
0.003928648
0.0037364152
0.0035402512
0.0034970075
0.0035458195
0.0035104079
0.0035737369
0.003666302
0.0035864834
0.0035035664
0.0034975305
0.0036689104
0.0035231216
0.0035097804
0.003530714
0.0034807813
0.0035672786
0.0035487122
0.0037283334
0.003518669
0.0034849911
0.0036008358
0.0034968052
0.0035240757
0.0035782692
0.0035176359
0.003520082
0.003629489
0.003494436
0.003605599
0.0035811118
0.003599117
0.0034895393
0.0035129976
0.0035446705
0.0035259412
0.003553042
0.003547491
0.0035754403
0.0035733874
0.0034870736
0.0035539144
0.0035524254
0.0035614122
0.0035934574
0.0035947424
0.0034870775
0.0036221968
0.00350362
0.003536264
0.003629373
0.0036056847
0.0036008714
0.0034834102
0.003561989
0.0034983924
0.0034655046
0.0034512307
0.0035398656
0.0034782477
0.0035192294
0.0036096487
0.0034870433
0.0034907067
0.0035682276
0.0035138426
0.0035537425
0.003481175
0.0035878925
0.0035252017
0.0034551043
0.0035334306
0.003591164
0.003458497
0.003490068
0.0035146468
0.0036700072
0.0034443699
0.003514682
0.003520043
0.0035030162
0.0035502512
0.003511144
0.0034887483
0.0035535442
0.003483619
0.003511501
0.003567164
0.00359296
0.0034951628
0.0035882683
0.0034183417
0.0035434759
0.0037322906
0.0035740277
0.003533915
0.0034415827
0.003488579
0.003521122
0.0035462412
0.0035123257
0.0035248678
0.0034603903
0.0036292938
0.003419639
0.003503303
0.0034602266
0.0036122715
0.0035467253
0.0035591326
0.0035270692
0.0034288461
0.0034247793
0.0035683832
0.0035201628
0.003439405
0.0034846289
0.0034610725
0.003474597
0.003613321
0.0035473679
0.0034157673
0.0034632976
0.0034613449
0.0035066826
0.0037112185
0.0035010558
0.0034964478
0.0036391488
0.0034296582
0.0034510703
0.0035144703
0.0035318485
0.0035322853
0.0034424695
0.0035035226
0.003466572
0.0035314534
0.0034929896
0.003426261
0.0034883765
0.0034021072
0.003479856
0.0034824235
0.0035277863
0.0034550524
0.0035052225
0.0034534978
0.0034515613
0.0035475318
0.0034070853
0.0035334341
0.0034727212
0.003509012
0.003486376
0.0036412957
0.0034572254
0.0034181552
0.0034910191
0.0034818838
0.0036054393
0.0034924627
0.003426014
0.0034726826
0.003674719
0.0034110968
0.0034146665
0.0035887335
0.0034626077
0.0034137832
0.003468983
0.0034934615
0.0034726684
0.0034690273
0.0034338338
0.00340807
0.0034821026
0.0034258715
0.0036585436
0.0035045315
0.0033974585
0.0034685952
0.0034950695
0.0036152857
0.0034437482
0.0034086565
0.003510168
0.0034840766
0.0034664043
0.0034782107
0.0034520447
0.0033829883
0.0034286233
0.0035141401
0.0034372178
0.0034404194
0.0033836865
0.0033964978
0.0035443772
0.0034491648
0.0034270643
0.0036006675
0.0035367415
0.0035199993
0.0035188254
0.0035089883
0.0034785015
0.0035427336
0.0035527989
0.003441459
0.003356359
0.0034984497
0.003397687
0.0033876535
0.0035303966
0.0034322764
0.0034493797
0.0035199942
0.0034043302
0.0033533187
0.0034055007
0.0034965484
0.0034743338
0.0034150188
0.0035227041
0.0035140526
0.0033486574
0.0034805771
0.00348932
0.0034202386
0.0034518016
0.0034278084
0.003472065
0.0034798866
0.00334596
0.0033569485
0.0034077447
0.0033731412
0.0034195886
0.0034563418
0.0034880259
0.0035523819
0.0034551488
0.0034319335
0.0034566415
0.0034696409
0.0033971115
0.0034811955
0.0034092602
0.003378534
0.0034205134
0.0033739025
0.0033511673
0.0034507483
0.0033779335
0.0034810607
0.0034009619
0.00338417
0.0034260508
0.0034900699
0.0034029018
0.0034920925
0.00334219
0.003332949
0.0034047423
0.0033801207
0.0034260594
0.003386421
0.0034461075
0.0033487268
0.003432044
0.0033843946
0.0034287102
0.003391452
0.0033821696
0.003438073
0.0034084732
0.0033741326
0.003338703
0.003375241
0.003394319
0.0034120625
0.0033296866
0.0033700203
0.003424283
0.0033915658
0.0033604798
0.0034655316
0.0034433582
0.0033289075
0.0033955073
0.0033977595
0.0035275382
0.0034128025
0.0033374398
0.0034544456
0.003423919
0.0033782981
0.0034367559
0.0033580414
0.0033763866
0.0033211987
0.003331995
0.003422575
0.0034631626
0.0033720764
0.0033591245
0.003324135
0.0033912624
0.0033429316
0.0033549324
0.0033357984
0.0033514798
0.0033745707
0.0034849348
0.0033728061
0.0034069566
0.0034548966
0.003628964
0.003417056
0.003537056
0.0034675722
0.0032924186
0.0033986012
0.0033670943
0.0033926116
0.0033121423
0.003496378
0.0033809314
0.0033788714
0.0033205228
0.0033400008
0.0033339872
0.0033543035
0.003437568
0.003414018
0.0033264696
0.0033258633
0.0033077053
0.0033566542
0.0033260437
0.0033463244
0.0034392355
0.0034229162
0.0033540167
0.003455049
0.0033677488
0.0034774835
0.003418294
0.0033275434
0.0033816092
0.0033049786
0.0033128147
0.0034465434
0.0033793584
0.0033279068
0.0034242151
0.0034075482
0.0033459044
0.0033672836
0.0033365288
0.00338715
0.003334179
0.0034260952
0.0033284782
0.0035930935
0.0033471684
0.0033923646
0.0034391468
0.0033626512
0.0034454707
0.0034840074
0.0034491383
0.003462616
0.0034907258
0.0034122355
0.0034950252
0.003382188
0.0033876153
0.003348943
0.003399886
0.0033776916
0.0035169323
0.0034815546
0.0033598922
0.0032955396
0.003294068
0.0033896642
0.0034196319
0.0033410436
0.003397792
0.003494036
0.0034531162
0.0033883348
0.0033639546
0.0032989697
0.0033400776
0.0034220982
0.00335114
0.0034415813
0.0033738792
0.003337816
0.0033106562
0.0033734397
0.0034752565
0.003273463
0.0032990135
0.0034345684
0.0032865338
0.0033923227
0.0033167158
0.0033012955
0.0032689825
0.0033370948
0.0034856135
0.0032986826
0.0033242023
0.0032620584
0.0033839345
0.0033867848
0.003254234
0.0034318254
0.0033678378
0.003339338
0.003245846
0.003377845
0.0032437341
0.0032615645
0.0033032775
0.0033118878
0.0033531017
0.0033263746
0.003364968
0.0032590467
0.0033713593
0.003377171
0.003465174
0.003314048
0.0033927376
0.0032554574
0.0033374054
0.0034069312
0.0033034126
0.0034653377
0.0032700985
0.0033570786
0.0032936628
0.0032428405
0.0033168648
0.0032520597
0.0032856513
0.003335337
0.0033065092
0.0033086676
0.0032720552
0.0033053183
0.0034448684
0.0032877605
0.0032971073
0.0033676624
0.003343037
0.003284064
0.0032672093
0.0034278033
0.0033197377
0.0032811179
0.0033835624
0.0032706037
0.003383739
0.0033532132
0.003420332
0.003325192
0.0033625066
0.0032988898
0.003329948
0.00327054
0.0032935117
0.003277394
0.0032887408
0.003289614
0.0032690535
0.0033204437
0.0032491433
0.0032873957
0.0033197573
0.0033018368
0.0032996356
0.0033087868
0.0033133859
0.0032994356
0.00326005
0.0032298334
0.003254804
0.0033243136
0.003276945
0.0032489197
0.0034108895
0.0032678733
0.0032930016
0.0032247973
0.0032092344
0.003308617
0.003273508
0.0034459673
0.0032821093
0.003273543
0.003256352
0.003250735
0.0032511237
0.0032522879
0.0032778115
0.0032471959
0.003352587
0.0032427958
0.0032475297
0.003358454
0.0031896657
0.0034253702
0.0033093346
0.0034063605
0.0033622805
0.0032683236
0.0032223053
0.0032362137
0.0032810785
0.0031753725
0.003279407
0.0032302502
0.0034253174
0.0032288374
0.0032181283
0.0032939522
0.003386089
0.003294526
0.003249776
0.0032503342
0.0031856385
0.0032524525
0.0032225263
0.003330856
0.0032501896
0.0032422023
0.0032593827
0.003280864
0.0032700081
0.0032136496
0.003230571
0.0032522995
0.0032249063
0.003304524
0.0032867296
0.0032294458
0.00326484
0.0033060773
0.0032058668
0.0032263973
0.0032041701
0.0033523496
0.0032045746
0.0033139738
0.0032086435
0.0032158063
0.0032224888
0.0032821388
0.0032358442
0.0032490878
0.0032114645
0.0032782853
0.0032898826
0.0032935115
0.0031934064
0.0031796491
0.003203885
0.0032266953
0.0032748026
0.0032811193
0.0032181968
0.0032000807
0.0032751844
0.003272128
0.0032212904
0.0032087618
0.0032007024
0.0032416
0.0032584216
0.003291978
0.0032394812
0.003283971
0.0031921298
0.0032209856
0.0032919538
0.0032353902
0.0031953615
0.0032257577
0.0031508594
0.0032395993
0.0032085155
0.0032198487
0.0032408035
0.0032244304
0.0032327585
0.0032142433
0.003330791
0.0031685994
0.0031855782
0.0032291983
0.0032041073
0.0032121646
0.0031777727
0.0033212383
0.0032400317
0.003160599
0.003144508
0.0031851584
0.003252121
0.003318772
0.0033280924
0.0032295014
0.0032525861
0.0032714955
0.0032126373
0.0032227484
0.003254535
0.0032649497
0.0032233603
0.0032006796
0.0032024535
0.0032376414
0.0032080156
0.0032384314
0.0032016083
0.0032856723
0.0032334505
0.003271276
0.0031859467
0.003153736
0.0031408113
0.0032559547
0.0032126366
0.0031221246
0.0032766343
0.0032256527
0.0032061795
0.003189139
0.003215626
0.0031542862
0.003129176
0.0032395513
0.0032140012
0.003222058
0.0032739765
0.0032351718
0.0031663438
0.003242055
0.0032046218
0.0032134154
0.0031524536
0.0031809846
0.0032028756
0.0031048965
0.0031726204
0.003236375
0.0032016786
0.003314113
0.0032521386
0.0032373674
0.003157414
0.0031868592
0.0031742847
0.003176656
0.0031178156
0.00320816
0.003263941
0.0031889982
0.003177147
0.0031712283
0.0031527306
0.0031638597
0.0031413715
0.003148022
0.0032019338
0.003189507
0.0031971105
0.0032376505
0.0032432629
0.0031302094
0.0031287097
0.0032152026
0.003215138
0.0032258648
0.0032222688
0.0031968947
0.003194968
0.0031552452
0.0031323389
0.003210995
0.0031846357
0.0031973345
0.0032150263
0.003155013
0.0032381772
0.0031847563
0.0032363501
0.0032064277
0.0032607398
0.003130086
0.003149731
0.0032778042
0.0031642711
0.00316266
0.0032230509
0.0031751122
0.003192108
0.0031077163
0.003181131
0.0033002947
0.0031753916
0.003109894
0.0032693774
0.0031708959
0.00332042
0.0032151167
0.0031841875
0.0031841574
0.003321342
0.0031895556
0.0031136048
0.0031880084
0.0031538014
0.0032151511
0.0031531032
0.003164112
0.0033040207
0.0032312945
0.0031910962
0.003183988
0.0031665307
0.0032022179
0.0031418114
0.00311402
0.003129485
0.0032410433
0.0032424026
0.003198015
0.0031382376
0.0033262826
0.0031425015
0.0031690774
0.0031258431
0.0031146936
0.003140082
0.0032623177
0.0032200052
0.003162996
0.0031157844
0.0031397229
0.0032380775
0.0031288734
0.0032464028
0.003159689
0.003172114
0.0031628164
0.003124066
0.0031737457
0.0031857584
0.003117488
0.0031523432
0.0031875456
0.003378298
0.003127355
0.0031039305
0.003132542
0.0032255454
0.0031272522
0.0031242617
0.0031890003
0.0032168939
0.0031282105
0.0031504743
0.0031263963
0.0031249078
0.0030835904
0.0031404127
0.0030737584
0.0032285156
0.003069987
0.0031672711
0.0031318616
0.0032104286
0.0030893488
0.0031780258
0.003135681
0.003103377
0.003205875
0.0030697202
0.0031436237
0.003236369
0.0030795664
0.0031683226
0.0032291661
0.003047543
0.0031403569
0.0031250403
0.0030826728
0.0031567765
0.003116966
0.0030429594
0.0031613617
0.003200033
0.0031421967
0.0031741606
0.0031560627
0.0031363617
0.0031390572
0.0031665124
0.0031625975
0.0033049516
0.003068277
0.003296334
0.003145206
0.003055859
0.0031013035
0.003144213
0.0032038833
0.0032523866
0.003175342
0.0031514063
0.0030776658
0.003325447
0.0031155054
0.0030744106
0.0031551602
0.0031550329
0.003103564
0.0030971447
0.0031242748
0.0031808198
0.0031640106
0.0030912922
0.0031635484
0.0030916992
0.0031586832
0.003139557
0.0031412283
0.0031223393
0.0031332078
0.0031561693
0.0030428534
0.0031034795
0.0032206886
0.003145793
0.0030952487
0.0031055796
0.0030628038
0.0031266424
0.0030791054
0.003150275
0.0031044518
0.0030572633
0.0031311996
0.0030736146
0.0031054132
0.0030580726
0.0031267402
0.0030744486
0.0031895179
0.003101035
0.0031318218
0.003112728
0.0031147697
0.0031313624
0.0030369852
0.0030889597
0.0031460521
0.0031909936
0.0030257697
0.0030800074
0.0032258285
0.003077905
0.0030803808
0.0031230687
0.0030266328
0.0030730371
0.0030316708
0.003101312
0.0030710956
0.0031449855
0.0031807271
0.0030791117
0.0030724707
0.0030891623
0.0030959868
0.0030814577
0.0030456297
0.0031674507
0.0032406
0.0031551013
0.0031136759
0.0031118274
0.0030999978
0.003210217
0.0030899637
0.0030958224
0.003145585
0.0030738418
0.003191282
0.003101509
0.0031232669
0.0030384935
0.003100878
0.0031319277
0.0031150396
0.0032879175
0.0030828547
0.00307038
0.0030728565
0.0031489895
0.0031078013
0.0030241266
0.0030700958
0.0031229435
0.0030534014
0.0031053
0.003107702
0.0031204526
0.003068285
0.0032098566
0.0031775679
0.0032931513
0.0032142154
0.0030509254
0.0030680657
0.0030588661
0.003017695
0.003056247
0.0030845832
0.003130721
0.0031433313
0.0031896827
0.0030861574
0.00308524
0.003084332
0.0030869145
0.0030245828
0.0031031258
0.003066674
0.0030740555
0.0030504856
0.003080796
0.0031139618
0.0030796917
0.0031018334
0.0029776176
0.0030268212
0.0030811406
0.0031139022
0.0031515546
0.003009752
0.0030988294
0.0030400052
0.0030570156
0.0030364792
0.0030749156
0.003034985
0.0030897758
0.0031577072
0.0031569882
0.0030911965
0.0031255775
0.003030324
0.0030535322
0.0030739233
0.0029711751
0.0030194954
0.0030182265
0.0030404977
0.0030676154
0.0029859717
0.0030514612
0.0030621302
0.0030558896
0.0030894612
0.0030648245
0.003083231
0.0030658306
0.0031567817
0.0030720925
0.0030218635
0.0030595122
0.0030798987
0.0030904324
0.003054729
0.003038834
0.0030269364
0.0030954382
0.0029928205
0.0030611847
0.00311904
0.0030532726
0.0030718646
0.0030095677
0.0031666232
0.003002251
0.0029552511
0.003025001
0.0029796544
0.0031186223
0.003034031
0.0030620454
0.0029868968
0.0031654853
0.0030490244
0.0031181343
0.0030575888
0.0030479108
0.003032442
0.003023381
0.0031607216
0.0029979066
0.002995995
0.003142694
0.003023501
0.0030158237
0.0030630247
0.0029720673
0.0031346946
0.003073289
0.0029934295
0.0030398555
0.002982356
0.0030285595
0.0030483662
0.0030201315
0.0030305292
0.0030343817
0.003059405
0.0030619274
0.0029796767
0.0030624466
0.0030370213
0.0029724042
0.0030329458
0.0031221965
0.0030990979
0.0030311386
0.0029747155
0.0030093505
0.0029886148
0.0030396143
0.0030200987
0.003020684
0.0030260996
0.0030656066
0.0029595003
0.0029936114
0.003026322
0.0031215039
0.002993534
0.003034728
0.00309803
0.0029097458
0.0030640867
0.003031838
0.0029672608
0.0029995628
0.0030027488
0.0030665472
0.003023481
0.0030585437
0.0029881315
0.0030753042
0.0030519513
0.0030395794
0.0030705493
0.0030149836
0.003175759
0.0030596151
0.003212165
0.0029900968
0.0029942973
0.002984258
0.0030301143
0.0030413067
0.0031163243
0.002985698
0.002997809
0.0031029484
0.0031173239
0.0029899357
0.0029595285
0.0030554794
0.0029733488
0.003083058
0.0030307018
0.0030115382
0.0029985947
0.0030112846
0.0030116763
0.003036084
0.003107357
0.002987341
0.0029946312
0.0030144216
0.0030254652
0.0030301982
0.0030870829
0.0029897445
0.0029671171
0.0030437526
0.0029907078
0.0031048458
0.0029560127
0.003138611
0.0029651378
0.002979194
0.0031121173
0.0030401945
0.0030326773
0.0030094779
0.0029873336
0.0030310575
0.0030061568
0.0030051735
0.0029932205
0.0030351155
0.0030474109
0.002955461
0.0030108998
0.003036626
0.0029698058
0.003019785
0.002948642
0.0030689246
0.003089676
0.0030597588
0.0029914265
0.0029613443
0.002982815
0.0030073614
0.0030637647
0.0030053654
0.0031395485
0.0029670286
0.0030397682
0.0031549819
0.0029581918
0.002931203
0.0030146504
0.003050335
0.0030241862
0.0030616843
0.0030262547
0.002991035
0.0030377938
0.0029682692
0.0029649667
0.0030019518
0.002968304
0.003004511
0.0029872863
0.0029146206
0.0030031805
0.0030480325
0.0029810516
0.0030013015
0.0030866305
0.0031484088
0.003078476
0.0029129903
0.0029790145
0.0029653627
0.0029583718
0.0029570076
0.0029245415
0.0029769635
0.002996504
0.0030563462
0.0029722084
0.0029569676
0.002930115
0.0030421338
0.0030774728
0.0030347067
0.0029391886
0.003012485
0.0029352938
0.0029960568
0.002963144
0.0030206512
0.0030827853
0.0029453358
0.002914457
0.00291928
0.0030869448
0.0029772061
0.002875195
0.0029327574
0.0029582565
0.0030223313
0.002933663
0.0030033337
0.0029510166
0.0029740331
0.0030031272
0.0029263927
0.002986919
0.0029641346
0.0030408052
0.0030291646
0.0029355693
0.0028904886
0.0030065284
0.0028875002
0.0028829193
0.002963597
0.0029287958
0.003081567
0.0029419037
0.002935423
0.0030982632
0.0029774415
0.0029586647
0.0030779797
0.002919939
0.0029767752
0.0030700017
0.0028999953
0.0029804392
0.002928428
0.0029303266
0.0030230235
0.0029433244
0.0029183528
0.0029123123
0.0030039852
0.002962595
0.0028850895
0.0029339548
0.0029463028
0.0030097386
0.0029368936
0.0029034475
0.0029867778
0.0029276104
0.0029057434
0.0029429446
0.0029139887
0.0029025169
0.0028931145
0.0030063612
0.0030050322
0.0029042084
0.0028857677
0.002950418
0.0028675792
0.0029567762
0.002912138
0.0029260379
0.0029326135
0.0029467992
0.0029161032
0.0029144168
0.0029612922
0.0029405674
0.0029111626
0.0029493726
0.0028891424
0.002944031
0.0029561606
0.002900702
0.0029551836
0.0028976325
0.0030697442
0.0029187638
0.0029293138
0.0029293494
0.0028668419
0.002909866
0.0029337886
0.002967984
0.0029135265
0.003020538
0.0029420783
0.0029926125
0.0029240376
0.0029066438
0.0029314086
0.0029617415
0.0028567829
0.0029599823
0.0030559031
0.0029996317
0.0029058915
0.0029573764
0.0029252013
0.0028786326
0.0029621257
0.0029138946
0.0029460748
0.0028845987
0.0029542437
0.0030141496
0.0029292752
0.0028992333
0.003055581
0.002981979
0.0029047607
0.002839597
0.002921886
0.0028583033
0.0028791148
0.0029145866
0.0029520385
0.0028566981
0.002912889
0.0029752352
0.0029156012
0.0029527107
0.0029346014
0.0029641376
0.002921478
0.0029047742
0.0028877568
0.0029356463
0.0028911768
0.0029051495
0.0028802955
0.0028655634
0.0029067334
0.0029279573
0.0029397688
0.0029703518
0.002947559
0.002995217
0.002891203
0.0028561978
0.0029726487
0.0029085795
0.003008323
0.0029329392
0.002947266
0.002927351
0.002891054
0.0028841004
0.0028676528
0.0028998023
0.0029942584
0.0029362524
0.0028743965
0.0029334633
0.0030316177
0.0029164052
0.002836497
0.0028648383
0.0029384969
0.00304528
0.0030976443
0.0029572695
0.0029847985
0.0028916744
0.0029789961
0.00286953
0.002891229
0.0029070037
0.0028328102
0.0028940157
0.0028459413
0.002824256
0.0028497104
0.002869066
0.00287139
0.0029285995
0.0028449618
0.002914587
0.0029039702
0.003011951
0.002846649
0.0028871326
0.0028799577
0.002988267
0.002853672
0.0029139647
0.0028571489
0.0028716654
0.0029001932
0.002930884
0.0028735616
0.0028277794
0.0028671923
0.0028795141
0.0028798478
0.002909625
0.0028189863
0.0028722058
0.0029075185
0.0030495268
0.0028356153
0.00284805
0.0029412876
0.0029284253
0.002892288
0.0028389299
0.0028930428
0.002923844
0.002877177
0.002845506
0.002801596
0.0027874254
0.0028213628
0.002822606
0.0028501507
0.002803122
0.0028431264
0.0028411478
0.0028815905
0.002880604
0.0028935294
0.0029115526
0.0028713364
0.0029204271
0.0029202735
0.0029696915
0.0029602055
0.0028496922
0.0029315385
0.002873095
0.002876637
0.0029447759
0.0028725385
0.002835247
0.002873951
0.0028391478
0.0028936898
0.0028733527
0.002897513
0.002860574
0.002955339
0.0028607736
0.002846539
0.0029328235
0.002813337
0.0028792212
0.0027985433
0.0028608993
0.0029125796
0.0030338217
0.002967752
0.0029187377
0.0028743166
0.0031842561
0.0028517453
0.0028920947
0.00284775
0.0029380007
0.0028811556
0.002887917
0.0029085292
0.0029672936
0.002849372
0.0028635992
0.002886554
0.0028460901
0.0028924225
0.00283715
0.0029126084
0.0028406843
0.0028366388
0.002904385
0.0029237855
0.0028583324
0.002898919
0.0028532702
0.0028606586
0.0029428848
0.0028796021
0.0028837307
0.0030411924
0.0028948623
0.0029265317
0.0029551252
0.0029012074
0.00289164
0.0029043066
0.002860355
0.002851166
0.0028989024
0.0028062768
0.0029145693
0.0028404153
0.002925559
0.002910151
0.002953778
0.002973821
0.0028029112
0.0028539363
0.0029294332
0.002826254
0.0028498163
0.0028248464
0.0028349047
0.0029273639
0.0028789795
0.0030888654
0.002962632
0.002819634
0.002971971
0.002836309
0.0029995148
0.0028724172
0.0028290926
0.002983915
0.0028186436
0.0028450328
0.0028458466
0.0029761745
0.0028857007
0.0028495558
0.0028368542
0.0028041883
0.0028287626
0.0028139807
0.0028028882
0.002941859
0.002906736
0.0028188662
0.0029076787
0.0027868962
0.0028881624
0.0029530304
0.0029587287
0.002844082
0.0028629277
0.0028555342
0.0028969808
0.002799499
0.002816585
0.002791668
0.0028564942
0.0028673995
0.0028621918
0.0028953222
0.0027980856
0.0028409949
0.0028101804
0.0028596465
0.0028925599
0.0028372833
0.002892508
0.00284816
0.0028430633
0.002790673
0.0028655801
0.002955449
0.0028867428
0.002951534
0.0028857656
0.002833511
0.002808626
0.0027929281
0.0028497542
0.0028316125
0.0028674088
0.0028453683
0.0028895764
0.002759364
0.0027762195
0.002811726
0.0028049343
0.0028098074
0.0028095152
0.0028806995
0.0028050828
0.002788162
0.0028174373
0.002911903
0.0027538263
0.0027868312
0.0029879804
0.0028140503
0.0027957247
0.0027902536
0.002801109
0.0028732554
0.0027799273
0.0027767168
0.0027606525
0.0028091695
0.00275121
0.0028472575
0.0028226061
0.0027850552
0.0027937684
0.0027799583
0.0028269715
0.0027783867
0.0028082803
0.0027978632
0.002760919
0.0027976502
0.0027954956
0.0030004804
0.002972802
0.0029235296
0.0028166752
0.0027774717
0.002828817
0.0027840156
0.0028417113
0.002935882
0.0027924147
0.0028958016
0.002808799
0.0027511579
0.0028811235
0.0028346458
0.0028415245
0.0028207959
0.0028662286
0.0028163097
0.0027984926
0.0028803365
0.0028375157
0.00272594
0.0028391976
0.0027790475
0.0027891418
0.0028336325
0.002860882
0.0028375143
0.0027701014
0.0029229077
0.0029697018
0.002887996
0.0027909765
0.0028653196
0.0029090135
0.0028911827
0.002842755
0.002783454
0.002845947
0.002859862
0.0028649517
0.0027963535
0.0028210601
0.0028546262
0.0028477605
0.0027704355
0.0027679312
0.002923303
0.0027495967
0.0028076621
0.0028282646
0.0028202718
0.0027934357
0.002795068
0.0028402715
0.0028229456
0.0029018982
0.002781121
0.0028373296
0.0028942337
0.0029251121
0.0027798687
0.0029032812
0.002836355
0.0028057664
0.0028886697
0.0029074135
0.002831692
0.0027560221
0.0028386265
0.002801791
0.0028076286
0.002770717
0.0029284118
0.0028179882
0.0028843551
0.0030002831
0.0027828584
0.002927438
0.002782288
0.0027912043
0.0027841309
0.002872888
0.0028378158
0.002810126
0.0027386858
0.0028247794
0.002762582
0.002803794
0.0027741785
0.0028432573
0.0028927526
0.0027992222
0.0028457872
0.0028300749
0.0027897665
0.0027316387
0.002796026
0.002836378
0.0027882068
0.0027508077
0.0028051804
0.0027311605
0.002890314
0.002751446
0.0029668864
0.0028024411
0.002727942
0.0027911856
0.0027762025
0.0027431492
0.0027828005
0.0027694406
0.002756826
0.0027385268
0.0027936567
0.002779108
0.002795519
0.0028140529
0.002711755
0.0028305952
0.0028256974
0.0028319254
0.0028273799
0.0028466112
0.0027564282
0.002845047
0.0028409634
0.002722342
0.002733303
0.0027888194
0.0027364662
0.0027426884
0.0028496766
0.002773326
0.0027523795
0.0028631117
0.0027541714
0.0028105315
0.002752995
0.0028187628
0.0028194645
0.0027545406
0.0027277097
0.0027531239
0.0027982907
0.002766392
0.0027561341
0.0027059068
0.0027565775
0.0027713333
0.0028541286
0.0027728598
0.0027564156
0.002719652
0.0028192087
0.0027621423
0.002833297
0.0026977144
0.0027441157
0.0027734796
0.002756452
0.0027915523
0.002718721
0.0027544622
0.0026684839
0.0027261795
0.0027861577
0.0027916462
0.002688051
0.0026909434
0.0028100319
0.0027594413
0.0027672949
0.002792303
0.002709713
0.0027757476
0.002837562
0.0027228796
0.0027721066
0.0028342044
0.0027891567
0.0027748297
0.002870068
0.0028033762
0.0028239922
0.002700795
0.0027472153
0.002744062
0.0027766698
0.002814405
0.0027896287
0.0028711571
0.0027438852
0.0027272066
0.002746068
0.002672206
0.002718527
0.0027656464
0.002773764
0.0027730004
0.0027526196
0.002719257
0.0026891117
0.00277298
0.0027391969
0.002761613
0.0027045915
0.0027217339
0.0027747885
0.0027094455
0.0027434442
0.0027684849
0.002775065
0.0027025486
0.0027300604
0.0027427436
0.0026780406
0.0026534481
0.0029620158
0.0026795613
0.002710076
0.002771525
0.0027394504
0.0027251106
0.0028464939
0.002801163
0.002716385
0.0028063033
0.002751812
0.0027331898
0.0027902578
0.0027396646
0.002767717
0.0027272531
0.0026892847
0.0026658322
0.0027109156
0.0027898995
0.0027373086
0.002746282
0.0026673637
0.0028322607
0.0027852564
0.0027108467
0.002703389
0.0027339754
0.0028539877
0.0027177385
0.0027091939
0.0027539493
0.0027248298
0.0028534995
0.0027966285
0.0026688161
0.0027808768
0.0027340017
0.0027417892
0.002736124
0.0026839566
0.002798618
0.002834791
0.002740486
0.0026789615
0.0026920454
0.002684555
0.0027402951
0.0027412304
0.0027054544
0.0027085524
0.0027451417
0.0027020616
0.002774538
0.002675663
0.0027427205
0.0028427865
0.0026997135
0.0027496836
0.0026971167
0.0027406435
0.0027430267
0.0026919069
0.0027791455
0.0026996485
0.0027347086
0.00275835
0.0027934145
0.002731621
0.0026798265
0.0027278415
0.0027149287
0.0027374607
0.0027635032
0.002753502
0.0027359726
0.0027828028
0.0028806848
0.0027163383
0.0026775834
0.0029003979
0.0027216058
0.0027218675
0.0027301533
0.0027844391
0.0027223825
0.0027444866
0.0027246326
0.00281917
0.0027156346
0.002751501
0.0026974652
0.0026857154
0.0027277037
0.0027066343
0.002677037
0.0027171602
0.002690833
0.002700543
0.0027572953
0.0027768076
0.0026909388
0.0027404176
0.002656159
0.0027221942
0.0027468537
0.0027530012
0.0027045459
0.0027439839
0.0028298611
0.0027631028
0.002693741
0.0027959766
0.0027112372
0.0026828013
0.002761097
0.002718525
0.002688763
0.0027650674
0.0026645858
0.0026749505
0.0027083517
0.002809304
0.0026774933
0.0026841576
0.0027547586
0.0027694134
0.0027120628
0.0026975917
0.002768142
0.0026903322
0.0028096563
0.0028054751
0.0027571283
0.0027308476
0.0026869732
0.0026807957
0.002676643
0.002728676
0.0027300753
0.002676013
0.0026960846
0.002693861
0.0027325982
0.0027096039
0.0028503982
0.002642833
0.0026840752
0.0026979095
0.002653842
0.0027176763
0.0026683896
0.0026724993
0.0027415953
0.0026690057
0.0027187683
0.0026720485
0.0027468617
0.0026796733
0.0026979053
0.002692778
0.002696847
0.002683535
0.002785081
0.0027094223
0.0026861285
0.002740848
0.0026787866
0.0027500084
0.0026441324
0.0027230696
0.0027095755
0.0026788586
0.0026599262
0.0027365906
0.002710595
0.002631619
0.002862321
0.002700472
0.0027221802
0.0026893562
0.0026894337
0.0027276217
0.0027225108
0.0026665071
0.0027203814
0.0026225874
0.002694193
0.0026656352
0.0026703137
0.0027192475
0.0027211322
0.0027604639
0.0026652527
0.0027480598
0.0027626834
0.0027315207
0.002865299
0.002808752
0.002686861
0.002732067
0.0026979654
0.0026752402
0.0026859706
0.0027247514
0.002777138
0.0026843213
0.0027201998
0.0027321177
0.0029566933
0.0027326092
0.002640026
0.0026255965
0.0026427545
0.0026658585
0.002705835
0.0027041778
0.0027053899
0.0027879437
0.0028178832
0.002730065
0.002703527
0.0027090616
0.0026957311
0.0026870777
0.002745593
0.0026845327
0.0027245486
0.0026867911
0.0027097268
0.0027349254
0.0027443669
0.002658013
0.00270777
0.0026490316
0.0028633724
0.0026624158
0.0026249913
0.0026979682
0.0026674087
0.0026750953
0.002765669
0.002658701
0.0026949255
0.0026547806
0.002780856
0.0027501152
0.0027050972
0.0026236917
0.002664274
0.00270352
0.0026544426
0.0026683647
0.0027628862
0.002637494
0.0027558005
0.0027525902
0.0026376867
0.0027183
0.0026842423
0.0026977886
0.0026938298
0.0027177942
0.0027191807
0.002649893
0.0026287618
0.0027187075
0.0026713626
0.0026109943
0.0027434656
0.0026631516
0.0026778663
0.0026140036
0.0026606333
0.0026546244
0.0026579357
0.0027732847
0.002685528
0.0026734376
0.0026859103
0.0026652615
0.0026515217
0.0026575106
0.0026764239
0.0026766998
0.002644929
0.0026783785
0.0026422187
0.002694259
0.0026479352
0.0026037788
0.0026293772
0.002609312
0.0026985393
0.0027278876
0.002661881
0.0026164576
0.0026308966
0.00265205
0.0025903091
0.0026511357
0.0026668753
0.0026860563
0.0026709111
0.0026950722
0.002698169
0.0026663628
0.0026382294
0.0026797184
0.0027077214
0.0026949937
0.0027280904
0.002615976
0.0027868366
0.0027174405
0.0026854218
0.002644617
0.0026299795
0.0026874372
0.0026381835
0.002635909
0.0026382362
0.0026716748
0.0026389875
0.0026238917
0.0026981165
0.0026544495
0.0027038993
0.0026419587
0.0026641632
0.0026440895
0.0026508071
0.0025557918
0.0026195885
0.0026956662
0.0026516286
0.0026782847
0.00261791
0.0026689793
0.002711015
0.002747428
0.0026232244
0.002687903
0.0027305782
0.0026696045
0.0026506654
0.0026314193
0.0027032485
0.00281409
0.0026375647
0.0025997376
0.0026021665
0.0026519995
0.0026546724
0.0025713884
0.002625871
0.0026268214
0.0026971903
0.0026488195
0.0027097051
0.00263328
0.0026847806
0.0026871604
0.0027081238
0.0025988184
0.0026212763
0.0027666027
0.002679793
0.00264296
0.002622908
0.0027546322
0.0026389526
0.0026381249
0.0027266755
0.0026212726
0.0026642315
0.0026722406
0.0026131466
0.0026592007
0.0026582647
0.002609137
0.0026035905
0.002736549
0.002661366
0.002619929
0.002569774
0.002679141
0.0026722678
0.0026514297
0.0026607323
0.0025983998
0.0026469713
0.00259759
0.002630538
0.0026628205
0.0027024988
0.0026425896
0.0026758169
0.0026511615
0.002679559
0.0026208777
0.0026592317
0.0026453584
0.0026387207
0.002702246
0.0026614422
0.002690701
0.00270345
0.002570388
0.0026624328
0.0027298941
0.0026764409
0.002617164
0.002631369
0.002642203
0.0026584503
0.0026952794
0.0026449128
0.0026870577
0.002718216
0.0025636286
0.0025690417
0.0026518274
0.002682389
0.0027248964
0.0026370925
0.0026101358
0.0026906144
0.002612676
0.002635981
0.0026135414
0.002621014
0.0026942624
0.0026737738
0.002728786
0.0026603395
0.002618305
0.0026788118
0.0026006808
0.0026206016
0.0026023202
0.0026412932
0.0026452113
0.002732482
0.0026627702
0.0026946252
0.0026719028
0.0026417547
0.002609142
0.0026626382
0.002638002
0.002690099
0.0026782178
0.0025741544
0.0026499797
0.002564083
0.0026508037
0.0027350164
0.002612435
0.0027005838
0.0026504877
0.002598836
0.0027755618
0.0026104755
0.0026828176
0.0026136362
0.0026634075
0.0026055074
0.0026009532
0.0026735808
0.0025941955
0.0026304442
0.0026505326
0.0026404553
0.0025826374
0.0025568048
0.0026081905
0.0026117545
0.0025738685
0.0026238384
0.0026208912
0.0026276747
0.002614527
0.0026704576
0.0026238277
0.0026460944
0.0026041262
0.002608576
0.0025962444
0.0026239569
0.002635489
0.0026272582
0.0026926084
0.0026339565
0.0026022475
0.002626661
0.0027126777
0.0026047847
0.002609103
0.0026883655
0.0026484292
0.0025871524
0.0026526703
0.0025970032
0.0026669928
0.0026755761
0.0026476502
0.0026010356
0.0026246828
0.0026636715
0.0027385221
0.002569508
0.0026494795
0.0026695875
0.0026485072
0.0025929913
0.0025641862
0.0026764872
0.002670897
0.002688579
0.0026996362
0.0026193184
0.0026203678
0.0026174989
0.0026291097
0.0026308913
0.0026238689
0.0026274244
0.002609467
0.002634321
0.0025864043
0.0025482585
0.0026228805
0.002640792
0.0026001753
0.0026169957
0.002545761
0.0026373218
0.0026012321
0.0025535682
0.0025950447
0.0025614812
0.0027105035
0.0025684852
0.0026401188
0.0026353488
0.0026542398
0.0025435498
0.0027214952
0.0025853477
0.0026409435
0.0026310873
0.0026290957
0.0025727106
0.0026383768
0.002619061
0.0025458701
0.0025848716
0.0025965055
0.0025421854
0.002619272
0.0026215417
0.002696806
0.0026701558
0.0026906827
0.002616234
0.0025688817
0.0026426911
0.0025945248
0.0025313718
0.0027780894
0.0026010347
0.002581865
0.0026156441
0.0026115344
0.0026392736
0.0025325366
0.0025987825
0.002577156
0.002653687
0.0026218626
0.0025646365
0.0025660105
0.0026878105
0.0025907415
0.0025966617
0.0027162146
0.0025719537
0.0026181224
0.002588031
0.0026009395
0.002571949
0.002614157
0.0026442744
0.0025962724
0.0025917944
0.0025474296
0.0025648733
0.0025725968
0.0025633804
0.0026182847
0.0025196697
0.0026030634
0.0025555314
0.0026264964
0.0026171417
0.0025733234
0.0025853906
0.002543296
0.0026170043
0.0025919913
0.0026684136
0.0026009413
0.0025615713
0.002554358
0.0025691092
0.0025441982
0.0025272216
0.0025255694
0.002566705
0.0025444156
0.0025717423
0.002564853
0.002520137
0.002561456
0.0025638351
0.0025883743
0.0026739407
0.0025988745
0.0025899452
0.0025738475
0.002522109
0.002584882
0.0026203035
0.0026681167
0.0025383297
0.0026879453
0.0025843666
0.0025539347
0.0026304894
0.0025640088
0.0025957744
0.00249793
0.0026147978
0.0025612328
0.0026687419
0.0025526108
0.0026487873
0.0026090988
0.0025659092
0.0025476995
0.002630001
0.002531419
0.0025803915
0.002567481
0.0026106804
0.002546616
0.0025232052
0.0025178264
0.002624996
0.002544321
0.0025005927
0.002750523
0.00254602
0.0026406066
0.002640165
0.0025874234
0.002593973
0.0025345779
0.0026249841
0.0025614498
0.0025896218
0.0025580593
0.0025190436
0.0025892844
0.0025243023
0.0025756147
0.0025619694
0.0026276824
0.0026605304
0.002594434
0.0025295326
0.002573202
0.002552093
0.0026267748
0.0025639136
0.002563157
0.002577094
0.0026013802
0.0025483056
0.0025820704
0.0025584844
0.0025974014
0.0025616724
0.0025734592
0.0025771006
0.002545488
0.0025639355
0.0025239163
0.0025932314
0.0026154807
0.0025268358
0.0026167482
0.002599377
0.0025452808
0.0025135614
0.0025749423
0.0025558497
0.0025513228
0.00258775
0.0025386377
0.0025270241
0.0025296991
0.0024942383
0.002504584
0.0026142958
0.002513307
0.0025569103
0.0025170166
0.0025494732
0.0025653
0.0025760739
0.0026602754
0.0025577517
0.0025752194
0.0026596726
0.0025029979
0.0025620132
0.0025799386
0.0026496574
0.0025455484
0.0025055206
0.0025537305
0.0025564267
0.0025296572
0.002568513
0.002621401
0.002509358
0.002504685
0.0025734133
0.0025356652
0.0025103078
0.0026227098
0.0025161318
0.0026152662
0.002589906
0.0024974856
0.0025576227
0.0026505939
0.0025351427
0.0025319604
0.0025570537
0.0025949555
0.002542936
0.0024888967
0.0026389065
0.0025339404
0.0025683444
0.0025801235
0.0025558907
0.0025249298
0.0026556614
0.0025184557
0.0026345481
0.0025140462
0.0025225612
0.0025238907
0.0025370105
0.002623447
0.0025939052
0.0025057443
0.00255212
0.0025146087
0.0026431724
0.0025459765
0.0025718815
0.002538616
0.0026251774
0.0025350738
0.0024957587
0.002553993
0.00255304
0.002607382
0.0025773146
0.0024995538
0.0026092795
0.002581997
0.0025331054
0.002498513
0.0024946153
0.0025721814
0.0025952407
0.0025636319
0.0025101625
0.0025582328
0.0025359448
0.0024963052
0.002524946
0.0024983638
0.002494434
0.002478796
0.0026437484
0.0026270528
0.0025373246