20 358.0 0.41 358.4 0.089 19 34 0.08 0.0 
40 354.15 0.63 354.78 0.134 39 74 0.16 0.0 
60 351.51 0.84 352.35 0.199 59 132 0.24 0.0 
80 349.08 1.17 350.25 0.312 79 172 0.32 0.0 
100 346.92 1.12 348.05 0.362 98 225 0.4 0.0 
120 342.74 1.41 344.16 0.42 115 286 0.47 0.0 
140 339.52 1.32 340.83 0.468 135 342 0.55 0.0 
160 337.61 1.35 338.97 0.499 153 402 0.62 0.0 
180 337.52 1.54 339.06 0.532 172 451 0.7 0.0 
200 335.87 1.54 337.41 0.558 191 510 0.78 0.0 
220 332.47 1.7 334.17 0.585 209 565 0.85 0.01 
240 331.83 1.81 333.64 0.6 227 639 0.93 0.01 
260 330.03 1.73 331.76 0.63 243 703 0.99 0.01 
280 328.41 1.85 330.26 0.652 261 773 1.06 0.01 
300 327.41 1.91 329.32 0.669 277 847 1.13 0.01 
320 325.96 1.98 327.93 0.681 295 914 1.2 0.01 
340 324.5 2.03 326.53 0.688 311 1000 1.27 0.01 
360 324.01 2.14 326.15 0.705 327 1070 1.33 0.01 
380 322.8 2.4 325.2 0.715 345 1144 1.41 0.01 
400 320.25 2.51 322.76 0.722 362 1237 1.48 0.01 
420 318.67 2.78 321.45 0.73 380 1312 1.55 0.01 
440 316.82 2.88 319.71 0.745 397 1382 1.62 0.01 
460 316.16 2.89 319.04 0.751 412 1472 1.68 0.01 
480 315.28 2.86 318.14 0.76 428 1553 1.74 0.01 
500 315.13 2.91 318.04 0.768 442 1640 1.8 0.02 
520 312.42 3.14 315.55 0.773 460 1711 1.88 0.02 
540 311.96 3.22 315.17 0.778 478 1808 1.95 0.02 
560 309.28 3.3 312.58 0.784 493 1889 2.01 0.02 
580 308.84 3.16 312.0 0.791 504 1986 2.05 0.02 
600 307.1 3.15 310.25 0.795 519 2096 2.12 0.02 
620 306.53 3.29 309.82 0.802 533 2176 2.17 0.02 
640 304.58 3.37 307.95 0.808 547 2273 2.23 0.02 
660 303.03 3.5 306.53 0.813 563 2355 2.3 0.02 
680 301.64 3.62 305.25 0.816 580 2445 2.36 0.02 
700 301.36 3.64 305.0 0.822 594 2528 2.42 0.02 
720 300.88 3.86 304.74 0.826 608 2613 2.48 0.02 
740 298.95 4.12 303.07 0.829 624 2705 2.54 0.03 
760 298.08 4.29 302.37 0.832 640 2801 2.61 0.03 
780 296.96 4.39 301.36 0.836 655 2908 2.67 0.03 
800 296.34 4.58 300.92 0.84 670 3001 2.73 0.03 
820 295.34 4.66 300.0 0.845 688 3119 2.8 0.03 
840 294.18 4.79 298.97 0.849 705 3225 2.87 0.03 
860 292.76 4.98 297.74 0.854 721 3325 2.94 0.03 
880 291.1 5.0 296.1 0.856 735 3442 3.0 0.03 
900 290.81 5.13 295.94 0.859 750 3565 3.06 0.03 
920 289.13 5.22 294.35 0.86 763 3667 3.11 0.03 
940 289.19 5.27 294.46 0.864 778 3766 3.17 0.03 
960 289.38 5.36 294.75 0.867 790 3875 3.22 0.04 
980 288.26 5.41 293.67 0.868 805 4006 3.28 0.04 
1000 285.12 5.6 290.72 0.87 817 4113 3.33 0.04 
1020 284.44 5.76 290.2 0.873 834 4231 3.4 0.04 
1040 283.89 5.8 289.69 0.876 846 4343 3.45 0.04 
1060 283.48 5.87 289.36 0.878 865 4465 3.53 0.04 
1080 282.92 6.01 288.94 0.883 881 4552 3.59 0.04 
1100 282.03 6.02 288.05 0.884 893 4666 3.64 0.04 
1120 281.46 6.08 287.54 0.885 907 4778 3.7 0.04 
1140 280.74 6.18 286.92 0.887 923 4882 3.76 0.05 
1160 279.06 6.4 285.46 0.889 938 5015 3.82 0.05 
1180 277.56 6.41 283.97 0.89 953 5122 3.88 0.05 
1200 276.67 6.41 283.09 0.892 967 5224 3.94 0.05 
1220 276.59 6.52 283.11 0.895 981 5369 4.0 0.05 
1240 275.86 6.64 282.5 0.895 993 5493 4.05 0.05 
1260 276.17 6.72 282.89 0.897 1008 5612 4.11 0.05 
1280 275.09 6.85 281.95 0.896 1024 5743 4.17 0.05 
1300 275.18 6.96 282.14 0.897 1037 5866 4.23 0.05 
1320 274.18 7.01 281.19 0.9 1053 6002 4.29 0.06 
