20 355.27 0.31 355.58 0.084 19 45 0.08 0.0 
40 351.16 0.7 351.86 0.14 39 103 0.16 0.0 
60 347.56 0.94 348.5 0.228 59 159 0.24 0.0 
80 343.55 1.26 344.8 0.304 79 222 0.32 0.0 
100 339.88 1.28 341.16 0.39 99 289 0.4 0.0 
120 337.25 1.64 338.89 0.434 116 359 0.47 0.0 
140 335.59 1.82 337.41 0.471 136 426 0.55 0.0 
160 332.54 2.19 334.73 0.52 153 490 0.62 0.0 
180 328.98 2.27 331.25 0.547 171 569 0.7 0.01 
200 328.22 2.52 330.75 0.569 189 644 0.77 0.01 
220 324.34 2.79 327.13 0.598 208 713 0.85 0.01 
240 321.53 2.93 324.46 0.616 226 821 0.92 0.01 
260 320.72 3.07 323.79 0.634 243 918 0.99 0.01 
280 316.88 3.32 320.2 0.662 260 1011 1.06 0.01 
300 315.39 3.53 318.92 0.678 279 1131 1.14 0.01 
320 312.99 3.69 316.68 0.697 296 1219 1.21 0.01 
340 310.38 3.9 314.28 0.707 311 1337 1.27 0.01 
360 309.31 4.09 313.4 0.716 328 1461 1.34 0.01 
380 307.81 4.39 312.2 0.728 348 1548 1.42 0.01 
400 305.29 4.74 310.03 0.742 366 1661 1.49 0.02 
420 304.53 4.88 309.41 0.751 381 1784 1.55 0.02 
440 303.58 5.11 308.69 0.76 397 1903 1.62 0.02 
460 302.35 5.45 307.8 0.768 413 2012 1.68 0.02 
480 301.38 5.73 307.12 0.775 425 2139 1.73 0.02 
500 299.58 5.98 305.56 0.783 441 2246 1.8 0.02 
520 297.08 6.34 303.42 0.787 456 2359 1.86 0.02 
540 294.82 6.51 301.33 0.792 470 2511 1.92 0.02 
560 293.09 6.75 299.84 0.798 484 2625 1.97 0.02 
580 291.25 6.93 298.18 0.802 498 2738 2.03 0.03 
600 291.81 7.09 298.9 0.811 512 2862 2.09 0.03 
620 289.91 7.4 297.31 0.817 527 2998 2.15 0.03 
640 287.14 7.67 294.81 0.82 542 3129 2.21 0.03 
660 285.25 7.84 293.09 0.824 557 3281 2.27 0.03 
680 282.92 8.11 291.03 0.826 570 3442 2.32 0.03 
700 282.33 8.28 290.61 0.832 589 3585 2.4 0.03 
720 281.83 8.55 290.38 0.836 605 3720 2.47 0.03 
740 279.8 8.92 288.73 0.84 625 3873 2.55 0.04 
760 279.75 9.18 288.93 0.845 643 4012 2.62 0.04 
780 277.77 9.58 287.35 0.851 659 4182 2.69 0.04 
800 276.31 9.87 286.18 0.853 677 4335 2.76 0.04 
820 276.32 10.28 286.6 0.857 690 4496 2.81 0.04 
840 275.43 10.51 285.94 0.855 704 4649 2.87 0.04 
860 273.74 10.75 284.49 0.857 716 4784 2.92 0.04 
880 273.31 10.92 284.23 0.861 732 4934 2.98 0.05 
900 271.66 11.14 282.8 0.863 747 5095 3.05 0.05 
920 270.02 11.47 281.49 0.867 763 5261 3.11 0.05 
940 269.5 11.76 281.25 0.87 778 5417 3.17 0.05 
960 268.51 12.08 280.58 0.872 794 5583 3.24 0.05 
980 266.31 12.34 278.65 0.876 809 5745 3.3 0.05 
1000 265.47 12.6 278.06 0.876 822 5923 3.35 0.05 
1020 264.84 12.83 277.67 0.879 840 6083 3.42 0.06 
1040 263.74 13.09 276.83 0.882 853 6237 3.48 0.06 
1060 261.67 13.38 275.06 0.885 868 6396 3.54 0.06 
1080 262.34 13.64 275.98 0.886 886 6586 3.61 0.06 
1100 260.97 13.95 274.91 0.889 902 6760 3.68 0.06 
1120 257.91 14.41 272.32 0.892 919 6911 3.75 0.06 
1140 258.38 14.64 273.03 0.893 932 7083 3.8 0.07 
1160 257.42 14.92 272.34 0.895 949 7238 3.87 0.07 
1180 256.47 15.23 271.7 0.896 965 7425 3.93 0.07 
1200 255.99 15.55 271.54 0.897 981 7594 4.0 0.07 
1220 254.19 15.89 270.08 0.898 998 7766 4.07 0.07 
1240 253.19 16.23 269.42 0.9 1011 7965 4.12 0.07 
