
0.4817971
0.45207208
0.45960104
0.44179544
0.47005188
0.4352385
0.43737915
0.50849175
0.42791784
0.4230201
0.44361654
0.4172078
0.40981466
0.4262163
0.41505617
0.3994077
0.41152605
0.4069856
0.42996082
0.42196822
0.41699335
0.41588268
0.4091753
0.39534515
0.42658767
0.407726
0.39014846
0.42658347
0.3918678
0.39668363
0.39815778
0.38475287
0.38228074
0.37878025
0.38433674
0.3875338
0.39547366
0.3793672
0.3845108
0.3709257
0.38173875
0.37558752
0.38063696
0.36456606
0.36800134
0.3685491
0.35908705
0.36075318
0.3606972
0.36776257
0.35333478
0.3578524
0.35835516
0.34747678
0.33675256
0.34172568
0.33302048
0.3303838
0.33957133
0.3424213
0.33862072
0.3366886
0.330465
0.33112377
0.33704144
0.3337562
0.33074456
0.3268644
0.32851475
0.3316687
0.33438912
0.31974575
0.31639022
0.32068267
0.31931278
0.31552947
0.3216744
0.32590988
0.30841705
0.31338984
0.31237212
0.30597863
0.30111814
0.31186062
0.30533352
0.3048744
0.2933602
0.29447645
0.29971835
0.29448092
0.2943199
0.29330432
0.29414323
0.2937257
0.2815598
0.28075972
0.30203104
0.28564468
0.27552074
0.2724406
0.27971888
0.2830933
0.27447766
0.27935046
0.28231007
0.27787393
0.26481697
0.2682493
0.2682545
0.26669472
0.26490933
0.26381534
0.26723683
0.2731847
0.26943558
0.27250838
0.25876376
0.25612652
0.26035056
0.2612707
0.25520608
0.2602811
0.254527
0.24872741
0.25046724
0.25527582
0.25962958
0.25362155
0.24901457
0.26117697
0.24924508
0.25386977
0.25210235
0.24824123
0.25767115
0.24943878
0.24495435
0.24673471
0.25141314
0.24472076
0.2401007
0.24258062
0.24573514
0.25221258
0.24530205
0.254588
0.2536095
0.2438295
0.24422644
0.23956248
0.24613833
0.23697545
0.2371676
0.24273978
0.24234426
0.25077105
0.23628494
0.23638262
0.24573721
0.23446079
0.23890851
0.24038741
0.23451146
0.23070897
0.23573686
0.23597011
0.23632495
0.24062124
0.23178114
0.237517
0.2307324
0.2348918
0.23160487
0.23129168
0.2364403
0.23294842
0.23171116
0.23333618
0.22896853
0.2312833
0.2289682
0.23595141
0.22419176
0.22637221
0.2251344
0.22818159
0.23068038
0.22357611
0.23207419
0.22450134
0.22615255
0.22102185
0.21975039
0.22303638
0.22016302
0.22246344
0.22572501
0.23150569
0.22069983
0.22432344
0.22246239
0.21964228
0.22059388
0.22111325
0.21220204
0.21434887
0.22012958
0.22276117
0.22333145
0.21881218
0.2153841
0.21706592
0.21692389
0.21557818
0.21354349
0.21193683
0.21208191
0.20818675
0.21034029
0.21037844
0.21178536
0.21305485
0.2065135
0.21297853
0.21143031
0.21387832
0.20707673
0.21606773
0.20504533
0.19975963
0.20383863
0.20476507
0.20431522
0.20604154
0.20157525
0.20480968
0.20223466
0.20118584
0.19602941
0.20379137
0.20079446
0.20254064
0.19927056
0.19651923
0.19524527
0.20191662
0.1980277
0.20114298
0.20728922
0.20235373
0.19432563
0.19779548
0.19256748
0.19753997
0.19706233
0.19889365
0.19201483
0.19866912
0.19885826
0.19628803
0.1992445
0.19697444
0.19586341
0.20183766
0.1942825
0.19515862
0.19190805
0.19113104
0.1932035
0.19204123
0.19602789
0.19167174
0.19186498
0.19598159
0.19756436
0.1952218
0.19183199
0.1934971
0.18883999
0.19581488
0.18693116
0.19061077
0.18734913
0.1894974
0.19296029
0.18850219
0.19026881
0.18730386
0.19325566
0.19213267
0.18525092
0.18810384
0.18117684
0.1879035
0.18087377
0.18326972
0.18036607
0.1769359
0.1794794
0.18377465
0.17864464
0.18830957
0.18220243
0.17982194
0.18034862
0.18454243
0.18090801
0.1826282
0.18152057
0.18338458
0.18344234
0.18042634
0.17670494
0.18270211
0.17984693
0.17596859
0.17641069
0.18227541
0.17646088
0.17544982
0.1762791
0.17774945
0.17837662
0.1753388
0.17844717
0.17432989
0.17997375
0.17618637
0.17471991
0.17484638
0.18053816
0.17497073
0.17493324
0.17972942
0.17110431
0.16973296
0.17073107
0.17279992
0.17282742
0.1744686
0.17206696
0.16845328
0.16566195
0.1670515
0.16767587
0.16599514
0.168942
0.17310566
0.16930653
0.16744587
0.16194353
0.16923527
0.16377477
0.17053726
0.16944611
0.1630331
0.16971241
0.16477343
0.17168723
0.16897623
0.1695131
0.17100084
0.16941966
0.16529243
0.16607414
0.16352573
0.16686335
0.16577365
0.16768327
0.16639389
0.16493726
0.17048112
0.16671014
0.16142517
0.16043118
0.16487883
0.17509094
0.16957965
0.16117725
0.16712603
0.16746189
0.16195412
0.15936637
0.16473791
0.16827348
0.16634159
0.15815207
0.16415669
0.16232824
0.16583192
0.16035214
0.15619877
0.15532066
0.1599168
0.15734446
0.15535527
0.15919866
0.15426861
0.15715787
0.15612333
0.1550869
0.16199934
0.15439393
0.15415242
0.1546258
0.15333726
0.15964404
0.15093032
0.15140997
0.14911927
0.14995787
0.15109834
0.149437
0.15134895
0.15727931
0.15438233
0.14637391
0.15223688
0.15169588
0.14986652
0.14720345
0.14714989
0.15106855
0.15007678
0.14621429
0.1485045
0.1502424
0.15308481
0.1458765
0.15079693
0.14740169
0.1522858
0.14712578
0.14782555
0.14692403
0.1507301
0.14552453
0.1465581
0.14264607
0.14812578
0.15043284
0.14617223
0.14883496
0.14466007
0.14927213
0.1442907
0.14418693
0.14718994
0.14437543
0.14871298
0.14687291
0.14706153
0.14559361
0.14544865
0.14796491
0.14483526
0.14552678
0.15048745
0.14782964
0.14350525
0.14394042
0.14533041
0.1430275
0.14577194
0.15138431
0.14100803
0.14119162
0.14508006
0.14213045
0.1425285
0.14297295
0.14005145
0.14375122
0.14517583
0.14454071
0.13920075
0.1391593
0.14077021
0.14158149
0.14197245
0.14136735
0.14040327
0.13949165
0.14005548
0.14122516
0.13868792
0.13974021
0.13830408
0.14248264
0.1370993
0.14113222
0.13697924
0.13914241
0.14065185
0.14255151
0.13665548
0.14008082
0.14041704
0.13734885
0.14038032
0.1375308
0.13590321
0.13976853
0.13873763
0.1359708
0.13766566
0.13799722
0.13705309
0.1376582
0.14137635
0.13795531
0.14368084
0.1377676
0.13701789
0.13647047
0.13401635
0.13930513
0.13834186
0.13563916
0.13255905
0.13400708
0.13258874
0.13361739
0.13678586
0.13441294
0.13427821
0.13723242
0.13411182
0.13181104
0.13428743
0.13300388
0.13216215
0.13119543
0.13184288
0.13341665
0.13233842
0.13034374
0.13603103
0.13323727
0.13427871
0.13168275
0.135396
0.13636619
0.12840874
0.12901162
0.13318387
0.1310514
0.13279453
0.12921086
0.1281937
0.12969242
0.13106301
0.13015555
0.13144305
0.12907016
0.13323385
0.12992088
0.1300715
0.13212024
0.12690525
0.12899233
0.13182425
0.12996468
0.12900978
0.13226654
0.13583836
0.12966159
0.12856132
0.1302379
0.13007252
0.13044938
0.13199404
0.13341413
0.12972079
0.13269985
0.13024768
0.12628211
0.1306595
0.1255521
0.1279713
0.12735498
0.12704737
0.12772314
0.12695996
0.12525888
0.12530795
0.13104728
0.12841778
0.123467
0.13012642
0.12877397
0.12689334
0.12340214
0.12883984
0.12788677
0.12777741
0.12519708
0.12393749
0.12623747
0.12891954
0.12806293
0.12482559
0.12335272
0.1279921
0.1267142
0.13093346
0.13309993
0.12861992
0.1304893
0.12552175
0.12477436
0.1264153
0.12320352
0.12790999
0.12274233
0.124333896
0.122585215
0.122251004
0.121373534
0.121700786
0.119497426
0.12001463
0.12170493
0.11972672
0.12757924
0.124980025
0.12099492
0.12144877
0.123314194
0.12034147
0.11802913
0.121518485
0.12196146
0.12125161
0.118409246
0.121177115
0.1183498
0.11812522
0.12139193
0.120591104
0.12114026
0.12305449
0.11838135
0.120085455
0.122194804
0.115493774
0.11628675
0.11716044
0.1187589
0.122762114
0.11602287
0.120901026
0.120958425
0.11975059
0.12420733
0.11920297
0.11684698
0.115596935
0.11601447
0.121997945
0.11915581
0.119789824
0.11521879
0.118793435
0.11726253
0.118192784
0.11751069
0.116118945
0.11958249
0.116712674
0.116734825
0.11880742
0.11679817
0.11458733
0.11401443
0.11987703
0.11627036
0.11315157
0.115682594
0.11560707
0.11776213
0.11361515
0.11458967
0.115549184
0.11673528
0.11764536
0.114099436
0.112951204
0.11514848
0.114883475
0.113287605
0.11668933
0.113823265
0.11548006
0.11592272
0.1150977
0.11436105
0.11542849
0.115946144
0.11693571
0.113898024
0.116016544
0.1144414
0.112161875
0.11548961
0.11435088
0.11447276
0.111727305
0.11192296
0.11166804
0.11558477
0.11453865
0.115937315
0.11218614
0.11224078
0.111844175
0.11529105
0.11419782
0.117290854
0.10822855
0.114094436
0.11011934
0.11129834
0.112696946
0.11256476
0.11032765
0.11193147
0.109396316
0.11403399
0.11249618
0.111439034
0.11072039
0.10730422
0.108890556
0.11029251
0.11135194
0.11228513
0.10901726
0.11193568
0.11021762
0.1095836
0.114431046
0.11020037
0.11311486
0.11329331
0.11076747
0.10949287
0.1099545
0.110175304
0.108176425
0.10859622
0.11148232
0.11014824
0.10802246
0.10856843
0.11148646
0.108668596
0.106172174
0.11358706
0.108006164
0.10654737
0.10641179
0.1078694
0.10794386
0.10851392
0.10835536
0.107572064
0.10970243
0.10806049
0.11394245
0.1064427
0.10599089
0.105119385
0.111099385
0.10689171
0.10751494
0.107550606
0.1064733
0.11038815
0.107344136
0.109421946
0.10597142
0.10489109
0.10627639
0.10808017
0.10542373
0.10585177
0.10383853
0.10700294
0.105747744
0.10518362
0.105461195
0.10539865
0.10692047
0.106807925
0.108054765
0.105419956
0.106045716
0.10628993
0.10295644
0.10653367
0.105419375
0.10231126
0.1051436
0.10540738
0.103430025
0.10385834
0.1038205
0.10320193
0.10558954
0.10739817
0.10761135
0.10318576
0.10652671
0.10226396
0.104618445
0.106008284
0.10325326
0.10657155
0.102886096
0.10113938
0.10595444
0.1035658
0.10335779
0.10487638
0.10422482
0.10342773
0.104946725
0.104763776
0.10486135
0.101210944
0.10278421
0.102815986
0.10078208
0.10112757
0.10067376
0.10238094
0.10044975
0.10215026
0.10509126
0.105156966
0.10463514
0.10234467
0.10147589
0.10127211
0.10342092
0.10226528
0.10111593
0.10239994
0.09973956
0.101981305
0.10433483
0.102001555
0.10144862
0.10385769
0.10036918
0.10103157
0.103299454
0.1036743
0.09954255
0.10474351
0.09950203
0.09706351
0.101585604
0.10153014
0.10246689
0.10225653
0.09823878
0.10019768
0.1007312
0.0999772
0.09845798
0.09815738
0.09849193
0.09825346
0.101148814
0.099446535
0.09870883
0.1010892
0.09952991
0.101127684
0.10039143
0.09819327
0.10296965
0.0976991
0.10149056
0.09911823
0.097516395
0.09581626
0.10179061
0.0992074
0.10249736
0.100280255
0.0986769
0.099273756
0.10026917
0.0982833
0.10005982
0.09889143
0.09976171
0.099332474
0.09724143
0.098338306
0.096587524
0.09791868
0.09974304
0.09605348
0.099683404
0.09677147
0.09975883
0.10220088
0.098145865
0.09941745
0.096173234
0.09802971
0.09616615
0.09585325
0.09363222
0.09363098
0.10047232
0.09767247
0.09615446
0.09540854
0.09425419
0.096555166
0.099949375
0.09725117
0.09614657
0.09560769
0.09742121
0.09644245
0.09547471
0.09990634
0.094616205
0.09926813
0.09779591
0.09843323
0.09608254
0.095923044
0.0934502
0.0946269
0.095846996
0.0987566
0.094604254
0.09663334
0.098151885
0.09646435
0.095644094
0.09824128
0.095783666
0.0994947
0.09944105
0.09746395
0.09522868
0.09346126
0.095133655
0.09934359
0.09466299
0.097480774
0.09478363
0.09483567
0.09428265
0.093106754
0.09550736
0.0925946
0.094752215
0.09364759
0.09493654
0.09298662
0.09345528
0.095546775
0.093575485
0.09190765
0.09409148
0.094968155
0.093911655
0.094981186
0.0940649
0.09478128
0.09187414
0.09340251
0.09284883
0.09280894
0.09439295
0.094819844
0.09153955
0.09068241
0.09543094
0.091853976
0.09268008
0.09286928
0.0897792
0.09309886
0.092571214
0.094456784
0.09083999
0.09075904
0.09176535
0.09563059
0.09110972
0.09046235
0.0933027
0.09170716
0.09046378
0.09427514
0.09010921
0.09583987
0.09337466
0.0933664
0.092436224
0.09234197
0.09076696
0.09056125
0.095081314
0.09111979
0.090220064
0.08945115
0.089288376
0.08824652
0.089484975
0.08943567
0.08976597
0.08899209
0.089368895
0.09221425
0.091057025
0.089066766
0.09143756
0.09011637
0.09159615
0.09265515
0.091348894
0.09093756
0.08940299
0.08988083
0.090152755
0.09029358
0.089524634
0.08796343
0.09019273
0.08885148
0.08973269
0.089729704
0.088660695
0.088134445
0.089887805
0.089535736
0.086587295
0.08929506
0.089892134
0.09201463
0.08758149
0.088008024
0.08911063
0.08924535
0.089203715
0.08687709
0.0861886
0.08645961
0.087318
0.09213324
0.09032544
0.08854178
0.08830009
0.089899495
0.08644541
0.08604336
0.08680157
0.08852248
0.087068886
0.08735423
0.09095234
0.08996694
0.08949569
0.09072443
0.086006604
0.08737261
0.09119434
0.09079016
0.08865885
0.09037694
0.08758719
0.08914518
0.08740017
0.08901168
0.08783906
0.088945754
0.088043116
0.0878413
0.0865351
0.08680922
0.08740174
0.08834112
0.08635335
0.08602243
0.091276504
0.08752282
0.086072266
0.08905515
0.08894968
0.086524434
0.08805393
0.08843787
0.09232382
0.0862945
0.08922765
0.090218395
0.08607426
0.086823136
0.09002096
0.08878477
0.08587068
0.08733162
0.08572088
0.08575167
0.08373217
0.08425169
0.08771213
0.08537799
0.08696864
0.08630076
0.084622994
0.085289925
0.08659899
0.08549349
0.086491846
0.08444117
0.08499508
0.084999874
0.08529265
0.087594785
0.08651749
0.08551538
0.084887795
0.08402341
0.08530283
0.08372988
0.08518383
0.08687087
0.08836802
0.08319487
0.08400924
0.084597364
0.08876032
0.08291487
0.08574109
0.08506922
0.08439367
0.084248975
0.08436222
0.08687999
0.08416137
0.08541809
0.08452909
0.083757356
0.08565952
0.08725352
0.085301906
0.08568303
0.08543959
0.08192345
0.08497102
0.084493734
0.083722785
0.08370317
0.08511012
0.082371674
0.082431205
0.08343876
0.08278369
0.08317056
0.0854415
0.084164664
0.082656175
0.083058774
0.08396869
0.086555086
0.08326734
0.08158461
0.083728574
0.08417618
0.08305314
0.09037029
0.08278062
0.083939806
0.08283736
0.08166205
0.081410185
0.08236539
0.08773888
0.08138272
0.08446172
0.08538971
0.08253081
0.08487235
0.08146813
0.083047144
0.08114811
0.08290238
0.08350192
0.08297994
0.08648157
0.08246799
0.08579423
0.08439226
0.086122446
0.083647616
0.083357684
0.08239996
0.082232416
0.08314507
0.082354955
0.08155266
0.080786675
0.08141447
0.082719974
0.08160235
0.08408645
0.081147276
0.081466146
0.08354339
0.08288092
0.07990661
0.08273159
0.08306521
0.08221387
0.082085915
0.083673835
0.082305185
0.08038699
0.085472144
0.08535233
0.081983626
0.08455044
0.081274316
0.078933656
0.080061615
0.08417958
0.08393083