
0.23772271
0.22826926
0.23541151
0.21619858
0.21002154
0.21735522
0.19710453
0.19741444
0.20505044
0.19552216
0.19252895
0.18979864
0.1870672
0.19142899
0.19268334
0.18912067
0.18724422
0.18402503
0.18827832
0.18517289
0.18275212
0.1835965
0.18088897
0.18542354
0.1777749
0.18157546
0.17911096
0.18340962
0.1785646
0.17880388
0.17621133
0.17711028
0.17255796
0.17297266
0.20880091
0.17257147
0.17587009
0.1719128
0.17580535
0.17603928
0.17108575
0.17698704
0.17322339
0.17276151
0.1711477
0.17089292
0.16950561
0.17534326
0.17354658
0.16751106
0.1649926
0.1724184
0.169874
0.17593111
0.16842727
0.17091896
0.1684843
0.16977714
0.16850737
0.16964273
0.17410994
0.16783668
0.17367694
0.17207728
0.17179066
0.16739261
0.17575666
0.16833594
0.16839714
0.16583866
0.16681537
0.16436574
0.17413978
0.16322257
0.17041527
0.16389988
0.16348624
0.16794835
0.16685937
0.16333945
0.16277377
0.15859646
0.16422129
0.161219
0.1662697
0.16384976
0.16469449
0.15808171
0.15849428
0.16022308
0.15864196
0.157945
0.1606067
0.16314058
0.15900087
0.15915385
0.16000867
0.15282488
0.15359274
0.15620725
0.15203738
0.1534809
0.15280376
0.1560402
0.15539546
0.15632477
0.15232304
0.15633112
0.15142769
0.15366223
0.14782616
0.15300363
0.15065885
0.15297242
0.15381686
0.15325053
0.15173416
0.15328205
0.14503652
0.15069517
0.15146686
0.14640577
0.14464436
0.1464527
0.14942381
0.15042375
0.15130015
0.14762609
0.1471495
0.1448794
0.14689115
0.14429227
0.14455086
0.14853773
0.14736527
0.14696433
0.1473938
0.14640771
0.14697699
0.1501649
0.1522854
0.14976636
0.14305118
0.15001352
0.1459694
0.14812817
0.14440261
0.14576672
0.14173093
0.14254978
0.14102994
0.13972238
0.14221352
0.14042681
0.14255556
0.14321622
0.14112484
0.14143327
0.14391597
0.14117852
0.14266092
0.14145117
0.13886143
0.14062557
0.15093565
0.14057463
0.1393979
0.14173265
0.1454862
0.13707584
0.14050002
0.14129853
0.14115717
0.13898776
0.13951565
0.14099512
0.14359969
0.13519168
0.1374221
0.13679591
0.13710517
0.13801785
0.1398784
0.14313404
0.13841972
0.1411575
0.13730033
0.13750729
0.13732922
0.13783881
0.13632241
0.14127666
0.13822894
0.13742298
0.13747734
0.13561137
0.1327003
0.13637002
0.13726218
0.13543743
0.13724229
0.13500251
0.1354962
0.13971522
0.13409705
0.13321728
0.13371016
0.13392565
0.13342497
0.13287766
0.13361129
0.13492207
0.13991527
0.13028832
0.1345064
0.13770542
0.1329962
0.13156706
0.1317281
0.13173115
0.1306486
0.12987247
0.13254808
0.13317402
0.13336237
0.13777602
0.1336765
0.13175721
0.13249524
0.13305603
0.13396786
0.13210137
0.1314836
0.13064353
0.12700695
0.13005874
0.12885779
0.12719443
0.12809746
0.12852761
0.13039708
0.12706985
0.13385017
0.13060714
0.12976101
0.12963893
0.1274635
0.12706402
0.1305973
0.1272989
0.12782009
0.12844788
0.12827018
0.1261784
0.12831816
0.12679708
0.12634191
0.12908503
0.1262241
0.1248832
0.124702364
0.12503274
0.124428675
0.12817396
0.12600194
0.12841175
0.12430295
0.1284656
0.1310518
0.12526637
0.12285623
0.12452861
0.12562634
0.12416555
0.12376839
0.12346721
0.12186975
0.1283054
0.123250656
0.122483514
0.12419342
0.123228304
0.124034315
0.12367054
0.12077492
0.12193866
0.11925145
0.12339483
0.12160082
0.11955588
0.12498386
0.11987169
0.11781358
0.11997358
0.118092276
0.11848774
0.11958931
0.1193992
0.11741116
0.12346844
0.121078014
0.120775364
0.11793006
0.12570402
0.12251049
0.118976854
0.11763514
0.118942894
0.11820414
0.11810135
0.12075181
0.11928422
0.12174455
0.1177792
0.12025574
0.12041918
0.11753656
0.12012134
0.1160116
0.11930409
0.116350785
0.11798444
0.12327147
0.11718308
0.119120665
0.11857553
0.11900644
0.11692126
0.11938142
0.11838446
0.118933655
0.12001449
0.11545807
0.11607374
0.11670661
0.11868839
0.11783894
0.11646743
0.11541353
0.119027436
0.11653837
0.116630904
0.117625274
0.1160054
0.115604006
0.116005704
0.11483072
0.11412954
0.1165386
0.11555029
0.11489137
0.11446712
0.120295376
0.11481214
0.11561547
0.111363284
0.11169326
0.11263108
0.115400575
0.11444442
0.115733944
0.114280105
0.11618591
0.11173869
0.111498095
0.110870734
0.11311116
0.11227108
0.11284543
0.11544124
0.11348803
0.11417472
0.11235086
0.11253311
0.11249436
0.11384512
0.11079276
0.113841005
0.11599854
0.11600261
0.110897675
0.11342504
0.11284397
0.11326159
0.11278901
0.11241828
0.11120329
0.11311775
0.109367564
0.11000901
0.11001952
0.11071985
0.10913093
0.111169145
0.11528005
0.11068753
0.11115855
0.110978656
0.11151551
0.112000324
0.11145152
0.10941564
0.10898043
0.10923241
0.11067987
0.109036215
0.1093891
0.108307794
0.10682296
0.11171113
0.108225055
0.10671054
0.10823735
0.11212167
0.10926664
0.10803626
0.10808171
0.110156976
0.10864346
0.109837465
0.11133455
0.1062341
0.10609281
0.106431626
0.108239286
0.106461
0.10374967
0.10561962
0.10458521
0.107341945
0.10479848
0.10754967
0.10435099
0.105479605
0.1061754
0.10377994
0.1050693
0.10452445
0.106139034
0.10296131
0.10568637
0.1073551
0.10380303
0.10887543
0.10603151
0.10816204
0.1075871
0.1044671
0.1062106
0.10417803
0.10303806
0.10405307
0.10292493
0.10526723
0.105426386
0.10326719
0.101956524
0.10141231
0.10310436
0.103068024
0.102791965
0.1056966
0.10506136
0.1049219
0.10662293
0.106029235
0.10888326
0.10690071
0.10611494
0.105759144
0.10351867
0.103120126
0.10466998
0.10341978
0.10361254
0.10324839
0.104904324
0.10570881
0.104297295
0.101802744
0.10447721
0.102285594
0.10153139
0.10339323
0.10142514
0.103843115
0.104747854
0.100841366
0.10339678
0.10272659
0.10125336
0.100756325
0.10132035
0.10687051
0.101935595
0.105191305
0.10392872
0.101753764
0.10545864
0.09797622
0.1011645
0.10357446
0.100991584
0.10370036
0.10164937
0.10190967
0.1016019
0.10191768
0.10198815
0.106423505
0.10242837
0.10208593
0.10213794
0.102435924
0.1025546
0.10218255
0.10226195
0.09987074
0.09991631
0.10015738
0.09981693
0.10223117
0.09847853
0.104349464
0.099465795
0.10206168
0.1005491
0.09773239
0.09991366
0.099560544
0.09876138
0.09875276
0.098714314
0.10079389
0.09714746
0.09717093
0.10049324
0.09883398
0.097466104
0.100148074
0.09998482
0.09781587
0.097500555
0.09638617
0.09521792
0.09572097
0.097299576
0.09519014
0.09651184
0.09599346
0.09581307
0.09885386
0.09870422
0.09779777
0.09783644
0.095859915
0.09851779
0.09668072
0.09536946
0.097759925
0.09649769
0.09937589
0.09875893
0.09520809
0.09428254
0.09387727
0.096416704
0.093964174
0.096512906
0.09497314
0.0949057
0.09352748
0.09398618
0.0940501
0.09415247
0.093523435
0.09515431
0.09506955
0.09431866
0.09341215
0.0941636
0.09526936
0.0926131
0.09673691
0.09378562
0.096441366
0.094523944
0.09370076
0.09560715
0.092264295
0.09694423
0.0942044
0.0947986
0.09407269
0.09432073
0.09479819
0.09196194
0.09451346
0.095280334
0.093588166
0.09699445
0.093828335
0.0963831
0.09370171
0.09298544
0.09187507
0.09185348
0.094695784
0.09139048
0.09213142
0.09586761
0.0928109
0.090636775
0.092359014
0.092606865
0.09518511
0.09147657
0.093632214
0.09430352
0.09356748
0.09496544
0.09296505
0.09394279
0.09305557
0.091325216
0.09294626
0.09155613
0.092272505
0.09108752
0.09360112
0.0915167
0.09113865
0.09110337
0.0909991
0.09088014
0.09055964
0.09269375
0.092123374
0.09135644
0.09465646
0.09056072
0.09308811
0.091603346
0.08948577
0.09104119
0.09094285
0.09050451
0.091718316
0.08997109
0.092342466
0.089958996
0.0910057
0.093688235
0.090993986
0.08933854
0.09346679
0.09273951
0.09091281
0.092059545
0.090342864
0.08960645
0.09173305
0.090660356
0.09142334
0.091048814
0.08994531
0.089313775
0.08943937
0.08878399
0.08916326
0.08866151
0.092291325
0.09148103
0.09213903
0.089745626
0.08864837
0.08929083
0.08830739
0.08716755
0.09237564
0.0899414
0.08855461
0.08885726
0.08765502
0.08934745
0.090851344
0.088643074
0.09090457
0.08765449
0.08994306
0.08883348
0.08940884
0.08905773
0.08812202
0.089925185
0.09007524
0.0894391
0.09114388
0.08727181
0.09058521
0.0893834
0.090642534
0.08968441
0.08924713
0.086962484
0.08876171
0.09050768
0.08897518
0.09075336
0.093366325
0.087167926
0.08897705
0.08872999
0.08943816
0.08767872
0.08790842
0.08863326
0.0900812
0.09147529
0.08796172
0.08596805
0.08744028
0.08789229
0.087641664
0.08513403
0.087022334
0.08634468
0.08709634
0.08854276
0.088010594
0.085485265
0.08510108
0.086259924
0.08494228
0.087566
0.08579681
0.08414427
0.084305204
0.0867357
0.08498312
0.086812615
0.08549737
0.08472613
0.09017272
0.08594324
0.08561422
0.084598005
0.08562343
0.083250456
0.083418794
0.08621658
0.0886404
0.08275288
0.0847093
0.08312232
0.08589861
0.08390376
0.08534187
0.08591324
0.08734597
0.084776066
0.08277671
0.086396925
0.08579824
0.08365221
0.0858887
0.08490486
0.08492344
0.08356292
0.08436086
0.08492711
0.083781876
0.08502654
0.083506264
0.08410355
0.08529136
0.08246221
0.085372746
0.083840884
0.0842448
0.08325475
0.08351493
0.08489259
0.083386995
0.08344356
0.085043766
0.08448254
0.08197275
0.08500558
0.085382745
0.08590556
0.08320059
0.083236866
0.08332794
0.083406866
0.08258624
0.082950234
0.08274774
0.08393871
0.08190622
0.08296903
0.08297574
0.08415491
0.08919298
0.083012894
0.08494603
0.08278822
0.08251206
0.08227138
0.0833277
0.083996035
0.0827419
0.08294858
0.0822432
0.08131919
0.08100797
0.08147406
0.0826029
0.08284748
0.08403675
0.08223967
0.08213095
0.08046063
0.0818613
0.08041861
0.081729166
0.08123262
0.084732726
0.084350765
0.08846735
0.086334966
0.08794408
0.085067555
0.08378404
0.083857335
0.08117812
0.08009203
0.08131446
0.080637805
0.08164347
0.08155653
0.08084375
0.08100087
0.080898724
0.08025007
0.0798501
0.07999973
0.081875876
0.080641806
0.08024117
0.0837114
0.07975877
0.08227063
0.07965827
0.08170086
0.07956872
0.079757616
0.084434755
0.08147672
0.0816993
0.07965718
0.08145793
0.08137382
0.08119176
0.08358193
0.08074252
0.08005539
0.08119159
0.08099187
0.07786682
0.08157089
0.08229539
0.079333864
0.07921858
0.08039713
0.07959026
0.0769452
0.07904964
0.07949459
0.08059824
0.07979295
0.08095475
0.07733127
0.07791243
0.078909956
0.080605924
0.07978402
0.07815954
0.079525955
0.0782071
0.07968427
0.07749246
0.0793157
0.0784208
0.07819527
0.0769326
0.079098314
0.07738989
0.07798073
0.07917537
0.07883063
0.07907954
0.07791496
0.078437135
0.08020972
0.07839485
0.0778632
0.0782841
0.07844075
0.078309104
0.07688412
0.07691162
0.07616259
0.07690403
0.07689841
0.07705684
0.0776742
0.077311106
0.07820626
0.07665099
0.07709154
0.07835091
0.07784692
0.0762726
0.07669855
0.0769706
0.077364944
0.077335045
0.07665506
0.076752506
0.07660392
0.07841908
0.07666258
0.07836595
0.07728624
0.07806873
0.07933471
0.07609125
0.07610617
0.07809708
0.07687976
0.07697619
0.07740187
0.0764119
0.07738203
0.07662955
0.07612701
0.077606626
0.078755885
0.07679581
0.07740912
0.07643536
0.07625081
0.080483824
0.07993644
0.077211894
0.07801383
0.080616325
0.07765538
0.0770108
0.07493227
0.07641748
0.07794137
0.08080085
0.0765087
0.07673859
0.07580951
0.075208224
0.07592447
0.07631079
0.07509965
0.07490081
0.07554631
0.075063474
0.07511079
0.0765411
0.07636984
0.07547864
0.075491205
0.074360505
0.07478918
0.07368536
0.0753538
0.0752327
0.07549964
0.07479134
0.073721975
0.075351395
0.078356296
0.07574224
0.07408945
0.0746439
0.07525468
0.07842987
0.07410443
0.07360897
0.07421389
0.075683124
0.07555522
0.07591251
0.07446763
0.07436202
0.07564575
0.07568829
0.0761728
0.07465544
0.073464535
0.07341004
0.07593511
0.074592285
0.07441017
0.0758646
0.07516975
0.07501369
0.07406485
0.074069984
0.07746529
0.075720534
0.07423382
0.07538072
0.07456904
0.07560436
0.07321902
0.07460413
0.07303392
0.073709466
0.07313716
0.07494403
0.073434144
0.0733692
0.07362659
0.07306271
0.07706808
0.07273857
0.07517406
0.07551385
0.080434576
0.07325314
0.072888985
0.073242046
0.07331704
0.07272827
0.07400062
0.07209152
0.07259462
0.07307609
0.07211751
0.073495895
0.073642656
0.07245615
0.0722224
0.07447632
0.072837315
0.07591342
0.071570076
0.07345444
0.074284665
0.07200093
0.07306809
0.073143534
0.07197467
0.07262687
0.072978206
0.07209424
0.073256254
0.07112511
0.07155342
0.07297716
0.07298124
0.07560519
0.07158106
0.07222692
0.071292795
0.072936416
0.07337176
0.07448692
0.070982866
0.07151412
0.072209835
0.071991414
0.07219863
0.071912535
0.073275216
0.073297575
0.07310336
0.07271714
0.07274697
0.07320795
0.07088372
0.071824364
0.074937955
0.07174376
0.070669375
0.07265302
0.07426151
0.071686156
0.07189487
0.07331293
0.07226369
0.07190266
0.07109857
0.07220029
0.07088306
0.0718355
0.07190745
0.073593676
0.073369965
0.07181505
0.071138285
0.0713651
0.07129246
0.0705857
0.07078863
0.071240544
0.07000447
0.07255953
0.07235033
0.07313376
0.07020183
0.069633275
0.06942414
0.070441134
0.06983178
0.07434769
0.069821686
0.07121437
0.069838144
0.0695961
0.069893464
0.07143173
0.071180955
0.07064799
0.07018412
0.07082283
0.070127636
0.07050002
0.071651004
0.071497634
0.06984243
0.07142242
0.0735007
0.06965744
0.07056407
0.07257999
0.06994257
0.07117628
0.06999553
0.07063724
0.07046402
0.07008672
0.07080239
0.068618536
0.06922494
0.069281705
0.068851516
0.07078108
0.06821642
0.071102016
0.07059121
0.07051868
0.0706733
0.070038214
0.06946866
0.068921976
0.068590544
0.06814942
0.06863317
0.069042034
0.06822365
0.06816423
0.06886519
0.06891365
0.068538666
0.067427605
0.07035977
0.06906724
0.068288386
0.06967796
0.06910833
0.06879755
0.06881153
0.069940396
0.06835596
0.06810738
0.06840016
0.06783668
0.06835877
0.06868155
0.068423465
0.07047657
0.068992
0.06899827
0.067970544
0.06809491
0.06969439
0.068807036
0.068259664
0.06701052
0.06840963
0.069729686
0.06676672
0.070316724
0.068404354
0.068224
0.06753643
0.06730125
0.067209736
0.068072066
0.066904455
0.06688608
0.067509525
0.066601865
0.06790707
0.06736267
0.068241
0.067502834
0.066999815
0.06784966
0.06753224
0.066891685
0.067321345
0.06679128
0.06684606
0.06701228
0.06713359
0.0687827
0.06790439
0.066836506
0.06669129
0.067604624
0.06760703
0.06764132
0.06667636
0.06641918
0.06833925
0.067534275
0.06622095
0.067019664
0.06552092
0.066080526
0.06893906
0.0675375
0.06632339
0.06727026
0.06661364
0.067518234
0.06828148
0.06907512
0.06616976
0.0674126
0.06630126
0.065143175
0.06564809
0.06520513
0.06559511
0.06638491
0.06665738
0.06542363
0.06667143
0.06597305
0.06633272
0.06644471
0.06526724
0.06570636
0.06559718
0.06655771
0.06628066
0.06626959
0.06660935
0.066458896
0.06589796
0.06563803
0.066148005
0.065131105
0.06667825
0.066596195
0.064922936
0.06608365
0.06441888
0.063972905
0.06463497
0.065645345
0.066511564
0.065606326
0.0670186
0.065090515
0.06473398
0.06570787
0.06722212
0.06412501
0.06571277
0.06568745
0.06452621
0.06518305
0.06749584
0.06519383
0.06514474
0.06438007
0.06535287
0.06545276
0.063542746
0.065631896
0.06578408
0.065509506
0.06516734
0.064385936
0.06400534
0.06435037
0.06485216
0.064923175
0.066065885
0.06571286
0.06514488
0.06483809
0.064327054
0.0637228
0.06450681
0.06490151
0.0650609
0.067210495
0.06644129
0.06393303
0.06550286
0.064010724
0.06400059
0.065670244
0.0644513
0.06415026
0.06572972
0.06918207
0.06567297
0.06621435
0.063598424
0.06402307
0.0648774
0.06493636
0.06446126
0.06468847
0.06516238
0.06567752
0.06537272
0.06303797
0.06465094
0.063756414
0.06396987
0.06322862
0.06417872
0.06385461
0.06381264
0.06407503
0.06288841
0.06468622
0.06347173
0.0644231
0.06442515
0.06294904
0.06569304
0.065665446
0.06429856
0.062259324
0.06354009
0.06313902
0.06323244
0.06337221
0.06291118
0.06349705
0.062433828
0.06396865
0.062652856
0.062557735
0.0634956
0.06255708
0.063754514
0.06322775
0.06253661
0.063189
0.063620105
0.06413574
0.061646655
0.063351125
0.062166404
0.0638341
0.0637519
0.06226284
0.06243544
0.06355246
0.061990473
0.06298298
0.062759675
0.061858036
0.06315558
0.06206226
0.063140064
0.06267713
0.06235909
0.06299626
0.0653235
0.06530853
0.06250249
0.06268586
0.06294697
0.062384743
0.06683859
0.06261447
0.06272515
0.061770786
0.06351882
0.06377046
0.062600106
0.06492154
0.06256652
0.063373215
0.062269073
0.063814685
0.061999805
0.06269344
0.06263107
0.061311357
0.06208059
0.061194215
0.061507486
0.061356492
0.06273944
0.061875083
0.062087
0.06191083
0.062238242
0.0634254
0.061798375
0.062202614
0.06057919
0.06190835
0.06005362
0.06136185
0.06135648
0.060944695
0.06292764
0.060940113
0.06213279
0.062299214
0.06292854
0.06150589
0.061000764
0.06195202
0.06205146
0.06154853
0.061472215
0.06176048
0.06146794
0.059979934
0.062124766
0.060805794
0.06006092
0.062400065
0.06180454
0.060716525
0.06057715
0.062499043
0.060949054
0.06140837
0.061766468
0.06299874
0.061148766
0.061367873
0.061051846
0.060650174
0.059763964
0.061147388
0.060835265
0.059852537
0.06125188
0.061185893
0.060514428
0.06092015
0.060967535
0.06051741
0.06138895
0.06097057
0.061520483
0.06003082
0.060393076
0.059394717
0.061104875
0.060237024
0.060550872
0.059439354
0.060295977
0.05979179
0.061656658
0.06072372
0.061210703
0.060506828
0.0614242
0.061415393
0.060865883
0.06025923
0.060726244
0.061578486
0.06076696
0.06107563
0.060090546
0.06109386
0.058992285
0.06057259
0.061046705
0.060805995
0.05972289
0.062073454
0.060842074
0.06097387
0.06021369
0.061807904
0.0643749
0.06036415
0.060964536
0.06299554
0.060771953
0.059720103
0.05928071
0.061720215
0.060679846
0.0608835
0.05979867
0.059323475
0.060640085
0.059655905
0.060380615
0.05968887
0.058950614
0.06032516
0.06002057
0.06059289
0.059682034
0.060843777
0.059131727
0.05958574
0.061459642
0.061652
0.061861895
0.059719183
0.060068157
0.059335407
0.05953464
0.0606928
0.059652857
0.058525853
0.05877003
0.05921494
0.05792685
0.058394734
0.06062612
0.059118953
0.059436455
0.059392903
0.061789554
0.05888582
0.058647033
0.05988643
0.05835375
0.058650702
0.05850649
0.057444338
0.05833646
0.05976043
0.060321696
0.059419982
0.061065283
0.058462415
0.059693854
0.058967616
0.058648057
0.057472732
0.05776125
0.05882462
0.05819484
0.05877459
0.05994824
0.058954924
0.058375116
0.05754522
0.05960112
0.060012862
0.05940558
0.058169153
0.058086608
0.05922362
0.0590777
0.059130963
0.058265902
0.05812581
0.05878545
0.057841927
0.057910148
0.058765177
0.060381684
0.057934605
0.057501405
0.05737495
0.057744022
0.060243074
0.05965121
0.058313865
0.059458096
0.057991084
0.058767717
0.057588603
0.058146
0.05824585
0.05906229
0.0579845
0.059130903
0.058694225
0.05778915
0.05844381
0.058387056
0.05842618
0.057948597
0.058171183
0.0580063
0.058136653
0.05842677
0.058978483
0.058269218
0.057660554
0.05835421
0.05731856
0.05823565
0.05748476
0.057051256
0.058660574
0.058286596
0.057370372
0.059424948
0.056377977
0.057714548
0.0578012
0.058326162
0.057208546
0.05821058
0.057047736
0.05707109
0.058912694
0.057090364
0.056208927
0.05922022
0.057102278
0.057222076
0.056262087
0.057458755
0.057133444
0.0572555
0.05591846
0.057485424
0.057254028
0.056789383
0.05651142
0.057156965
0.056908377
0.057943564
0.05684431
0.05740229
0.056865055
0.057230197
0.055981982
0.057238147
0.058228232
0.05765943
0.056794815
0.057292026
0.057011522
0.05758269
0.056556992
0.0567412
0.057604436
0.05706656
0.056519948
0.056449763
0.05807073
0.057033155
0.05710456
0.056356832
0.057304237
0.056481224
0.057541557
0.05773473
0.058228556
0.056228984
0.05608557
0.05764152
0.055486515
0.05577009
0.057554223
0.057297137
0.056169648
0.056391515
0.05540754
0.0565437
0.055792976
0.056353025
0.056216527
0.057192273
0.05537756
0.05605329
0.055955406
0.05623123
0.055431753
0.056809843
0.055531237
0.05630279
0.056034323
0.05531465
0.0552906
0.05577384
0.055759296
0.05585014
0.05656354
0.056926984
0.05553905
0.05566865
0.055759523
0.056618042
0.055337157
0.05551355
0.05710055
0.057604767
0.055780858
0.05570187
0.055303916
0.055342324
0.05609497
0.055585913
0.056417707
0.055508446
0.0569141
0.05517427
0.055083185
0.056918822
0.05569554
0.05559349
0.05648099
0.055386677
0.05579515
0.056202196
0.05747682
0.055387348
0.056571793
0.054974698
0.05515334
0.0558124
0.05609446
0.054517515
0.05582961
0.05574519
0.05510986
0.05643834
0.054731928
0.056086678
0.05465451
0.05425714
0.054826543
0.056129057
0.055026896
0.054702226
0.05568819
0.055225044
0.056215975
0.054099392
0.05496628
0.05436466
0.05598602
0.05502399
0.055839773
0.0563546
0.0551287
0.055235714
0.054895733
0.056769665
0.055366743
0.05496044
0.05656976
0.056129657
0.05471357
0.05514608
0.05691241
0.05495382
0.054510485
0.0573421
0.055019785
0.055539712
0.054082565
0.05446082
0.05427212
0.054693893
0.054445192
0.05533374
0.055358436
0.054987036
0.05424718
0.054494623
0.055625334
0.05343365
0.055291224
0.05464246
0.054904945
0.053956952
0.0546189
0.053827394
0.054978676
0.05488676
0.053742718
0.056605417
0.054369353
0.053040605
0.05449581
0.056440122
0.05715194
0.054318786
0.054154187
0.054499228
0.056791496
0.0546055
0.055049848
0.05503066
0.05392275
0.055941224
0.05435408
0.05557651
0.05586078
0.054999273
0.054120287
0.055221878
0.054021817
0.053900268
0.05389149
0.054202616
0.054153956
0.05445706
0.053703975
0.05452208
0.055419575
0.055250015
0.05451404
0.054156363
0.05440709
0.055997934
0.054235667
0.05496525
0.055631615
0.055636365
0.054778036
0.054053023
0.05486607
0.05351842
0.05542555
0.055376563
0.054126523
0.054044463
0.055041086
0.0546475
0.054326534
0.05388556
0.054093905
0.053474005
0.054989606
0.053451564
0.053299684
0.053422377
0.05339059
0.053536285
0.05321133
0.05380914
0.054240093
0.05393762
0.053779244
0.053043053
0.05351749
0.05355593
0.05517559
0.05281982
0.053885438
0.053504854
0.054171808
0.054104242
0.0549577
0.054143626
0.053442772
0.054702982
0.05307722
0.053541698
0.053175602
0.053800758
0.053806413
0.05398126
0.054571822
0.05308279
0.05303434
0.05332611
0.053057823
0.054032326
0.053904053
0.054701608
0.053791944
0.05338157
0.053325634
0.053012565
0.054550737
0.05382656
0.05471764
0.053029682
0.053016182
0.0532136
0.05300111
0.052994527
0.05252826
0.0526896
0.054021087
0.053570535
0.053183198
0.054038454
0.054184023
0.05265125
0.05307099
0.05281384
0.052457534
0.05511028
0.05400942
0.053442474
0.052619405
0.052543238
0.052926686
0.053404316
0.053671468
0.053279735
0.05489661
0.052904177
0.053435467
0.05281773
0.054504603
0.052813075
0.051698577
0.05254429
0.053340234
0.05205558
0.052312948
0.051872775
0.051961027
0.053610083
0.052089695
0.05240445
0.05317982
0.051631488
0.052412316
0.05165032
0.051887974
0.052071314
0.052134894
0.05203752
0.052388232
0.054449018
0.052370887
0.052818283
0.05271744
0.05210837
0.05337614
0.052944187
0.05228244
0.052757733
0.052686088
0.05355053
0.05267786
0.05218436
0.052919526
0.053373795
0.052127287
0.05366526
0.054728083
0.054368414
0.051230226
0.05219778
0.054093614
0.05266551
0.054064065
0.05205315
0.05284409
0.054935485
0.05169744
0.052407186
0.05276875
0.05195611
0.05343009
0.052838698
0.053329654
0.052398384
0.052088395
0.053955805
0.051827125
0.051614773
0.05300057
0.053448837
0.053637914
0.052594233
0.05290951
0.05239298
0.054209363
0.053719692
0.053363584
0.051582914
0.051397964
0.052633736
0.052663654
0.051920738
0.05259565
0.05185134
0.053852964
0.05306895
0.052059628
0.05196063
0.050999846
0.052559786
0.053792547
0.0527619
0.051564574
0.051345184
0.05144488
0.052170765
0.052446865
0.051205073
0.05124246
0.051256727
0.051601294
0.05091935
0.052303236
0.05170892
0.051788084
0.051607087
0.050464492
0.05286727
0.051430803
0.05128717
0.052379172
0.05131907
0.052096166
0.051422548
0.0516909
0.05195606
0.05191023
0.051928174
0.05207168
0.051540934
0.05176873
0.0515534
0.05400371
0.052277736
0.05112678
0.05102205
0.052577686
0.052165437
0.05188859
0.051349156
0.05250849
0.051116668
0.052435517
0.053627886
0.054034356
0.05210241
0.051317133
0.051542427
0.0509012
0.05092603
0.05057247
0.05239625
0.054218784
0.051695265
0.051000647
0.051511563
0.049935453
0.051196605
0.051779233
0.05118737
0.051607415
0.050423924
0.051797427
0.051036805
0.049961068
0.052465405
0.051112108
0.052741773
0.05107523
0.05108116
0.05065946
0.050412625
0.05035077
0.050759703
0.050876744
0.049839746
0.050846275
0.051589176
0.050546393
0.050614823
0.050999444
0.050495826
0.050624315
0.05064296
0.051225603
0.051262077
0.05048282
0.050295245
0.050030235
0.050711244
0.051531225
0.050145477
0.050008044
0.051395897
0.05099019
0.050200365
0.0500019
0.0496747
0.04924091
0.051193733
0.049624577
0.050610773
0.051830176
0.05066579
0.05078032
0.04928876
0.050062787
0.05058645
0.0501
0.049858455
0.050451986
0.05046613
0.051144075
0.051626425
0.050251406
0.049706418
0.049574677
0.04984636
0.049840495
0.05030014
0.049734835
0.05063956
0.05052244
0.050201133
0.0498299
0.050211053
0.05025047
0.050998915
0.05043817
0.049034018
0.04916756
0.05106509
0.05081264
0.05000003
0.05055312
0.049935106
0.050019328
0.04956453
0.049720846
0.049527254
0.050563384
0.04933517
0.05157337
0.049848236
0.052110247
0.049743418
0.050824683
0.04908143
0.05032982
0.0501013
0.049106266
0.049878716
0.05116702
0.050322555
0.051267494
0.050423227
0.04941468
0.049157668
0.049346637
0.050252117
0.04948764
0.05000391
0.050198928
0.04990019
0.05054047
0.050686236
0.050095323
0.050377782
0.05039263
0.05019118
0.05215927
0.050874256
0.050965603
0.050042186
0.049790245
0.05101317
0.050754927
0.05020539
0.05025716
0.051899392
0.050244488
0.051542234
0.05120397
0.04995492
0.050141886
0.051445775
0.05096205
0.049801257
0.050190073
0.049898706
0.05000704
0.050616495
0.049669784
0.04906504
0.04868467
0.048992284
0.049382206
0.049460553
0.050623324
0.05009445
0.05046013
0.0494432
0.049643833
0.049722902
0.050099358
0.050134443
0.04941222
0.050559536
0.049880907
0.05167515
0.04973817
0.0494694
0.049459573
0.04894855
0.048521113
0.04940595
0.048514012
0.04986916
0.049243037
0.049618423
0.048911866
0.049195364
0.0480645
0.048996285
0.049609736
0.04846539
0.0490878
0.050734118
0.048416533
0.049179353
0.048728213
0.050600316
0.050285846
0.048737682
0.050139144
0.04893448
0.050457068
0.04820754
0.049532592
0.048189107
0.0493276
0.049309205
0.049915
0.049809556
0.048189487
0.048503645
0.05200039
0.051429927
0.04895538
0.048021853
0.048547275
0.048762124
0.049018256
0.048803493
0.048759922
0.04832996
0.048222415
0.04875268
0.049194615
0.049865913
0.048896883
0.048019726
0.048266
0.04847723
0.048544645
0.048024084
0.047594048
0.048824523
0.0480938
0.048830353
0.049235873
0.048603676
0.048825312
0.048663046
0.0489746
0.048079573
0.048542317
0.048145432
0.048816614
0.049757406
0.04934145
0.048639618
0.048791967
0.04820052
0.04852699
0.04903087
0.047545664
0.048711788
0.048804015
0.048341412
0.048850324
0.04863984
0.050652947
0.048987906
0.04804212
0.048242394
0.048711825
0.048814148
0.0484112
0.049065147
0.048157398
0.04936875
0.048497755
0.048139367
0.048162438
0.04841126
0.04820502
0.04905676
0.04882495
0.048601437
0.04911146
0.047877207
0.047761504
0.048020206
0.048541788
0.04891879
0.04770038
0.048443906
0.048928637
0.047843456
0.048452336
0.047818106
0.04870623
0.04692382
0.049507633
0.04939763
0.047769744
0.048242193
0.049184427
0.048022438
0.047974713
0.04743981
0.047830928
0.047713302
0.04863267
0.047613785
0.047153227
0.04784902
0.047465883
0.04778386
0.048853587
0.04743001
0.048480097
0.04749876
0.047344774
0.048031617
0.04826601
0.0482795
0.047805063
0.047762267
0.047189377
0.047021717
0.048879277
0.04850222
0.04823687
0.04762573
0.047576886
0.04806755
0.047555063
0.047926076
0.047337238
0.047688503
0.048040543
0.047992133
0.04865942
0.04754442
0.048606794
0.048290428
0.047245923
0.048571877
0.04766955
0.047244564
0.04894067
0.04918048
0.046396293
0.046991993
0.048519064
0.04745442
0.048503876
0.0482062
0.048405692
0.048354402
0.047576092
0.047467973
0.047464173
0.048532095
0.04796059
0.048641518
0.04679722
0.047438405
0.04832115
0.047318026
0.049357712
0.04752752
0.047498856
0.047366012
0.048948508
0.04856972
0.046864413
0.048469637
0.047795534
0.047354415
0.047575135
0.047174837
0.04680233
0.046997808
0.04792522
0.046965875
0.04747481
0.04779187
0.047442943
0.047199555
0.047479603
0.046882756
0.047322053
0.047439083
0.04717956
0.047933523
0.048218355
0.047391813
0.04800063
0.047068503
0.04820823
0.04636646
0.047950257
0.046820614
0.046081584
0.045893297
0.046737622
0.04770821
0.04646029
0.046826407
0.04799661
0.046569176
0.046878885
0.04740809
0.04637318
0.046565328
0.046595916
0.045839522
0.04755498
0.04701103
0.046914622
0.047618706
0.04676677
0.0476012
0.047201652
0.04845
0.04800524
0.04699553
0.04617186
0.04693615
0.046314474
0.046709523
0.04767598
0.046174552
0.04688437
0.047773268
0.04824152
0.047456715
0.048699517
0.04727185
0.04722021
0.046469886
0.04650991
0.04853779
0.04675154
0.04661152
0.04684281
0.046065588
0.04717361
0.047941778
0.046502843
0.046578083
0.047675066
0.046432953
0.04702096
0.047033336
0.048557572
0.047017056
0.046451133
0.046594482
0.046517134
0.046290524
0.04730886
0.04673251
0.045684252
0.04659062
0.04625442
0.045694243
0.04710342
0.04783664
0.04684799
0.046966698
0.047378387
0.046450637
0.0456608
0.04601875
0.046873793
0.045898102
0.04740742
0.047209013
0.047019817
0.046440974
0.046222024
0.045892004
0.045774456
0.046670415
0.046882547
0.047712497
0.04723699
0.046170324
0.04648665
0.047101114
0.04748276
0.046169095
0.04645844
0.045839787
0.045061093
0.045564853
0.046137694
0.046843585
0.046984494
0.04752764
0.04681449
0.04696793
0.04599424
0.046109766
0.04670435
0.046740353
0.045438465
0.046520155
0.046868365
0.04590585
0.046624444
0.046245776
0.045924876
0.046559755
0.04547065
0.04504078
0.045474026
0.046130683
0.045385793
0.045194227
0.047663175
0.046220686
0.04603098
0.04542369
0.046306208
0.046840005
0.046645038
0.045775272
0.044653356
0.044900987
0.044919394
0.045979585
0.045788195
0.045972396
0.04459647
0.04591218
0.04554502
0.04505366
0.045937784
0.046413578
0.044838276
0.044829197
0.044391334
0.045156933
0.045385085
0.045705818
0.04588733
0.045044057
0.04522679
0.045966737
0.045601223
0.045888156
0.044660255
0.045175787
0.04534651
0.045289237
0.044930354
0.046153992
0.047531303
0.046525124
0.045531955
0.0457502
0.045277543
0.04554916
0.04619049
0.04584782
0.044952344
0.045155514
0.046221677
0.045540262
0.04577652
0.04545768
0.04477251
0.045959074
0.04638494
0.0447389
0.047580443
0.046136957
0.045718696
0.04737157
0.047201
0.04558666
0.045784526
0.045943394
0.045647472
0.045423407
0.045118067
0.045015104
0.045426458
0.045090765
0.045672707
0.04508202
0.046664655
0.045797717
0.04454874
0.04520279
0.049025822
0.044377465
0.04622641
0.045549545
0.04668072
0.04516698
0.04448727
0.044618137
0.04561044
0.04558357
0.04477359
0.045939513
0.04502711
0.046846204
0.04485311
0.045698564
0.045636557
0.045233954
0.046685167
0.0460731
0.04440563
0.044854634
0.04510479
0.044930235
0.046535272
0.046711404
0.046813253
0.044642705
0.04462478
0.04583244
0.044356193
0.044398535
0.044455085
0.044982485
0.045006152
0.046976652
0.046167903
0.0455241
0.04541324
0.046272747
0.045878563
0.04494019
0.04396576
0.044880815
0.044768695
0.04437367
0.04612737
0.04515106
0.04405151
0.04411891
0.043942895
0.044565976
0.045397304
0.04503425
0.044102043
0.043923225
0.045811903
0.044579
0.04405656
0.044401485
0.04355012
0.04520661
0.044591796
0.04498719
0.044597916
0.045238037
0.045348313
0.04447966
0.043874465
0.044541277
0.045579176
0.044711113
0.04482798
0.04498711
0.044558413
0.045451507
0.044945274
0.04643192
0.044411328
0.044665
0.044398732
0.045155734
0.045163155
0.04488105
0.04531622
0.044813175
0.043755636
0.04471178
0.045206774
0.043440487
0.04393908
0.045175377
0.044387195
0.04413039
0.04449712
0.045102254
0.044712666
0.044169005
0.04491968
0.04464366
0.045679223
0.04323598
0.043673962
0.044673465
0.045488857
0.044199184
0.044557523
0.044742778
0.04502
0.044697218
0.04439174
0.048764966
0.044294402
0.04454885
0.04450668
0.04388229
0.046201903
0.043956023
0.044128202
0.044656977
0.04420297
0.04433692
0.04469452
0.04445894
0.04438629
0.044334717
0.04454395
0.04376451
0.044268068
0.044874217
0.044620134
0.04486431
0.04370416
0.045536824
0.044698946
0.043869957
0.043286946
0.04587051
0.044294897
0.045112204
0.044632237
0.04565739
0.04509414
0.04397068
0.04423698
0.04636963
0.043726042
0.045660026
0.043988254
0.044570204
0.044934
0.044228498
0.043795668
0.044545606
0.043853607
0.043682694
0.043931577
0.044473194
0.04449077
0.04544938
0.045227654
0.044127975
0.0441898
0.044506878
0.043810174
0.043883372
0.044318542
0.043394208
0.043603648
0.044306092
0.043966334
0.044885565
0.044816606
0.044911433
0.043156926
0.043892227
0.04460566
0.044798143
0.044276446
0.044829823
0.04453324
0.044757575
0.044020634
0.04411766
0.044030864
0.044356607
0.04369073
0.044188708
0.044011123
0.044498306
0.044029973
0.04411396
0.043689255
0.044084992
0.045199484
0.044723377
0.04343666
0.044153653
0.044164408
0.04407483
0.04482023
0.045139797
0.044271648
0.043128576
0.04368662
0.04430726
0.043551374
0.043920677
0.04416785
0.043946832
0.0439832
0.04383661
0.04331763
0.04304064
0.04430588
0.04401135
0.04302293
0.04434079
0.04359017
0.04452757
0.04287499
0.043390017
0.044242363
0.04304182
0.04335951
0.043653052
0.044369556
0.043243356
0.04461406
0.044378456
0.044534385
0.044958744
0.043102965
0.043633178
0.04393887
0.045089494
0.0440588
0.04253943
0.04403283
0.04375899
0.04385997
0.045351394
0.042294126
0.0428284
0.043743324
0.04326591
0.045808885
0.04425356
0.043954168
0.042990822
0.044205047
0.04276998
0.044512354
0.043778405
0.043905016
0.04384877
0.045273475
0.045345135
0.044133525
0.043407086
0.043499436
0.044070996
0.04470036
0.0437818
0.045053624
0.04359407
0.043024175
0.044617575
0.04365535
0.044046927
0.04452953
0.043566532
0.043594666
0.043974508
0.04359567
0.043601815
0.04391694
0.04368005
0.043461762
0.044105228
0.0438607
0.04293381
0.043889545
0.042911965
0.04315235
0.04307166
0.04382994
0.043791797
0.04504147
0.042661242
0.042714193
0.044060994
0.04314828
0.0425162
0.04410767
0.043427397
0.04286807
0.043299027
0.0428657
0.04304852
0.043320414
0.042680535
0.043551948
0.042524144
0.043302465
0.042794473
0.043031484
0.04348008
0.042950585
0.04256843
0.042895313
0.043331802
0.043470863
0.042153135
0.04310395
0.042945065
0.043847512
0.0432466
0.044268575
0.04264421
0.043157514
0.043532275
0.043025628
0.043210045
0.044035498
0.044024438
0.0430309
0.04335832
0.04431664
0.044288732
0.042855974
0.042364977
0.045210253
0.04347325
0.043220557
0.04342299
0.043108486
0.043587897
0.04319732
0.044761058
0.043602303
0.043022823
0.042811073
0.043068912
0.04313771
0.04313435
0.043319717
0.04322432
0.04390358
0.043478098
0.044821106
0.045199383
0.043266084
0.04283685
0.043249786
0.04493274
0.044204008
0.042994406
0.044273872
0.042947993
0.043137107
0.043423392
0.04262819
0.04349296
0.04400358
0.043354463
0.04312664
0.042430077
0.042887203
0.042444393
0.043785855
0.043346684
0.043664996
0.04263514
0.042676345
0.042171508
0.042806875
0.042562228
0.04266327
0.042154253
0.042782124
0.04231883
0.042918857
0.041849077
0.043980837
0.042006593
0.043344792
0.042627905
0.04288854
0.04279577
0.04313532
0.04163297
0.04348752
0.043077204
0.041009374
0.04223316
0.042559914
0.04134733
0.0414106
0.04242857
0.0432134
0.041988943
0.042053737
0.044514045
0.042696062
0.044461876
0.042688727
0.041604545
0.042256523
0.04192644
0.042578403
0.042497054
0.041612953
0.041827545
0.041703776
0.042843465
0.042195696
0.042107683
0.041663922
0.04204583
0.04201893
0.04218246
0.04153041
0.0427865
0.04191881
0.042313386
0.04250217
0.04175411
0.041726995
0.041353863
0.041527133
0.041817624
0.041609198
0.04229655
0.04181425
0.042274415
0.04178761
0.04185297
0.0415276
0.041816242
0.04178797
0.041797
0.041052703
0.041269828
0.04156945
0.04325447
0.041169435
0.041605715
0.041039106
0.041981813
0.041454654
0.041526243
0.041026514
0.042572893
0.041579075
0.042300474
0.041757952
0.041437168
0.042029113
0.04180616
0.042363968
0.04092208
0.042315394
0.04157444
0.041286997
0.04280939
0.041840103
0.040965114
0.04101419
0.04109643
0.041164637
0.041760866
0.041188966
0.041872982
0.042481475
0.04216833
0.04112149
0.041609764
0.041601717
0.04110142
0.04132356
0.042415015
0.042379152
0.0416837
0.04090676
0.041296
0.042117845
0.042226393
0.042328835
0.042449076
0.040544774
0.042370338
0.041415874
0.04160025
0.04117016
0.041657288
0.04192412
0.04260181
0.040708914
0.041123033
0.041417323
0.041720428
0.04247769
0.041175723
0.04154048
0.041514616
0.04097618
0.042276256
0.04152159
0.04186814
0.042162523
0.04211992
0.042367704
0.04133853
0.041536707
0.04194315
0.041099798
0.042029075
0.041270543
0.04139911
0.041904867
0.04166025
0.041218948
0.04187665
0.040359452
0.041013364
0.041138396
0.04254015
0.041289024
0.04225083
0.042611632
0.04201998
0.041593
0.042565998
0.041037228
0.04203033
0.042137742
0.040673643
0.04138888
0.04170913
0.04223107
0.041243274
0.041348502
0.041231826
0.041306373
0.041146956
0.0423459
0.042835265
0.042297203
0.04174193
0.041517626
0.040926162
0.041277345
0.041529473
0.04209568
0.04136346
0.04148892
0.040680274
0.042513754
0.041634712
0.041153975
0.041923758
0.04070701
0.041151464
0.041170277
0.04051494
0.041263275
0.040691417
0.04187695
0.040429056
0.040840432
0.040796094
0.04309042
0.041082688
0.042358276
0.04103526
0.040895578
0.042127516
0.04086904
0.0407477
0.040689778
0.041652143
0.04087433
0.040526047
0.04184081
0.040950906
0.04181776
0.040994883
0.040820364
0.04040644
0.041988425
0.043966886
0.041358124
0.041231446
0.04083291
0.04126786
0.040363725
0.041927606
0.040535834
0.04048544
0.041092686
0.04103402
0.041416526
0.040708154
0.04213124
0.04063084
0.040957
0.040865514
0.04139277
0.04176348
0.040411588
0.040446218
0.040792316
0.040751755
0.04147903
0.04148429
0.040875904
0.040994827
0.043173827
0.040867176
0.041405916
0.041126825
0.04100359
0.040851317
0.040393095
0.040834624
0.040461753
0.040495753
0.040112376
0.04098426
0.04057117
0.040354215
0.039880782
0.041007444
0.041315187
0.041090697
0.041114938
0.043502398
0.04073024
0.040285885
0.039786056
0.04078239
0.03999422
0.04050023
0.04001377
0.04029268
0.04189943
0.04092867
0.040606216
0.041007355
0.040825233
0.04012771
0.040425226
0.041109536
0.041046422
0.04055277
0.04060713
0.040627636
0.040538494
0.040202275
0.040130965
0.04173364
0.040459704
0.040687982
0.040593304
0.04234661
0.040880576
0.041167744
0.040990308
0.040243767
0.04015006
0.04066449
0.039829016
0.040595837
0.039657973
0.04055866
0.040772967
0.0409143
0.04042371
0.039838713
0.04157123
0.04053028
0.040725864
0.040931065
0.04068191
0.039918557
0.03981789
0.0394322
0.04016972
0.04087888
0.04007984
0.040327523
0.04165735
0.04065011
0.039930493
0.040179137
0.04126204
0.039773997
0.04070097
0.040300112
0.040859584
0.040221144
0.04001202
0.039757013
0.04165896
0.04041407
0.040795818
0.039798006
0.041208223
0.039730202
0.040058482
0.04049822
0.04098191
0.04045333
0.040268525
0.040538944
0.040546138
0.04024302
0.040380415
0.039585445
0.039842743
0.03904818
0.039215006
0.0397113
0.039936118
0.04091906
0.041118246
0.040191997
0.03999943
0.039566625
0.03949593
0.040234845
0.039956246
0.03985636
0.041147873
0.0392596
0.039919447
0.039961614
0.04116726
0.039995
0.040652707
0.041082244
0.040536456
0.040493652
0.040477294
0.04070691
0.039674316
0.040856786
0.040261667
0.040358167
0.040247284
0.039521307
0.041389234
0.040054582
0.03944333
0.04085699
0.041057777
0.039606124
0.040408436
0.04041808
0.040318586
0.04000841
0.04065847
0.040916264
0.040657222
0.040563077
0.040072322
0.040335678
0.039900146
0.040074877
0.04007425
0.04013412
0.040031813
0.039569788
0.04037922
0.04114726
0.039958898
0.039806634
0.039527196
0.038824506
0.03949519
0.040196255
0.039361022
0.039197553
0.039635967
0.04040426
0.03897368
0.040758397
0.040143266
0.040584203
0.039592948
0.03922039
0.039397653
0.039303232
0.04008481
0.0404053
0.04039471
0.040102422
0.039753087
0.04008068
0.03946379
0.04286189
0.040300865
0.03983931
0.039712775
0.03954221
0.039252866
0.03962444
0.039460644
0.040222023
0.039788995
0.039587624
0.04092409
0.03930749
0.040594112
0.03915266
0.040882133
0.039472237
0.039081685
0.040438656
0.039942622
0.03899255
0.03940134
0.03936821
0.039304983
0.03920639
0.03999409
0.038596947
0.039359078
0.040274445
0.03927885
0.040294994
0.039591495
0.038798515
0.039172117
0.03851373
0.039096475
0.03904673
0.039927676
0.040550996
0.040146258
0.039841026
0.039027303
0.040462255
0.039416015
0.039365217
0.03942285
0.039580412
0.039164882
0.040457286
0.038800213
0.039093938
0.03941182
0.039210953
0.039208613
0.038966488
0.038747743
0.03911826
0.039658174
0.03962559
0.03917719
0.039795253
0.039729424
0.038667664
0.039671633
0.038764212
0.03937838
0.03897114
0.039033994
0.038882833
0.03917002
0.039353438
0.039053056
0.039317157
0.039999314
0.03834383
0.03903841
0.039300524
0.03870785
0.0391717
0.038813036
0.039826114
0.038749676
0.03902857
0.0397781
0.03888272
0.03919288
0.03870916
0.039079838
0.038939573
0.03927564
0.039313726
0.038952764
0.03917042
0.04013865
0.040158767
0.03992125
0.038513817
0.038689643
0.039542258
0.038565814
0.03873138
0.04003942
0.03913437
0.039427526
0.03906829
0.039515223
0.03904057
0.039296873
0.03975601
0.038363334
0.038792457
0.04009255
0.038328875
0.039810278
0.038432404
0.039711088
0.039187413
0.0390173
0.039643817
0.0395859
0.0390095
0.038725343
0.039534915
0.039699193
0.03879014
0.03951788
0.038978454
0.039193906
0.03910356
0.039084587
0.039431207
0.038880534
0.03855285
0.039044574
0.039380632
0.03942244
0.038303707
0.03860168
0.038497366
0.03841469
0.040687904
0.03843713
0.038926598
0.038644042
0.038495943
0.03888071
0.039919756
0.039035417
0.038034465
0.03887262
0.039301965
0.03868949
0.040132217
0.039499827
0.03870314
0.03829829
0.038725004
0.03868707
0.037865106
0.03965804
0.038512383
0.038221005
0.038560934
0.038517933
0.038577676
0.038813744
0.039433707
0.038967438
0.039023817
0.03890616
0.039078467
0.038813986
0.03826934
0.039595615
0.03814414
0.0386157
0.039623376
0.038027007
0.0405522
0.038649984
0.038580935
0.03875479
0.03842004
0.038355965
0.039276276
0.037747342
0.03755995
0.037374556
0.038002647
0.039191313
0.038289756
0.038268525
0.03941622
0.03804314
0.0385083
0.03852513
0.039039567
0.038074136
0.038726076
0.037980866
0.037817135
0.03825577
0.03839622
0.03870399
0.039718777
0.04034183
0.04058871
0.039698105
0.038462766
0.038252044
0.03875314
0.038195718
0.038663853
0.037685897
0.038664624
0.039071
0.038392846
0.037821766
0.03766637
0.039068695
0.037881438
0.038189247
0.037987635
0.037560727
0.03799162
0.03743748
0.037820533
0.038052026
0.03827367
0.03833661
0.03751746
0.038469482
0.038708262
0.037579056
0.037774477
0.03771918
0.038167514
0.0375059
0.03936017
0.03817268
0.0380475
0.038699687
0.038252205
0.039408177
0.03782394
0.0391263
0.03742115
0.038402613
0.038776767
0.038112726
0.038272686
0.038882554
0.03857339
0.03766954
0.037699427
0.039528962
0.03847941
0.037536766
0.037717484
0.03899267
0.038956214
0.03912656
0.037505854
0.039449535
0.037172675
0.03859226
0.038651016
0.03827016
0.038261116
0.038879573
0.0385149
0.038789462
0.038149487
0.037907925
0.03819313
0.038639788
0.03746978
0.039538983
0.038645566
0.03883999
0.037756864
0.037101664
0.03774253
0.03821361
0.03818235
0.037754048
0.0384453
0.03855893
0.038267598
0.039290126
0.038700555
0.037579395
0.038189426
0.03817798
0.03889726
0.03819313
0.03760079
0.038280282
0.038387608
0.038147
0.037744567
0.03738443
0.039207514
0.03811701
0.038045727
0.037289515
0.037790917
0.038386222
0.03795281
0.03847306
0.037753996
0.03928143
0.038178694
0.037557133
0.038269825
0.038173154
0.03827287
0.03822421
0.038311116
0.0389527
0.037866406
0.037954863
0.038455423
0.037462298
0.037576307
0.038201526
0.03748174
0.038333405
0.038402777
0.03798179
0.03861121
0.038406547
0.03949911
0.037600286
0.037606742
0.038411703
0.038865812
0.037548505
0.038182717
0.03816733
0.03866372
0.03811668
0.037224907
0.037703086
0.037118737
0.038190164
0.03736892
0.037543397
0.03761897
0.037494387
0.037552696
0.037461374
0.03751601
0.03811216
0.038207226
0.038210012
0.039362792
0.03810391
0.038138434
0.038217857
0.037590124
0.038577303
0.037626214
0.03769307
0.03877197
0.037453886
0.037303343
0.0378935
0.037169196
0.03798106
0.037942458
0.037131283
0.037445087
0.03812409
0.03734328
0.037853476
0.036907658
0.03917892
0.03761748
0.03865287
0.037558407
0.037380934
0.037610374
0.037607323
0.03695104
0.037621427
0.036605317
0.03680002
0.037343666
0.039498188
0.037074246
0.03857726
0.03693185
0.036581907
0.0374809
0.037215784
0.03725167
0.0381962
0.037328515
0.03773663
0.037201103
0.037306476
0.037812233
0.03701964
0.038508274
0.0373855
0.03687152
0.03783046
0.03781262
0.038374063
0.037239596
0.037445605
0.037052933
0.03758337
0.037772518
0.037197422
0.039080057
0.037812047
0.036952596
0.037188184
0.037895933
0.037531048
0.036701888
0.03788623
0.037363015
0.036797978
0.0370398
0.037582003
0.037274178
0.036492985
0.03687288
0.037341908
0.036605768
0.03861778
0.036804494
0.037761807
0.037782613
0.03658289
0.03689036
0.036633033
0.037625644
0.03736331
0.03713327
0.036259517
0.036964852
0.036483698
0.037098713
0.037021324
0.037646756
0.037464555
0.036998063
0.03760893
0.037874535
0.036991116
0.036887016
0.037521426
0.036943264
0.03692376
0.03704205
0.03707069
0.0367585
0.036560006
0.036782514
0.03631402
0.03653302
0.036889594
0.037395928
0.037251413
0.037436925
0.0366448
0.038353853
0.036888946
0.03866706
0.037270118
0.037105538
0.03670974
0.036740016
0.03815631
0.037711814
0.036985256
0.036865417
0.03676913
0.036449667
0.03721447
0.0374788
0.036883503
0.036948096
0.037085403
0.037874192
0.037261114
0.03742269
0.037171766
0.0368861
0.03619467
0.037405297
0.03709429
0.037112158
0.037359294
0.036748294
0.0364938
0.038209677
0.037559874
0.03738041
0.037075907
0.037209872
0.03693871
0.036956795
0.03719943
0.03736015
0.036675703
0.03753097
0.03721767
0.036744323
0.036937468
0.037738558
0.037042577
0.03686455
0.03638774
0.03659726
0.036640942
0.03698353
0.03672687
0.036732744
0.03705461
0.037066054
0.036878757
0.036217306
0.036920536
0.037532996
0.036680013
0.03779994
0.036816016
0.036537156
0.037240136
0.03713006
0.036259513
0.036907397
0.038306512
0.037385374
0.037763577
0.038354382
0.036532912
0.03706756
0.037019357
0.036480263
0.037334487
0.037234534
0.037051
0.03758476
0.037290666
0.03680028
0.036878247
0.03742509
0.036168706
0.036281176
0.036396995
0.036702316
0.03660368
0.037123807
0.036437504
0.03893748
0.03795372
0.037402287
0.03643377
0.03665231
0.036329113
0.036685135
0.03700985
0.037320632
0.036842763
0.03696615
0.037799127
0.036693852
0.03812097
0.037212405
0.036517672
0.036554612
0.0369644
0.037280247
0.03651896
0.036724806
0.036421042
0.038423005
0.036770117
0.03619534
0.036300763
0.037182156
0.036681585
0.03699315
0.037124112
0.036513887
0.036138136
0.036447078
0.036634106
0.036645006
0.03639569
0.036769077
0.037493486
0.035549514
0.03563028
0.03638424
0.036973115
0.037072156
0.037283298
0.036600757
0.035723444
0.037248835
0.03730645
0.036590353
0.0367994
0.036415234
0.036686957
0.03853506
0.038153693
0.03768451
0.03916801
0.03761585
0.03718661
0.037243303
0.03663813
0.037835006
0.036900576
0.03721329
0.037435148
0.03787664
0.037643924
0.036806256
0.036272634
0.038015753
0.036986046
0.036883514
0.037311547
0.0374303
0.03637869
0.037066307
0.036652625
0.03635105
0.036389496
0.036583994
0.037156872
0.03611068
0.036840938
0.03653049
0.03589987
0.037245598
0.036342937
0.036421616
0.037471585
0.03729197
0.03597737
0.03680673
0.036305606
0.03753915
0.036523696
0.035990413
0.03663281
0.036619335
0.035963956
0.037153028
0.03720692
0.037255052
0.03662234
0.036966156
0.03575308
0.035782274
0.035766568
0.036295816
0.03691324
0.03685421
0.036957696
0.037734244
0.036940686
0.03650426
0.03651399
0.037510503
0.0364914
0.036485612
0.03555946
0.036746737
0.036212932
0.036783382
0.03672465
0.036080655
0.036561817
0.037734713
0.03715869
0.036705382
0.03623975
0.037010513
0.03640853
0.036040284
0.036709722
0.03624575
0.036514435
0.036893137
0.037632424
0.038068242
0.036227703
0.0366518
0.03695252
0.036746167
0.037402827
0.035868663
0.036587935
0.03754001
0.036930613
0.03721593
0.036332343
0.036531612
0.039095666
0.037187796
0.03586934
0.038930394
0.036648326
0.03660585
0.036521763
0.035774365
0.035971828
0.03584179
0.036156423
0.03678563
0.03688407
0.0372252
0.0355577
0.03598216
0.03629647
0.036052763
0.035926364
0.03611251
0.035393
0.036673803
0.0355507
0.036108118
0.036198948
0.03603747
0.035999753
0.036399163
0.03620981
0.036394555
0.03583534
0.036098056
0.035440158
0.03582722
0.036464583
0.036471885
0.035786137
0.035623595
0.03557854
0.036291845
0.03545143
0.036191825
0.03564019
0.036384575
0.037134014
0.03647349
0.03708492
0.037327338
0.036364146
0.035676893
0.036320075
0.03652962
0.03565287
0.036548942
0.035922665
0.03657401
0.03583976
0.03790683
0.036082573
0.03734368
0.035483293
0.03615545
0.03678125
0.03618815
0.036426
0.03689987
0.03591431
0.036791373
0.035661176
0.03645775
0.035709847
0.03674009
0.035750926
0.036265295
0.036078576
0.035493325
0.035674293
0.036834642
0.03661272
0.03624011
0.03586615
0.03567811
0.03564133
0.03628804
0.03594312
0.03588778
0.036735304
0.036105573
0.03663027
0.03667115
0.03589116
0.036100477
0.035951752
0.036105372
0.036599725
0.03601954
0.03571506
0.036004536
0.0360958
0.03517954
0.035892874
0.035469685
0.03497317
0.036297265
0.036107562
0.035740726
0.036124032
0.035699144
0.03569135
0.036951274
0.03516689
0.035564266
0.03558984
0.03574064
0.03629143
0.035964876
0.036680613
0.03616582
0.03567923
0.03557996
0.035962824
0.03756406
0.036179796
0.036633812
0.036261063
0.035847034
0.036054265
0.036112238
0.035339504
0.03553665
0.03532522
0.036264904
0.035093963
0.034949537
0.035578016
0.036620285
0.036385812
0.035686903
0.035776235
0.035431758
0.035395402
0.034978617
0.035283368
0.035720997
0.035182174
0.035321772
0.0355711
0.036352176
0.035717648
0.036003586
0.03570041
0.035615746
0.036130104
0.035455883
0.03656252
0.03573597
0.035528664
0.035678275
0.03681982
0.035375927
0.035304777
0.035739712
0.035289533
0.035759218
0.035919726
0.035693016
0.035736743
0.035881907
0.03686349
0.03762688
0.036939863
0.03609386
0.03503446
0.03584026
0.03576554
0.03681419
0.03664115
0.03492484
0.036571186
0.03526784
0.03580066
0.03676447
0.035527494
0.036752455
0.037136074
0.036565587
0.03546999
0.035174455
0.03562215
0.03550839
0.036482725
0.035624072
0.035414334
0.03602401
0.035457857
0.035164863
0.03633414
0.035072055
0.035453614
0.03552374
0.035437442
0.035450477
0.03560879
0.035583682
0.035295043
0.03572277
0.03525011
0.03628518
0.036314946
0.03550767
0.03552091
0.035330728
0.035901856
0.036723137
0.035866905
0.035702594
0.03565033
0.035322193
0.036019776
0.035459984
0.037010293
0.036308445
0.03497781
0.036348578
0.035841227
0.034975883
0.034910195
0.035612945
0.03542305
0.03534177
0.036391668
0.03543798
0.03531418
0.035311062
0.03578538
0.034765072
0.03514703
0.03515543
0.035465468
0.034979567
0.03526712
0.035500944
0.035612192
0.035164487
0.035348173
0.035357058
0.03574407
0.035603005
0.03622455
0.03575886
0.034794416
0.034891114
0.035543855
0.035652485
0.035425376
0.035363946
0.03507404
0.036545273
0.035277523
0.035438187
0.035400398
0.035135496
0.035244595
0.035075936
0.035730645
0.034660928
0.03502822
0.035254948
0.034733426
0.0360137
0.035089727
0.035138506
0.036014713
0.036008332
0.03590828
0.036065586
0.03581016
0.035037607
0.03495481
0.035478905
0.03501425
0.034960665
0.034434788
0.03500285
0.035318643
0.035778124
0.037834518
0.034763694
0.03620611
0.03581443
0.034071155
0.03529648
0.035703186
0.035298366
0.035185866
0.034957737
0.03522214
0.03462893
0.0352939
0.035123147
0.03653133
0.03510703
0.0364132
0.035856094
0.035815086
0.03453387
0.035105165
0.03654882
0.035177965
0.035525527
0.03498235
0.034802824
0.03644622
0.035121664
0.037682306
0.03567605
0.035366412
0.036386434
0.03491257
0.03503495
0.035532724
0.03488095
0.03576105
0.035135493
0.036718052
0.036353048
0.03430445
0.036105737
0.035074178
0.034675416
0.034175437
0.03481837
0.034212988
0.03662126
0.035351507
0.034744624
0.03471418
0.035348345
0.034235097
0.035413165
0.035104185
0.034703355
0.034837514
0.03539668
0.034579888
0.035292678
0.03545434
0.034616087
0.03481837
0.034745455
0.034701236
0.035351932
0.03553674
0.03681142
0.035926297
0.035119195
0.03498928
0.035741724
0.03494671
0.035376273
0.03533304
0.03545573
0.03471087
0.03531737
0.0353749
0.035002954
0.033902913
0.034641948
0.034057736
0.035801042
0.03589027
0.035370003
0.03466936
0.034888424
0.035122205
0.035125364
0.035427872
0.034913342
0.03509762
0.03407363
0.03515551
0.035025407
0.034690704
0.034558073
0.035258275
0.03531929
0.034411605
0.0347999
0.03498015
0.035273544
0.03516483
0.034444276
0.0351528
0.035074748
0.034406032
0.03545462
0.035040822
0.03422941
0.03413572
0.0342456
0.03590892
0.0345785
0.034834262
0.034484617
0.033961564
0.03448866
0.03441587
0.035236374
0.03439159
0.034943324
0.034983806
0.034767017
0.035088375
0.033772375
0.034854464
0.03454417
0.036380213
0.03461582
0.035533268
0.034567665
0.034150697
0.03526905
0.03468681
0.034072824
0.034165647
0.03544024
0.034459535
0.03503325
0.034331907
0.034226015
0.03456671
0.033994343
0.035051156
0.034137864
0.034538537
0.036102515
0.034574736
0.034812033
0.034758955
0.03372249
0.03476139
0.03449095
0.03391868
0.034753155
0.0354029
0.033789605
0.034262154
0.034634333
0.035023075
0.034973785
0.034241226
0.035502985
0.034411196
0.034544542
0.035305023
0.034608442
0.0355709
0.034098767
0.03455949
0.03465451
0.034877338
0.034490764
0.034197338
0.034591794
0.033966877
0.034515407
0.034352876
0.034900703
0.03436671
0.034480717
0.03595601
0.034633003
0.034203816
0.0348464
0.033835344
0.033773758
0.034554318
0.034440387
0.03474016
0.034274664
0.035071682
0.03400704
0.034146298
0.03383566
0.034045435
0.03416653
0.033821173
0.034957528
0.033365164
0.034626238
0.03410302
0.03399579
0.034162246
0.034172237
0.035384588
0.033656932
0.03441046
0.034135316
0.033563077
0.03487541
0.03399919
0.03396249
0.035318192
0.033465516
0.03473655
0.034153327
0.033978924
0.034193203
0.033818036
0.03497803
0.03474507
0.033657588
0.03344852
0.033708144
0.034378763
0.03417671
0.034225482
0.0345107
0.034499846
0.034365363
0.034048453
0.034105223
0.03360985
0.034294188
0.034181237
0.033739246
0.033985365
0.033971783
0.03342044
0.033869445
0.033808623
0.03360566
0.03381594
0.034386132
0.034252733
0.03430189
0.034988027
0.03419473
0.0350504
0.0341238
0.034422044
0.033985585
0.034116037
0.035044074
0.034234777
0.034282643
0.036019813
0.034075003
0.03530799
0.035065882
0.034326453
0.034250345
0.0354401
0.034387052
0.035578996
0.035031077
0.03569602
0.035673656
0.034993306
0.03412664
0.034453653
0.034335863
0.035018038
0.033618595
0.03443109
0.033930898
0.034965605
0.034760624
0.03354546
0.034253135
0.034498356
0.03382504
0.033935193
0.033390168
0.03413128
0.034354128
0.03409235
0.03418802
0.034309603
0.033950906
0.03402888
0.03395849
0.035910673
0.034878206
0.03355751
0.033546817
0.03433031
0.03413387
0.0357355
0.03424256
0.034206778
0.034018956
0.03497362
0.033149086
0.0341865
0.03446561
0.033696916
0.03399357
0.033615995
0.034491323
0.033534475
0.033556186
0.03409981
0.033493914
0.034338947
0.033960506
0.034503464
0.033669736
0.034051456
0.033564415
0.03346151
0.034624662
0.03399343
0.033900417
0.035012238
0.03408305
0.034000617
0.033395346
0.03345748
0.034296434
0.034290943
0.033464022
0.033179667
0.032901667
0.03367593
0.033644736
0.03398588
0.03366782
0.03381496
0.03487784
0.033625364
0.03418453
0.033904586
0.033355504
0.033839993
0.03337016
0.035035003
0.03379361
0.03355553
0.034277633
0.03495538
0.03304713
0.034569375
0.033146076
0.033978704
0.033749208
0.033302784
0.03381954
0.03435091
0.033345316
0.033822574
0.033885907
0.033543013
0.034230925
0.033598665
0.033527736
0.034035344
0.03338628
0.033466674
0.034463547
0.033363305
0.03404833
0.03376614
0.034306575
0.033937808
0.03392385
0.033601496
0.034563642
0.03424638
0.033289637
0.03348565
0.034075875
0.033655763
0.03370487
0.034258686
0.033730026
0.033270378
0.033394143
0.033583052
0.03302228
0.035416577
0.03387159
0.033074632
0.033039473
0.03273672
0.033439904
0.033741478
0.03357809
0.033243593
0.033389162
0.03249216
0.034003083
0.03260123
0.033183172
0.033990912
0.034024723
0.033738874
0.03283891
0.035051655
0.035025015
0.034619395
0.03428563
0.033693384
0.03463674
0.034822427
0.03401039
0.033938665
0.03432569
0.033537183
0.03443727
0.03347324
0.033009786
0.033521276
0.03394446
0.033879187
0.03395172
0.03477181
0.03423704
0.034095775
0.033684988
0.033895884
0.033765417
0.033544242
0.033427835
0.035871394
0.03406509
0.033550937
0.033944882
0.033426274
0.033073485
0.033939723
0.033315714
0.033853684
0.033573102
0.03476001
0.03371657
0.03305611
0.033393588
0.033262495
0.034144033
0.034520585
0.033512756
0.03306442
0.034059122
0.033486575
0.034301043
0.033896893
0.032995496
0.033341125
0.03314854
0.03435003
0.033169597
0.032864746
0.033545893
0.033512246
0.03323879
0.033429403
0.034634702
0.03301909
0.034071054
0.033072818
0.034165725
0.033733293
0.033176374
0.03320792
0.03328527
0.033938054
0.034330223
0.033309475
0.033976108
0.033366363
0.03418594
0.03356924
0.033542465
0.033823643
0.03386875
0.033434432
0.034842458
0.03343691
0.033198
0.03314735
0.034002464
0.03258373
0.03388233
0.03407785
0.032936923
0.034819927
0.03343547
0.034136977
0.0340404
0.03381207
0.034294114
0.034644514
0.03338335
0.033818804
0.033874203
0.03424146
0.0335065
0.033385355
0.033271007
0.03306988
0.03319798
0.033811457
0.033459548
0.032912515
0.033480234
0.03367611
0.03390164
0.033148974
0.03362123
0.03342576
0.033682894
0.033342674
0.03335825
0.03459063
0.033583302
0.03448072
0.033035655
0.03385088
0.03286945
0.033091854
0.033426065
0.032703817
0.033868514
0.033736367
0.032939095
0.033051565
0.033651594
0.033329744
0.033439647
0.03380705
0.033238094
0.033545688
0.03350092
0.033714354
0.03429168
0.033373877
0.033067696
0.03307907
0.033531044
0.03320267
0.033977494
0.03370363
0.03343262
0.034396693
0.034395117
0.034680054
0.033062015
0.033454962
0.03347601
0.034511317
0.03310882
0.033963013
0.03319209
0.032755796
0.032883417
0.03303116
0.034338806
0.033105034
0.033615872
0.03430521
0.032832187
0.03264414
0.0340643
0.03368877
0.03558779
0.033389814
0.03335599
0.033830952
0.0336416
0.033974227
0.03329944
0.034042526
0.033315964
0.03329174
0.033107497
0.033193614
0.03320489
0.034064047
0.033654533
0.033231277
0.033011176
0.033863723
0.03390954
0.03355747
0.033634275
0.03414348
0.03359391
0.03312583
0.03347306
0.033583198
0.03361002
0.033795286
0.033551965
0.033758517
0.03397403
0.033401303