20 198.14 -0.18 197.96 0.079 16 28 0.35 0.0 
40 196.88 -0.56 196.32 0.104 33 56 0.72 0.0 
60 195.52 -1.0 194.53 0.122 49 90 1.07 0.0 
80 194.87 -1.51 193.36 0.145 61 122 1.34 0.01 
100 192.28 -2.05 190.23 0.168 73 159 1.6 0.01 
120 190.86 -2.53 188.33 0.201 88 200 1.93 0.01 
140 191.09 -2.91 188.19 0.225 100 239 2.19 0.01 
160 190.95 -2.9 188.05 0.24 114 273 2.5 0.01 
180 189.4 -3.03 186.37 0.26 125 313 2.74 0.02 
200 187.64 -3.45 184.19 0.292 138 355 3.03 0.02 
220 187.39 -3.73 183.66 0.302 151 396 3.31 0.02 
240 186.02 -3.77 182.25 0.34 163 427 3.57 0.02 
260 185.26 -4.12 181.14 0.359 175 460 3.84 0.02 
280 185.46 -4.36 181.1 0.371 190 495 4.17 0.02 
300 183.81 -4.54 179.27 0.374 203 528 4.45 0.03 
320 183.9 -4.8 179.1 0.38 215 567 4.71 0.03 
340 182.29 -5.0 177.29 0.395 231 603 5.07 0.03 
360 181.17 -5.2 175.97 0.415 245 643 5.37 0.03 
380 181.04 -5.41 175.63 0.421 256 681 5.61 0.03 
400 180.3 -5.39 174.92 0.434 269 715 5.9 0.04 
420 179.62 -5.62 174.0 0.446 279 757 6.12 0.04 
440 179.48 -5.77 173.71 0.452 289 799 6.34 0.04 
460 177.87 -5.88 171.99 0.469 300 842 6.58 0.04 
480 176.73 -5.98 170.75 0.48 311 884 6.82 0.04 
500 176.27 -6.25 170.02 0.486 321 926 7.04 0.05 
520 175.0 -6.38 168.62 0.495 332 965 7.28 0.05 
540 174.15 -6.53 167.61 0.498 348 1013 7.63 0.05 
560 173.3 -6.62 166.69 0.51 360 1056 7.89 0.05 
580 173.15 -6.79 166.36 0.518 376 1097 8.25 0.05 
600 172.09 -6.91 165.18 0.529 388 1143 8.51 0.06 
620 172.11 -6.91 165.19 0.542 399 1183 8.75 0.06 
640 171.93 -7.0 164.94 0.55 408 1233 8.95 0.06 
660 171.09 -7.01 164.08 0.556 420 1271 9.21 0.06 
680 170.24 -7.21 163.03 0.571 428 1318 9.39 0.07 
700 169.36 -7.37 161.98 0.579 442 1367 9.69 0.07 
720 168.93 -7.58 161.35 0.582 454 1413 9.96 0.07 
740 168.16 -7.64 160.52 0.587 466 1458 10.22 0.07 
760 167.97 -7.73 160.24 0.599 475 1498 10.42 0.07 
780 167.8 -7.85 159.95 0.607 486 1547 10.66 0.08 
800 166.65 -7.85 158.8 0.612 498 1590 10.92 0.08 
820 165.95 -7.92 158.04 0.61 508 1636 11.14 0.08 
840 165.95 -7.84 158.1 0.619 519 1677 11.38 0.08 
860 164.68 -7.93 156.75 0.628 534 1724 11.71 0.09 
880 164.1 -7.89 156.21 0.635 548 1776 12.02 0.09 
900 164.03 -8.08 155.96 0.638 556 1822 12.19 0.09 
920 163.61 -8.06 155.55 0.645 563 1869 12.35 0.09 
940 162.08 -7.95 154.12 0.648 573 1912 12.57 0.1 
960 161.57 -7.95 153.62 0.654 584 1960 12.81 0.1 
980 160.73 -8.05 152.67 0.659 594 2013 13.03 0.1 
1000 160.39 -8.07 152.32 0.661 600 2069 13.16 0.1 
1020 160.4 -8.2 152.2 0.664 611 2119 13.4 0.11 
1040 159.41 -8.22 151.18 0.667 627 2169 13.75 0.11 
1060 158.69 -8.31 150.39 0.674 638 2219 13.99 0.11 
1080 158.31 -8.4 149.92 0.68 651 2271 14.28 0.11 
1100 157.79 -8.5 149.29 0.678 663 2321 14.54 0.12 
1120 156.52 -8.47 148.05 0.691 673 2368 14.76 0.12 
1140 156.02 -8.56 147.46 0.693 682 2421 14.96 0.12 
1160 155.56 -8.52 147.04 0.697 692 2473 15.18 0.12 
1180 155.36 -8.64 146.71 0.701 702 2530 15.39 0.13 
1200 155.01 -8.51 146.5 0.703 713 2583 15.64 0.13 
1220 153.99 -8.42 145.57 0.708 723 2625 15.86 0.13 
1240 154.08 -8.43 145.66 0.708 733 2674 16.07 0.13 
1260 153.53 -8.4 145.13 0.711 741 2722 16.25 0.14 
1280 153.36 -8.4 144.96 0.716 752 2775 16.49 0.14 
1300 153.14 -8.44 144.71 0.72 760 2820 16.67 0.14 
1320 153.13 -8.42 144.72 0.72 771 2874 16.91 0.14 
1340 152.31 -8.35 143.96 0.724 782 2929 17.15 0.15 
1360 152.35 -8.24 144.12 0.723 791 2989 17.35 0.15 
1380 151.92 -8.32 143.6 0.729 799 3041 17.52 0.15 
1400 151.73 -8.11 143.63 0.728 805 3099 17.65 0.15 
1420 150.41 -8.03 142.38 0.735 816 3145 17.89 0.16 
1440 149.73 -8.03 141.7 0.738 829 3194 18.18 0.16 
1460 150.19 -8.07 142.12 0.736 839 3240 18.4 0.16 
1480 149.81 -8.14 141.67 0.741 846 3298 18.55 0.16 
1500 149.13 -8.23 140.91 0.741 851 3343 18.66 0.17 
1520 149.76 -8.13 141.63 0.745 857 3396 18.79 0.17 
1540 149.08 -8.05 141.03 0.746 862 3453 18.9 0.17 
1560 148.59 -8.04 140.55 0.749 869 3512 19.06 0.17 
1580 148.23 -7.98 140.26 0.752 880 3567 19.3 0.18 
1600 147.94 -8.06 139.88 0.756 890 3621 19.52 0.18 
1620 146.77 -7.92 138.85 0.758 901 3673 19.76 0.18 
1640 146.6 -7.94 138.66 0.761 908 3735 19.91 0.19 
1660 146.57 -7.75 138.81 0.759 913 3788 20.02 0.19 
1680 145.8 -7.75 138.05 0.761 920 3846 20.18 0.19 
1700 145.92 -7.76 138.16 0.764 928 3909 20.35 0.19 
1720 145.3 -7.52 137.78 0.768 939 3964 20.59 0.2 
1740 145.25 -7.38 137.87 0.768 948 4023 20.79 0.2 
1760 144.54 -7.22 137.32 0.769 955 4073 20.94 0.2 
1780 144.13 -7.04 137.09 0.772 961 4129 21.07 0.21 
1800 143.89 -6.92 136.97 0.773 967 4187 21.21 0.21 
1820 143.31 -6.79 136.52 0.776 974 4252 21.36 0.21 
1840 143.31 -6.52 136.79 0.778 984 4307 21.58 0.21 
1860 142.72 -6.52 136.2 0.779 990 4362 21.71 0.22 
1880 142.51 -6.47 136.04 0.782 996 4418 21.84 0.22 
1900 141.91 -6.27 135.64 0.784 1006 4473 22.06 0.22 
1920 141.6 -6.12 135.48 0.786 1021 4523 22.39 0.22 
1940 141.4 -6.17 135.23 0.787 1030 4588 22.59 0.23 
1960 140.59 -6.04 134.55 0.79 1038 4645 22.76 0.23 
1980 140.68 -6.04 134.64 0.788 1047 4709 22.96 0.23 
2000 140.5 -5.96 134.54 0.791 1056 4759 23.16 0.24 
2020 140.46 -5.96 134.49 0.792 1061 4822 23.27 0.24 
2040 140.09 -5.88 134.22 0.793 1069 4885 23.44 0.24 
2060 139.34 -5.8 133.54 0.794 1076 4941 23.6 0.25 
2080 138.77 -5.61 133.16 0.797 1084 4993 23.77 0.25 
2100 138.6 -5.54 133.07 0.797 1095 5057 24.01 0.25 
2120 138.34 -5.41 132.93 0.8 1102 5116 24.17 0.25 
2140 137.44 -5.29 132.15 0.8 1109 5180 24.32 0.26 
2160 137.58 -5.18 132.4 0.801 1115 5241 24.45 0.26 
2180 136.99 -5.08 131.91 0.803 1122 5305 24.61 0.26 
2200 136.82 -4.92 131.91 0.803 1129 5363 24.76 0.27 
2220 136.6 -4.86 131.74 0.804 1138 5419 24.96 0.27 
2240 135.56 -4.74 130.83 0.806 1146 5479 25.13 0.27 
2260 135.78 -4.75 131.03 0.805 1153 5540 25.29 0.28 
2280 134.8 -4.66 130.14 0.807 1163 5598 25.5 0.28 
2300 135.05 -4.52 130.53 0.807 1170 5652 25.66 0.28 
2320 134.9 -4.36 130.54 0.81 1177 5706 25.81 0.28 
2340 134.86 -4.23 130.63 0.809 1186 5762 26.01 0.29 
2360 133.87 -3.98 129.89 0.813 1199 5818 26.29 0.29 
2380 133.92 -3.8 130.11 0.812 1207 5873 26.47 0.29 
2400 133.77 -3.66 130.11 0.814 1217 5935 26.69 0.3 
2420 133.06 -3.54 129.52 0.816 1222 5996 26.8 0.3 
2440 133.46 -3.4 130.06 0.815 1230 6046 26.97 0.3 
2460 132.9 -3.19 129.72 0.816 1238 6113 27.15 0.3 
2480 132.53 -3.07 129.46 0.817 1243 6179 27.26 0.31 
2500 132.37 -3.01 129.36 0.82 1254 6238 27.5 0.31 
2520 132.18 -2.78 129.4 0.82 1262 6296 27.68 0.31 
2540 132.0 -2.59 129.41 0.821 1268 6361 27.81 0.32 
2560 131.7 -2.37 129.33 0.822 1276 6423 27.98 0.32 
2580 131.27 -2.14 129.13 0.821 1284 6478 28.16 0.32 
2600 131.31 -1.97 129.34 0.823 1290 6535 28.29 0.32 
2620 130.84 -1.81 129.03 0.826 1299 6594 28.49 0.33 
2640 130.89 -1.66 129.23 0.826 1306 6652 28.64 0.33 
2660 129.97 -1.49 128.48 0.827 1314 6715 28.82 0.33 
2680 129.15 -1.4 127.76 0.827 1321 6774 28.97 0.34 
2700 129.29 -1.28 128.01 0.826 1326 6839 29.08 0.34 
2720 128.81 -1.11 127.7 0.828 1332 6911 29.21 0.34 
2740 128.26 -0.85 127.4 0.83 1339 6978 29.36 0.35 
2760 128.02 -0.78 127.24 0.829 1348 7043 29.56 0.35 
2780 128.3 -0.63 127.68 0.832 1352 7102 29.65 0.35 
2800 127.28 -0.32 126.96 0.833 1362 7158 29.87 0.36 
2820 126.87 -0.12 126.74 0.834 1365 7213 29.93 0.36 
2840 126.31 0.07 126.37 0.836 1372 7270 30.09 0.36 
2860 126.44 0.25 126.69 0.837 1377 7329 30.2 0.36 
2880 126.5 0.33 126.83 0.837 1387 7390 30.42 0.37 
2900 126.27 0.53 126.8 0.837 1394 7444 30.57 0.37 
2920 125.71 0.76 126.47 0.838 1401 7515 30.72 0.37 
2940 125.61 0.98 126.58 0.84 1404 7580 30.79 0.38 
2960 124.85 1.14 125.99 0.839 1409 7642 30.9 0.38 
2980 124.93 1.23 126.17 0.841 1418 7713 31.1 0.38 
3000 124.37 1.4 125.77 0.841 1424 7779 31.23 0.39 
3020 123.77 1.59 125.35 0.841 1434 7838 31.45 0.39 
3040 123.75 1.75 125.51 0.841 1440 7895 31.58 0.39 
3060 123.58 1.95 125.53 0.841 1443 7965 31.64 0.4 
3080 123.49 2.16 125.65 0.842 1448 8029 31.75 0.4 
3100 122.99 2.34 125.33 0.843 1454 8097 31.89 0.4 
3120 121.98 2.46 124.44 0.844 1460 8161 32.02 0.41 
3140 122.24 2.67 124.91 0.844 1465 8219 32.13 0.41 
3160 121.85 2.74 124.58 0.846 1472 8288 32.28 0.41 
3180 121.78 2.93 124.72 0.845 1480 8353 32.46 0.42 
3200 121.38 3.02 124.41 0.846 1485 8418 32.57 0.42 
3220 121.5 3.14 124.64 0.846 1492 8477 32.72 0.42 
3240 120.84 3.39 124.23 0.848 1497 8543 32.83 0.42 
3260 120.55 3.54 124.09 0.848 1505 8599 33.0 0.43 
3280 120.52 3.78 124.3 0.847 1509 8668 33.09 0.43 
3300 120.08 4.04 124.11 0.851 1515 8731 33.22 0.43 
3320 119.59 4.19 123.79 0.851 1523 8793 33.4 0.44 
3340 119.38 4.37 123.76 0.851 1527 8861 33.49 0.44 
3360 118.74 4.61 123.35 0.851 1534 8924 33.64 0.44 
3380 118.6 4.69 123.29 0.85 1541 8985 33.79 0.45 
3400 118.8 4.87 123.66 0.852 1546 9040 33.9 0.45 
3420 118.32 4.94 123.26 0.852 1552 9108 34.04 0.45 
3440 118.51 5.1 123.61 0.853 1557 9174 34.14 0.46 
3460 118.41 5.32 123.73 0.854 1564 9241 34.3 0.46 
3480 117.33 5.51 122.84 0.852 1568 9307 34.39 0.46 
3500 117.47 5.61 123.08 0.853 1574 9376 34.52 0.47 
3520 117.32 5.7 123.02 0.854 1581 9445 34.67 0.47 
3540 117.02 6.0 123.02 0.856 1587 9511 34.8 0.47 
3560 116.94 6.21 123.15 0.857 1592 9579 34.91 0.48 
3580 116.54 6.31 122.86 0.856 1596 9646 35.0 0.48 
3600 116.29 6.43 122.72 0.857 1600 9714 35.09 0.48 
3620 116.34 6.65 122.98 0.858 1607 9776 35.24 0.49 
3640 116.44 6.8 123.23 0.859 1608 9845 35.26 0.49 
3660 115.6 7.0 122.6 0.86 1615 9915 35.42 0.49 
3680 115.49 7.23 122.72 0.86 1622 9973 35.57 0.5 
3700 115.09 7.41 122.5 0.859 1630 10045 35.75 0.5 
3720 114.61 7.61 122.22 0.86 1638 10105 35.92 0.5 
3740 114.49 7.7 122.18 0.86 1644 10174 36.05 0.51 
3760 114.44 7.83 122.26 0.86 1652 10238 36.23 0.51 
3780 113.65 7.99 121.64 0.862 1659 10311 36.38 0.51 
3800 113.61 8.11 121.72 0.862 1663 10381 36.47 0.52 
3820 113.35 8.3 121.64 0.863 1669 10446 36.6 0.52 
3840 113.0 8.47 121.47 0.863 1674 10510 36.71 0.52 
3860 112.94 8.65 121.59 0.864 1681 10565 36.86 0.53 
3880 112.98 8.92 121.9 0.864 1685 10630 36.95 0.53 
3900 112.8 9.14 121.94 0.864 1691 10705 37.08 0.53 
3920 112.59 9.37 121.96 0.866 1698 10767 37.24 0.54 
3940 112.0 9.67 121.67 0.865 1705 10832 37.39 0.54 
3960 111.89 9.92 121.81 0.866 1713 10894 37.57 0.54 
3980 111.81 10.1 121.91 0.867 1718 10965 37.68 0.55 
4000 111.43 10.22 121.65 0.866 1722 11025 37.76 0.55 
4020 111.21 10.39 121.6 0.867 1724 11091 37.81 0.55 
4040 111.52 10.6 122.12 0.866 1731 11152 37.96 0.55 
4060 111.35 10.8 122.15 0.866 1740 11213 38.16 0.56 
4080 111.57 10.97 122.54 0.868 1745 11280 38.27 0.56 
4100 111.35 11.15 122.49 0.868 1750 11340 38.38 0.56 
4120 111.15 11.42 122.57 0.869 1754 11406 38.46 0.57 
4140 110.6 11.72 122.32 0.871 1760 11467 38.6 0.57 
4160 110.09 11.99 122.08 0.871 1766 11530 38.73 0.57 
4180 110.05 12.19 122.25 0.87 1770 11598 38.82 0.58 
4200 109.7 12.33 122.03 0.871 1776 11656 38.95 0.58 
4220 109.02 12.62 121.65 0.871 1782 11725 39.08 0.58 
4240 108.82 12.73 121.55 0.872 1787 11796 39.19 0.59 
4260 109.05 12.86 121.91 0.873 1790 11860 39.25 0.59 
4280 108.57 13.03 121.6 0.874 1794 11933 39.34 0.59 
4300 108.88 13.25 122.13 0.875 1801 12001 39.5 0.6 
4320 108.58 13.5 122.08 0.874 1806 12061 39.61 0.6 
4340 108.55 13.8 122.35 0.874 1812 12127 39.74 0.6 
4360 107.88 14.09 121.96 0.875 1819 12187 39.89 0.61 
4380 107.08 14.22 121.29 0.875 1824 12255 40.0 0.61 
4400 106.55 14.43 120.98 0.874 1828 12312 40.09 0.61 
4420 106.15 14.58 120.73 0.874 1834 12374 40.22 0.62 
4440 106.42 14.66 121.08 0.874 1840 12436 40.35 0.62 
4460 106.58 14.85 121.43 0.875 1846 12497 40.48 0.62 
4480 106.71 15.02 121.73 0.876 1855 12563 40.68 0.62 
4500 106.18 15.21 121.39 0.878 1859 12644 40.77 0.63 
4520 105.4 15.4 120.8 0.878 1865 12704 40.9 0.63 
4540 105.12 15.59 120.71 0.877 1868 12761 40.96 0.63 
4560 104.06 15.7 119.77 0.879 1873 12825 41.07 0.64 
4580 103.72 15.95 119.67 0.88 1877 12892 41.16 0.64 
4600 104.15 16.13 120.28 0.878 1881 12957 41.25 0.64 
4620 103.91 16.29 120.19 0.879 1888 13026 41.4 0.65 
4640 103.66 16.48 120.14 0.879 1893 13085 41.51 0.65 
4660 103.74 16.67 120.4 0.879 1897 13153 41.6 0.65 
4680 103.02 16.92 119.94 0.879 1899 13222 41.64 0.66 
4700 102.52 17.09 119.62 0.88 1902 13295 41.71 0.66 
4720 102.53 17.19 119.72 0.88 1910 13359 41.89 0.66 
4740 102.86 17.31 120.17 0.882 1915 13427 42.0 0.67 
4760 102.28 17.47 119.75 0.881 1923 13498 42.17 0.67 
4780 102.28 17.63 119.91 0.88 1927 13569 42.26 0.67 
4800 102.33 17.82 120.15 0.88 1929 13634 42.3 0.68 
4820 102.5 17.96 120.46 0.881 1935 13697 42.43 0.68 
4840 102.03 18.17 120.2 0.883 1939 13763 42.52 0.68 
4860 101.63 18.39 120.02 0.883 1943 13827 42.61 0.69 
4880 101.65 18.57 120.23 0.883 1948 13896 42.72 0.69 
4900 101.34 18.85 120.19 0.884 1951 13955 42.79 0.69 
4920 101.45 19.07 120.51 0.884 1952 14021 42.81 0.7 
4940 100.8 19.31 120.12 0.884 1956 14081 42.89 0.7 
4960 100.37 19.56 119.92 0.884 1961 14146 43.0 0.7 
4980 100.43 19.79 120.22 0.885 1967 14211 43.14 0.71 
