
0.23935328
0.23574373
0.22677398
0.21435142
0.21197465
0.21634704
0.2127988
0.21069998
0.20289582
0.1890293
0.19388151
0.19253081
0.19555958
0.19050151
0.18770541
0.1873909
0.18988504
0.18267033
0.1827707
0.18518075
0.18168876
0.18502454
0.18538663
0.17972285
0.18495476
0.18246694
0.18336871
0.1846152
0.17551851
0.17865832
0.17901824
0.17875782
0.17846708
0.1844864
0.18029253
0.17945533
0.17377576
0.17547272
0.17629264
0.17330657
0.1765794
0.17020217
0.1726418
0.17387435
0.17565572
0.1754012
0.17828126
0.17539215
0.17709875
0.16947919
0.17015792
0.17069241
0.17325069
0.17229053
0.16737016
0.1682494
0.17165244
0.16785605
0.16771017
0.1669148
0.17095134
0.16536747
0.16615517
0.1695896
0.16794029
0.168672
0.16645133
0.16466707
0.16484638
0.16604464
0.16641648
0.16699336
0.16332528
0.16200154
0.1614727
0.16058397
0.16499886
0.16168134
0.16556187
0.15899348
0.15928656
0.15666573
0.1656361
0.15962736
0.15776052
0.15862735
0.15654473
0.1583799
0.15621068
0.15795557
0.15543595
0.1578193
0.15416063
0.15522783
0.15396264
0.1532106
0.15443276
0.1638508
0.15657182
0.15244128
0.1526725
0.15188354
0.15316175
0.15353836
0.1535495
0.15636012
0.15426554
0.15118802
0.15842338
0.15719368
0.1513071
0.15272723
0.15099223
0.15057443
0.1517045
0.15201326
0.15336597
0.15325639
0.15291391
0.15498841
0.1488263
0.150636
0.14922827
0.1478381
0.15406358
0.14515916
0.15020758
0.14709409
0.14522196
0.148624
0.14526023
0.14890072
0.14760596
0.14768802
0.14695132
0.15058917
0.14860046
0.1481743
0.14362942
0.1464244
0.14442989
0.14809099
0.14902714
0.14717157
0.15288223
0.15456676
0.14555393
0.14643078
0.14823312
0.14873645
0.14811265
0.1581444
0.14584872
0.1489782
0.1453661
0.1491048
0.14554264
0.15206712
0.14501746
0.14188553
0.14491251
0.14161919
0.14193988
0.14089045
0.14109516
0.14584841
0.14652194
0.1416043
0.14188598
0.14223793
0.1406624
0.14059886
0.14045918
0.14377996
0.14095591
0.13995503
0.14459893
0.14437914
0.13838434
0.14404581
0.13854563
0.14212117
0.1371453
0.1405245
0.1419559
0.14058751
0.13848788
0.14186063
0.13943917
0.13917401
0.13724643
0.13825819
0.14005545
0.13941695
0.13889295
0.13900733
0.13798074
0.13888745
0.13853338
0.14079037
0.13851458
0.13372889
0.13922288
0.13793986
0.13630071
0.13487203
0.13470311
0.13716447
0.13725741
0.13336095
0.13269126
0.13219422
0.13345811
0.1309542
0.13101989
0.13304459
0.1313427
0.13001548
0.1282854
0.13126309
0.1330084
0.12989087
0.13005312
0.13531008
0.13340735
0.1289399
0.13161096
0.13107812
0.1277261
0.12784125
0.1289224
0.12768638
0.12796208
0.12837085
0.13044001
0.12897155
0.13099894
0.13370606
0.13076971
0.12863779
0.12881865
0.13011889
0.12637629
0.12690108
0.12927347
0.13017407
0.12745419
0.12810615
0.12742434
0.1260803
0.12759495
0.12677889
0.12577042
0.12630649
0.12662558
0.13392584
0.124985546
0.12794682
0.12903564
0.12784529
0.12566707
0.12799169
0.12514083
0.12543628
0.12381723
0.12935093
0.12938218
0.12612903
0.12828
0.12531771
0.12110118
0.12541248
0.12220895
0.12358606
0.123076774
0.12473648
0.120834
0.121532224
0.11970995
0.124016896
0.12379278
0.1226823
0.119455144
0.12229519
0.11813683
0.12047764
0.120980896
0.121887535
0.121054605
0.11886819
0.11927402
0.12197933
0.119884476
0.121403374
0.12181966
0.121813186
0.118432164
0.12220016
0.11809846
0.12496239
0.12103548
0.12156537
0.11850841
0.11992713
0.12263135
0.11950223
0.11799928
0.12022085
0.11999665
0.12109498
0.12194147
0.11948483
0.11911169
0.116595924
0.12000788
0.1171641
0.11809082
0.11822324
0.11633322
0.1264223
0.11766919
0.120613575
0.11680555
0.11999552
0.1160416
0.11564268
0.118689895
0.116392754
0.11678552
0.1222709
0.11729494
0.11832665
0.11811804
0.117320284
0.12183113
0.11842768
0.1183964
0.11750083
0.117057756
0.11634837
0.12043959
0.11871627
0.11959742
0.11705741
0.11650762
0.115975134
0.12032383
0.115420945
0.11704013
0.11659815
0.11613282
0.1155146
0.11467056
0.1160532
0.11520169
0.11754838
0.11514007
0.118385814
0.11462727
0.11640311
0.11473605
0.11491586
0.11939258
0.11323834
0.11285302
0.11621931
0.111513235
0.11151613
0.11323725
0.11020961
0.11349876
0.110486254
0.111138515
0.111748286
0.111012496
0.111481875
0.111026965
0.11005255
0.109878235
0.11284994
0.115277775
0.110252075
0.11379543
0.11129578
0.11284085
0.11808057
0.11363076
0.10974282
0.111483745
0.10983978
0.11211456
0.11463296
0.111886196
0.110482186
0.11084225
0.11091206
0.11081773
0.111120515
0.11171892
0.11047421
0.112846926
0.11311737
0.1111884
0.10711595
0.109590106
0.106914
0.110197365
0.10664572
0.10741711
0.11030003
0.10827
0.10909196
0.10803938
0.10945069
0.10927792
0.10783073
0.10771316
0.111465484
0.11470378
0.10923847
0.10881772
0.11238664
0.10817276
0.1078281
0.108793095
0.10867519
0.1050624
0.10824786
0.10860897
0.107943505
0.10509684
0.10626052
0.106356815
0.103694014
0.107000336
0.10612304
0.10571994
0.10696906
0.108818464
0.10543263
0.10713866
0.106015824
0.103244275
0.10654486
0.10641289
0.10634642
0.10558308
0.10658248
0.106103405
0.10423269
0.10646502
0.10490124
0.105649896
0.10558842
0.105427854
0.10409338
0.1066241
0.1044293
0.10693541
0.10400943
0.10526429
0.10800036
0.106522426
0.10779326
0.10845415
0.10440909
0.10245091
0.1059237
0.1041786
0.106796145
0.103911
0.10256746
0.10256503
0.103066094
0.10389186
0.106755674
0.103711896
0.10307158
0.102562875
0.10473745
0.10275218
0.100372784
0.10043328
0.1046963
0.101641305
0.10269354
0.10272636
0.10184352
0.10071398
0.10306044
0.10575609
0.10222865
0.101489276
0.10169477
0.1045343
0.10073922
0.10243826
0.10073642
0.101079054
0.1006043
0.10399363
0.10121862
0.10146543
0.10227494
0.102234155
0.10021038
0.09964479
0.102872506
0.10368718
0.100888915
0.10288965
0.09874597
0.10139086
0.10474341
0.09998561
0.1001076
0.10310046
0.10054302
0.10122348
0.099998884
0.09966716
0.099005066
0.09938462
0.10122596
0.102599695
0.09866741
0.10049352
0.09897043
0.09801386
0.098681584
0.1010279
0.09815674
0.10000763
0.099531986
0.09682842
0.098111495
0.101262674
0.09809103
0.10070417
0.098595165
0.097143695
0.098005235
0.099249795
0.09746784
0.09792454
0.09708386
0.09730197
0.10050116
0.09853961
0.09772725
0.100967675
0.097632386
0.09867849
0.097782925
0.09768559
0.0978546
0.09699555
0.09623057
0.100249
0.09882764
0.09867035
0.09723397
0.09880147
0.098771416
0.097804844
0.09911847
0.09843176
0.096199036
0.09940024
0.09603512
0.09761524
0.098428026
0.09687804
0.09783449
0.096838646
0.09623052
0.10032468
0.09894451
0.09886254
0.09706359
0.09408081
0.09480313
0.0949866
0.095389225
0.095343255
0.096396945
0.094897866
0.092832536
0.0954898
0.0963312
0.09388391
0.09549719
0.09551214
0.09577677
0.09723743
0.09533071
0.09509189
0.09393315
0.09534093
0.09554019
0.09605175
0.09347468
0.09633881
0.09718804
0.09757234
0.093931966
0.093973435
0.09441155
0.09635182
0.09408326
0.09429125
0.09308888
0.09705697
0.093964934
0.09374426
0.096371815
0.09382491
0.09169457
0.09274815
0.093392275
0.093158685
0.098519854
0.094261155
0.09304174
0.09331613
0.09075364
0.09281174
0.09235965
0.092753336
0.09274688
0.09504057
0.092441365
0.090836436
0.091902606
0.09211036
0.09266623
0.09069281
0.09089261
0.092960216
0.09222607
0.09299021
0.09109762
0.091659434
0.091133684
0.09116111
0.092078894
0.090624586
0.09204067
0.09096722
0.09210705
0.094845474
0.092826486
0.092229925
0.091859475
0.090529904
0.09055324
0.09197481
0.09106563
0.09054368
0.091664456
0.09140306
0.091152035
0.09042692
0.090519644
0.09290659
0.08983676
0.09218062
0.09063318
0.09133318
0.088834204
0.08980521
0.09132986
0.09245035
0.09124084
0.091309756
0.09096611
0.090972275
0.090831004
0.09197499
0.09212596
0.091934316
0.09130467
0.08986738
0.088769406
0.0907471
0.089585185
0.09044141
0.090710856
0.08707925
0.08885707
0.088591516
0.08966617
0.0900929
0.08856901
0.087796636
0.087722294
0.08847798
0.09088551
0.08691156
0.08962833
0.08694711
0.0867106
0.08700073
0.089020185
0.088700585
0.08790058
0.090802975
0.08593451
0.086345635
0.08916588
0.08899302
0.0880067
0.087530896
0.08791209
0.08817455
0.086452805
0.09231875
0.08738277
0.085615076
0.08830663
0.087697946
0.08853859
0.08756554
0.086865254
0.08627629
0.088839896
0.089796744
0.086936146
0.08699843
0.08986329
0.08627722
0.0863567
0.08594909
0.08617598
0.085409254
0.086560465
0.08951875
0.08611641
0.08768758
0.08618577
0.08710684
0.08704763
0.0855632
0.08498646
0.08860981
0.08558572
0.0874238
0.0853589
0.085362755
0.0849827
0.085884444
0.08474143
0.08463166
0.08485774
0.0868094
0.08636282
0.086406514
0.085442595
0.0834923
0.085748866
0.08563411
0.08527314
0.085419305
0.08660752
0.084367424
0.08606172
0.082847744
0.08521104
0.0842891
0.086291075
0.08586857
0.08694463
0.08682191
0.08580976
0.08437396
0.08565134
0.088163145
0.08384378
0.084884375
0.08335034
0.086519755
0.082952544
0.08537116
0.08401774
0.085219815
0.08430143
0.086836234
0.08343126
0.08676405
0.08649178
0.08503734
0.08377946
0.083309144
0.08456429
0.08411569
0.0835009
0.08489114
0.085857205
0.08315195
0.082902886
0.08777121
0.08507979
0.0825344
0.0842039
0.08238724
0.08122436
0.0822523
0.08219446
0.08385144
0.08373595
0.08215071
0.08504764
0.08195331
0.0852989
0.08181897
0.08104388
0.08072575
0.08158062
0.08300887
0.081938736
0.08188085
0.082158186
0.08152431
0.0827315
0.08058916
0.0823062
0.08320505
0.08068068
0.08166352
0.0808593
0.07990478
0.081996076
0.082688175
0.082889244
0.08038036
0.0812049
0.08220604
0.08102076
0.07994911
0.08287793
0.081816144
0.08196393
0.0815264
0.08511568
0.083830275
0.08267531
0.08215267
0.079575144
0.080308184
0.081233494
0.0820459
0.08111527
0.08021142
0.07990395
0.081319444
0.07955249
0.07856358
0.079737365
0.079163946
0.07901363
0.07839342
0.07978083
0.08039922
0.079200774
0.079966806
0.08044219
0.08045706
0.07918851
0.07939745
0.081135444
0.07966669
0.08066196
0.080099896
0.08217903
0.08009553
0.081087776
0.081475876
0.0814751
0.08008826
0.07955191
0.077161625
0.080011144
0.08007052
0.07772556
0.08032708
0.08003575
0.07707786
0.07841014
0.07861418
0.0795429
0.078758724
0.07869538
0.07761652
0.079067536
0.080118835
0.07950652
0.076966725
0.078082345
0.07834929
0.07700343
0.077358775
0.07927492
0.07816964
0.07960994
0.07845423
0.07832302
0.07909403
0.07898698
0.07811308
0.07784126
0.078476444
0.077631146
0.079232395
0.07888377
0.077538416
0.07858104
0.07871289
0.07866824
0.0777613
0.07660915
0.083259
0.07751419
0.07579891
0.07663555
0.07667299
0.07708067
0.07778871
0.07658057
0.07868085
0.07683916
0.0776801
0.075613245
0.07903412
0.076687
0.07671405
0.07872268
0.07688193
0.07572875
0.07824971
0.07587596
0.07628066
0.0769799
0.076027066
0.07627372
0.07714763
0.07694455
0.07619246
0.07717859
0.078911684
0.07695124
0.07485232
0.075145274
0.0750918
0.07626005
0.075186566
0.07655393
0.076120034
0.07760354
0.077052675
0.07733845
0.077296376
0.07591255
0.075192146
0.075402185
0.0750077
0.077493064
0.07506744
0.074662134
0.07573796
0.07750966
0.07514499
0.07358711
0.07721047
0.076132
0.074386306
0.07602078
0.0763039
0.07468917
0.07563695
0.075236954
0.075552136
0.07408496
0.074231006
0.07542184
0.072782196
0.07479936
0.074518815
0.073138006
0.072087824
0.07570658
0.07426132
0.0740724
0.073436454
0.07397579
0.07315694
0.07418102
0.07370043
0.07423761
0.07423516
0.075511724
0.07487658
0.075885676
0.077629864
0.075325444
0.074045464
0.07387581
0.07447875
0.0744595
0.07385197
0.0744585
0.07234378
0.07375286
0.07302009
0.07291521
0.072937705
0.0723679
0.07282417
0.07140341
0.07307661
0.074944355
0.07489987
0.07596467
0.07329966
0.07339096
0.074204616
0.07351622
0.07275264
0.07290473
0.073827036
0.07317345
0.07270177
0.0727151
0.07227369
0.07318852
0.07629989
0.07281441
0.07338821
0.07336865
0.07401548
0.07504212
0.072654374
0.07148512
0.07274604
0.07158026
0.07245197
0.07431944
0.07363148
0.072441734
0.072570994
0.07410358
0.07320203
0.07290337
0.07225991
0.07176056
0.07077978
0.07176199
0.07163658
0.07184571
0.07234082
0.07140845
0.07122836
0.07340769
0.07153171
0.073040634
0.071925975
0.072064474
0.07349959
0.071973525
0.07102379
0.070670985
0.07126528
0.07195121
0.07178801
0.07197745
0.070708245
0.071391575
0.07194509
0.070657745
0.07189471
0.071298495
0.07071121
0.072007
0.07016139
0.07121728
0.07168674
0.071162164
0.07074475
0.07187593
0.07158585
0.07031705
0.07177843
0.072036706
0.072392635
0.07110058
0.071086995
0.07254184
0.07165485
0.07049483
0.07065389
0.07165808
0.07096813
0.06986496
0.07120189
0.07078259
0.07035367
0.06904605
0.07090937
0.06916605
0.06972639
0.07145037
0.06997435
0.070649065
0.06965978
0.07047189
0.07118428
0.07023596
0.07029481
0.071570426
0.071193054
0.07063004
0.06941051
0.07084624
0.0687104
0.069559895
0.07180819
0.06909326
0.07003463
0.07182152
0.06858038
0.06925193
0.0703769
0.07070978
0.06856059
0.07017842
0.069199376
0.06928965
0.07000105
0.071586415
0.06985213
0.06912979
0.06858098
0.06815242
0.06878005
0.06806732
0.067700736
0.06873505
0.06801704
0.06831684
0.06874194
0.066958115
0.06916241
0.06797456
0.06834662
0.06906611
0.06892314
0.06770479
0.07011911
0.06853296
0.06884259
0.06917395
0.07001131
0.069142915
0.06688769
0.07003438
0.06885994
0.06827034
0.06929084
0.06766116
0.069190845
0.06796623
0.06758898
0.068430394
0.06897869
0.06906466
0.068547346
0.06794367
0.06809194
0.06784203
0.06792412
0.06907515
0.06916214
0.06859767
0.06868967
0.06915008
0.06839028
0.06957183
0.0690117
0.07073505
0.070221856
0.06780663
0.068718165
0.07039494
0.0683818
0.06925008
0.06669389
0.069603786
0.06925746
0.06796538
0.067146495
0.06754217
0.06780973
0.06714587
0.067563675
0.06808688
0.070071064
0.06775948
0.066947006
0.06767563
0.068153694
0.06920029
0.06739424
0.06742694
0.06696987
0.06916527
0.067475565
0.068248145
0.06712441
0.066861495
0.06722802
0.0661062
0.06660985
0.06755562
0.066193275
0.066688664
0.06750061
0.06600984
0.06532823
0.06788362
0.066921316
0.067789875
0.0675326
0.06887597
0.06790181
0.067015
0.06702251
0.06712321
0.0663875
0.066464774
0.06693422
0.0660989
0.067745104
0.06691292
0.066404514
0.06533942
0.06677358
0.066452034
0.06631013
0.065697625
0.06668755
0.06646224
0.065666676
0.06586553
0.06714938
0.06587502
0.06585808
0.067404374
0.06668302
0.064366415
0.06583315
0.06371086
0.06531323
0.064406306
0.06490003
0.066779114
0.066060245
0.06579304
0.06432309
0.065470256
0.064037725
0.06548162
0.06402777
0.065878324
0.06458731
0.06684598
0.0656893
0.065585226
0.06632078
0.06516185
0.06640927
0.06589814
0.064251356
0.0644848
0.06534485
0.064721875
0.06729911
0.06777616
0.06546164
0.06740803
0.06719522
0.06713299
0.06564496
0.066677816
0.06610187
0.06405955
0.06416701
0.065768085
0.06600467
0.064186685
0.063614555
0.0643104
0.06577497
0.06365073
0.064895704
0.06534623
0.06599785
0.066252574
0.065175526
0.06497253
0.06349942
0.06494452
0.06562069
0.06465394
0.065141395
0.06416106
0.06555239
0.06505912
0.0658747
0.06514201
0.06544776
0.06438435
0.063939385
0.06269101
0.06385938
0.06406096
0.06384216
0.065151945
0.063567854
0.06422404
0.063893594
0.06411984
0.06342612
0.06373341
0.06491532
0.06299176
0.06376738
0.06322589
0.06287536
0.063229606
0.06283524
0.063248955
0.06530415
0.06312585
0.062074374
0.06444592
0.06344859
0.0635063
0.06451465
0.06329689
0.0660069
0.06422377
0.06406851
0.06253534
0.06249422
0.06404098
0.06357138
0.064002246
0.0638167
0.06369819
0.06368565
0.06297375
0.062840186
0.065228574
0.06262948
0.063279584
0.06475992
0.064251885
0.06443575
0.06266679
0.06364216
0.06361907
0.06516316
0.06405095
0.06314564
0.06325161
0.06253992
0.062337115
0.06427669
0.06292661
0.06323862
0.062161744
0.063416116
0.063763924
0.062021557
0.06254539
0.0617271
0.06281109
0.06284586
0.062740356
0.061876133
0.063823305
0.062276978
0.061748616
0.062251672
0.061297446
0.06133477
0.061472118
0.062757336
0.062967256
0.06317441
0.062491525
0.0619183
0.062284846
0.062103976
0.063223414
0.06349876
0.06399535
0.062102266
0.06063375
0.06396546
0.06245201
0.062104683
0.06152717
0.06228457
0.061797142
0.06261461
0.06226032
0.061054688
0.060758397
0.061102636
0.061585188
0.06094553
0.06290267
0.06198094
0.061623033
0.063069925
0.06139254
0.063199095
0.06319663
0.06282066
0.062156368
0.06257001
0.06338703
0.06039151
0.06473336
0.061915208
0.06392842
0.06226904
0.060727403
0.06087934
0.061124668
0.060612146
0.060999926
0.06094176
0.061991643
0.061081003
0.06154179
0.061878633
0.062264133
0.06118723
0.062678926
0.06032352
0.061094455
0.06192889
0.06163567
0.061644886
0.06242985
0.061914653
0.06083364
0.06451012
0.064175785
0.06196121
0.06181912
0.061775766
0.061571926
0.060101334
0.061639454
0.060995337
0.06127908
0.062414333
0.06089877
0.06123808
0.06055456
0.061653543
0.063040085
0.06067924
0.060496055
0.061246008
0.06057394
0.061162025
0.061761238
0.06141088
0.06162555
0.05959098
0.061705053
0.061486308
0.0617851
0.059325587
0.059560314
0.0599487
0.06411389
0.06092904
0.06229402
0.061744556
0.059986673
0.06328268
0.060348444
0.06199454
0.060647376
0.061227474
0.059643853
0.062927864
0.062074512
0.060476467
0.06032849
0.061495807
0.060832974
0.061019015
0.060579963
0.061085142
0.062048472
0.05991389
0.060206715
0.06038007
0.061231803
0.060744196
0.059664365
0.060023215
0.061137956
0.060603205
0.06080996
0.061627965
0.061177343
0.060606927
0.060296796
0.060251765
0.060274735
0.06221056
0.059187103
0.05926041
0.059642658
0.05929109
0.061911654
0.06072027
0.059887245
0.059873108
0.058853433
0.06157106
0.06192366
0.060399696
0.060167458
0.060442597
0.05957165
0.06036152
0.05946568
0.060050875
0.05959311
0.058728307
0.06019494
0.060079142
0.060539357
0.058429547
0.05919402
0.05894834
0.059942223
0.058716234
0.060521763
0.059571255
0.058686182
0.060557283
0.057899214
0.0586338
0.05968793
0.060900357
0.058599494
0.059414897
0.059133016
0.058895756
0.057753745
0.059194036
0.059664804
0.05783843
0.059501376
0.058324587
0.060028896
0.060220774
0.05808889
0.057469692
0.058607325
0.057335854
0.057734102
0.05909293
0.058487207
0.05827911
0.059214067
0.061048813
0.058287323
0.058896344
0.058360998
0.05941181
0.0592965
0.058026876
0.058207355
0.059853375
0.059204254
0.05817951
0.057597786
0.058732077
0.05755666
0.057904784
0.059359282
0.057774704
0.059620596
0.057813082
0.057077657
0.057102658
0.05712031
0.058174666
0.058044504
0.058722626
0.05704439
0.05825803
0.057135034
0.058778413
0.05775826
0.056611117
0.057682432
0.057740547
0.057177547
0.057437286
0.058975533
0.059449192
0.058087774
0.057673667
0.057858862
0.059697054
0.057895772
0.06028376
0.058240026
0.05589423
0.05776149
0.05930703
0.057763726
0.057239663
0.059439696
0.058034014
0.05806456
0.05708914
0.058520198
0.05759947
0.05694977
0.05730289
0.058081884
0.05848055
0.05888284
0.05814008
0.057384305
0.057997715
0.05773857
0.057428498
0.05646632
0.057727054
0.057470653
0.058428008
0.05857628
0.05864063
0.059689235
0.058178835
0.057858977
0.059987213
0.058781553
0.057700347
0.057831362
0.058328267
0.05779824
0.05910428
0.05698504
0.0596045
0.05983284
0.059056997
0.058043297
0.05959701
0.058069974
0.05846042
0.059527244
0.05807558
0.058260243
0.05937737
0.057375733
0.05728374
0.059097633
0.05827404
0.058658335
0.056507114
0.05824857
0.057493217
0.058026265
0.057772502
0.056981247
0.05798154
0.05816349
0.058350485
0.05829964
0.057723746
0.056875397
0.057382647
0.057083145
0.05687459
0.056561764
0.057112355
0.056626257
0.05823269
0.056975927
0.058978517
0.058463056
0.057125032
0.05720775
0.0567154
0.05657081
0.05811428
0.0562341
0.0556539
0.05714528
0.056119405
0.056678925
0.056143012
0.05627506
0.056029327
0.056002114
0.058875613
0.057759363
0.056188703
0.05673412
0.056312002
0.055422567
0.057509627
0.055768855
0.056600153
0.05550154
0.05605401
0.05589213
0.055897932
0.057068117
0.055706643
0.056364406
0.05620374
0.05618716
0.056008693
0.05491219
0.055449374
0.056167677
0.056471486
0.056198195
0.056711
0.056497157
0.058057394
0.056841746
0.056737486
0.054905664
0.055398934
0.055666026
0.055425346
0.055993497
0.057359632
0.05501503
0.055480964
0.055729095
0.055389334
0.055279285
0.0572123
0.05774716
0.05686213
0.055379424
0.05500109
0.055157844
0.05603873
0.056747846
0.055267002
0.05492667
0.054836646
0.057642724
0.054819345
0.05526572
0.054742515
0.05457312
0.057454497
0.054891456
0.056831643
0.057151083
0.05660175
0.05841404
0.054736752
0.054498293
0.05526991
0.055227876
0.05528013
0.055415243
0.05535454
0.0548886
0.05592064
0.055466246
0.054462653
0.054616954
0.055971745
0.054534033
0.054780833
0.05474794
0.055507086
0.054736845
0.05411205
0.054927938
0.053724594
0.054260876
0.054686733
0.05579203
0.054241344
0.055058908
0.055614363
0.054124855
0.055819076
0.05445117
0.054564405
0.054341856
0.05477727
0.055730782
0.05364963
0.055481922
0.054968808
0.05401003
0.0546499
0.056936245
0.054100312
0.05440542
0.054622777
0.0536667
0.054161355
0.054120824
0.054142043
0.05487651
0.053681534
0.05449081
0.0559212
0.05602324
0.05495749
0.05392429
0.054962948
0.054622
0.054454237
0.05496875
0.05511199
0.05532904
0.054157104
0.05425632
0.05563461
0.05567337
0.054726306
0.055094384
0.054567255
0.0546261
0.05369324
0.053657006
0.053108994
0.054809965
0.054151297
0.053149283
0.0540365
0.05461204
0.053581916
0.056810293
0.053164523
0.053155564
0.054067016
0.053195503
0.054078065
0.053573906
0.05349005
0.054140158
0.054091007
0.054422855
0.053944446
0.054357756
0.05305125
0.054317243
0.053177245
0.053804018
0.053648457
0.05321904
0.05350825
0.05309785
0.052806836
0.05506867
0.053465586
0.05283912
0.052444387
0.053131796
0.0541525
0.05412304
0.054318495
0.05236286
0.05287422
0.05198729
0.054337256
0.05415563
0.05339629
0.052250557
0.053889237
0.054096635
0.052115105
0.05237407
0.053444393
0.053272862
0.053829987
0.0537422
0.052428268
0.052729655
0.05242782
0.0534221
0.05325714
0.052054074
0.05231434
0.053606447
0.052191243
0.052672792
0.053232063
0.052683406
0.052849375
0.053600382
0.055269618
0.053153917
0.05418842
0.05420461
0.052589577
0.053849448
0.05242717
0.054072794
0.052140553
0.052514363
0.051932335
0.05185452
0.052498106
0.0534829
0.053611014
0.053479604
0.05301098
0.053788144
0.05238068
0.053565405
0.05331685
0.053487465
0.052464005
0.05404693
0.05235263
0.05286566
0.054460518
0.05263284
0.053231843
0.052911993
0.05286866
0.052776556
0.054339033
0.05229043
0.052386325
0.053331997
0.052943394
0.053268485
0.05191907
0.053832933
0.051952574
0.052351225
0.05205074
0.053062037
0.05306983
0.051901415
0.051957976
0.052144624
0.052681576
0.052482393
0.052458815
0.05240948
0.053500813
0.052997105
0.051748935
0.052049015
0.052385245
0.05453449
0.051504377
0.052892093
0.052109372
0.051890206
0.05159617
0.05168762
0.051515706
0.0519585
0.054961585
0.053167555
0.052179795
0.05532095
0.052667767
0.05210752
0.051826175
0.05243893
0.05180462
0.052905805
0.052287538
0.05229598
0.053897336
0.051694345
0.050830815
0.052871697
0.052548833
0.052777603
0.053351063
0.052480035
0.05271089
0.052129082
0.052123696
0.05199075
0.051238857
0.051924005
0.05290012
0.0515195
0.0520249
0.052805796
0.051836416
0.05233411
0.05172375
0.05255034
0.052177705
0.05202358
0.0518477
0.05185743
0.053899515
0.05290708
0.05298481
0.05250078
0.05158232
0.053272456
0.051981512
0.05311578
0.051247634
0.054345816
0.05204952
0.051933113
0.05224727
0.05158949
0.05178268
0.05427861
0.05198525
0.051836405
0.052231405
0.051272828
0.051084377
0.05226404
0.05297425
0.051118016
0.05221734
0.052286662
0.051133335
0.052082762
0.05156619
0.051422413
0.050026067
0.050668728
0.050775073
0.051209915
0.050908938
0.051215775
0.05085848
0.05209256
0.05120761
0.052264594
0.05092386
0.051563982
0.050435822
0.050306156
0.05143035
0.05142434
0.052587867
0.0499422
0.05080093
0.050973944
0.051080283
0.05115418
0.050592225
0.050456893
0.051800553
0.051297024
0.051836073
0.051244676
0.049832262
0.0510874
0.051737525
0.050963297
0.052084412
0.051989045
0.052506007
0.052120633
0.049984336
0.049879838
0.051407255
0.051065933
0.050300967
0.051003903
0.050467208
0.050539784
0.05215141
0.0512686
0.05173813
0.050189894
0.051480092
0.05016339
0.05016542
0.051731292
0.050083123
0.05115182
0.049912285
0.051496774
0.050840225
0.050241973
0.04999786
0.049815014
0.051487274
0.0499229
0.050655626
0.049621835
0.051116154
0.05116832
0.051440265
0.051518824
0.050798442
0.050964236
0.051446088
0.05157979
0.050452996
0.051338997
0.050422657
0.050930258
0.05049947
0.050048873
0.04957489
0.051180776
0.05107256
0.049344666
0.05039502
0.051611893
0.050327264
0.04966955
0.050150514
0.049869172
0.051859092
0.05124946
0.049861863
0.051643528
0.050743084
0.051446408
0.049808137
0.050402638
0.050405607
0.049876694
0.050114416
0.04976097
0.04975854
0.04903194
0.049832787
0.049691275
0.05043959
0.04974557
0.05099661
0.05010141
0.049595192
0.049200315
0.04911591
0.050009027
0.049732745
0.049544364
0.05007292
0.050518136
0.05150654
0.04903755
0.049860716
0.050574828
0.04981879
0.049719557
0.049213022
0.04934949
0.049738877
0.049547393
0.049250703
0.050139584
0.04961621
0.04984751
0.04964115
0.049761754
0.050069198
0.05101958
0.050244447
0.050911658
0.050417136
0.0506278
0.05064999
0.050442766
0.05060583
0.051023178
0.049630053
0.04904387
0.050789636
0.050783794
0.051015187
0.05163834
0.04983855
0.049480256
0.05031756
0.04989511
0.05111744
0.04977108
0.04935379
0.048783634
0.050081287
0.049671743
0.048396453
0.04987489
0.04929841
0.048763856
0.05029079
0.049321625
0.04939063
0.049338877
0.049145207
0.04878967
0.050017256
0.048777048
0.049950555
0.049195338
0.049173307
0.050204653
0.049543466
0.050162017
0.04927039
0.049298782
0.049830683
0.050596114
0.048706524
0.05071582
0.048504356
0.048256796
0.048611503
0.048639577
0.049138825
0.048914317
0.04927967
0.04860401
0.0504649
0.048634302
0.049599167
0.049931437
0.049305826
0.04916037
0.049904358
0.049137194
0.049892563
0.05013988
0.049790923
0.04910557
0.048685063
0.04864413
0.04910059
0.050666012
0.050609853
0.049153574
0.050116047
0.05037212
0.050383504
0.04916192
0.04880227
0.049944345
0.04875196
0.048882227
0.04830646
0.048699398
0.050228696
0.049759638
0.049700394
0.049841464
0.04931198
0.047881
0.04882814
0.048608784
0.048056003
0.048531376
0.04995982
0.048290133
0.048262436
0.049148526
0.0485199
0.04990071
0.04874757
0.049204133
0.049649198
0.048772514
0.049260292
0.0489453
0.04888588
0.048672277
0.048445918
0.048812628
0.04915431
0.048110396
0.048753228
0.048323415
0.04822967
0.04887401
0.049495906
0.04844685
0.049595397
0.04859774
0.04850638
0.047947716
0.048193924
0.048852943
0.04876903
0.051733848
0.0480803
0.048792634
0.048964832
0.048065003
0.04911446
0.050007906
0.04918018
0.049424384
0.048662703
0.04823955
0.049258694
0.048932154
0.04860357
0.049509075
0.049341794
0.04905039
0.04892311
0.048114926
0.048763625
0.049115047
0.047708485
0.048655063
0.048254333
0.048464265
0.049835034
0.04817464
0.048454788
0.04829742
0.049304567
0.04811389
0.04777659
0.047728974
0.048688985
0.047391698
0.048363436
0.048132617
0.048622705
0.048338834
0.048763838
0.048157163
0.0494064
0.048251145
0.04999506
0.048467074
0.048174854
0.048817914
0.049679812
0.04863146
0.048558913
0.04919203
0.048100565
0.048279982
0.048291206
0.049561683
0.04885185
0.04816342
0.04796171
0.047942135
0.047314838
0.047345206
0.047604986
0.046681408
0.047786213
0.048755944
0.0476221
0.048681207
0.047573455
0.04963607
0.048331253
0.048702843
0.04766211
0.04805474
0.048589274
0.047193244
0.047557533
0.047552034
0.048391134
0.04853876
0.048119392
0.04811114
0.050458245
0.048268326
0.047492426
0.04812484
0.04738796
0.049155775
0.047932126
0.047939803
0.048538808
0.047684614
0.04933399
0.04808097
0.04735333
0.047246624
0.048701044
0.04708772
0.047446523
0.047638863
0.046883266
0.04683749
0.048006244
0.04628133
0.0472624
0.04750252
0.04661363
0.047578067
0.046880487
0.04690846
0.047034364
0.047838036
0.04666385
0.047414716
0.047377232
0.048566256
0.04717432
0.047319006
0.047774915
0.04847617
0.046660755
0.047439963
0.04754158
0.048130944
0.04751527
0.048445184
0.047029313
0.04784772
0.047098458
0.047893323
0.047307134
0.047409132
0.04764417
0.04755529
0.04843231
0.04868069
0.04827386
0.04697844
0.0480223
0.04918188
0.047903515
0.047702167
0.047724854
0.047184113
0.049268577
0.046418376
0.04900997
0.047320843
0.046974562
0.047364436
0.04641732
0.047898933
0.046279315
0.04708206
0.046737514
0.04633224
0.046570916
0.04682008
0.047753844
0.04694214
0.04718551
0.04850115
0.046893686
0.047338076
0.046585597
0.046558667
0.046647724
0.04650353
0.046537504
0.04628658
0.046163738
0.046528775
0.047571078
0.046153504
0.046355892
0.046795253
0.04676397
0.047755755
0.04605544
0.049023766
0.046391767
0.046581596
0.046610225
0.04784109
0.0467491
0.046892572
0.047798596
0.046128694
0.04688837
0.04661712
0.04740973
0.046532262
0.046521127
0.04714138
0.04579884
0.0459931
0.04629359
0.045265153
0.04762739
0.04561939
0.04616511
0.04667261
0.046320345
0.046174653
0.046281528
0.046763174
0.04864852
0.04544852
0.046169043
0.047202073
0.046107028
0.04644716
0.046644334
0.04683613
0.04613777
0.04532891
0.044965453
0.046915624
0.045946438
0.04661093
0.045708686
0.04555631
0.046072118
0.04596838
0.046023633
0.04575159
0.04529159
0.045912925
0.045104016
0.045957193
0.045769926
0.047230817
0.046248842
0.045041524
0.045996394
0.04662548
0.046703808
0.04673795
0.046449844
0.046182252
0.045218553
0.046421517
0.046940695
0.04681136
0.04657847
0.047214217
0.04807822
0.047268573
0.046727076
0.04594908
0.047564074
0.04597029
0.04690645
0.046121094
0.04739548
0.04792338
0.045728248
0.04610945
0.04613614
0.046663743
0.04520701
0.04679887
0.04646561
0.04623159
0.04577081
0.046172243
0.046385035
0.046383776
0.04546428
0.045814876
0.045728754
0.047320146
0.045493655
0.046767313
0.045217857
0.04521782
0.04511707
0.046401743
0.04607405
0.045892935
0.047187004
0.04537674
0.046777453
0.045092605
0.0448599
0.045830306
0.04691025
0.04528278
0.045262247
0.047017477
0.04555754
0.045749854
0.045674887
0.04540424
0.045022625
0.045427322
0.045139592
0.04553802
0.045116328
0.04423407
0.04529952
0.045841284
0.045250718
0.044411503
0.047164325
0.045597013
0.045722514
0.04549663
0.04588694
0.045011286
0.045646593
0.045008812
0.044015937
0.04514577
0.044395372
0.04578249
0.046223477
0.045616593
0.044779044
0.04563413
0.04512815
0.04455649
0.045926154
0.046183936
0.045299552
0.045389738
0.04475284
0.04549161
0.045532063
0.0456235
0.04626227
0.04568413
0.045584716
0.04495854
0.04575677
0.04542419
0.04550705
0.04548999
0.045668125
0.046403434
0.045952387
0.045133702
0.04533462
0.04653287
0.046328183
0.047576707
0.04554614
0.045794602
0.044841282
0.04526471
0.04576682
0.045375314
0.046566434
0.044641938
0.044737857
0.045273066
0.046233263
0.04540728
0.04504725
0.04544893
0.044206556
0.045440238
0.044145316
0.044573102
0.048213493
0.04606054
0.04489384
0.045024056
0.044473257
0.04582806
0.045533452
0.045673564
0.044309516
0.0450108
0.044110898
0.045052357
0.046703365
0.046166975
0.044887472
0.04422194
0.046176966
0.04410348
0.04538789
0.04569202
0.04464307
0.044159934
0.045429796
0.04804376
0.04697153
0.04405822
0.044947904
0.045090944
0.046912704
0.04432923
0.04475816
0.045107037
0.04706042
0.04403309
0.04637066
0.044984788
0.045141175
0.04444316
0.044187322
0.044567544
0.044325944
0.046687532
0.044886697
0.0450578
0.044836547
0.044979814
0.045796342
0.04560472
0.04423713
0.04503398
0.045291677
0.045564126
0.044348396
0.04550768
0.044193372
0.044456154
0.044652227
0.044173975
0.04439094
0.04448746
0.045722876
0.04419711
0.04456655
0.043851804
0.045379344
0.044322975
0.044674005
0.044475395
0.044880997
0.043955874
0.04407479
0.044860315
0.045038126
0.04454239
0.044901446
0.04511728
0.043847334
0.044364437
0.044107214
0.043731697
0.04340085
0.04430826
0.045264516
0.04421185
0.0445965
0.045511287
0.044291984
0.044372536
0.045084737
0.04333113
0.04471751
0.04389075
0.04364609
0.044253472
0.044568196
0.044052947
0.045987763
0.044484388
0.044949703
0.043981835
0.04427316
0.04422362
0.04434705
0.04393107
0.04469581
0.04453095
0.044533018
0.044410795
0.04617565
0.044776373
0.044496633
0.044201083
0.044506013
0.044103205
0.044681996
0.043743297
0.043936636
0.045017093
0.04401825
0.04414947
0.045189932
0.044374123
0.043490507
0.04368602
0.044413473
0.044704165
0.04358469
0.04451944
0.044187866
0.043486767
0.044660952
0.043733235
0.044285655
0.043619193
0.043610636
0.0455307
0.043524258
0.045347147
0.043760523
0.043681014
0.04312693
0.044502363
0.043505065
0.043536067
0.044181716
0.04402378
0.04466066
0.044080492
0.044996485
0.04471124
0.046574403
0.044433486
0.043248393
0.043965623
0.043336846
0.043450728
0.044371244
0.04318059
0.043872613
0.04401595
0.04390195
0.04391996
0.043824937
0.043242835
0.04410896
0.04356704
0.045933817
0.043862447
0.043495025
0.04240579
0.043908127
0.04412707
0.043397833
0.043132037
0.042902477
0.043406636
0.042672057
0.043585975
0.04287477
0.043689232
0.042572092
0.042733073
0.04280453
0.043416295
0.043546945
0.042819846
0.04352291
0.043699563
0.04328084
0.04371573
0.04284411
0.04349646
0.043180306
0.043243945
0.042811297
0.042902887
0.042944103
0.043612797
0.043844037
0.04436933
0.043121904
0.04341216
0.044722367
0.0434475
0.044061776
0.04291007
0.043323833
0.04222351
0.04369164
0.044200234
0.043671362
0.043427117