
0.61178344
0.6225724
0.57978195
0.5739293
0.5650102
0.6025958
0.5592696
0.58851403
0.5612349
0.58857
0.55753076
0.5773834
0.54776174
0.54083276
0.53114444
0.56302065
0.55772394
0.5719358
0.5562701
0.55816025
0.5264512
0.5329116
0.5291798
0.51168865
0.51368296
0.51397675
0.4938562
0.521331
0.53001404
0.52169204
0.51079375
0.5134216
0.5315394
0.4920033
0.49025944
0.48679116
0.47925887
0.48114595
0.5060973
0.4739476
0.48396927
0.49375623
0.49983206
0.4819849
0.48140854
0.48516086
0.4761023
0.4669907
0.455144
0.46245825
0.44441488
0.44639865
0.43636394
0.44254193
0.44454598
0.4380941
0.43867
0.43313843
0.44494292
0.43311986
0.43780816
0.43702808
0.4487509
0.4454054
0.44700953
0.4277784
0.4365814
0.43372077
0.42008272
0.44617683
0.4227656
0.4196214
0.43028215
0.4208089
0.42290232
0.41267517
0.41589493
0.4071388
0.39635804
0.40522075
0.40869775
0.4080981
0.41446254
0.4418893
0.420915
0.4075738
0.39697108
0.40282986
0.39537102
0.38377967
0.37955314
0.3906688
0.38392758
0.37450734
0.39325026
0.3809058
0.37763086
0.38343784
0.3700388
0.3711634
0.37376013
0.3720516
0.36851004
0.36228853
0.3851802
0.3778005
0.36386845
0.35819104
0.36346233
0.36610606
0.36007285
0.3590494
0.36968544
0.3525189
0.34848225
0.35124993
0.3605355
0.36077994
0.3594545
0.36311424
0.36317265
0.3475667
0.34712896
0.3529907
0.34856555
0.337719
0.36456236
0.34206945
0.34189835
0.33708233
0.33852783
0.34029096
0.33753678
0.33648533
0.33846906
0.33734444
0.33541825
0.33530602
0.3524275
0.34727958
0.33552122
0.33712333
0.3469269
0.33571896
0.3398675
0.33208522
0.33204222
0.33074278
0.3351386
0.3253948
0.3278617
0.3273939
0.32664698
0.32433048
0.32236844
0.32031944
0.32785457
0.31853616
0.32565856
0.33917063
0.32449287
0.33714408
0.3266256
0.32145068
0.3255152
0.3241661
0.31498826
0.314653
0.31505534
0.32585174
0.3253223
0.31950894
0.32074514
0.31459188
0.3108982
0.328911
0.3118284
0.31395257
0.320277
0.31779844
0.3169192
0.30949152
0.31503358
0.31221902
0.30469334
0.31069812
0.30777243
0.3098838
0.31067553
0.31457716
0.30440852
0.31067592
0.31405917
0.30459726
0.30517763
0.30798805
0.31161052
0.308989
0.30295387
0.2992339
0.3093437
0.30488053
0.29920587
0.30023387
0.29725888
0.29898772
0.30004248
0.29701936
0.29257998
0.30120692
0.29327884
0.3069017
0.29587308
0.2934325
0.29455617
0.29119244
0.29128373
0.28976163
0.2906091
0.28433996
0.29024324
0.29291236
0.2932483
0.29168108
0.296541
0.29483742
0.28905043
0.29086772
0.29532886
0.27912366
0.28914922
0.28330988
0.28496784
0.28947997
0.2778436
0.27740803
0.27761278
0.27887824
0.28136605
0.28191933
0.2791487
0.28034538
0.27907765
0.2882759
0.28070208
0.27237397
0.27469572
0.27702644
0.27107355
0.2715163
0.27965444
0.283533
0.27871937
0.28023696
0.2775515
0.27470955
0.2785217
0.27334514
0.2702449
0.27172104
0.27243388
0.26477158
0.2735061
0.2673123
0.26890138
0.27541724
0.27950436
0.2592446
0.27255383
0.26775777
0.2613463
0.26130715
0.26894593
0.26688775
0.26659533
0.26740015
0.26213515
0.26475644
0.27231812
0.26597008
0.26088563
0.26673004
0.26601413
0.25592142
0.26599997
0.26455438
0.2717332
0.26555592
0.2608858
0.27065176
0.25693738
0.2589644
0.25866652
0.2548222
0.25403497
0.2615373
0.25452122
0.25736758
0.25095
0.25764376
0.253426
0.25269994
0.25263387
0.24733679
0.25516036
0.25895405
0.24992605
0.25794557
0.2525577
0.24988219
0.24739084
0.24887258
0.25851923
0.25338104
0.25087056
0.2475195
0.25090066
0.2500287
0.24860255
0.2503314
0.2406048
0.24327795
0.24301964
0.23970552
0.24594627
0.24331766
0.24392024
0.2450837
0.23738436
0.24623856
0.24143733
0.23812032
0.23637089
0.2477579
0.2385273
0.2373363
0.23832877
0.2496827
0.23739459
0.23742391
0.23500577
0.2450399
0.2321543
0.23568386
0.23304082
0.23688985
0.23365141
0.2325018
0.23185642
0.238721
0.23205681
0.23570818
0.23653384
0.23150563
0.23186137
0.23290901
0.24241218
0.22634558
0.22663227
0.22855018
0.23144343
0.23221374
0.24460971
0.22655709
0.22719395
0.2314673
0.22867702
0.22909586
0.22676468
0.22836272
0.22828889
0.23677716
0.2331525
0.22653878
0.2293382
0.23425744
0.22684354
0.2306117
0.22608188
0.2227542
0.2253562
0.22149715
0.22162235
0.21923886
0.22463048
0.2200928
0.2225284
0.2211538
0.22221565
0.22363155
0.2261723
0.21868388
0.22305834
0.22090764
0.22088718
0.21612915
0.21661296
0.21630065
0.2268113
0.21825652
0.22111294
0.22010288
0.22058037
0.21617885
0.21898656
0.22010733
0.22097352
0.21529855
0.21994242
0.21677852
0.22023249
0.21400331
0.22401209
0.21734916
0.21737388
0.22209181
0.22084056
0.2149853
0.21669456
0.21466476
0.23058295
0.21207137
0.21864207
0.21820723
0.2198221
0.21352479
0.21219549
0.21699573
0.21599932
0.21245785
0.21219274
0.21416564
0.21974076
0.21404856
0.21545336
0.210037
0.21105969
0.2130062
0.21544142
0.21094757
0.21212828
0.21724063
0.21661776
0.21255916
0.21218956
0.21357958
0.21725513
0.20959471
0.21364431
0.20859773
0.21230476
0.20913088
0.21203086
0.20611094
0.2064144
0.20607302
0.20838596
0.20766515
0.21523458
0.2061818
0.20796175
0.2055631
0.20113257
0.20804627
0.20151539
0.21147479
0.205451
0.20622107
0.2110559
0.21170227
0.20599449
0.20350662
0.20236702
0.20388971
0.20903434
0.20132811
0.20132072
0.2015778
0.20223893
0.20357855
0.202435
0.2059937
0.1986306
0.20566018
0.20116982
0.19838113
0.19609687
0.20180522
0.1988551
0.20055419
0.20154087
0.19507417
0.20211568
0.19598757
0.2013096
0.19921874
0.20165393
0.19714369
0.1979365
0.19968198
0.19850622
0.197879
0.19749103
0.19770585
0.19575419
0.1940816
0.19841844
0.19832127
0.2019856
0.1979684
0.21097693
0.19437546
0.19495468
0.19490856
0.18925253
0.19128688
0.20103127
0.1981387
0.19519186
0.19507538
0.19161133
0.19680232
0.19548924
0.19777232
0.19693479
0.19548129
0.19216253
0.19569433
0.18985008
0.1951197
0.19294198
0.19594665
0.19195046
0.1874219
0.19040366
0.1877096
0.18880959
0.1866739
0.19258627
0.1846779
0.19176793
0.19707291
0.189101
0.19667177
0.18446139
0.18490575
0.18352316
0.1886693
0.18878368
0.18643314
0.18989627
0.1892075
0.18751474
0.18654446
0.1863176
0.1959766
0.18822809
0.18079492
0.1830352
0.18659024
0.1923501
0.18687162
0.18672524
0.18591112
0.18629862
0.18720685
0.18571776
0.18496148
0.19147992
0.18753932
0.1851225
0.18279561
0.17965968
0.19570756
0.19333376
0.18100287
0.18085292
0.17929393
0.17941144
0.19095278
0.1840975
0.18138787
0.17927738
0.18674937
0.18284723
0.18131901
0.18039408
0.18412109
0.18043281
0.1848805
0.18262303
0.18168063
0.17770436
0.1777624
0.18561837
0.18066278
0.17613769
0.18255521
0.18723774
0.18128976
0.17904116
0.17621008
0.17640509
0.17785051
0.18293361
0.17475003
0.18005723
0.17912902
0.18366377
0.17758706
0.18224752
0.17168623
0.17821923
0.1759313
0.17300086
0.17650363
0.17263468
0.18516919
0.17478463
0.17843403
0.17752954
0.17332542
0.17834617
0.18076263
0.17814043
0.17724533
0.17469357
0.17346501
0.17557059
0.17225201
0.17894371
0.17621876
0.17536911
0.17167667
0.17507586
0.18091454
0.1736541
0.17752223
0.17577887
0.17807205
0.17926517
0.17891675
0.17223404
0.17746565
0.17063999
0.174213
0.17292534
0.17734139
0.17743132
0.17568667
0.17314516
0.172459
0.17331553
0.17537464
0.1744987
0.17188665
0.17431387
0.16838075
0.16861063
0.17440917
0.16759184
0.16931258
0.17300083
0.16615342
0.17474233
0.16652513
0.1658915
0.16391124
0.1722224
0.17309442
0.16954105
0.16928464
0.16542919
0.16867314
0.1673691
0.16596769
0.17259161
0.16512619
0.1703258
0.16821453
0.16479838
0.17485127
0.16985144
0.16547042
0.16936891
0.16841115
0.16612372
0.16895673
0.17309675
0.16250968
0.16565645
0.16835897
0.16654615
0.1632632
0.1644775
0.16183363
0.16346237
0.16830277
0.1666447
0.16416167
0.16178527
0.1642577
0.16049851
0.16251324
0.16719049
0.1604212
0.16303463
0.1608442
0.16207607
0.1648684
0.1652142
0.16401723
0.1636738
0.16687492
0.16566439
0.16318949
0.16417374
0.16476437
0.1624969
0.1646206
0.16279799
0.16628776
0.1608234
0.16082077
0.16649304
0.16085573
0.17029478
0.15965883
0.15919031
0.16420168
0.16528384
0.16511837
0.15839353
0.15921906
0.16032028
0.16255341
0.16379601
0.15898666
0.1601378
0.16200054
0.16287184
0.15947491
0.1603603
0.15741482
0.16106714
0.16535138
0.16087632
0.15667874
0.1585684
0.15795222
0.15879175
0.15736915
0.15642701
0.15902655
0.16184036
0.15595199
0.16003054
0.15286398
0.15785989
0.15578745
0.15551168
0.15649638
0.15794712
0.15716514
0.17686617
0.1601564
0.1557387
0.15937912
0.15701286
0.15949287
0.16336153
0.15923622
0.15541282
0.1588593
0.15821543
0.16009954
0.15526094
0.15328272
0.15366541
0.15779155
0.15861167
0.16309147
0.1563603
0.15695456
0.16159888
0.16745825
0.15524909
0.15928964
0.1660432
0.15618098
0.16247581
0.15453462
0.15818429
0.15373942
0.15654606
0.153002
0.15493679
0.15277807
0.15423228
0.15841389
0.1518738
0.15379426
0.15514135
0.15541998
0.1547115
0.15295732
0.15662564
0.15119241
0.15068093
0.1558778
0.15434147
0.1548255
0.14976873
0.15151532
0.14969899
0.15484941
0.14928034
0.1532257
0.15457802
0.14682837
0.15070947
0.1480816
0.1525424
0.15136543
0.15084536
0.15246387
0.15057978
0.15095621
0.14961575
0.15207987
0.1578597
0.1564176
0.155178
0.15075627
0.15538752
0.15101786
0.15074088
0.15021785
0.1527859
0.15014559
0.15510313
0.15186308
0.14764485
0.15039968
0.1501038
0.14902082
0.14578879
0.15457708
0.1531588
0.14954703
0.15306133
0.14754264
0.14776453
0.14448836
0.14705843
0.1477011
0.15700985
0.15041648
0.14721489
0.14945677
0.14604205
0.152082
0.14616887
0.1468374
0.14755878
0.14761558
0.15210953
0.14904003
0.15076493
0.14567338
0.14691974
0.14895302
0.14593624
0.14449476
0.14745376
0.15333882
0.14786427
0.15178609
0.15041687
0.14885119
0.15182635
0.14345472
0.15761296
0.14692576
0.14777458
0.14965747
0.14350133
0.14539328
0.1475319
0.14847516
0.14984618
0.14495376
0.14294739
0.14808384
0.14472468
0.14619
0.14272416
0.1475225
0.14782669
0.14879578
0.14632255
0.14462192
0.142392
0.14495817
0.14941838
0.14583312
0.14795113
0.14460325
0.14509946
0.14577077
0.14515948
0.15044993
0.14580235
0.14454968
0.14549553
0.1422474
0.14439559
0.14533822
0.14247058
0.14172487
0.14253196
0.14381468
0.14249115
0.14793023
0.14211771
0.14329746
0.14326547
0.14604288
0.14315629
0.14089575
0.14165926
0.13953999
0.1390914
0.14259872
0.14591396
0.13950145
0.13841312
0.14131352
0.1436303
0.14039063
0.1438309
0.14066878
0.14132933
0.141101
0.14028104
0.1394919
0.1422499
0.14127275
0.14272292
0.13704596
0.14072466
0.13959813
0.14231801
0.14117892
0.14015518
0.1416627
0.14052087
0.14271896
0.1430943
0.14069211
0.14182274
0.1412656
0.14300682
0.1400609
0.13998371
0.13956206
0.14195605
0.14234477
0.13936
0.1416552
0.14055851
0.13616064
0.14005595
0.13947442
0.13675326
0.13874014
0.14316921
0.14185397
0.1422697
0.13719925
0.13742347
0.13757099
0.13794985
0.13945529
0.14184931
0.13780403
0.13780393
0.13790251
0.13820674
0.13667223
0.14063764
0.13869518
0.13770346
0.1395628
0.13770851
0.1366366
0.13643
0.14137174
0.1375908
0.13458426
0.13527055
0.13702911
0.13433644
0.13750236
0.13566144
0.13755819
0.13623008
0.13448997
0.13707098
0.13697979
0.13820356
0.13890895
0.13568176
0.1350072
0.13594517
0.13470596
0.13504823
0.13507222
0.13317102
0.134203
0.13995428
0.13486052
0.13744074
0.1383344
0.13463485
0.1400386
0.13626274
0.1359889
0.13721493
0.13641855
0.13456161
0.137726
0.13567232
0.13354999
0.1348437
0.13517427
0.13328825
0.13171348
0.1314913
0.13163412
0.13411848
0.13712072
0.134495
0.13318294
0.13605624
0.13310307
0.13314617
0.13286151
0.13536659
0.13025372
0.13808084
0.13722888
0.13255772
0.13426632
0.13436843
0.1350151
0.13119699
0.13213551
0.13300677
0.13507913
0.13393271
0.13974345
0.1363112
0.13126762
0.14330168
0.13234971
0.13694438
0.13017684
0.13318068
0.12881805
0.13252205
0.13294165
0.1333453
0.13809106
0.12975892
0.13181058
0.13155563
0.13031006
0.13123894
0.13164936
0.13844292
0.1328442
0.13463733
0.13605334
0.13167149
0.13085225
0.13488014
0.13124906
0.13257062
0.13876614
0.13539979
0.13720751
0.13125035
0.13525933
0.1311905
0.13187431
0.12984748
0.12872489
0.13924253
0.12892175
0.1316116
0.13198633
0.13254885
0.13747512
0.13046
0.13692008
0.13432439
0.12886067
0.13326435
0.13036896
0.13372725
0.13261443
0.13373005
0.13218655
0.13273534
0.1304794
0.12958208
0.1309949
0.1301841
0.13466813
0.1331289
0.12889679
0.13112096
0.12970738
0.12669824
0.12876101
0.1297225
0.13180888
0.13315468
0.12736973
0.13101403
0.13632564
0.13020325
0.13186303
0.12946346
0.13510726
0.13090937
0.12728459
0.1279099
0.13039978
0.12804346
0.12881985
0.12551135
0.1284413
0.13372937
0.1322091
0.12825802
0.12516427
0.12707089
0.1287022
0.13111591
0.12788807
0.1269667
0.12840566
0.12587567
0.12987569
0.12757576
0.12517267
0.1250139
0.12579641
0.12855124
0.12725112
0.12775359
0.13016066
0.12603217
0.12637746
0.1300636
0.12432523
0.12762736
0.12745738
0.12936725
0.12577601
0.12502898
0.12621358
0.12686914
0.12742777
0.1228927
0.12825148
0.12803482
0.12510222
0.12527837
0.12619829
0.1276023
0.12926479
0.12510486
0.12573117
0.1252055
0.12647304
0.12652312
0.12592179
0.12591252
0.13002962
0.12589258
0.12542431
0.12488581
0.12575895
0.12604542
0.12416968
0.12938537
0.1271592
0.12806652
0.13176018
0.12774427
0.12503704
0.1322238
0.12870587
0.12387038
0.12573111
0.13238746
0.12967612
0.12689866
0.12538728
0.12766948
0.12853387
0.12694202
0.12645169
0.12645477
0.13063978
0.12376664
0.12657362
0.12651479
0.1280494
0.12877476
0.1251335
0.1255898
0.13034388
0.12973848
0.12681784
0.1244061
0.1274975
0.12717074
0.1246658
0.1269228
0.124640584
0.123294726
0.12436036
0.124359995
0.12711062
0.12414568
0.12631524
0.12410533
0.12482302
0.123386115
0.12772584
0.1262484
0.12573089
0.12893108
0.12500437
0.12407927
0.12541549
0.12353106
0.12693831
0.12988739
0.1263997
0.13055164
0.13008374
0.12923835
0.12824139
0.12735212
0.12861037
0.129276
0.12372361
0.1257116
0.12309751
0.12682806
0.12376041
0.12740774
0.12331501
0.12528037
0.12630948
0.12502523
0.12409224
0.121762164
0.12435781
0.12300196
0.1225088
0.12553188
0.12418824
0.12351206
0.12467595
0.12768283
0.12434461
0.12390974
0.12750356
0.12429451
0.12510516
0.12356186
0.12354906
0.121660754
0.121948965
0.124232896
0.12182886
0.12170602
0.12267612
0.11913372
0.12228151
0.12233262
0.120120406
0.12116
0.124250166
0.12555799
0.123560265
0.12212464
0.119552195
0.123574376
0.12249493
0.11985719
0.12279677
0.12050855
0.12467229
0.12578675
0.12089974
0.120860964
0.123049594
0.11962107
0.119802
0.122193724
0.120226204
0.12435674