
0.6875892
0.6933745
0.696472
0.7199431
0.6332785
0.60706764
0.59192926
0.6033841
0.59171516
0.5671968
0.5975096
0.5755739
0.5541111
0.57417756
0.57400024
0.57095903
0.56161964
0.5663692
0.5850549
0.54435825
0.5486115
0.555592
0.54371125
0.53440535
0.54833525
0.5466047
0.55645144
0.5268391
0.5297237
0.52357614
0.52086335
0.52947134
0.5147995
0.5177643
0.5184601
0.5342811
0.51163375
0.50268686
0.5220099
0.50079286
0.5192231
0.5068294
0.5055481
0.4935607
0.47648537
0.48066255
0.49726063
0.47911263
0.48283124
0.49081767
0.46715823
0.4840396
0.47563672
0.469426
0.47587532
0.47555873
0.48770335
0.4701438
0.47965777
0.46057647
0.4668124
0.45625824
0.46059301
0.45611584
0.4569072
0.44174805
0.45595428
0.4453448
0.4584161
0.4439816
0.45095605
0.45315439
0.45300633
0.4379277
0.44664195
0.4476487
0.43315655
0.45076704
0.42959473
0.43463585
0.44512913
0.43511432
0.43841058
0.42966515
0.44123524
0.42582947
0.42843345
0.4295158
0.42989793
0.4125054
0.4186988
0.41238213
0.4111002
0.41512448
0.4183688
0.4134849
0.42056227
0.4057929
0.413684
0.40607473
0.40323693
0.39848152
0.39801404
0.40707874
0.40862915
0.38775814
0.38804638
0.39595306
0.39067638
0.38490024
0.38865247
0.3973722
0.37963507
0.3789219
0.38083178
0.3865993
0.38181534
0.3898172
0.38063905
0.38142747
0.38734236
0.36914235
0.37704933
0.37102297
0.3951836
0.381907
0.3824848
0.37321523
0.38664535
0.39508778
0.36936012
0.36495614
0.369537
0.3661334
0.3755864
0.36678785
0.36422372
0.37243682
0.36385226
0.35773942
0.36667585
0.37045038
0.3637825
0.35721803
0.38081905
0.3675887
0.3639797
0.3675736
0.3625134
0.3628945
0.35496
0.36230704
0.35842738
0.35572183
0.3568576
0.35152298
0.35652095
0.3473683
0.348507
0.34737477
0.34147036
0.349787
0.34232506
0.36428237
0.3421296
0.3349294
0.34271678
0.3576464
0.34801894
0.33855605
0.3487608
0.34916463
0.33427125
0.33966094
0.34968874
0.3434633
0.34185424
0.3360811
0.35388687
0.3322557
0.33799058
0.32950467
0.3249025
0.33201152
0.3259672
0.33760265
0.3306403
0.32430977
0.331483
0.32587284
0.3288784
0.32712597
0.32142276
0.32636255
0.3217474
0.32159087
0.3228626
0.31866047
0.3217338
0.33070716
0.33272433
0.3195993
0.32004824
0.31604597
0.31089115
0.32692984
0.3163577
0.31343016
0.31551448
0.31867653
0.3173166
0.31421924
0.3219114
0.31707948
0.3140082
0.3070856
0.31290382
0.30602488
0.3085667
0.315446
0.31287464
0.3102271
0.31922206
0.31143844
0.31238747
0.30191338
0.30535603
0.3101708
0.30448425
0.30445424
0.3016242
0.3116191
0.31505677
0.30180237
0.30277315
0.32980525
0.30618495
0.31567395
0.30052176
0.3201365
0.30718315
0.31484416
0.29978743
0.3048779
0.30648556
0.2992562
0.31427622
0.29651532
0.30415416
0.31215003
0.3098839
0.30549842
0.30010667
0.30022225
0.29812077
0.29875126
0.29332176
0.29242265
0.29954183
0.29418474
0.29606777
0.29614362
0.29360497
0.29784822
0.29487535
0.29697108
0.30310747
0.30070913
0.29107776
0.2897623
0.29109764
0.2903968
0.2923371
0.2893151
0.2886115
0.2898285
0.29439592
0.28487095
0.28917503
0.2873545
0.2907861
0.28636995
0.2866556
0.29431808
0.28865424
0.2983412
0.2850938
0.2855582
0.2821542
0.28414416
0.2831211
0.28066385
0.28190744
0.29493737
0.27906835
0.2830037
0.28297725
0.28137863
0.28235012
0.2798832
0.2794718
0.27633074
0.2732893
0.2748398
0.2743323
0.27510473
0.2738799
0.27799547
0.27493444
0.28053147
0.27698532
0.27823976
0.28145874
0.27182987
0.27589086
0.27588078
0.27844897
0.2759424
0.27139586
0.27153125
0.2707501
0.27646112
0.26517364
0.27856386
0.2661029
0.27031943
0.27068093
0.2650245
0.26649213
0.26955542
0.266477
0.26779193
0.2708008
0.26686597
0.28031725
0.27120697
0.27575135
0.2683223
0.26282412
0.26353544
0.25925982
0.26014435
0.2699149
0.2611622
0.25773507
0.25693128
0.25511602
0.2582414
0.25732034
0.26096064
0.2589668
0.26262704
0.26184136
0.26785833
0.25843045
0.25550056
0.2607988
0.26197097
0.2536783
0.263209
0.24954198
0.25025445
0.25117657
0.2568427
0.25742486
0.2535524
0.25116935
0.251991
0.25766775
0.2518341
0.25479394
0.2534616
0.2507703
0.249321
0.25361016
0.25515273
0.25481692
0.2521907
0.25513133
0.2538923
0.2500132
0.24560764
0.24998564
0.25177372
0.25140214
0.24608728
0.2489154
0.2539718
0.25152346
0.25179946
0.24836563
0.24626854
0.24596071
0.24845931
0.24546187
0.2477903
0.24373727
0.25074118
0.2523915
0.24617182
0.24377292
0.24480164
0.2415255
0.24942969
0.24395774
0.24575312
0.24555288
0.24106087
0.23976906
0.24418695
0.23609228
0.23958255
0.24438179
0.24106584
0.23881482
0.23793857
0.23629574
0.23919305
0.24060386
0.24252355
0.23963769
0.23985375
0.24289984
0.24127722
0.24490318
0.23716629
0.23966005
0.24084754
0.2362408
0.23604706
0.23732597
0.23568504
0.23292641
0.2378643
0.23742029
0.23125458
0.2394332
0.23535198
0.23797098
0.23468333
0.23837498
0.24412923
0.236918
0.23336716
0.23984051
0.22794472
0.23012707
0.22994494
0.23150119
0.2325523
0.23238945
0.23399411
0.23152423
0.23493934
0.23205566
0.23382735
0.23276323
0.22889906
0.2355699
0.23745474
0.23123378
0.23134159
0.23652329
0.23602514
0.23044896
0.23315
0.23358452
0.22564246
0.23248945
0.23119861
0.23430006
0.22570403
0.2306331
0.23375888
0.2262877
0.2273016
0.22947507
0.22415948
0.229953
0.22728261
0.22413516
0.22623304
0.22451842
0.22654918
0.22794583
0.22598118
0.22646418
0.22603291
0.22966836
0.22570221
0.23391883
0.2211228
0.2252042
0.22698028
0.22577809
0.22672132
0.23294462
0.22396976
0.22564618
0.2294833
0.22430678
0.22234726
0.23044376
0.2272137
0.22240548
0.22360574
0.2307561
0.22746068
0.22726662
0.2246295
0.22521964
0.22427261
0.22821905
0.22189958
0.22818254
0.21918741
0.21965155
0.2193276
0.2239806
0.2225237
0.22286451
0.222275
0.23036048
0.22086418
0.22533
0.22273162
0.22606862
0.22001526
0.21983416
0.22112331
0.22459537
0.22749807
0.21931034
0.22577943
0.22083944
0.21587366
0.218088
0.22354448
0.21910049
0.21704903
0.22495246
0.2177124
0.22964956
0.22199598
0.21595745
0.21527502
0.22039527
0.21884875
0.2163594
0.21644725
0.21850052
0.21622469
0.21959344
0.22067687
0.21930869
0.21707495
0.21884914
0.22292197
0.22012916
0.21685882
0.21152528
0.22025712
0.21594495
0.21897449
0.21937452
0.21764886
0.21765222
0.23174478
0.21812981
0.2205198
0.21551889
0.21659824
0.21499266
0.21222651
0.22124942
0.21168631
0.21853249
0.21507359
0.21904382
0.22440046
0.21196301
0.21615389
0.21148956
0.21132204
0.21412472
0.21291934
0.21814129
0.20819329
0.20965688
0.20578885
0.20946181
0.20724668
0.21177158
0.2124046
0.20842147
0.20967194
0.20902711
0.20855859
0.21197565
0.21075287
0.2051644
0.20574877
0.20595762
0.20658666
0.20935899
0.20395504
0.21089196
0.20887977
0.2049861
0.21051368
0.20744227
0.20585197
0.20672253
0.21287641
0.20758432
0.2048415
0.2085796
0.20674157
0.20415191
0.20662338
0.20642816
0.20666327
0.20791861
0.2144105
0.2052102
0.20843309
0.20298083
0.20856623
0.20856124
0.20659143
0.20669809
0.20543472
0.20698656
0.2013692
0.20291224
0.20856547
0.20224787
0.20166369
0.20202419
0.20151573
0.20595074
0.20724094
0.2054075
0.20121115
0.20582898
0.2042997
0.20540422
0.20463446
0.20354955
0.20148915
0.20589393
0.20580512
0.20352401
0.1988206
0.20005237
0.20599335
0.20053144
0.20188537
0.20580077
0.20190991
0.20453195
0.2013925
0.20421027
0.20231108
0.20503712
0.20167045
0.2090468
0.20333403
0.2016554
0.20451243
0.2117461
0.20064643
0.19976011
0.20512982
0.20008552
0.19594947
0.20593846
0.19985828
0.19877447
0.20125501
0.20089442
0.20190088
0.20175585
0.19630404
0.19903915
0.19441582
0.19633502
0.20356572
0.20023993
0.19935057
0.19646251
0.20642811
0.19883522
0.20079237
0.19813938
0.19761284
0.19807975
0.19492763
0.20192038
0.19744724
0.19809946
0.1947261
0.20291257
0.20011891
0.19601181
0.20269361
0.19974318
0.19853024
0.2003076
0.19637
0.19635335
0.19714853
0.20191823
0.19479558
0.20328149
0.19880083
0.20564786
0.19893563
0.20196094
0.2035868
0.19511367
0.203725
0.19541639
0.19835417
0.19516723
0.19562164
0.19219366
0.19556014
0.19551855
0.19501872
0.19455492
0.1897244
0.1969011
0.19247448
0.19407322
0.19523957
0.1984281
0.19309047
0.19380213
0.18944654
0.19731228
0.193632
0.19490099
0.1901125
0.19346634
0.19122636
0.1947907
0.19727011
0.18905868
0.19582249
0.18878488
0.19195743
0.19044602
0.19691819
0.20090064
0.19394854
0.19165608
0.19274755
0.19054812
0.19207528
0.19443686
0.19272868
0.19250499
0.18940167
0.19279288
0.19367427
0.19199008
0.19554156
0.1888625
0.19000366
0.19134602
0.1892157
0.18903078
0.19225106
0.19341308
0.19277774
0.19454004
0.18963553
0.19162096
0.18777315
0.19150788
0.18869923
0.18784097
0.18905215
0.1904693
0.19182771
0.1864331
0.1836428
0.18385929
0.18756106
0.18955585
0.18894035
0.187957
0.18422401
0.18601237
0.18704042
0.18874298
0.19162205
0.1847919
0.18666886
0.18591195
0.18587707
0.19376862
0.19223213
0.19031984
0.18730994
0.19025722
0.18671265
0.18262348
0.184326
0.19262713
0.183802
0.18858834
0.18318897
0.1829352
0.18441708
0.18675934
0.1869986
0.1932905
0.18494543
0.18538812
0.18903066
0.18258245
0.18446766
0.18978228
0.18395081
0.18346776
0.18408409
0.18235719
0.18303664
0.18881239
0.18775648
0.18504484
0.18614988
0.18338569
0.1851608
0.18859737
0.18636836
0.18805096
0.1845657
0.18322557
0.18154268
0.18309183
0.18332022
0.18715768
0.18678497
0.18463257
0.17981951
0.18195571
0.18240073
0.18569322
0.17876402
0.1813366
0.18337305
0.17961618
0.18009908
0.18059604
0.18676619
0.18079947
0.18074624
0.18247905
0.1780074
0.18210201
0.18305168
0.1859132
0.18332654
0.18080376
0.18790042
0.1804116
0.19072156
0.18200324
0.17844571
0.18028578
0.18221238
0.18247809
0.18321499
0.1835776
0.18251719
0.18089609
0.18511193
0.18578102
0.18279329
0.18073902
0.18177971
0.18191329
0.18049037
0.18193239
0.1811828
0.18066914
0.1806976
0.17997035
0.1800132
0.18178222
0.17946367
0.183345
0.17976782
0.17977712
0.1786805
0.17892121
0.18114038
0.18606849
0.18294516
0.1759117
0.17776148
0.17625579
0.17993778
0.18060179
0.17864022
0.1766088
0.18118186
0.18479913
0.17821597
0.17828637
0.17746754
0.1805925
0.18010831
0.17749773
0.17891803
0.17900328
0.17463978
0.17581122
0.17875192
0.17804754
0.17594263
0.18019313
0.17954627
0.17814858
0.18073186
0.17627783
0.18175061
0.17884077
0.17515361
0.17599502
0.17669474
0.17695856
0.17336412
0.17888981
0.1765719
0.177603
0.18235075
0.17414401
0.18031809
0.17249307
0.17446251
0.17820154
0.17328595
0.18192212
0.17879984
0.17118202
0.17794175
0.18002912
0.17797153
0.1803742
0.18058681
0.17308481
0.18021318
0.17650539
0.1741277
0.17502654
0.17565903
0.17621535
0.1727126
0.17431012
0.17805299
0.17406756
0.17749406
0.17984928
0.17733416
0.17745529
0.17251435
0.174673
0.17326537
0.17185386
0.17658903
0.17180127
0.17850268
0.17394513
0.17269067
0.17292893
0.17571306
0.18149929
0.17646328
0.17447913
0.17799935
0.17877452
0.17280744
0.17410575
0.18154924
0.17537922
0.17415224
0.17411903
0.1739657
0.1750737
0.17623016
0.17913811
0.18076964
0.17395952
0.17432655
0.17490228
0.17101794
0.17664194
0.17385066
0.1722114
0.17253251
0.17490794
0.17414866
0.1756519
0.17489554
0.17418775
0.17667095
0.1716607
0.17417252
0.17273745
0.17086025
0.16991366
0.17741798
0.1720342
0.17142166
0.17450258
0.17042853
0.17428094
0.1699029
0.17210299
0.17269109
0.17496079
0.17120762
0.17069665
0.17160103
0.17245813
0.17476226
0.17340983
0.17423964
0.17543063
0.17979184
0.17619891
0.17535032
0.1733617
0.17388272
0.17386888
0.17559142
0.17252004
0.17252754
0.1796433
0.17440371
0.17380278
0.17488007
0.17733462
0.1744331
0.17326225
0.17410271
0.17375942
0.17462255
0.17563714
0.17366186
0.17135128
0.17827517
0.16910438
0.17125309
0.16896719
0.1722826
0.1709229
0.17083207
0.17342007
0.17434612
0.17109406
0.1743427
0.17350619
0.18050157
0.17148767
0.17315458
0.17444855
0.16828915
0.17506808
0.17385352
0.17299028
0.17405345
0.17441371
0.17580408
0.17852147
0.17274405
0.17425328
0.17284982
0.17115764
0.17127384
0.17072129
0.16900688
0.16977149
0.17192717
0.17049587
0.17081752
0.16920762
0.17476551
0.17078686
0.16853331
0.16720504
0.17190084
0.1710616
0.166643
0.17114937
0.17223756
0.16950494
0.16950692
0.16979711
0.16761562
0.16709478
0.16966178
0.17181166
0.17962553
0.16829535
0.17221853
0.17257658
0.17071277
0.16988449
0.17015445
0.17487387
0.16942316
0.17061284
0.16638201
0.16990143
0.16767102
0.18021058
0.17152143
0.17276603
0.16451673
0.16820653
0.1722686
0.16592875
0.16659242
0.16849515
0.16898856
0.16288614
0.16615699
0.1677112
0.16743544
0.17185521
0.16686918
0.16683182
0.17375812
0.16913971
0.16485465
0.17083651
0.16970919
0.16541846
0.16718692
0.1670723
0.16818298
0.17218833
0.17491351
0.16550581
0.16583519
0.16727605
0.16958944
0.16784707
0.16727613
0.1654009
0.16719425
0.16733965
0.16871306
0.16524641
0.1669277
0.16786917
0.16823763
0.16325967
0.16557692
0.16864572
0.16412368
0.16622669
0.16445233
0.16313495
0.16507494
0.16339852
0.16343728
0.1658717
0.16489427
0.16897596
0.16705917
0.1709802
0.1657061
0.16449696
0.16495946
0.16433619
0.16517457
0.16452914
0.16492927
0.1641205
0.16407798
0.16413225
0.16352051
0.16292036
0.16225187
0.16225192
0.16445641
0.16677862
0.1633231
0.16095044
0.16342908
0.16369647
0.16570659
0.16092047
0.16511554
0.16331632
0.16453731
0.1673001
0.16110599
0.166263
0.16188115
0.16502547
0.16496776
0.16362745
0.16613814
0.16250403
0.16213705
0.16335338
0.15956114
0.16636872
0.1602057
0.16808675
0.1617205
0.16251077
0.16217451
0.16223693
0.16347112
0.1604683
0.16080295
0.16448656
0.1637152
0.16013654
0.1632151
0.16080047
0.16180474
0.16042514
0.16639784
0.1600525
0.15792392
0.15961252
0.16050395
0.15992899
0.16108592
0.16049653
0.15571192
0.16373812
0.15899743
0.16388471
0.1604679
0.16075118
0.15821385
0.15933506
0.15917204
0.16061586
0.1599989
0.16290137
0.1629789
0.1612417
0.15787748
0.16076
0.15950936
0.15942892
0.1595075
0.16164675
0.1588234
0.15924847
0.15976752
0.15821394
0.15660605
0.16136567
0.15847576
0.15566559
0.16152985
0.15519226
0.16002549
0.15792324
0.15962751
0.1578416
0.16194975
0.1608801
0.15769775
0.16084734
0.16016607
0.16510487
0.16000625
0.15962762
0.15841337
0.15836205
0.1592767
0.16069816
0.15959014
0.15775341
0.16237745
0.16203886
0.15766665
0.16123952
0.15978175
0.16333233
0.16258895
0.15955472
0.15757985
0.15963455
0.15943244
0.16045314
0.16359338
0.16094217
0.15964942
0.15679725
0.15827855
0.15953091
0.16170837
0.15998386
0.1592856
0.16059925
0.1608478
0.15841967
0.16305828
0.1573617
0.1591804
0.15992826
0.16040494
0.159632
0.15739404
0.16479817
0.15919402
0.16140398
0.1592365
0.16127975
0.1600227
0.15682222
0.15755865
0.15755394
0.16066845
0.15927261
0.15722728
0.15651082
0.15950172
0.16252181
0.1561231
0.15888946
0.15996373
0.1624291
0.15775259
0.1602851
0.15536745
0.15923794
0.15832841
0.15993555
0.15941082
0.16028687
0.1589291
0.1543759
0.15880692
0.15743913
0.156761
0.15944736
0.15725745
0.15577284
0.15840213
0.15470864
0.15688202
0.15792784
0.15814187
0.15473954
0.15462889
0.1568147
0.15676223
0.15445702
0.15637626
0.16377875
0.15667446
0.15833655
0.15835716
0.15408206
0.15697992
0.15341781
0.15669441
0.15835871
0.15646853
0.15671837
0.1561522
0.15815772
0.15660816
0.15524803
0.15503429
0.15483113
0.16082281
0.15575026
0.15660335
0.15738922
0.16074863
0.1534153
0.15431541
0.1507648
0.15251723
0.15392657
0.15501767
0.15190478
0.15271813
0.15701671
0.15236576
0.15127614
0.15213448
0.15499963
0.15554905
0.15268265
0.1577159
0.15853432
0.15795577
0.15881419
0.15630303
0.15560384
0.15420134
0.15233791
0.15106368
0.15707015
0.15673116
0.1554152
0.15174854
0.15686043
0.15245748
0.15469842
0.15589102
0.15518449
0.15679485
0.15255368
0.15589312
0.15210581
0.1558409
0.15634358
0.15805091
0.15517175
0.15444332
0.1523327
0.15273575
0.15768541
0.15466449
0.15272883
0.15289775
0.15478472
0.15090346
0.1531538
0.15191837
0.15105635
0.1518839
0.15650655
0.15778452
0.15160331
0.1505977
0.14866057
0.15062754
0.15211621
0.14820525
0.15039717
0.15344927
0.14928882
0.15089759
0.15110156
0.14868575
0.1500537
0.14983603
0.15659282
0.14792909
0.14901535
0.14697646
0.15415327
0.15019423
0.14922322
0.15088207
0.15159647
0.14881982
0.14890172
0.15050901
0.14901806
0.15065861
0.1504169
0.15181483
0.14768168
0.14928782
0.1495614
0.14900719
0.1465486
0.14916112
0.15503995
0.14952417
0.15014857
0.1506656
0.15032819
0.15391783
0.15126611
0.15023512
0.1483501
0.14843069
0.15065676
0.14966255
0.14940532
0.1493326
0.15272522
0.15168975
0.15176818
0.14861274
0.15040834
0.15710777
0.15177128
0.14978579
0.14872304
0.14806609
0.15192789
0.15277623
0.14770591
0.15143324
0.15183192
0.15091829
0.15076275
0.14968826
0.15379332
0.15051079
0.15538941
0.15332304
0.15032789
0.14970487
0.15180665
0.15297875
0.1496606
0.1491733
0.15022826
0.15162806
0.15001099
0.15100928
0.14946055
0.15304495
0.15185225
0.14905803
0.1459775
0.15023416
0.15247513
0.15379271
0.15226059
0.14980103
0.15272796
0.14925054
0.15054852
0.14868316
0.15050386
0.14790924
0.14792192
0.14919406
0.15052082
0.15146816
0.15054436
0.14746282
0.15191227
0.14865956
0.14856382
0.14927001
0.14971401
0.14550535
0.1488688
0.15011303
0.1516778
0.15108483
0.1532845
0.15145518
0.14854604
0.14545853
0.14916202
0.14959876
0.14545842
0.148508
0.14407317
0.15029886
0.14930733
0.14976673
0.14440402
0.15077372
0.14549063
0.14542376
0.14760368
0.14661968
0.14595927
0.14719296
0.14528564
0.1468002
0.14830768
0.1455504
0.14735214
0.14858305
0.1441776
0.14328398
0.14457698
0.14783196
0.14546415
0.14819856
0.14882684
0.14379625
0.1483756
0.14459765
0.14564681
0.14479221
0.14467053
0.14601669
0.14400089
0.14244592
0.14960667
0.14606048
0.1459413
0.14414941
0.15087496
0.14507651
0.14356035
0.1426343
0.147932
0.14655823
0.14523576
0.14521632
0.14669168
0.14322622
0.14440617
0.14706771
0.1506507
0.14674823
0.14466126
0.14454514
0.14326036
0.1439253
0.14517073
0.14588414
0.14553414
0.1439105
0.14507166
0.14913704
0.14973253
0.15150729
0.14403404
0.14279015
0.15023074
0.1475513
0.14379503
0.14532351
0.14607641
0.14419515
0.14731365
0.14442638
0.14721037
0.14548054
0.14394532
0.14309597
0.14706524
0.14846271
0.14379053
0.14666742
0.14403847
0.14719567
0.15342736
0.14129329
0.14359441
0.14814313
0.15029857
0.15185715
0.14715119
0.14368236
0.14752418
0.14458998
0.14599961
0.14739065
0.14400601
0.14486195
0.14918488
0.1437612
0.14233992
0.1445275
0.14599852
0.14884318
0.14842325
0.14753294
0.1480991
0.14610472
0.14850186
0.14427084
0.14472376
0.14487155
0.15034913
0.1447498
0.14785133
0.14793131
0.14206433
0.14693171
0.14701517
0.14565635
0.15011351
0.14422671
0.14499092
0.14289807
0.14430958
0.14517069
0.14328995
0.14310813
0.14373444
0.14353435
0.14177452
0.14560051
0.1426931
0.143541
0.14164998
0.14275779
0.14168882
0.1416844
0.14257061
0.14406565
0.14191626
0.1445725
0.14103068
0.14295918
0.13941684
0.14389318
0.14220835
0.14357962
0.14471638
0.1452627
0.14560644
0.14413181
0.14325915
0.1423719
0.14040299
0.14279424
0.13785629
0.14115737
0.142602
0.14159404
0.13786273
0.14118189
0.14019455
0.14331312
0.14292175
0.13957752
0.14194852
0.14148477
0.138823
0.14100444
0.14097433
0.13936172
0.14139749
0.13876855
0.1388396
0.14038634
0.1390294
0.14999011
0.14140706
0.14133814
0.14171423
0.13990055
0.14187819
0.13894509
0.14267503
0.13922101
0.14579764
0.1422461
0.14245598
0.14452745
0.14473885
0.14164154
0.14264458
0.14143723
0.14293748
0.14410676
0.14264396
0.13855994
0.14130524
0.14068095
0.14208059
0.14373045
0.13815759
0.14406641
0.14329904
0.14098781
0.14229517
0.14510085
0.14069349
0.14428344
0.14039946
0.13774092
0.14294913
0.13771077
0.14432877
0.13973732
0.14086273
0.13848178
0.13976382
0.13883263
0.14237437
0.14177893
0.13718255
0.14069682
0.13791539
0.14177215
0.1411486
0.1396359
0.13990505
0.14025937
0.14058979
0.13798942
0.13975143
0.13881639
0.1394834
0.1392297
0.1381737
0.14013305
0.1373762
0.14008039
0.14138624
0.14809844
0.13981189
0.14066009
0.1416003
0.13940504
0.13961233
0.14010943
0.13855945
0.13814183
0.13972025
0.1382284
0.14225917
0.14226
0.14133747
0.13857609
0.13971837
0.13763918
0.14040314
0.13835019
0.13701391
0.14468051
0.14036843
0.13863513
0.13915497
0.13653328
0.13797389
0.13682143
0.13801856
0.13795242
0.13569617
0.14185636
0.13857976
0.13716017
0.13420619
0.13557783
0.14152287
0.13756223
0.13848338
0.13686961
0.14101775
0.13878891
0.13844587
0.14204775
0.14173307
0.13683352
0.14122584
0.14286341
0.13779007
0.13615273
0.13868709
0.13974954
0.13780229
0.13737303
0.14111301
0.13571522
0.13479526
0.13920055
0.13728793
0.13620254
0.1359991
0.13625962
0.1368631
0.13572578
0.1362749
0.1351874
0.13548054
0.1364333
0.13539386
0.13679785
0.14006242
0.13432746
0.13666454
0.13994433
0.13635656
0.13566007
0.13837738
0.13569894
0.13716365
0.1361895
0.14108735
0.13740295
0.13669714
0.13781078
0.13859686
0.1348915
0.14001827
0.13541403
0.14142908
0.13616309
0.1378814
0.13650633
0.13826649
0.13416979
0.13648981
0.13701922
0.13545729
0.13805027
0.13666783
0.13676958
0.13643366
0.13727817
0.13914883
0.13459383
0.1376632
0.13874467
0.13845387
0.13718234
0.13744082
0.13525587
0.13523035
0.13467246
0.13487245
0.13570799
0.13806823
0.13573591
0.13661239
0.13460952
0.1390617
0.13533027
0.13439946
0.13620575
0.13423447
0.13430731
0.13456284
0.13841967
0.13220464
0.13610306
0.13447149
0.13342465
0.13807711
0.1347952
0.13430828
0.13673162
0.13078296
0.13325925
0.14113541
0.13448922
0.1357384
0.13733253
0.13455912
0.13364889
0.13446343
0.13729614
0.13365987
0.13704397
0.13330029
0.13694762
0.13571551
0.13718122
0.13979393
0.13768588
0.13235931
0.13395151
0.13457426
0.13313153
0.13286519
0.13593037
0.13818724
0.13257362
0.13193402
0.13543135
0.13503474
0.13358736
0.13352533
0.13506688
0.13473915
0.13165793
0.1349569
0.1348737
0.13165608
0.13307332
0.1324354
0.13593818
0.13726531
0.1334233
0.13464624
0.13547917
0.13410816
0.13636355
0.13599043
0.13637513
0.13802126
0.13547212
0.13419591
0.13096759
0.13396119
0.1345057
0.13817562
0.13295187
0.13096839
0.13477641
0.13214886
0.13171922
0.13064037
0.13402504
0.13262363
0.13334385
0.13189054
0.1345831
0.13578348
0.13043573
0.13483512
0.13059208
0.13401717
0.13130262
0.13289697
0.1333344
0.13304517
0.13122572
0.13235416
0.13344583
0.13125896
0.13382457
0.13336654
0.13172182
0.1354007
0.13231924
0.13432151
0.13289082
0.13366668
0.13321121
0.13248755
0.1319068
0.13082424
0.13163485
0.13363582
0.13661481
0.13185175
0.13434517
0.13409755
0.13128869
0.13546883
0.13259394
0.13407774
0.13355689
0.1313796
0.13282657
0.13557675
0.1358292
0.13363023
0.13290992
0.13419865
0.13480009
0.13521191
0.1322253
0.13382219
0.13854668
0.13519505
0.13529149
0.13403754
0.13316122
0.13282204
0.13238165
0.13128075
0.13234727
0.13667287
0.13480711
0.13289441
0.13185763
0.13127358
0.1348486
0.1330976
0.13045162
0.13153315
0.12859063
0.13117242
0.13088572
0.13021922
0.13213749
0.13025577
0.1325785
0.1288755
0.12910883
0.1272347
0.12905593
0.13414755
0.13254316
0.13215177
0.13248456
0.13202669
0.12899898
0.13033837
0.13100936
0.12846473
0.13187888
0.13035731
0.13239972
0.128877
0.12870122
0.12957181
0.13238032
0.13166334
0.13148235
0.12987468
0.12685862
0.12817225
0.12930566
0.12829752
0.12862141
0.1305148
0.1297807
0.13001287
0.12724218
0.13369812
0.13378304
0.12851928
0.13349737
0.1349694
0.13035615
0.12847412
0.13031524
0.13205467
0.13092333
0.1297644
0.12837099
0.13319692
0.13156576
0.1386361
0.13216104
0.12703355
0.13002035
0.12845701
0.12727436
0.13174447
0.12822309
0.1293959
0.1276915
0.13224618
0.13179022
0.13398841
0.13100466
0.13100527
0.13508528
0.12716855
0.1300557
0.13162577
0.13114254
0.13081999
0.13452704
0.13068959
0.12793893
0.12894024
0.13077925
0.12902421
0.12863615
0.13107441
0.13097711
0.1274976
0.12783255
0.12602769
0.12906128
0.12715001
0.12902111
0.13078415
0.12812142
0.12794748
0.13014282
0.12708747
0.1294424
0.12710716
0.12601349
0.12669174
0.12932254
0.12937783
0.13214414
0.13087454
0.12962885
0.12634513
0.12614152
0.13090184
0.131137
0.12646398
0.1276471
0.1312474
0.12929608
0.13168603
0.12754534
0.13001856
0.12928164
0.13265859
0.1277864
0.12553544
0.12580195
0.12830898
0.12728702
0.12846515
0.13452291
0.1274841
0.12810706
0.13157205
0.12605605
0.12471341
0.12682965
0.12527584
0.12669548
0.12893851
0.12685183
0.12545757
0.12738073
0.12691319
0.1262226
0.12627794
0.12436612
0.12747927
0.12616584
0.1243666
0.12450452
0.12534429
0.12618867
0.12698415
0.1255951
0.12777732
0.13113971
0.1256611
0.12944885
0.1261198
0.12508774
0.1288368
0.12212281
0.12973787
0.12368139
0.12513809
0.12537925
0.12501968
0.12920289
0.12586555
0.12556732
0.12486787
0.12669347
0.12621902
0.12528239
0.12516345
0.13059655
0.12698142
0.12634283
0.124957405
0.12686571
0.12436601
0.12637499
0.12413819
0.13042028
0.12459124
0.12644988
0.12646763
0.12703568
0.12539144
0.1257128
0.12277914
0.12317602
0.12303451
0.12859891
0.1252778
0.1232208
0.12335204
0.12339845
0.12388355
0.12583366
0.12439423
0.12429795
0.1237102
0.12234616
0.12441824
0.12496215
0.12348122
0.124544516
0.12573257
0.12222207
0.12302086
0.1254947
0.12834065
0.12369431
0.12500376
0.12531717
0.12809153
0.12759544
0.12786183
0.124883346
0.12783158
0.12338902
0.122021064
0.126898
0.12387574
0.12590887
0.122874804
0.12622716
0.12461394
0.12541164
0.13089386
0.12903771
0.124562815
0.12758732
0.12501189
0.12361205
0.12462755
0.12510236
0.12438859
0.12463698
0.12164303
0.122283906
0.12317151
0.123500735
0.123759285
0.12329815
0.122232474
0.12173878
0.12104005
0.120674826
0.12918071
0.12591678
0.12637205
0.1249059
0.121543944
0.120404646
0.1232481
0.12152143
0.12055023
0.1271561
0.1254391
0.12283618
0.12630989
0.1196369
0.12318119
0.12142175
0.122862466
0.12218422
0.12389557
0.12208588
0.12294004
0.12070353
0.120735876
0.122719005
0.12544328
0.12674865
0.122539386
0.12192192
0.12284171
0.12494234
0.12408556
0.12126146
0.12773213
0.12262865
0.12377992
0.12342534
0.122578435
0.12532191
0.12602888
0.12213877
0.12294938
0.12678586
0.12865096
0.12618148
0.122853085
0.1227519
0.12111284
0.12417694
0.13289209
0.12114517
0.12948127
0.12348423
0.12570213
0.12546639
0.12338527
0.12258743
0.122650936
0.124844804
0.121983096
0.12341702
0.1259587
0.12306094
0.123086214
0.12226464
0.12253062
0.120966375
0.12597127
0.12232133
0.121083565
0.12304322
0.122836135
0.12294141
0.12166795
0.12300544
0.12131426
0.12240031
0.123976514
0.12041406
0.12013491
0.122784354
0.12197649
0.12465181
0.12114218
0.120346636
0.12279363
0.12149816
0.12465948
0.12176217
0.11885178
0.12167988
0.12397002
0.122925624
0.12441466
0.12255298
0.12021633
0.12351433
0.12213746
0.12075285
0.12173786
0.121446736
0.12385029
0.12478181
0.12541027
0.12124444
0.12094564
0.12026558
0.12191875
0.12918071
0.12121616
0.12328565
0.120448254
0.124170914
0.12023237
0.12275674
0.11955115
0.12226188
0.12017368
0.119059786
0.11935323
0.1189088
0.11998752
0.12288523
0.12124523
0.120939955
0.119730495
0.11895154
0.12313308
0.116739504
0.1203686
0.12073645
0.123238765
0.12369396
0.12106566
0.11825285
0.12370235
0.11906575
0.11771277
0.12024176
0.12079779
0.122534595
0.118533574
0.12193522
0.11816626
0.11822027
0.11934971
0.118227944
0.11953802
0.115951456
0.11986115
0.118016474
0.11551806
0.11999086
0.116048895
0.11525753
0.11812772
0.11875917
0.119136244
0.119333155
0.11630174
0.12124694
0.116865985
0.11990354
0.11628101
0.11964794
0.11669784
0.114747934
0.11693143
0.115188986
0.11477149
0.11553049
0.1155291
0.11385764
0.12016322
0.11605375
0.11712416
0.11811208
0.11772541
0.11430284
0.11621423
0.116229564
0.11609494
0.11504301
0.112875335
0.117475376
0.11753707
0.11707978
0.11785192
0.121624306
0.116897464
0.117954195
0.11644886
0.11701619
0.116971485
0.1208016
0.115190744
0.116995044
0.11716745
0.11694255
0.1134764
0.11580208
0.116709635
0.1156242
0.11899229
0.11764057
0.116758764
0.1193319
0.115769565
0.11500806
0.11702788
0.115245044
0.115009055
0.12184456
0.116754495
0.11651905
0.1180095
0.116108544
0.121617354
0.1161247
0.11799986
0.11730419
0.11458025
0.11590742
0.115084276
0.12158456
0.1179164
0.11781638
0.11569271
0.11865767
0.11614245
0.120319
0.11841591
0.116646096
0.11524549
0.116003364
0.116859555
0.11635148
0.11897767
0.117731094
0.11942938
0.116555534
0.11723111
0.116894014
0.11612197
0.11860296
0.11859229
0.11539094
0.12120711
0.118766084
0.11435264
0.11635446
0.117259935
0.11604646
0.11473159
0.11582855
0.11278405
0.11648701
0.11551018
0.11464505
0.11557309
0.118966155
0.11981352
0.11686114
0.117620826
0.11790333
0.11718833
0.1217089
0.11537572
0.11747875
0.119573854
0.11767917
0.11690465
0.11714288
0.115852386
0.11593535
0.12079297
0.11368116
0.118787676
0.11614103
0.12133727
0.11878493
0.11510889
0.11428557
0.11590008
0.121187456
0.11665508
0.113608815
0.11397744
0.11507112
0.113354616
0.11395848
0.11449485
0.114634454
0.115645014
0.11332768
0.115697816
0.115143426
0.115091175
0.11379811
0.113675885
0.11354103
0.11502473
0.11397369
0.11402999
0.11618782
0.115657434
0.119152285
0.114958726
0.114278406
0.115978055
0.11486766
0.11418618
0.11496859
0.1154055
0.11455903
0.11500622
0.1116445
0.1147907
0.11315569
0.112220645
0.11265653
0.113503546
0.112948455
0.11196208
0.112496376
0.111489594
0.11109882
0.11419462
0.11748873
0.11124296
0.11228244
0.11782141
0.11511714
0.1173466
0.11228568
0.11426249
0.111626595
0.112319775
0.11604127
0.11218925
0.11560422
0.11616804
0.115233146
0.11407558
0.114968956
0.11260395
0.11283074
0.11399969
0.113668755
0.11163192
0.11968274
0.11359454
0.11443786
0.11379673
0.11138154
0.11105274
0.11106009
0.11096441
0.11010394
0.111851
0.110367775
0.11003249
0.11573602
0.112163715
0.11120795
0.11064481
0.113333486
0.114982516
0.109746225
0.113556966
0.11388677
0.11229488
0.10903758
0.1121473
0.11476948
0.1117658
0.11282617
0.112786956
0.11052924
0.11147228
0.1118641
0.11027911
0.11125633
0.109777205
0.11042721
0.111465774
0.110526204
0.11271017
0.10944686
0.11145708
0.11455745
0.111183785
0.1088939
0.113245375
0.111457795
0.10826053
0.11067414
0.108618855
0.10961578
0.112417825
0.110898204
0.11055897
0.114523835
0.11481187
0.10966925
0.11009736
0.11010564
0.1108446
0.10720992
0.10978769
0.10929027
0.11211816
0.11064181
0.109952845
0.10897546
0.11226353
0.10983016
0.11033499
0.1077416
0.11103762
0.10791619
0.10980618
0.10736597
0.10822381
0.11041761
0.10759531
0.1090131
0.10744415
0.108362816
0.10738656
0.108165585
0.10964879
0.10965345
0.10871524
0.10986984
0.107026204
0.11094461
0.109124124
0.108770944
0.106737494
0.110368
0.10933956
0.107744984
0.106943734
0.106572956
0.106707096
0.10969331
0.107843675
0.10770827
0.10882368
0.10757379
0.10587994
0.1075976
0.10924522
0.108076185
0.109600574
0.10782347
0.10687058
0.10758984
0.109466895
0.11133847
0.11060536
0.10764558
0.10947386
0.10687509
0.109895736
0.107722744
0.10756817
0.1114463
0.109164506
0.10785044
0.112723336
0.10996588
0.110202104
0.10931792
0.10888456
0.10976635
0.1082362
0.109196104
0.11362518
0.11004338
0.11035004
0.11116614
0.10697523
0.10809579
0.10974974
0.10792874
0.11212896
0.10681459
0.107087076
0.10639057
0.10861943
0.10755273
0.107985824
0.107417904
0.10657981
0.10800857
0.11011786
0.109786145
0.10725382
0.10771494
0.11005197
0.10717569
0.111523464
0.10868236
0.109948136
0.1076003
0.109183386
0.1104244
0.11015778
0.1126877
0.10979621
0.10622171
0.107937306
0.108008005
0.10891164
0.106382586
0.11135517
0.106048755
0.106945075
0.10695327
0.1079507
0.1099826
0.108252406
0.10681717
0.10815619
0.106889635
0.108622566
0.113523
0.106546305
0.10988053
0.108435705
0.11024536
0.11006146
0.107845955
0.10902011
0.10617698
0.10654557
0.10637365
0.107889935
0.10907076
0.10915522
0.109685175
0.107272565
0.10848071
0.109321535
0.109642416
0.109685324
0.10819862
0.106235474
0.10541114
0.10504065
0.11014122
0.106531315
0.1069273
0.10927889
0.10998698
0.10696388
0.106230035
0.106614485
0.10457037
0.10849388
0.10830669
0.106083564
0.10785707
0.10625103
0.10595407
0.10686225
0.10478498
0.10940428
0.10560742
0.11199003
0.10572322
0.10754705
0.10714496
0.11083387
0.10780214
0.10530792
0.104741745
0.103674375
0.106029145
0.10337472
0.107431054
0.10841523
0.106838845
0.106257096
0.108287476
0.10858899
0.10457575
0.10745449
0.10432371
0.10299906
0.10691745
0.1044656
0.10526214
0.10398899
0.105529964
0.1044162
0.10259234
0.10266375
0.10250587
0.1051454
0.103759415
0.10410792
0.10381127
0.10552428
0.1034352
0.10364864
0.10522167
0.10373542
0.10709882
0.1027627
0.10470291
0.10672858
0.10590039
0.108716376
0.104894
0.104995936
0.11050244
0.10362335
0.1047599
0.10479524
0.103355385
0.10563845
0.10380783
0.10419983
0.109191395
0.104332395
0.10446799
0.10473828
0.10480289
0.105474085
0.103344314
0.10439079
0.11164711
0.10657032
0.10475313
0.10335967
0.10616494
0.105085105
0.106002554
0.102611125
0.10313009
0.1030357
0.10252373
0.10607921
0.10514725
0.10835692
0.10326033
0.107403755
0.10576716
0.10269345
0.10397302
0.10374589
0.10623783
0.1050959
0.10418927
0.10347335
0.103341945
0.103315346
0.103761025
0.10759249
0.104487
0.1032688
0.10303748
0.10757939
0.10238675
0.10757857
0.10774528
0.10147323
0.107925914
0.10547582
0.10496411
0.10346578
0.10477593
0.10126848
0.10376911
0.10074507
0.10362965
0.10248425
0.10155277
0.1032239
0.10183376
0.10365113
0.10389724
0.1024946
0.10242653
0.10097579
0.100566104
0.10471106
0.10331463
0.10456117
0.1012039
0.10284767
0.10275628
0.09997029
0.10674384
0.10353445
0.102875225
0.10247944
0.10308212
0.100383624
0.10115943
0.103525504
0.102879256
0.10124166
0.103524126
0.10668992
0.10613711
0.10208409
0.10261058
0.10093971
0.10577702
0.10097479
0.10333695
0.102876335
0.10253292
0.101304546
0.103220336
0.10217841
0.10211633
0.10675462
0.102911554
0.10347185
0.10231576
0.10351567
0.102690704
0.10406534
0.103980795
0.10125296
0.1016158
0.103032246
0.1031654
0.10420181
0.10096126
0.10115599
0.10396841
0.10059211
0.10414479
0.10097607
0.10139506
0.099564426
0.100979075
0.10178821
0.10025999
0.09905917
0.10233207
0.102020465
0.10122086
0.10576226
0.10194834
0.10106725
0.10076827
0.09994147
0.09908847
0.10005141
0.100020066
0.10196394
0.10415755
0.1031881
0.10252287
0.10379815
0.09943831
0.1002074
0.10211505
0.102112524
0.1076096
0.106402285
0.10175319
0.10194835
0.103447534
0.102634765
0.103493266
0.1009627
0.10031255
0.10083603
0.100148305
0.10089847
0.10292453
0.10269079
0.10184707
0.10094232
0.103433006
0.09955789
0.101681724
0.10128062
0.10363019
0.102879
0.10293589
0.10743351
0.10081625
0.10580756
0.101805635
0.1017817
0.10518753
0.100628264
0.103649065
0.101578966
0.09978135
0.10091572
0.101084195
0.09896066
0.10275161
0.10538726
0.10069041
0.10033935
0.102406584
0.09906233
0.09967517
0.09939749
0.100733116
0.10090771
0.09981482
0.09874969
0.101824455
0.099925175
0.10106864
0.099537045
0.10159151
0.103820495
0.10201659
0.10343271
0.1042845
0.09901988
0.09904397
0.09978549
0.102350935
0.09763272
0.09944073
0.0988228
0.10049712
0.10044994
0.10416218
0.1035363
0.10182891
0.09918954
0.10329893
0.10015399
0.10144941
0.10112585
0.0986092
0.10023308
0.10041156
0.09895413
0.097467884
0.10129614
0.09912149
0.09892978
0.10083929
0.10289744
0.10405767
0.09873872
0.09938604
0.099191256
0.09883231
0.10044874
0.09813282
0.09874582
0.10495095
0.09919266
0.10061154
0.09722047
0.097496875
0.09774595
0.097684704
0.10015672
0.095995836
0.09851043
0.09890522
0.100088835
0.09846651
0.097556576
0.09944249
0.10068835
0.10233054
0.0974249
0.09873023
0.10019844
0.09573413
0.09889554
0.101244316
0.09968632
0.09961058
0.09771883
0.09945841
0.09750646
0.09804865
0.09793938
0.0984634
0.097631425
0.09564485
0.09843041
0.09783736
0.09942203
0.09742496
0.09881405
0.09659098
0.097657025
0.09674802
0.09786271
0.09551671
0.09807935
0.09804365
0.095764324
0.09599535
0.09675427
0.09731978
0.09592547
0.096864164
0.09740201
0.09744277
0.09732012
0.097014114
0.093661785
0.09881144
0.09630085
0.09695026
0.0973158
0.09469564
0.0953616
0.09601001
0.09545458
0.09526081
0.09594181
0.101358056
0.097442485
0.09434816
0.09660563
0.09689873
0.094071686
0.097354084
0.0931595
0.09354686
0.09833698
0.09576431
0.094165064
0.09356015
0.09423446
0.09430357
0.09386982
0.09763555
0.093609706
0.09485441
0.09405317
0.09654546
0.09288599
0.0966385
0.097733855
0.09414957
0.09456374
0.095597856
0.09801861
0.09683234
0.093358114
0.09687551
0.0930249
0.09375904
0.09306616
0.09464625
0.096109755
0.09517753
0.093966834
0.09653762
0.09641354
0.0963799
0.09622486
0.0953642
0.09543264
0.094458066
0.09645696
0.092632875
0.093709216
0.09491854
0.09638702
0.093944244
0.096241355
0.09585797
0.093387865
0.09273881
0.09427113
0.09279742
0.092995346
0.09223383
0.09287469
0.09507907
0.097749464
0.096669964
0.09486436
0.09366403
0.092023626
0.09192262
0.100280434
0.09342971
0.09343635
0.09207981
0.09378964
0.0942165
0.09405918
0.09194693
0.09244191
0.0922855
0.09220619
0.09420337
0.09526644
0.09361886
0.09236729
0.09195477
0.092974216
0.09367044
0.09544637
0.092881784
0.09218203
0.092507996
0.09347416
0.09101306
0.09333715
0.09322885
0.093331836
0.09212533
0.091547
0.090093516
0.09063759
0.091336034
0.09058402
0.09194372
0.09102211
0.09311096
0.09170737
0.09107436
0.09264976
0.09242571
0.090006255
0.09233675
0.09243344
0.08907856
0.09255507
0.09119752
0.091658406
0.09231931
0.09130957
0.090891734
0.09071199
0.08982732
0.09149632
0.089524
0.09096617
0.09052479
0.090597756
0.09154779
0.08818057
0.095818534
0.089693196
0.089550644
0.089602955
0.088659614
0.090218
0.09211631
0.08981099
0.09304864
0.08922425
0.08897491
0.09085024
0.09142559
0.09147236
0.091171786
0.091375984
0.09259774
0.08935084
0.08912357
0.09255124
0.089410104
0.08897625
0.0883054
0.09021011
0.08967287
0.089729086
0.08851237
0.08850361
0.08671924
0.09232225
0.08952892
0.086239286
0.09085411
0.093000606
0.08885431
0.09192473
0.088928066
0.08892263
0.08824917
0.09159064
0.08968274
0.08923481
0.09040381
0.08996151
0.08817942
0.091156326
0.08910421
0.0901793
0.08921135
0.091602504
0.09031485
0.091288924
0.08874147
0.09068264
0.09017237
0.08851652
0.09027103
0.08836207
0.08807758
0.08965277
0.08788334
0.091834754
0.08800648
0.088784225
0.09203676
0.091044515
0.08889274
0.094070375
0.090055026
0.089051455
0.0879693
0.0931742
0.087567136
0.090594344
0.088683456
0.09311375
0.09044526
0.08903877
0.08932059
0.088795654
0.09163857
0.087126315
0.09247785
0.08818812
0.08645074
0.08824243
0.08865716
0.088318564
0.08974634
0.08782476
0.089099914
0.08780901
0.089761615
0.087546065
0.08741348
0.08830563
0.08892896
0.08873163
0.090657055
0.09113795
0.08750621
0.08924851
0.08870115
0.09010592
0.08669313
0.08973087
0.085888475
0.08855568
0.09025457
0.08582
0.09003259
0.090590656
0.08775049
0.08700926
0.08845624
0.088552356
0.08705797
0.09133871
0.08955874
0.08767386
0.08768948
0.08984779
0.09054177
0.09094146
0.08801474
0.08767868
0.08898277
0.08756921
0.08878441
0.08762054
0.08776341
0.09109132
0.08811032
0.08792326
0.09030451
0.08775755
0.0888015
0.08930674
0.086977996
0.08798263
0.0872187
0.09126717
0.08712051
0.08841149
0.08759133
0.08828443
0.0856616
0.091727436
0.088079475
0.0873069
0.087316334
0.088652104
0.08523063
0.08698367
0.08646064
0.08703312
0.08784458
0.086483665
0.08633692
0.0841041
0.08574969
0.08488689
0.08637814
0.09000115
0.08374561
0.087039135
0.08717858
0.08744191
0.08614279
0.08663367
0.09151854
0.08604954
0.08863303
0.08714024
0.08538532
0.08697949
0.087641545
0.0891127
0.08739576
0.08699148
0.083952434
0.08565022
0.0844443
0.08637373
0.08930769
0.084839955
0.086698264
0.08402073
0.086973235
0.08415892
0.08355277
0.08556638
0.08726408
0.08539981
0.08472868
0.08501706
0.085996285
0.083811
0.08494241
0.085816994
0.08423211
0.08507909
0.08829945
0.086044885
0.0838969
0.08755274
0.090968356
0.085733
0.086008504
0.08468207
0.08598458
0.082182854
0.08606301
0.083983995
0.08278282
0.086287886
0.085029915
0.0838312
0.08354341
0.08356412
0.084794305
0.083548844
0.08589967
0.0852744
0.0831262
0.087252945
0.08333728
0.085450545
0.08691091
0.08469832
0.08444791
0.08432352
0.0833826
0.08489889
0.081418194
0.084438294
0.08712063
0.08322209
0.082796305
0.08531299
0.0816209
0.082444035
0.08303419
0.083457366
0.08295879
0.08299847
0.082633026
0.082494736
0.08798838
0.08414332
0.08412226
0.084412366
0.08612311
0.08391678
0.08408872
0.08229404
0.08307203
0.08290445
0.08290585
0.08172004
0.08364316
0.08268222
0.08426891
0.083444364
0.0826313
0.08360129
0.08472392
0.08380446
0.0822178
0.08516642
0.084381744
0.083432235
0.084914654
0.08469975
0.0831469
0.083598755
0.08400599
0.08499469
0.08533601
0.08273338
0.08202916
0.084081575
0.08328887
0.08205895
0.083334915
0.08257966
0.08374572
0.084728576
0.08408403
0.08202348
0.08226523
0.08488438
0.08314386
0.08214162
0.08224455
0.08135857
0.08295896
0.08464053
0.08438842
0.08124738
0.081494115
0.08461828
0.08201994
0.08441735
0.083084896
0.08180588
0.08242892
0.08127866
0.083031826
0.081941694
0.080059454
0.08258732
0.08089025
0.08523755
0.082818724
0.08584343
0.08111357
0.0799995
0.08081658
0.08170612
0.084613405
0.07970202
0.08132397
0.08116833
0.08098648
0.081497565
0.08150899
0.081387155
0.083633885
0.08088368
0.08165865
0.08385127
0.07978289
0.08048124
0.08046533
0.08121313
0.081812225
0.08086514
0.080221504
0.081597574
0.08136783
0.07982664
0.080061056
0.08146349
0.08089782
0.08100065
0.08091133
0.0803881
0.08128661
0.07935034
0.079984695
0.08296865
0.082711086
0.08142186
0.07857338
0.08000682
0.07961285
0.08574053
0.08128135
0.080249034
0.083147936
0.08247188
0.08063606
0.08072419
0.07894862
0.08073287
0.08147383
0.08110398
0.08163988
0.07961135
0.07999814
0.08213636
0.083385795
0.080869585
0.08118697
0.078774504
0.07914212
0.08074363
0.079272635
0.079287305
0.078006454
0.07971421
0.077471405
0.08167762
0.07840172
0.0785992
0.07964465
0.07986812
0.08152375
0.080731206
0.0779848
0.08093979
0.078754336
0.07883562
0.08302205
0.08042038
0.08022421
0.08000564
0.08097329
0.07979153
0.08062209
0.0793208
0.07798625
0.08165502
0.07886165
0.07999146
0.07921497
0.07960775
0.079037495
0.080248155
0.07827818
0.07853742
0.079434216
0.07900004
0.07782091
0.08138807
0.08003559
0.07757723
0.07851196
0.07728913
0.078621
0.078781985
0.07784476
0.07789537
0.07698379
0.078838035
0.07638834
0.07865583
0.07738004
0.07809556
0.077238016
0.076673225
0.0780099
0.07677223
0.078387186
0.083108306
0.07603369
0.080004446
0.076741554
0.078457125
0.07928142
0.078211024
0.07672946
0.07770606
0.077813074
0.080175295
0.079618946
0.07842513
0.078888364
0.07740262
0.07730638
0.079382665
0.07964294
0.07522782
0.0771042
0.07591712
0.07907187
0.07877403
0.0765716
0.07599194
0.0790877
0.07770272
0.0749155
0.076604
0.07687708
0.07675068
0.07568283
0.07803485
0.081109144
0.076396234
0.08040752
0.077439405
0.080531344
0.077558674
0.077231936
0.07581715
0.07565888
0.07478644
0.076705426
0.07747565
0.07696044
0.07830425
0.07805646
0.076393805
0.07589251
0.07755135
0.077599734
0.07812807
0.0763143
0.07472611
0.07549332
0.074051715
0.07557867
0.07529538
0.07680666
0.07718874
0.076243445
0.07721286
0.07667295
0.07345461
0.075058565
0.07679046
0.07357116
0.07499456
0.07481156
0.07393246
0.074042
0.075959176
0.07906713
0.07422595
0.07678856
0.07536127
0.07489589
0.075662985
0.07449088
0.07489396
0.076421455
0.07515651
0.07605486
0.07615384
0.07555497
0.07680347
0.07526491
0.07462686
0.074620925
0.07572567
0.0747539
0.0755005
0.07541253
0.075797975
0.07632849
0.07497404
0.073589094
0.07389418
0.07533006
0.075967036
0.07551229
0.07363261
0.07196966
0.07651709
0.07595582
0.07440146
0.07384429
0.07576026
0.07720948
0.07688043
0.07264529
0.074918985
0.07423009
0.07278275
0.074686244
0.076317005
0.07303496
0.07262413
0.07339157
0.07524365
0.07199285
0.07232359
0.07495109
0.07148082
0.07472422
0.0735467
0.07742087
0.073131934
0.07165427
0.074267685
0.07565455
0.07368135
0.07159192
0.07246225
0.071246564
0.072589025
0.07300326
0.07470532
0.07653108
0.072519384
0.07217565
0.072289445