
0.69541144
0.6933531
0.73849773
0.6783426
0.64108443
0.614888
0.6102934
0.6004271
0.6149977
0.59394217
0.59243613
0.6032625
0.59309894
0.5904669
0.56720525
0.5762698
0.5863983
0.5759247
0.5841219
0.5796737
0.5797192
0.571973
0.57451296
0.5910638
0.58628446
0.58454895
0.6132159
0.57493716
0.56569093
0.5686667
0.5701548
0.5948343
0.5736141
0.5898981
0.5550076
0.5643216
0.5503098
0.54922456
0.56067276
0.5575147
0.55371183
0.54931945
0.5681241
0.5566909
0.57788205
0.53769785
0.5468973
0.5555852
0.5407941
0.5463122
0.5381218
0.5431152
0.5394053
0.5428654
0.53419864
0.5371983
0.5320064
0.5179375
0.55763525
0.5643156
0.5341174
0.52889407
0.5228683
0.5276546
0.52395326
0.52191687
0.52211106
0.51561147
0.5141776
0.5049686
0.5045976
0.5165815
0.5240043
0.5087169
0.51689965
0.50266975
0.51587135
0.5150874
0.5100225
0.5028088
0.4974953
0.49043185
0.49435017
0.48556
0.48911023
0.49799547
0.49335867
0.49315456
0.49247435
0.49041653
0.4859888
0.48931995
0.5014132
0.5057894
0.48738492
0.51138157
0.49549517
0.48211664
0.48524055
0.47662553
0.48890033
0.48409486
0.47915322
0.47528002
0.46540594
0.47633612
0.47280145
0.47533727
0.47095674
0.46868223
0.46605644
0.47689173
0.47775215
0.48247698
0.4652624
0.4734708
0.4789384
0.4783829
0.4861114
0.4793862
0.4932979
0.4870289
0.47079548
0.4624197
0.466648
0.4677566
0.469089
0.48911542
0.46827498
0.49367774
0.4665302
0.46788016
0.46293142
0.45477107
0.4563424
0.4617418
0.45985958
0.46513382
0.4555311
0.45812306
0.45814592
0.48369443
0.46427375
0.45614544
0.45972443
0.4517614
0.46061867
0.46536785
0.45198357
0.44819167
0.45380005
0.4416735
0.44478664
0.44377622
0.44272327
0.4501564
0.4469574
0.43312404
0.44338733
0.44935352
0.444117
0.44721356
0.44127592
0.43076193
0.44178066
0.44126317
0.45565915
0.4402686
0.44813082
0.4348222
0.44938886
0.44379207
0.4288348
0.4257777
0.43095505
0.43135914
0.43774346
0.43661636
0.43000025
0.43149143
0.43372813
0.43732515
0.4386468
0.42160204
0.43161958
0.4222895
0.43006563
0.42608997
0.42689222
0.42516202
0.41768184
0.41659892
0.41240203
0.427314
0.41464126
0.41486534
0.42692587
0.40955552
0.41170552
0.4271676
0.42574832
0.42965832
0.41766712
0.41295445
0.42325696
0.4163602
0.42146036
0.4169382
0.4214496
0.4130446
0.40933117
0.42591012
0.40657648
0.40910527
0.40491325
0.4033577
0.4084575
0.40549833
0.4075422
0.4057294
0.3976535
0.4084957
0.41029274
0.39529914
0.39981776
0.39802334
0.39219564
0.40118855
0.42449808
0.40629032
0.3991413
0.394509
0.3926711
0.3945604
0.3952009
0.4072283
0.40966454
0.40208378
0.40170586
0.3911307
0.38845605
0.39754117
0.39821354
0.38998345
0.39768836
0.39041248
0.3945203
0.39372852
0.40207526
0.3873502
0.38808453
0.3862533
0.39058676
0.39170045
0.39067098
0.39068207
0.3911695
0.3872094
0.38495907
0.3915045
0.3833578
0.38255
0.3805565
0.38845056
0.39195836
0.3891951
0.38100472
0.37952375
0.37929624
0.38315392
0.39508116
0.38048744
0.37315252
0.3742935
0.38702774
0.38356307
0.3761657
0.38729027
0.37587765
0.3874691
0.3752548
0.3760382
0.3703946
0.37740284
0.37742943
0.3722146
0.3747796
0.3704874
0.37348062
0.3782405
0.36688453
0.37212938
0.37761733
0.36732158
0.37409443
0.3694894
0.3739815
0.38060516
0.38381022
0.37237775
0.370385
0.37657732
0.3787654
0.39018464
0.36832967
0.3776744
0.37333718
0.367331
0.37296572
0.367253
0.36751035
0.3613581
0.36325428
0.36064774
0.37183213
0.36420092
0.35889512
0.36897385
0.36862582
0.36632586
0.37924165
0.3655347
0.35570392
0.35974133
0.36210638
0.37369174
0.35818696
0.3641332
0.36144233
0.364911
0.36134836
0.35975504
0.3678821
0.36372778
0.36388564
0.35769972
0.364782
0.3672549
0.36642957
0.3711536
0.36491147
0.35937083
0.35862187
0.36470297
0.36037162
0.35941097
0.35565928
0.3521138
0.35333815
0.363788
0.363902
0.35150614
0.35616705
0.35068265
0.3550832
0.36227682
0.35655966
0.36233726
0.36297008
0.3572405
0.35322866
0.34439018
0.35009173
0.34665895
0.35635635
0.35488874
0.3584719
0.35154396
0.36052772
0.35364637
0.35210592
0.3546096
0.35469764
0.35775945
0.35909793
0.3503861
0.35657367
0.3558043
0.35422945
0.34931
0.3468429
0.34668443
0.34389815
0.34311453
0.35190326
0.3410372
0.33984992
0.34923875
0.33858445
0.34375933
0.3469809
0.34257188
0.34113258
0.34724227
0.34971663
0.34375224
0.340136
0.33532926
0.3523298
0.35271412
0.34303606
0.34043998
0.34498733
0.34066036
0.3405973
0.3380667
0.33200064
0.32861212
0.3364338
0.3317747
0.3428958
0.33934587
0.33526537
0.33614248
0.34271422
0.33521083
0.33768454
0.33586556
0.3417501
0.3408929
0.33414578
0.34373307
0.33625144
0.3349496
0.33778998
0.33207184
0.3411048
0.33306447
0.33381337
0.3283967
0.32581925
0.33491403
0.33175
0.32469544
0.3338093
0.33601755
0.33279482
0.33399925
0.33090994
0.3224478
0.3260299
0.32187608
0.3284266
0.33514762
0.32793912
0.33622813
0.32744738
0.32769606
0.32661194
0.32837325
0.33209485
0.3255905
0.32590595
0.3277565
0.32595137
0.3282346
0.3250223
0.32410428
0.33243328
0.32660052
0.32532552
0.33327603
0.34166455
0.3234864
0.33628196
0.3313983
0.32985416
0.32797876
0.33137444
0.3348458
0.32547855
0.3244556
0.32501125
0.3250993
0.33428115
0.32628834
0.3282794
0.31853586
0.33765715
0.32535127
0.3238659
0.32523292
0.3195828
0.31942773
0.32118636
0.32767713
0.32004738
0.32005864
0.3143316
0.32530528
0.33194435
0.3085655
0.31269172
0.3177091
0.3227092
0.31735417
0.32106638
0.32041276
0.31572652
0.32265097
0.32204318
0.31549698
0.31554097
0.31948838
0.32287583
0.32218462
0.32183883
0.3211143
0.32569733
0.32970524
0.3261289
0.32462972
0.31704956
0.32002714
0.31448045
0.3331125
0.3217438
0.3125007
0.32062635
0.32148257
0.32234153
0.3135996
0.31572273
0.31724432
0.31328133
0.3245236
0.31804842
0.3203153
0.31977528
0.3199635
0.31443968
0.31187955
0.324304
0.31064692
0.3107172
0.31525615
0.30683008
0.31878054
0.31142998
0.31450546
0.31788212
0.3118304
0.31108895
0.30273822
0.3155821
0.3051121
0.3035575
0.3044288
0.31760016
0.30531728
0.30788952
0.30671367
0.3072837
0.30862775
0.30541006
0.3093887
0.30421773
0.3055374
0.30918133
0.30327502
0.30292228
0.30192843
0.3031603
0.3054386
0.30779043
0.2995131
0.30963203
0.31005323
0.30865914
0.30836102
0.3020517
0.3046189
0.29918677
0.29959136
0.30633274
0.30310658
0.30155414
0.30150017
0.3026502
0.30347145
0.30000654
0.30014077
0.30186173
0.30464834
0.30327564
0.30198652
0.29714793
0.3096949
0.30537257
0.31140184
0.30023408
0.30104345
0.30066222
0.30806255
0.3028991
0.2951368
0.30167925
0.2949041
0.29854658
0.3001035
0.30178523
0.29601383
0.29314783
0.29970393
0.29549488
0.30716336
0.29394865
0.29756075
0.29710105
0.29723126
0.29999012
0.29699737
0.29780695
0.29932362
0.29257035
0.30072632
0.29606804
0.3016068
0.29733437
0.29391703
0.2979423
0.29708868
0.3046899
0.29805988
0.29343227
0.2964287
0.29907495
0.2925816
0.30079857
0.3004191
0.29777542
0.30370507
0.29743874
0.2946517
0.29867482
0.2943164
0.29345822
0.30281752
0.30640078
0.29838797
0.29763514
0.30639514
0.29569563
0.29558468
0.29345277
0.3008719
0.29574642
0.29153886
0.29230478
0.2907405
0.2898203
0.29256323
0.29472947
0.29650146
0.2896618
0.2946117
0.29366854
0.3006438
0.28685325
0.2922367
0.2887306
0.2861505
0.2883243
0.28780994
0.2934405
0.28423682
0.28593558
0.28397155
0.28059515
0.28526506
0.28958642
0.28857446
0.2825947
0.29067454
0.29198423
0.2808614
0.28246534
0.28135285
0.2871766
0.2889244
0.2841788
0.28267288
0.28195056
0.2812178
0.28835884
0.28400102
0.28795454
0.28325096
0.27956352
0.2869877
0.28190124
0.28271765
0.28448913
0.28648704
0.28241375
0.27669823
0.2883248
0.28420284
0.28840318
0.28296795
0.28228253
0.28609052
0.28696287
0.2822899
0.28172213
0.28646398
0.29153216
0.28417033
0.2898364
0.28940344
0.2829207
0.28005096
0.28099737
0.28563333
0.2859394
0.27995753
0.28707966
0.28049913
0.28508145
0.27946696
0.29361612
0.28364375
0.27784443
0.2801168
0.27898732
0.27729347
0.2830814
0.2880031
0.27911484
0.2767506
0.28077742
0.28122836
0.2827674
0.2816994
0.27874652
0.2783231
0.28215253
0.28659385
0.2928782
0.2829933
0.27944356
0.28776634
0.27519527
0.27730247
0.28364116
0.27796113
0.27633926
0.2794679
0.2760782
0.28124133
0.2988751
0.27762902
0.277997
0.27942815
0.27240145
0.27639374
0.27960438
0.27835116
0.27146986
0.27574742
0.275243
0.28710833
0.28039137
0.27911857
0.28198764
0.2786627
0.27517772
0.277279
0.28212905
0.27564114
0.2769247
0.28237653
0.27805802
0.28526562
0.27320856
0.27869803
0.27576125
0.2829651
0.29051802
0.27620888
0.27562374
0.2784513
0.27585432
0.2790504
0.27793524
0.27295247
0.27867883
0.27623764
0.27401784
0.2798432
0.26790193
0.28202274
0.27529278
0.27442008
0.28041494
0.27268448
0.26988325
0.27508706
0.27126884
0.27348328
0.27546683
0.2711991
0.26838568
0.27797097
0.27616683
0.27394387
0.26985723
0.29197478
0.26673877
0.27698514
0.2671241
0.27348086
0.27270615
0.26859218
0.2703634
0.26778752
0.27087355
0.27099836
0.2666543
0.26512802
0.26666096
0.26788977
0.27162984
0.27142456
0.27265435
0.26870778
0.26415867
0.27081457
0.2651537
0.27021292
0.2691285
0.27442876
0.26058248
0.26122695
0.27554274
0.2686379
0.26754922
0.26729494
0.2607529
0.28327954
0.27711934
0.27118018
0.26626363
0.26231238
0.26533622
0.2691209
0.2702282
0.26884866
0.26278546
0.26236162
0.26197618
0.26420227
0.27197367
0.26588526
0.26394358
0.266969
0.2644741
0.26196608
0.25992984
0.27057087
0.26086953
0.27007842
0.26091382
0.2682316
0.26802862
0.27194756
0.2664232
0.26830703
0.26938984
0.26794213
0.2658989
0.26539853
0.26772326
0.26449248
0.2682166
0.26548162
0.26556143
0.26933673
0.26789802
0.26612952
0.26082408
0.26401255
0.2629611
0.26162523
0.2641679
0.2615886
0.26634634
0.27023828
0.26244688
0.2670348
0.26385033
0.2695973
0.2645375
0.2648131
0.26890174
0.25983
0.2677664
0.2598634
0.26191184
0.2604761
0.26178288
0.26483285
0.26044464
0.26505363
0.2572536
0.26225907
0.2594772
0.25472236
0.26236764
0.253625
0.25918126
0.26065734
0.26375368
0.25831956
0.25769418
0.26259017
0.2506365
0.2555481
0.25728795
0.25824293
0.25875205
0.26083055
0.2624069
0.26054782
0.25967932
0.26037645
0.25669584
0.2558192
0.25964934
0.2588543
0.25876215
0.25560123
0.25426027
0.2582371
0.25597215
0.25620228
0.26305023
0.2578245
0.25938162
0.25378284
0.25285926
0.25544298
0.25025845
0.25923657
0.25729823
0.2539073
0.2516153
0.25588462
0.25269777
0.25538865
0.25348595
0.25631842
0.25647402
0.2568348
0.2522079
0.24926604
0.25492597
0.25656778
0.25101408
0.25950944
0.25365072
0.26250657
0.256839
0.25314096
0.25193372
0.2506508
0.25501883
0.25344986
0.2504866
0.2564683
0.25065458
0.25337613
0.25281295
0.2543681
0.2573175
0.25655165
0.25595635
0.25158247
0.24848785
0.25783148
0.256923
0.25542092
0.24781558
0.25689462
0.2518002
0.24871682
0.25153723
0.26020986
0.2518137
0.25739035
0.25206992
0.2551426
0.25210157
0.24774052
0.24800943
0.24985719
0.24449074
0.25145024
0.25117525
0.24601352
0.24697125
0.2514302
0.2504804
0.24745947
0.24911544
0.24807496
0.25012144
0.25634217
0.24716112
0.24542527
0.24354997
0.24675827
0.25448453
0.2473012
0.24979062
0.25167367
0.25852618
0.2455216
0.24612486
0.24686
0.2597425
0.24845009
0.24922085
0.2484452
0.24600384
0.24344662
0.24067548
0.24836291
0.24661903
0.24753845
0.2505125
0.24803035
0.24682537
0.24733207
0.24598145
0.24567956
0.24512084
0.24970353
0.24856238
0.24251068
0.24836174
0.24225073
0.24469183
0.24876244
0.2414398
0.2470623
0.24526748
0.24505712
0.24681494
0.24759884
0.24535151
0.24436685
0.2441707
0.24764682
0.25567546
0.24354096
0.24411912
0.24624099
0.24569473
0.24436788
0.24802795
0.23839632
0.24894246
0.23999633
0.24028093
0.24366128
0.24416907
0.24139507
0.24214688
0.24244532
0.23846702
0.24153279
0.23985904
0.24820083
0.24208848
0.24620418
0.24138784
0.24751376
0.24335352
0.24819411
0.24074502
0.24460398
0.2531484
0.24306795
0.23908424
0.2385529
0.23868425
0.23643264
0.2389764
0.24047567
0.24164304
0.24340613
0.24160981
0.23890445
0.23953913
0.24034448
0.24056707
0.24206522
0.24051005
0.23675245
0.2414969
0.2441624
0.23800467
0.23977816
0.2426274
0.23473805
0.23425713
0.23969369
0.23909928
0.23575108
0.24913065
0.24628334
0.23966038
0.23932064
0.23784375
0.23401825
0.24029565
0.24148549
0.24612728
0.23879153
0.23482123
0.23736763
0.23938344
0.23304088
0.23423626
0.2369019
0.2388732
0.2317022
0.2307412
0.23233415
0.23348722
0.23428354
0.23431203
0.23669629
0.23790775
0.23669486
0.23905914
0.23566031
0.23730634
0.23404135
0.2371664
0.23147373
0.2367483
0.23033725
0.23587035
0.23407036
0.24059246
0.23944339
0.23152174
0.23329858
0.2284474
0.22724396
0.22983512
0.23186027
0.2390837
0.23385048
0.23431207
0.23658362
0.23343566
0.23082395
0.23141862
0.23613821
0.2336781
0.23853981
0.23463549
0.2319736
0.23445193
0.23256096
0.23059386
0.23065028
0.2323877
0.2337608
0.23661317
0.23397875
0.2391884
0.23297174
0.23655127
0.23431781
0.23980284
0.23419052
0.2332909
0.23225391
0.23315232
0.23218004
0.23638125
0.22838926
0.23007928
0.22941342
0.23117356
0.23324326
0.23429248
0.2386854
0.23452829
0.23351732
0.22874527
0.23776352
0.23489739
0.23476219
0.22926912
0.23395899
0.23267661
0.2374842
0.23348968
0.23295146
0.23148936
0.23342708
0.23011991
0.22955005
0.22865985
0.22770156
0.23064011
0.23401032
0.23314779
0.22848308
0.22847727
0.23369509
0.23140192
0.2317513
0.22861737
0.23275241
0.23512442
0.23400173
0.23172055
0.22798839
0.22974707
0.23569995
0.23504202
0.2331974
0.22709131
0.22794168
0.23225291
0.2291471
0.23303086
0.22878803
0.23211311
0.22849649
0.23230378
0.23019987
0.22818181
0.23606342
0.22960214
0.22789589
0.22468355
0.2233484
0.2275998
0.22424713
0.22956452
0.22657602
0.23224054
0.22880693
0.22721353
0.2255063
0.22569546
0.2238833
0.22466065
0.2238456
0.22758298
0.2259018
0.23050107
0.22419943
0.2267843
0.22366455
0.22891031
0.22692461
0.2260988
0.23016854
0.23802671
0.22491522
0.22780569
0.2248613
0.22879973
0.22899018
0.22703722
0.2224582
0.22910945
0.22579597
0.22759281
0.226526
0.22240211
0.22605899
0.23148668
0.22921786
0.22414401
0.2263422
0.22817707
0.22685623
0.22555138
0.22752126
0.23119067
0.23053901
0.22450966
0.22708194
0.2286662
0.23313294
0.22863087
0.22420315
0.2250719
0.22327872
0.2213479
0.2234087
0.2361055
0.22952425
0.22601955
0.22377446
0.23317751
0.22407873
0.22530736
0.22511274
0.22886509
0.227455
0.2270836
0.23103023
0.22961226
0.22945452
0.23473111
0.22568622
0.22950782
0.22815232
0.22752751
0.22697546
0.22486241
0.23035969
0.23016326
0.23092002
0.2277372
0.22672504
0.22036728
0.22733375
0.2235278
0.22871426
0.2208188
0.22464217
0.22628856
0.22451249
0.223249
0.2264458
0.22397076
0.22098103
0.2216503
0.22128165
0.22684231
0.23038307
0.22255735
0.22540306
0.22235516
0.22960855
0.22122318
0.22959022
0.22293775
0.22000541
0.224071
0.22391777
0.22951463
0.22025982
0.22390023
0.22231692
0.22657788
0.22044246
0.22458066
0.22536206
0.2255841
0.22227603
0.21881886
0.22304924
0.22207144
0.22447748
0.2295261
0.2215377
0.22211374
0.22151291
0.2278929
0.22025087
0.22435261
0.22082882
0.22277462
0.22036046
0.22020103
0.22557724
0.21855322
0.22405753
0.22510873
0.22251305
0.21969968
0.21927996
0.2184749
0.21891843
0.22388114
0.21800087
0.21991275
0.22364074
0.2163297
0.22055842
0.21891752
0.22193705
0.21768674
0.2244923
0.22013314
0.21591537
0.22014105
0.22225289
0.21750359
0.21792331
0.21626215
0.22178787
0.22266908
0.2222357
0.22211039
0.2306217
0.21665384
0.21813057
0.22242689
0.21944568
0.21748868
0.22046211
0.21730919
0.22574843
0.22207463
0.22372831
0.21931888
0.22187114
0.21983674
0.2194745
0.22132306
0.22032002
0.21564001
0.22147462
0.21632029
0.21948025
0.21773733
0.22057644
0.22926259
0.21962675
0.22780079
0.21903685
0.21533455
0.2188762
0.21888115
0.21949579
0.2142754
0.21856582
0.21785189
0.21767345
0.21970771
0.21558255
0.21744663
0.21868838
0.21708885
0.21480034
0.22061948
0.213892
0.22105676
0.21562599
0.21745917
0.21842802
0.21939218
0.21771401
0.21994846
0.21607277
0.21378332
0.21365066
0.22433399
0.21558112
0.21571688
0.21658187
0.21615852
0.22119622
0.21424748
0.21233095
0.2205456
0.21357706
0.21773998
0.21390945
0.21131533
0.21491286
0.21442105
0.21667394
0.22131236
0.21345674
0.22063002
0.21623611
0.21302158
0.2158016
0.22021359
0.21538141
0.22018494
0.21839888
0.21879634
0.21819681
0.21787709
0.2144661
0.21822757
0.21628568
0.2142506
0.21642351
0.21525723
0.21307693
0.212528
0.21722025
0.21794268
0.21237579
0.21776536
0.21593675
0.21149577
0.2119629
0.2134162
0.21342097
0.21802832
0.21963091
0.21991019
0.21485639
0.21248052
0.213317
0.21253406
0.21347645
0.214154
0.21530682
0.21219845
0.21168193
0.2098269
0.21046078
0.20974824
0.21264084
0.21288054
0.20866066
0.21876526
0.21802625
0.21112682
0.2202069
0.21594085
0.21233888
0.2210053
0.21143846
0.21579248
0.20814306
0.21646619
0.2135024
0.21142589
0.2180779
0.21106116
0.21019775
0.21065405
0.21167661
0.21702933
0.21213067
0.22064433
0.21307288
0.21428797
0.2110267
0.21466687
0.21618684
0.21331848
0.21065223
0.21341296
0.21514359
0.2094522
0.21877591
0.21087246
0.21019891
0.21343245
0.21607263
0.21189247
0.21167661
0.21413067
0.21113035
0.20991005
0.20928943
0.21977298
0.21119034
0.21683004
0.20757705
0.21604984
0.20960128
0.21136548
0.20639469
0.20948142
0.21747789
0.21348886
0.20883189
0.21240228
0.2088903
0.2160777
0.21253529
0.21134967
0.20629703
0.20969209
0.20637079
0.20978275
0.20908138
0.20845985
0.21680738
0.20625468
0.2092325
0.20458898
0.20933062
0.20696713
0.20461622
0.22157794
0.20305331
0.21140105
0.21112509
0.20469533
0.21122856
0.2099686
0.2098586
0.21002056
0.21264428
0.20669687
0.21007888
0.2089684
0.20519954
0.20376784
0.20610638
0.20513947
0.2041195
0.20463249
0.20228855
0.20252341
0.20782675
0.20583713
0.20677672
0.20919646
0.20528461
0.20373303
0.20947438
0.20494495
0.20427386
0.21047118
0.20930341
0.2045866
0.21200529
0.20488682
0.20578964
0.20294423
0.20888816
0.20624626
0.20463908
0.20644109
0.20628771
0.20244415
0.20492119
0.20212074
0.20887524
0.20583844
0.20704274
0.20865752
0.20606741
0.201675
0.20919864
0.20517646
0.20339857
0.20618905
0.20174918
0.2089583
0.20368066
0.2043171
0.21642528
0.20618933
0.20576376
0.20794226
0.204817
0.20813596
0.21055701
0.21203284
0.20879202
0.2076966
0.20279878
0.21033715
0.20416458
0.20376652
0.20614308
0.20749222
0.20701367
0.20212197
0.20402084
0.20398204
0.20294362
0.2080508
0.20355643
0.20656945
0.21018131
0.20613633
0.20605713
0.2102077
0.20475934
0.21128394
0.20899095
0.20510742
0.20564458
0.20380929
0.20735885
0.20405239
0.20966208
0.21471493
0.20286475
0.20578456
0.2039912
0.20360741
0.20613952
0.212775
0.20474778
0.2011713
0.20931418
0.20647644
0.20681475
0.20933057
0.20219588
0.2010323
0.20420365
0.19944826
0.20707327
0.20140903
0.20314427
0.20386773
0.2060977
0.19937529
0.2028397
0.20040028
0.19935952
0.2030404
0.19895661
0.19902922
0.20066965
0.19973363
0.20097384
0.20445682
0.20740944
0.20091547
0.2063388
0.19991301
0.2126789
0.20010446
0.20036522
0.20121144
0.20236365
0.2010651
0.19992286
0.20548107
0.19882749
0.20042373
0.19770382
0.20162445
0.20327446
0.20044188
0.2021691
0.20382954
0.19964066
0.20250249
0.20637116
0.2017897
0.2051178
0.19873762
0.20404904
0.20299792
0.20051944
0.20090008
0.20141642
0.19989592
0.20336431
0.19917925
0.20212878
0.19972402
0.1976219
0.2003569
0.20077766
0.2007569
0.20291568
0.19783808
0.19724123
0.20073844
0.20262954
0.20028426
0.20277356
0.20111647
0.19928306
0.20029217
0.20321509
0.20311081
0.19971493
0.19924082
0.19697686
0.20244138
0.20228744
0.19812565
0.19891709
0.20144734
0.20027302
0.20196772
0.19915651
0.20220734
0.1989612
0.20270728
0.20610859
0.20211641
0.20260762
0.20264533
0.2065972
0.20210406
0.20183447
0.19894423
0.20185621
0.2004822
0.20077662
0.20480955
0.20169996
0.19779275
0.20364588
0.20201463
0.19873978
0.20265353
0.20199126
0.20262621
0.20149139
0.20025578
0.19913617
0.20525223
0.20027359
0.20337199
0.20034246
0.20007111
0.20234622
0.19984783
0.20257601
0.19967912
0.20584403
0.19952188
0.19920194
0.19929644
0.2018511
0.1996087
0.19988836
0.19551528
0.19707142
0.20153715
0.20231737
0.20253573
0.20073979
0.20179698
0.19835216
0.20144542
0.20119838
0.19809075
0.20485932
0.19675267
0.19889614
0.19528383
0.19532341
0.1947804
0.19721368
0.19873334
0.19730015
0.19884546
0.19703917
0.20064075
0.19604307
0.19616745
0.20230435
0.19909859
0.19997019
0.19888239
0.1993475
0.19653875
0.19970585
0.19687802
0.19589171
0.19886771
0.19906439
0.1951037
0.19950128
0.20271307
0.19814593
0.19844882
0.20079641
0.20432505
0.19956423
0.2017587
0.19965565
0.20272484
0.19801736
0.19706765
0.2010843
0.19564193
0.19686574
0.19575132
0.19667044
0.19534333
0.19730783
0.20248552
0.19546144
0.1950022
0.20135254
0.19818665
0.1988
0.19727728
0.19941066
0.1981055
0.20108917
0.19550669
0.19706824
0.19512796
0.19586188
0.19522229
0.19769464
0.19316746
0.19258146
0.19712766
0.1933189
0.19340426
0.19524494
0.19608371
0.19347283
0.19441068
0.19440998
0.19378552
0.19648759
0.19861619
0.19555545
0.1978159
0.19403134
0.19777386
0.19985823
0.19475208
0.19897829
0.1942411
0.19403236
0.19361444
0.19296637
0.19392651
0.19740824
0.1946468
0.19477822
0.19543275
0.19262592
0.19470532
0.19451773
0.19783139
0.19274557
0.2005484
0.19578786
0.19375776
0.19274779
0.19441341
0.19849312
0.19444041
0.19693004
0.19582482
0.19006412
0.19649775
0.19167592
0.19131553
0.19404837
0.19813985
0.19465937
0.19232413
0.19670579
0.19630903
0.19941953
0.19987518
0.19748643
0.19578156
0.19584115
0.19291009
0.19502567
0.19279839
0.19648775
0.19176364
0.1903408
0.19496149
0.19524805
0.19250423
0.19084856
0.19466083
0.20029993
0.19212025
0.19555636
0.1943287
0.19340952
0.19287238
0.19094387
0.19361822
0.18902151
0.19186348
0.18860903
0.19321918
0.20365296
0.19036624
0.19502592
0.1939885
0.19436345
0.19632563
0.19233534
0.19349669
0.19261253
0.19033204
0.19572319
0.19314069
0.19797727
0.19187297
0.19592805
0.19066142
0.19336364
0.1946807
0.19262414
0.1928317
0.19301768
0.18958788
0.19304429
0.19644918
0.19134171
0.19049741
0.19300385
0.1927311
0.19151348
0.19424775
0.1889888
0.19283435
0.19185448
0.19153066
0.19397174
0.19287008
0.19345392
0.1978004
0.1994283
0.19292396
0.19262922
0.19626947
0.19243039
0.19434741
0.19305442
0.193503
0.20121378
0.19094127
0.19076523
0.19192603
0.19520839
0.19255883
0.19706528
0.19048588
0.19710995
0.19061127
0.19280058
0.19256414
0.19074956
0.19316745
0.19037354
0.19176343
0.19115537
0.19219749
0.19314556
0.19600596
0.190931
0.19050793
0.19661981
0.18773708
0.19219919
0.1991487
0.1896993
0.19260408
0.19112036
0.18932855
0.1925567
0.19071084
0.18947072
0.19076212
0.19231467
0.18904907
0.19000562
0.19756758
0.19146544
0.19148616
0.19057514
0.1937731
0.18927062
0.19488965
0.19582686
0.19515431
0.19163662
0.19165511
0.19310623
0.19324818
0.19204038
0.19453156
0.19256373
0.19019176
0.19168898
0.18846527
0.19090879
0.19172679
0.18865506
0.19137318
0.18932681
0.18798144
0.19373514
0.19073032
0.18793821
0.18896773
0.19019078
0.1905855
0.19121216
0.18854856
0.18930641
0.18934591
0.18881826
0.19125403
0.18681037
0.18716905
0.18685141
0.18932615
0.19045469
0.18950659
0.19062375
0.19219083
0.19063191
0.19385034
0.18745984
0.18886702
0.20149794
0.18496305
0.19207342
0.19134597
0.19076999
0.18763238
0.18812592
0.19182284
0.18802685
0.19381781
0.18840075
0.1879051
0.18791062
0.1891683
0.18974724
0.18747288
0.18874905
0.19012165
0.19127935
0.1888881
0.18429722
0.18810418
0.18490893
0.1870525
0.18869771
0.19334596
0.18891045
0.18770544
0.18770629
0.18856479
0.18925615
0.18940301
0.19305784
0.19063312
0.1884277
0.1868314
0.1902109
0.1863072
0.18603219
0.1911147
0.18801834
0.18887474
0.18728189
0.18541789
0.19134249
0.18834001
0.1866632
0.19752456
0.19011952
0.1891046
0.18654935
0.18806836
0.18864284
0.1911347
0.19084783
0.18927032
0.18761617
0.18713228
0.18870774
0.19258185
0.19068298
0.18693683
0.19017567
0.18747309
0.18850185
0.19131711
0.18944849
0.19465353
0.19536711
0.18879032
0.18936367
0.1843602
0.18565576
0.18990473
0.18715887
0.18644728
0.18754534
0.18987232
0.18480837
0.19142547
0.18544218
0.18653293
0.1868716
0.18588974
0.1929785
0.18526289
0.18280144
0.18665284
0.1884742
0.18685324
0.1927255
0.1861279
0.18732882
0.18594678
0.18724471
0.18540175
0.188465
0.18630114
0.1855078
0.18419145
0.18527906
0.18541408
0.18449807
0.18798058
0.1874494
0.18534811
0.18743059
0.18519382
0.18812291
0.18775561
0.18724781
0.18362215
0.1947722
0.18848452
0.18748282
0.18807976
0.1895088
0.18975365
0.18855233
0.18911156
0.1834393
0.18703009
0.19883943
0.18429233
0.18568563
0.18549578
0.18778066
0.1907759
0.18779552
0.18382074
0.1833232
0.18363826
0.18659845
0.18737312
0.18627639
0.18888
0.1853839
0.18135172
0.1857373
0.18511811
0.18172021
0.18198521
0.18184918
0.18511567
0.18093412
0.1858794
0.18373327
0.18450601
0.18231504
0.18186323
0.18427315
0.18407114
0.18488659
0.1844838
0.18314165
0.18637474
0.18188162
0.18274789
0.18427841
0.18273377
0.18747562
0.1825
0.18114112
0.18028498
0.18886735
0.18564977
0.183271
0.1876941
0.18421996
0.18603845
0.18913713
0.18802303
0.17960702
0.1835584
0.18288058
0.1860366
0.18298839
0.18278359
0.18652454
0.18355702
0.18025081
0.18167315
0.1787795
0.1813706
0.18589678
0.18301626
0.19015107
0.18162896
0.18348727
0.18387601
0.1832465
0.18045238
0.18380858
0.18289138
0.18079293
0.18324812
0.18262081
0.1851518
0.18379162
0.18273662
0.18757264
0.18195856
0.18095429
0.1847299
0.18485771
0.18535824
0.18164736
0.18278943
0.18759859
0.1890117
0.18395822
0.183611
0.18501289
0.18736537
0.18210988
0.18367971
0.18139672
0.18396239
0.18474115
0.18582904
0.1847504
0.18884179
0.18511581
0.18733072
0.18075001
0.18884131
0.1808714
0.1849927
0.18971454
0.18292676
0.1841439
0.18594633
0.1858769
0.18689093
0.17976427
0.18779565
0.18517862
0.1818441
0.18478592
0.18405102
0.18910849
0.1844113
0.18409579
0.1838215
0.1825411
0.18972005
0.18660603
0.1888122
0.19064732
0.18472864
0.17994235
0.19144587
0.18631876
0.18273604
0.18359573
0.18400319
0.18198214
0.18378317
0.19175564
0.18721825
0.1865819
0.18221642
0.18522869
0.18498486
0.18564837
0.17958544
0.1796549
0.1822145
0.18411309
0.17907245
0.18316934
0.18541108
0.180607
0.18354765
0.18607824
0.18304978
0.1862177
0.18418741
0.1810342
0.18604638
0.18074943
0.18526472
0.1808918
0.17920983
0.18205231
0.18684828
0.18127795
0.1821829
0.18194264
0.18093386
0.18220073
0.18588418
0.18094288
0.18299831
0.18675338
0.1816037
0.18563621
0.19012259
0.1917887
0.18221839
0.18070577
0.18423639
0.1803291
0.17838413
0.18444508
0.18068482
0.18072072
0.17821027
0.18018143
0.1837359
0.18307398
0.17846799
0.18318626
0.18053651
0.18565825
0.17840007
0.17975824
0.17999005
0.18619043
0.18168329
0.18197176
0.17993192
0.18196246
0.1817326
0.18179512
0.18485238
0.18267831
0.17791082
0.18187489
0.18092212
0.18321373
0.18455139
0.18445146
0.18414633
0.18261172
0.18775077
0.18156952
0.18068308
0.18156838
0.1836006
0.18219994
0.1823924
0.18005432
0.18289411
0.18693057
0.18131146
0.18154538
0.18906903
0.18060195
0.18101737
0.18382786
0.18263441
0.18473914
0.18684126
0.18294024
0.18566632
0.18110555
0.18357779
0.1803581
0.178626
0.17995685
0.17901944
0.18904309
0.17889105
0.18007055
0.18504167
0.18099852
0.17956467
0.17974557
0.18528853
0.18114692
0.17974061
0.18657734
0.1821664
0.18316421
0.18035883
0.18180569
0.17941415
0.18411584
0.18107393
0.18598104
0.17859979
0.17905585
0.18138379
0.1804041
0.17762813
0.18689544
0.18174551
0.17864732
0.18314801
0.17828391
0.18741986
0.1769837
0.17875077
0.17979024
0.18569814
0.1817482
0.17845921
0.17980683
0.18017441
0.1799925
0.17936048
0.18024655
0.17930539
0.18176414
0.18021452
0.1769038
0.18300056
0.17636733
0.17844196
0.17681621
0.17956811
0.17855711
0.18323815
0.17714459
0.1796122
0.18184324
0.17740864
0.18111609
0.18128158
0.18317823
0.17970721
0.17858747
0.18141076
0.17802371
0.17723921
0.18329373
0.18080378
0.18111853
0.18157066
0.17517261
0.18189058
0.1759087
0.17542464
0.17918085
0.1771096
0.17618352
0.18088108
0.17373541
0.17776148
0.18146078
0.18026932
0.17651874
0.18282501
0.18534234
0.17478502
0.1755284
0.17849012
0.18015973
0.17735203
0.17602156
0.17881438
0.18038493
0.1801034
0.17795317
0.17524482
0.17759447
0.1790569
0.17985444
0.18241584
0.17765135
0.17844062
0.17729753
0.17546856
0.18185143
0.17553021
0.1791566
0.17675695
0.17700976
0.17341521
0.17946692
0.18012525
0.18117401
0.17939728
0.17660233
0.17603795
0.17337786
0.1773175
0.17463495
0.17462815
0.177205
0.17519288
0.17429765
0.1751034
0.17589
0.17472751
0.17413922
0.17471832
0.17565238
0.17286512
0.17290772
0.17358848
0.17311879
0.1760831
0.17759997
0.17935039
0.1770752
0.17537196
0.17502098
0.17342956
0.17570321
0.1743891
0.17361306
0.1770991
0.17511697
0.1792162
0.17322057
0.1719435
0.1725339
0.17748652
0.17846182
0.18183082
0.17303054
0.17684723
0.1737573
0.17675276
0.17476723
0.173828
0.17341173
0.17802691
0.17597568
0.17606565
0.17658165
0.1732339
0.17182177
0.17261729
0.17350864
0.17406511
0.174678
0.1727167
0.17171189
0.17065932
0.17317471
0.17053327
0.17280482
0.17251651
0.17517091
0.17316687
0.17020133
0.1704072
0.1719145
0.18070243
0.17532536
0.17533945
0.17902274
0.17420876
0.17435049
0.1754476
0.17745414
0.17336798
0.17902467
0.18090442
0.17799944
0.1734958
0.17501631
0.18180257
0.17694661
0.17450023
0.1766184
0.17665005
0.1738596
0.1763431
0.17965776
0.1770979
0.17941502
0.17591155
0.1764334
0.1791079
0.17948541
0.17662054
0.1782598
0.180363
0.17767963
0.17163004
0.17519845
0.17301354
0.1766422
0.17253816
0.17447232
0.17485143
0.17609517
0.17411414
0.17328064
0.17377326
0.17529146
0.17315246
0.1762487
0.17618313
0.17189926
0.17406967
0.17368518
0.1758818
0.17231011
0.17281817
0.17184214
0.17564467
0.1737105
0.17449796
0.17903104
0.1729592
0.17047356
0.17048924
0.1722993
0.17214462
0.17206861
0.17351185
0.17173377
0.17349596
0.17165282
0.1728383
0.17318793
0.17321694
0.17260058
0.1725812
0.17253877
0.17646322
0.16991842
0.17386071
0.17213418
0.17483933
0.17074165
0.1726285
0.17601888
0.17338836
0.17625399
0.17431502
0.17250498
0.17489398
0.17221296
0.17290306
0.17441069
0.17211477
0.17069721
0.16919667
0.17268682
0.17647982
0.17344008
0.16861473
0.1719328
0.173421
0.17107613
0.17802191
0.17369704
0.17654903
0.17293482
0.17057268
0.17346081
0.17102943
0.17094478
0.17307265
0.17625599
0.1741653
0.17408967
0.17348555
0.17170559
0.1722032
0.17561913
0.17863286
0.17506962
0.1767552
0.1728962
0.17260347
0.17072637
0.17770107
0.17431839
0.17152967
0.17650117
0.17476016
0.17382616
0.17515661
0.18053329
0.17791834
0.17311223
0.17475845
0.1745143
0.17484353
0.17254023
0.17638116
0.17113215
0.17125522
0.17252454
0.17696996
0.17222951
0.17112526
0.17280333
0.17438868
0.17120674
0.17464325
0.17692678
0.1780231
0.17379116
0.17242196
0.17323014
0.17579858
0.17680444
0.17957246
0.16978966
0.16798972
0.17952499
0.16929507
0.17123151
0.17160578
0.1736671
0.16947113
0.17215295
0.17258283
0.17042859
0.17077906
0.17661433
0.17192411
0.16878738
0.16818973
0.16868618
0.171604
0.17358078
0.17184915
0.17234586
0.16786852
0.17645063
0.16969094
0.16894025
0.17068401
0.17018442
0.17167583
0.17025554
0.17030945
0.16998366
0.17125717
0.17048454
0.17434879
0.17234193
0.1672497
0.17167543
0.1733816
0.17175066
0.172662
0.17337415
0.16948219
0.17195347
0.17305064
0.16975997
0.17359485
0.17426877
0.16916731
0.17286168
0.1714028
0.1675931
0.17395933
0.17335069
0.16891432
0.17886679
0.17293674
0.17070672
0.17493263
0.17350401
0.16843647
0.17144726
0.17162287
0.17150524
0.17345442
0.17104591
0.17115839
0.16745633
0.16885364
0.16597426
0.17008656
0.17026739
0.17065883
0.16744967
0.17244196
0.17026316
0.17079994
0.1682595
0.16847102
0.17124052
0.17453277
0.17086944
0.16904487
0.16979891
0.16899836
0.16834126
0.17105198
0.17054757
0.17015725
0.16866817
0.17126052
0.16943482
0.1711686
0.1715152
0.17088437
0.17010275
0.17068788
0.16510434
0.16918492
0.17421252
0.17166603
0.17100173
0.16930376
0.16934894
0.17137215
0.17026305
0.16853523
0.17261416
0.17169337
0.16911846
0.16837819
0.16875018
0.16630833
0.16560079
0.1678364
0.17319919
0.17085801
0.16989456
0.16894588
0.16840544
0.17054622
0.1719102
0.16528244
0.17125592
0.1716976
0.16916546
0.16793372
0.17463343
0.1697691
0.1656761
0.17212445
0.16869003
0.16847661
0.1678019
0.16792835
0.1670336
0.16848399
0.16720589
0.17301756
0.16798203
0.17086434
0.17295736
0.16924164
0.16672237
0.16927467
0.16857943
0.17390576
0.16962911
0.16815814
0.16632867
0.17287187
0.16914885
0.17006247
0.17438708
0.16905648
0.16644683
0.17247213
0.16699071
0.16770911
0.16846412
0.16941613
0.16876842
0.16642009
0.16747597
0.16399424
0.1653536
0.1648925
0.1660678
0.16449785
0.16721858
0.1665885
0.16629775
0.16620988
0.16761088
0.16605294
0.16628945
0.16690645
0.16518357
0.16655378
0.16616163
0.1632897
0.16673663
0.16525215
0.16615012
0.16566087
0.16507085
0.16860406
0.16450363
0.16544019
0.16635698
0.16357015
0.16562936
0.16602384
0.16746467
0.16785303
0.16817912
0.16619495
0.16831169
0.16520722
0.16707696
0.16449681
0.1693953
0.16584612
0.17041394
0.17420511
0.16785957
0.16950166
0.16753183
0.1723093
0.17138371
0.1661189
0.16628152
0.16452481
0.16490215
0.1644078
0.1709913
0.16994391
0.16980125
0.16756628
0.16865237
0.16847372
0.16899072
0.16547014
0.16444874
0.16689037
0.16586211
0.16749376
0.16579776
0.1680897
0.17009929
0.1691892
0.1677752
0.166302
0.16665088
0.1770911
0.17063276
0.17312343
0.16642156
0.16468152
0.17167947
0.16936277
0.16808389
0.16873917
0.16694646
0.17105964
0.16467284
0.16554497
0.16995083
0.17018579
0.16853121
0.16870862
0.16833617
0.16834565
0.16990432
0.16773641
0.17078559
0.16925974
0.17142572
0.16750877
0.17245339
0.16552083
0.17144811
0.16680132
0.16550891
0.16682188
0.16489507
0.1644466
0.16571681
0.16629986
0.16638204
0.16463359
0.16747867
0.16600613
0.16764227
0.16700223
0.16668119
0.16527781
0.16610521
0.1672345
0.16551615
0.16593593
0.1633712
0.16436692
0.16516832
0.16606145
0.16474155
0.16674896
0.16540742
0.16549633
0.16907477
0.16608976
0.16686317
0.16767493
0.16685027
0.16567248
0.17211878
0.16670144
0.16666453
0.16645886
0.17105892
0.16961282
0.16735996
0.16771169
0.16465229
0.16903642
0.16845104
0.17282397
0.16359374
0.16673347
0.1647797
0.16230378
0.16654694
0.16631469
0.16452701
0.16492763
0.16639708
0.16551922
0.16114719
0.16309889
0.1655706
0.17217751
0.1631615
0.16628368
0.16477366
0.16772956
0.16604295
0.16502112
0.16403897
0.17043786
0.16465175
0.16541035
0.16557738
0.16648419
0.16513409
0.16736448
0.16461672
0.16654499
0.16897891
0.16438429
0.1682271
0.16489266
0.16726342
0.1685991
0.16674298
0.1696472
0.16412275
0.17338061
0.16455042
0.16669041
0.16318251
0.16780029
0.1637711
0.16841002
0.16425562
0.16701587
0.16691424
0.16519251
0.16682225
0.16674872
0.16846332
0.17033167
0.17087524
0.16580376
0.16751914
0.1740576
0.1664547
0.16542691
0.16838446
0.16603214
0.17264248
0.17027068
0.16633026
0.16157807
0.16227002
0.16555452
0.16344665
0.16257825
0.16186611
0.16314535
0.1675011
0.16550206
0.16981496
0.16573082
0.1641193
0.17425777
0.16983892
0.16437846
0.16507807
0.16865763
0.16129535
0.16309087
0.16611166
0.16212362
0.16533752
0.16734822
0.16490312
0.16474429
0.16642807
0.16461505
0.17356393
0.16399254
0.16332237
0.16517667
0.16289517
0.16403347
0.1677802
0.16842394
0.16349755
0.16498637
0.16527349
0.16352896
0.16276504
0.16166642
0.1697433
0.16532111
0.16544311
0.16267668
0.16874908
0.16630709
0.16428508
0.16470408
0.16129397
0.16391473
0.16374421
0.16333452
0.1636799
0.16546406
0.16207379
0.1660934
0.16772644
0.16183822
0.16063999
0.16144139
0.16187441
0.16525757
0.16352136
0.16249134
0.16089922
0.15985018
0.16173719
0.16550949
0.15918492
0.16562669
0.16451691
0.16474731
0.16679296
0.17315127
0.1632323
0.16570278
0.16475447
0.16379233
0.1637203
0.16222239
0.16792314
0.16571034
0.16544616
0.16281873
0.16378291
0.16601685
0.16387689
0.16313086
0.16280702
0.16954663
0.16265813
0.16417529
0.16073723
0.1635111
0.161203
0.16891702
0.1646199
0.16288798
0.16806678
0.16669722
0.16251707
0.1641579
0.16761686
0.164648
0.171731
0.16392638
0.1623771
0.16227202
0.16389824
0.1639721
0.16232263
0.16379862
0.16049603
0.16586746
0.16095741
0.16046035
0.16574886
0.16073771
0.1626861
0.16479538
0.16400748
0.1621414
0.16293688
0.16655605
0.16432092
0.16464144
0.16406861
0.16699325
0.16097106
0.16382408
0.16424917
0.16576107
0.16646232
0.16433133
0.16390097
0.16477354
0.16193604
0.16441354
0.15997922
0.16391832
0.1662251
0.16416515
0.16850843
0.16703905
0.1617113
0.1642275
0.1607859
0.16525145
0.16164762
0.16008167
0.16606414
0.16129972
0.16435838
0.16421473
0.16235213
0.16170244
0.16174297
0.16486028
0.1627301
0.1624236
0.16119337
0.16828142
0.1633199
0.16353542
0.16532563
0.1614017
0.16768149
0.16734163
0.16159742
0.1630765
0.1632754
0.16337472
0.16532566
0.16550478
0.16436015
0.16568182
0.16573885
0.1648875
0.16030455
0.16256897
0.16381003
0.16552602
0.16424131
0.16286807
0.16435671
0.16326796
0.16162637
0.1636261
0.16237594
0.1633976
0.16135475
0.16602455
0.1643015
0.164947
0.1621267
0.16384664
0.16325782
0.16356581
0.16255099
0.16562985
0.16707933
0.1601914
0.16260757
0.16410314
0.16261137
0.16437867
0.16899411
0.16203974
0.16062635
0.1614733
0.1632691
0.16100521
0.16195971
0.16079094
0.15819901
0.16461216
0.16131665
0.1614713
0.16202827
0.1651762
0.16341704
0.16732952
0.16077034
0.16260403
0.15840541
0.16464871
0.16012181
0.15963806
0.16224852
0.15947255
0.1617227
0.16208488
0.1667075
0.15701596
0.1591844
0.15969762
0.16360177
0.15932961
0.16079311
0.16910669
0.16080755
0.158449
0.15984309
0.15813328
0.16319382
0.16741446
0.16024919
0.16102546
0.16509685
0.16232623
0.1585
0.16185142
0.1621222
0.15866987
0.16136089
0.15802221
0.16332363
0.16081513
0.16271067
0.16000643
0.16191483
0.1604779
0.16268507
0.16033882
0.15735838
0.16555564
0.16015705
0.16057327
0.16185385
0.15739156
0.1639639
0.16092381
0.16280952
0.1578372
0.15944517
0.15956414
0.1635225
0.16520873
0.15838473
0.16146529
0.15796813
0.15916921
0.16161838
0.1589147
0.15845424
0.15918303
0.1577581
0.15918666
0.16378231
0.15784594
0.15814961
0.16031682
0.15767871
0.15943259
0.16259183
0.15863004
0.15783575
0.1602057
0.15836167
0.15714121
0.1581908
0.15761575
0.16216323
0.16088971
0.16385774
0.16173941
0.15598424
0.15803081
0.15870373
0.16067623
0.16634844
0.16168615
0.1609958
0.15928939
0.15733585
0.15974985
0.16021997
0.16287711
0.16268696
0.16014099
0.16193876
0.16254564
0.16028649
0.15968035
0.16040225
0.16347972
0.16207808
0.15913858
0.15918471
0.16084927
0.15901111
0.16021438
0.15937121
0.1614619
0.16026677
0.16017142
0.16110036
0.1588125
0.16076842
0.16037382
0.1589338
0.1602248
0.1589707
0.15853144
0.15868652
0.16052036
0.16132489
0.16119558
0.16145425
0.16266792
0.15889567
0.16011952
0.15716085
0.16603751
0.16040133
0.1593796
0.16197187
0.16234447
0.16322264
0.16043457
0.16022785
0.1588849
0.15947346
0.1609745
0.16017209
0.16043797
0.15991138
0.15880564
0.16414921
0.16373584
0.16481254
0.16110581
0.16033782
0.16138804
0.15875548
0.15778352
0.16029759
0.16433193
0.16020909
0.16104117
0.15854588
0.16164805
0.16139166
0.16011046
0.16255589
0.1563098
0.15845004
0.15703851
0.15894869
0.16063964
0.16002356
0.1636674
0.16282259
0.1574316
0.15772234
0.1586614
0.15914948
0.15833296
0.15983982
0.15787469
0.15668803
0.15709385
0.15828978
0.15834366
0.15902497
0.15943463
0.15838824
0.15785334
0.1576542
0.15752257
0.15812182
0.15785848
0.1567653
0.15727237
0.15642758
0.1683986
0.16063473
0.15939431
0.1542904
0.1559099
0.15830852
0.16656785
0.15887114
0.15454581
0.1560508
0.1560482
0.15552355
0.15612811
0.1572435
0.15517926
0.15983798
0.15729125
0.15570138
0.15833765
0.15837419
0.15792345
0.16145603
0.15619296
0.15728036
0.15879096
0.15892197
0.1560838
0.1569066
0.15896504
0.15704148
0.15913078
0.15859637
0.16071731
0.15702677
0.15942433
0.15745485
0.15651526
0.15663259
0.15399443
0.15760814
0.15629384
0.15399432
0.15414399
0.15500188
0.15718338
0.15441796
0.1573944
0.1557487
0.15910253
0.15710083
0.15833817
0.15515672
0.15712407
0.16291822
0.15893748
0.15817642
0.15552768
0.1594165
0.15619574
0.15547602
0.15697944
0.1565404
0.15396214
0.15480329
0.1591265
0.15919437
0.16240631
0.15515889
0.15819687
0.15446113
0.15639359
0.15807155
0.15478003
0.15722391
0.15658006
0.15808739
0.15596111
0.15763886
0.16017416
0.15848748
0.15622018
0.15463072
0.15457283
0.16054657
0.15441743
0.16288146
0.15662837
0.15602224
0.15432782
0.15585263
0.15531483
0.1556654
0.15512888
0.15740174
0.15617152
0.15319751
0.15450726
0.15303622
0.15435594
0.15632367
0.15917405
0.15599445
0.15584788
0.15493505
0.15837488
0.15856983
0.15780571
0.15500033
0.1563782
0.15736268
0.15860945
0.15549497
0.15397964
0.15448464
0.15383759
0.15529819
0.15675344
0.15981713
0.1558676
0.15426606
0.15636407
0.15380362
0.15378112
0.1552186
0.15614955
0.15460841
0.15582488
0.15475206
0.1533686
0.1527117
0.15690556
0.15610044
0.15781388
0.15396293
0.15432131
0.16448015
0.15246281
0.15395723
0.15529454
0.159716
0.155015
0.15700667
0.15399528
0.15531744
0.15148984
0.15527777
0.15492526
0.1555195
0.15355936
0.15296328
0.16516544
0.15381165
0.15700114
0.15330742
0.15501428
0.15397972
0.15278828
0.15387973
0.15186603
0.15075178
0.15380184
0.15221044
0.15686817
0.15574835
0.15233491
0.1533064
0.15361501
0.15417479
0.15310305
0.15278235
0.15504038
0.1569679
0.1547501
0.15272246
0.15145144
0.15471745
0.15393528
0.15400332
0.150676
0.15273683
0.15059647
0.15520683
0.15870127
0.15686259
0.15787768
0.15533902
0.15546452
0.15240045
0.1557865
0.15786082
0.15225357
0.16641137
0.15195516
0.15050109
0.15315388
0.150768
0.15598986
0.15241612
0.15483661
0.15881799
0.15828146
0.15132616
0.15191029
0.154054
0.15686248
0.1611583
0.15201436
0.15332197
0.15517044
0.15432543
0.15702438
0.153788
0.15517695
0.15829885
0.15418367
0.15740907
0.15363304
0.1565268
0.15403724
0.15588187
0.15139526
0.1518313
0.1557697
0.15128323
0.15825084
0.15001543
0.15191105
0.15207985
0.15266347
0.15374513
0.15082063
0.15603931
0.15267622
0.15421759
0.15059766
0.15431285
0.15519759
0.15140665
0.15279154
0.15328652
0.15301812
0.15072696
0.1559015
0.15057582
0.15429804
0.15254411
0.15816085
0.15613277
0.1544405
0.15201153
0.15015076
0.1544101
0.15816402
0.15947273
0.15382323
0.15247482
0.16250068
0.15347269
0.15373518
0.15404488
0.15594351
0.15312724
0.15411986
0.15077572
0.14969793
0.15949023
0.14907658
0.1536708
0.15501666
0.15642801
0.15212977
0.1564976
0.15047759
0.15029985
0.15474053
0.15272647
0.15113808
0.15416346
0.15483832
0.1504582
0.15480687
0.15351503
0.15306753
0.15172441
0.15541494
0.15607788
0.15516968
0.157428
0.15292665
0.15012282
0.15380146
0.15242267
0.15243694
0.15635414
0.15229511
0.1585103
0.15628478
0.15548281
0.15582353
0.15340334
0.15282053
0.1515057
0.15314487
0.14968117
0.15106897
0.15363036
0.15254427
0.15241982
0.15500769
0.14974327
0.15647365
0.15160462
0.15565483
0.15183713
0.15303242
0.153031
0.15721628
0.15365164
0.15237638
0.14964683
0.15235496
0.14863493
0.15157197
0.15072784
0.15225865
0.15213422
0.15168503
0.15359296
0.1496347
0.15026438
0.15102097
0.1536946
0.15106301
0.15107515
0.15152882
0.14923571
0.15060906
0.15001152
0.1495797
0.14871569
0.15218237
0.14941077
0.15380071
0.14899927
0.15189236
0.15040909
0.15249845
0.15107949
0.15143637
0.15062185
0.14864773
0.14622831
0.14968134
0.14878988
0.15151823
0.15064779
0.15027408
0.15039246
0.14868206
0.15070295
0.14893372
0.15055025
0.14751586
0.14506705
0.15330775
0.14788513
0.14642026
0.14984053
0.148088
0.14919828
0.14918411
0.15105556
0.14953713
0.14880349
0.14832433
0.15024829
0.14557682
0.1456884
0.14633359
0.15014014
0.15346193
0.14874518
0.15263228
0.14710872
0.15248716
0.14674522
0.15186024
0.15029429
0.14766072
0.14783919
0.14765234
0.14739147
0.14867775
0.14683962
0.15658452
0.15228501
0.14923117
0.15001702
0.1485889
0.1480739
0.1505627
0.14757724
0.14978933
0.14832513
0.1473345
0.15036587
0.14942768
0.14794776
0.15497118
0.1486331
0.14932586
0.1488359
0.14763272
0.15272929
0.15101115
0.1533036
0.15091817
0.15072596
0.15115862
0.15056422
0.15023503
0.15282555
0.15080029
0.15191846
0.15317719
0.15307644
0.1533464
0.1525721
0.15496801
0.15041229
0.15052263
0.15214431
0.14991087
0.14926928
0.15104574
0.15444851
0.1484375
0.14738825
0.14993578
0.15463911
0.1500374
0.15111235
0.1527027
0.1518639
0.15045919
0.15105581
0.14902347
0.1510036
0.14926979
0.14992172
0.14650963
0.14922094
0.14936098
0.15145056
0.15063804
0.14795709
0.1510975
0.1494845
0.14950877
0.150326
0.1490494
0.14826004
0.14784133
0.15007403
0.15222839
0.15140131
0.15361832
0.15123315
0.1504245
0.15069911
0.14907911
0.15089142
0.14695165
0.15111822
0.15151682
0.14870301
0.1501361
0.14881895
0.14811079
0.15014008
0.15279442
0.14903481
0.14637198
0.14709981
0.15310629
0.14560236
0.14710653
0.15152529
0.14478566
0.14924471
0.15071733
0.14763921
0.14632402
0.1482293
0.14694369
0.1459715
0.14665483
0.14840645
0.14803198
0.14772248
0.14889456
0.14773537
0.14737591
0.14792843
0.14960329
0.1518017
0.14835727
0.14793281
0.14870931
0.14893557
0.14963104
0.1478086
0.14999597
0.15091258
0.15302019
0.15176775
0.14831838
0.15130538
0.1519079
0.15058953
0.14879526
0.15070382
0.14812306
0.14996304
0.15091223
0.14904317
0.15613581
0.14990802
0.1486166
0.15287073
0.15210174
0.14942105
0.15439178
0.15104775
0.15347657
0.14856374
0.15025626
0.14980048
0.15111677
0.14930263
0.14983639
0.15001719
0.15150052
0.15486206
0.14939798
0.15436032
0.15009513
0.15007769
0.15117383
0.14958
0.15549141
0.15738419
0.1509868
0.14831313
0.14953648
0.15202856
0.15376276
0.15185833
0.15072507
0.1503238
0.15519677
0.14974912
0.15380402
0.149164
0.15144154
0.15128484
0.14913596
0.14987586
0.15457813
0.14738117
0.151224
0.15192227
0.15054753
0.15041259
0.15023214
0.15022948
0.15174483
0.1503112
0.15428394
0.15160665
0.1522655
0.15002261
0.1542391
0.15267584
0.15003979
0.14866659
0.15178478
0.14993039
0.15046194
0.1479622
0.15007159
0.15075684
0.14845836
0.14643998
0.15210567
0.1478548
0.14980915
0.15051667
0.15235674
0.14915313
0.14974205
0.15695657
0.14741507
0.15044706
0.14759395
0.15009722
0.15269443
0.15337202
0.14746104
0.15295438
0.14996082
0.14539449
0.14983705
0.15213415
0.15534896
0.14692442
0.14937957
0.14524925
0.14809999
0.14786693
0.14849497
0.14910601
0.14819385
0.14839126
0.14544702
0.15134484
0.14747909
0.14677691
0.14775556
0.14884426
0.15278368
0.14864756
0.14946206
0.14874567
0.14836629
0.14600681
0.14771758
0.14841698
0.1459387
0.14805956
0.1519723
0.1494223
0.15594953
0.14583394
0.1494243
0.15699461
0.14920487
0.14931244
0.1458193
0.14770634
0.1445936
0.147447
0.14707787
0.14744626
0.14653084
0.14638576
0.14747572
0.14837946
0.1474538
0.14904873
0.14887278
0.14670582
0.14927769
0.1440779
0.1514734
0.14945915
0.1493645
0.14950317
0.14626783
0.1457255
0.14640127
0.14710002
0.14503685
0.14612499
0.14839485
0.14745992
0.14799522
0.1476991
0.14488634
0.14686972
0.14766441
0.15123652
0.14478795
0.14866398
0.14958455
0.1469714
0.14606144
0.1541431
0.14684759
0.14415692
0.14896537
0.14809038
0.1475932
0.15007098
0.14991412
0.14662094
0.14612192
0.1486189
0.15060648
0.15290526
0.15300049
0.1485418
0.15476117
0.14834926
0.14930813
0.14936747
0.15034397
0.15368031
0.14906192
0.14757489
0.14991313
0.1509058
0.15001296
0.1474434
0.15129182
0.14857176
0.14686431
0.14973514
0.15098383
0.14935827
0.14624439
0.148419
0.14641115
0.14626649
0.14462999
0.14937349
0.14856473
0.14652541
0.14894815
0.14673801
0.14517342
0.14782102
0.14780034
0.14553286
0.1488807
0.14392225
0.14457788
0.14715947
0.1430908
0.14803156
0.14815758
0.15038586
0.14911628
0.1446597
0.14646776
0.14481789
0.14905155
0.1494595
0.14458552
0.15029682
0.14296833
0.14455552
0.14624642
0.14784376
0.14872824
0.14733392
0.14931688
0.14620814
0.14708763
0.14614002
0.14618869
0.14763984
0.14407092
0.14600566
0.15105213
0.14441533
0.14532892
0.14635947
0.14471647
0.14475875
0.14762306
0.14368813
0.14549728
0.1480967
0.14946787
0.14703597
0.14355358
0.1459021
0.14458108
0.14640741
0.14227338
0.14503133
0.14660215
0.14608131
0.14553562
0.15031172
0.14397219
0.14483833
0.14615352
0.14457928
0.14581932
0.14594652
0.14580652
0.1471316
0.14469063
0.14521727
0.14792728
0.1443848
0.14397995
0.14320166
0.1514219
0.14534801
0.14814313
0.14677377
0.14262855
0.14522505
0.14765835
0.14845185
0.14509094
0.14477623
0.14636298
0.14834286
0.14541471
0.14376803
0.14608598
0.14919828
0.14630413
0.14942132
0.14485228
0.14791627
0.145826
0.15026392
0.14765073
0.14464082
0.14428188
0.1460247
0.14416592
0.145489
0.1452351
0.14841804
0.14480288
0.14714463
0.14578852
0.14381856
0.14684314
0.14166449
0.15367098
0.14484058
0.14623058
0.14608715
0.14432472
0.14352834
0.14357898
0.14773844
0.14452021
0.14511928
0.1482581
0.14812866
0.14530784
0.14596091
0.15085965
0.1491299
0.14773662
0.14631222
0.14413139
0.15654853
0.1457307
0.1440067
0.1446839
0.14880277
0.1452223
0.15069939
0.14912692
0.14590982
0.1445004
0.1464164
0.14599015
0.14368272
0.14471357
0.14610034
0.14706153
0.14456682
0.14718983
0.14696778
0.14728564
0.14710519
0.14569236
0.15202233
0.14581323
0.14508907
0.14968415
0.1437415
0.14497009
0.14787695
0.1455521
0.1449819
0.1447592
0.14538087
0.14648387
0.1448479
0.15058142
0.14618276
0.14824304
0.15042579
0.14521793
0.14621446
0.1422944
0.14463721
0.14481357
0.14756893
0.14559273
0.14430575
0.14874262
0.14885043
0.14695965
0.14517039
0.14631984
0.14831164
0.14475836
0.14720589
0.14594157
0.14430112
0.14623971
0.14394055
0.14876409
0.14530195
0.14321256
0.14366654
0.1478802
0.15443242
0.14701201
0.14580938
0.14554982
0.14831595
0.14831921
0.14672787
0.14438283
0.1476295
0.15095375
0.15116473
0.14663301
0.14848028
0.14497553
0.14917147
0.1449948
0.14650647
0.15184917
0.14560418
0.14260468
0.1478256
0.14294514
0.1455998
0.14511396
0.14347728
0.1449411
0.1436026
0.14481042
0.1462033
0.14850335
0.14580666
0.1472478
0.14476973
0.14384979
0.1441935
0.14760725
0.14338496
0.14410959
0.14553928
0.14183027
0.14333813
0.14429286
0.14400753
0.14260979
0.1423136
0.14264122
0.14449877
0.14233717
0.14260784
0.14356193
0.14269057
0.14301305
0.14167434
0.14505023
0.14397292
0.14433016
0.1422416
0.14371
0.14473552
0.13961218
0.14512694
0.14245948
0.14271654
0.1422983
0.1491631
0.14269459
0.14549816
0.1439719
0.14921567
0.14665434
0.14550792
0.14319423
0.14358807
0.14297964
0.14528197
0.14556009
0.14486039
0.15128255
0.1488673
0.1491487
0.14820075
0.1448423
0.14743634
0.14553556
0.14497213
0.14723608
0.14413206
0.1472136
0.14831515
0.1508174
0.14765811
0.14546801
0.1475036
0.14817654
0.1448383
0.14583091
0.14334656
0.14961837
0.1445308
0.14181325
0.14425269
0.14227745
0.15457636
0.14255449
0.14182952
0.14259723
0.14652024
0.14474651
0.14433964
0.14349535
0.14454615
0.1459282
0.14068124
0.14386472
0.14446776
0.14205544
0.14068875
0.14237604
0.14403345
0.14427163
0.14966032
0.14117815
0.1419452
0.14321631
0.14297473
0.14499868
0.1430217
0.14463222
0.14399198
0.1436438
0.14357789
0.14201716
0.14305465
0.1409314
0.1422951
0.14251146
0.14577205
0.1401625
0.14106153
0.1441729
0.14980698
0.1427294
0.14843377
0.14360012
0.14171626
0.14246805
0.14302655
0.14516035
0.14254655
0.14301416
0.14373739
0.14420795
0.14351788
0.14743866
0.14746033
0.15026054
0.14198692
0.14226368
0.14301226
0.1440433
0.14648065
0.14335708
0.14617024
0.14421184
0.14101398
0.14268903
0.14355151
0.1417045
0.14505714
0.14441042
0.14240475
0.14339729
0.14254594
0.14343943
0.14345393
0.14009452
0.14255159
0.14098988
0.14236298
0.14094408
0.14160442
0.14300457
0.14185819
0.14468862
0.14297919
0.14742789
0.14516997
0.14233814
0.14676368
0.14330004
0.14229326
0.14447209
0.14448729
0.1436196
0.14146376
0.14549644
0.14488089
0.14367849
0.14232431
0.14237882
0.1446089
0.13964172
0.1409099
0.14299618
0.14098589
0.14018373
0.14377539
0.13888018
0.14730117
0.14513935
0.14190237
0.14527383
0.14546986
0.13908704
0.14287452
0.14305876
0.14045312
0.14072931
0.14113796
0.14035894
0.14549112
0.14259854
0.14437906
0.14277942
0.14399761
0.14219648
0.14293458
0.14108951
0.14769885
0.14227599
0.14345928
0.14227189
0.14172162
0.14378628
0.14304519
0.14259471
0.14087038
0.14324827
0.14189793
0.14386179
0.14175345
0.14154364
0.14633594
0.14078535
0.14313826
0.14181569
0.14413005
0.14371182
0.14478724
0.14182244
0.14400649
0.1422596
0.14365418
0.14424165
0.14074968
0.14253086
0.1405435
0.14127561
0.14218588
0.14187668
0.14502083
0.14155845
0.1387306
0.14487
0.1450721
0.141484
0.14019072
0.13950244
0.13923025
0.14116476
0.14012331
0.13917986
0.1425158
0.14426188
0.14074597
0.14136246
0.14240095
0.14081046
0.13892181
0.14123009
0.14357501
0.141181
0.14234999
0.14125712
0.14266428
0.14336854
0.14776105
0.14621487
0.14217311
0.14031418
0.14305648
0.1433405
0.14287764
0.14101212
0.1423127
0.1403136
0.14703289
0.14238065
0.14108549
0.14006993
0.14123762
0.14620475
0.14311884
0.14201833
0.13979472
0.14354922
0.14394131
0.14072087
0.142564
0.14619079
0.13979931
0.14181809
0.14436634
0.14496551
0.14940469
0.14153628
0.1379761
0.14200771
0.14167798
0.13979967
0.14075144
0.13999455
0.14170812
0.14243186
0.14093098
0.14220019
0.14076395
0.14034918
0.1442188
0.13944836
0.14035842
0.14189947
0.13903034
0.1372646
0.14214288
0.1421109
0.14298096
0.14251983
0.14510673
0.14179105
0.14311762
0.14042717
0.14054145
0.13884874
0.14201163
0.14168331
0.14131491
0.14258565
0.14407794
0.1427666
0.14307247
0.14555037
0.14188653
0.14209007
0.14169364
0.14177597
0.14198147
0.14503068
0.14205801
0.14444812
0.14050895
0.14141963
0.14246161
0.14487822
0.14000496
0.14066397
0.14243868
0.14534983
0.14239226
0.13925554
0.14632364
0.14282244
0.14661123
0.14072959
0.13946208
0.142135
0.1402157
0.14264043
0.14252837
0.14239231
0.14256532
0.13695155
0.14351839
0.13878945
0.142224
0.14214024
0.14113621
0.14185975
0.1433389
0.14196661
0.14207898
0.14179268
0.14290282
0.14005756
0.14052065
0.14588906
0.14080738
0.13899639
0.13965446
0.13939515
0.14529154
0.1418632
0.14122607
0.14140056
0.1398281
0.13919544
0.14419691
0.13911512
0.13999157
0.1378208
0.13817607
0.14553255
0.13927545
0.13949494
0.13795272
0.14277947
0.14203127
0.14432736
0.14006436
0.14030078
0.1386878
0.14148515
0.13736424
0.1399291
0.14030454
0.14004722
0.14080828
0.14201897
0.13752426
0.13764384
0.14034462
0.13877627
0.13857633
0.13707219
0.14039662
0.13997449
0.13803433
0.13891396
0.13898203
0.14323813
0.13633777
0.13806418
0.13952155
0.14180113
0.14084657
0.14123695
0.14016089
0.14544494
0.14046854
0.14216046
0.14130734
0.14071582
0.14338501
0.14082116
0.13823308
0.14108868
0.1409161
0.14055988
0.14590959
0.13704166
0.14094865
0.138946
0.13754095
0.13886791
0.13902682
0.13990875
0.14232598
0.13967359
0.14287792
0.13996461
0.13700041
0.13883989
0.14388157
0.13859789
0.13932672
0.14051028
0.14270988
0.1384854
0.14414263
0.13950112
0.1408047
0.14374709
0.14019163
0.14217305
0.1404414
0.14146496
0.13957831
0.1479592
0.1426192
0.13898617
0.13789266
0.13912122
0.1431332
0.14080293
0.14165545
0.14321019
0.14248468
0.13969176
0.13913836
0.14297117
0.1405335
0.14044875
0.14101031
0.14381486
0.13882759
0.13688482
0.13829948
0.1486478
0.14018261
0.13894935
0.13982786
0.13914663
0.1406514
0.14226243
0.13896017
0.13894436
0.14242782
0.1388214
0.14075741
0.13914233
0.13917461
0.13638753
0.13864581
0.14395465
0.13988635
0.13812709
0.14073531
0.1409983
0.1402217
0.13822898
0.13892503
0.14262299
0.14091827
0.14032619
0.13894738
0.13655078
0.1382003
0.13862775
0.13829568
0.13960975
0.13971452
0.1391499
0.13844532
0.13912077
0.13775702
0.14241762
0.13798684
0.14695656
0.14004606
0.14003329
0.1404784
0.13837186
0.13783033
0.13869552
0.13838814
0.13705714
0.13780975
0.1435088
0.13730468
0.13970415
0.14115319
0.1438631
0.1448315
0.13935651
0.13839687
0.1386594
0.14383586
0.14371444
0.13767454
0.13938999
0.13873713
0.13977009
0.14395824
0.14011137
0.13988088
0.13971901
0.14001212
0.1405823
0.1391522
0.13949198
0.13974385
0.1362633
0.1365161
0.14015801
0.13693728
0.14066003
0.13867734
0.13743554
0.14156574
0.13980138
0.14442873
0.13841249
0.1370167
0.13871261
0.13886622
0.13648431
0.13947701
0.1378649
0.14462292
0.13851726
0.13731448
0.13774513
0.13919517
0.13608955
0.1370499
0.13920037
0.1369599
0.13723366
0.13879536
0.13948713
0.13668573
0.13858041
0.13834
0.1379725
0.13896719
0.13959274
0.13635013
0.13785048
0.13806225
0.14231528
0.13928553
0.14048958
0.1392343
0.13908401
0.13842608
0.14549614
0.13893339
0.13632327
0.13863714
0.14127582
0.14228667
0.13882716
0.13767503
0.14042798
0.14218049
0.13836987
0.14003584
0.13893412
0.14137699
0.14020714
0.13708104
0.13990387
0.14112939
0.13853842
0.13806836
0.14034894
0.13964139
0.13789266
0.1395531
0.14246628
0.1443787
0.14128329
0.13856632
0.1420633
0.13742973
0.13883159
0.14157856
0.13987705
0.1394053
0.13961357
0.13936067
0.13924347
0.14086577
0.14229168
0.1395583
0.14112402
0.13824491
0.13782753
0.13853125
0.13984442
0.1431952
0.13668433
0.13910143
0.13908193
0.1393683
0.14167368
0.13805355
0.14059031
0.13666216
0.14068577
0.13897572
0.13679773
0.13788357
0.13816015
0.13661209
0.13695776
0.13804321
0.14226244
0.13968194
0.13947552
0.13685438
0.13690701
0.14193429
0.14124115
0.13881175
0.14242283
0.13825777
0.13961014
0.14403506
0.13881472
0.13592824
0.13769743
0.14119245
0.13861704
0.1387158
0.14109825
0.14052631
0.13822809
0.14000344
0.13589245
0.13790035
0.13708568
0.14017099
0.13822232
0.14022236
0.1435806
0.14555807
0.13913897
0.13650711
0.14082421
0.14439973
0.13686796
0.14009936
0.13972199
0.13828543
0.13929647
0.13923897
0.13714615
0.1422633
0.14046516
0.13788958
0.13734326
0.13523535
0.14204055
0.1345359
0.14166526
0.13747884
0.13613558
0.13672318
0.13719231
0.13712549
0.13967475
0.13780808
0.13713503
0.13666157
0.13581416
0.13791107
0.14371024
0.13789748
0.13476129
0.13966466
0.13660605
0.13577895
0.13896096
0.13986376
0.14023666
0.13868603
0.1345416
0.1360815
0.13691643
0.13914315
0.14255019
0.1404831
0.13709392
0.13654979
0.13682173
0.13942376
0.1376316