20 200.85 0.85 201.7 0.097 19 158 0.42 0.01 
40 196.09 2.16 198.25 0.157 38 343 0.83 0.02 
60 191.02 3.03 194.05 0.241 58 502 1.27 0.02 
80 187.0 3.94 190.94 0.312 78 706 1.71 0.04 
100 183.0 4.98 187.98 0.361 97 897 2.13 0.04 
120 179.37 5.83 185.2 0.396 115 1132 2.52 0.06 
140 177.26 6.67 183.92 0.437 134 1314 2.94 0.07 
160 171.33 7.58 178.91 0.486 152 1532 3.33 0.08 
180 167.61 8.57 176.17 0.513 171 1738 3.75 0.09 
200 163.84 9.44 173.28 0.531 189 2013 4.14 0.1 
220 160.64 10.39 171.03 0.563 206 2235 4.52 0.11 
240 156.58 11.29 167.87 0.594 224 2472 4.91 0.12 
260 152.94 12.3 165.24 0.62 243 2711 5.33 0.13 
280 150.0 13.21 163.21 0.634 260 2996 5.7 0.15 
300 147.88 14.27 162.15 0.642 273 3288 5.99 0.16 
320 144.01 15.17 159.18 0.658 292 3573 6.4 0.18 
340 140.11 16.02 156.13 0.673 311 3876 6.82 0.19 
360 137.72 16.98 154.7 0.686 328 4166 7.19 0.21 
380 134.93 17.96 152.89 0.698 347 4464 7.61 0.22 
400 133.08 18.86 151.94 0.703 362 4747 7.94 0.24 
420 130.28 19.79 150.07 0.717 382 5057 8.38 0.25 
440 128.35 20.55 148.9 0.725 400 5369 8.77 0.27 
460 126.33 21.41 147.74 0.729 416 5700 9.12 0.28 
480 123.63 22.29 145.91 0.74 434 5986 9.52 0.3 
500 122.06 23.23 145.3 0.744 450 6362 9.87 0.32 
520 119.06 24.11 143.17 0.75 467 6667 10.24 0.33 
540 115.77 24.96 140.73 0.761 485 6997 10.64 0.35 
560 113.27 25.79 139.06 0.77 504 7369 11.05 0.37 
580 110.57 26.77 137.34 0.777 518 7698 11.36 0.38 
600 108.55 27.66 136.2 0.779 534 8055 11.71 0.4 
620 106.56 28.51 135.07 0.786 552 8404 12.11 0.42 
640 104.18 29.49 133.68 0.795 571 8748 12.52 0.44 
660 102.83 30.43 133.26 0.795 586 9109 12.85 0.45 
680 100.62 31.36 131.98 0.797 601 9454 13.18 0.47 
700 98.83 32.22 131.06 0.796 617 9818 13.53 0.49 
720 97.12 33.14 130.26 0.801 637 10182 13.97 0.51 
