
0.6875892
0.6933745
0.696472
0.7199431
0.6332785
0.60706764
0.59192926
0.6033841
0.59171516
0.5671968
0.5975096
0.5755739
0.5541111
0.57417756
0.57400024
0.57095903
0.56161964
0.5663692
0.5850549
0.54435825
0.5486115
0.555592
0.54371125
0.53440535
0.54833525
0.5466047
0.55645144
0.5268391
0.5297237
0.52357614
0.52086335
0.52947134
0.5147995
0.5177643
0.5184601
0.5342811
0.51163375
0.50268686
0.5220099
0.50079286
0.5192231
0.5068294
0.5055481
0.4935607
0.47648537
0.48066255
0.49726063
0.47911263
0.48283124
0.49081767
0.46715823
0.4840396
0.47563672
0.469426
0.47587532
0.47555873
0.48770335
0.4701438
0.47965777
0.46057647
0.4668124
0.45625824
0.46059301
0.45611584
0.4569072
0.44174805
0.45595428
0.4453448
0.4584161
0.4439816
0.45095605
0.45315439
0.45300633
0.4379277
0.44664195
0.4476487
0.43315655
0.45076704
0.42959473
0.43463585
0.44512913
0.43511432
0.43841058
0.42966515
0.44123524
0.42582947
0.42843345
0.4295158
0.42989793
0.4125054
0.4186988
0.41238213
0.4111002
0.41512448
0.4183688
0.4134849
0.42056227
0.4057929
0.413684
0.40607473
0.40323693
0.39848152
0.39801404
0.40707874
0.40862915
0.38775814
0.38804638
0.39595306
0.39067638
0.38490024
0.38865247
0.3973722
0.37963507
0.3789219
0.38083178
0.3865993
0.38181534
0.3898172
0.38063905
0.38142747
0.38734236
0.36914235
0.37704933
0.37102297
0.3951836
0.381907
0.3824848
0.37321523
0.38664535
0.39508778
0.36936012
0.36495614
0.369537
0.3661334
0.3755864
0.36678785
0.36422372
0.37243682
0.36385226
0.35773942
0.36667585
0.37045038
0.3637825
0.35721803
0.38081905
0.3675887
0.3639797
0.3675736
0.3625134
0.3628945
0.35496
0.36230704
0.35842738
0.35572183
0.3568576
0.35152298
0.35652095
0.3473683
0.348507
0.34737477
0.34147036
0.349787
0.34232506
0.36428237
0.3421296
0.3349294
0.34271678
0.3576464
0.34801894
0.33855605
0.3487608
0.34916463
0.33427125
0.33966094
0.34968874
0.3434633
0.34185424
0.3360811
0.35388687
0.3322557
0.33799058
0.32950467
0.3249025
0.33201152
0.3259672
0.33760265
0.3306403
0.32430977
0.331483
0.32587284
0.3288784
0.32712597
0.32142276
0.32636255
0.3217474
0.32159087
0.3228626
0.31866047
0.3217338
0.33070716
0.33272433
0.3195993
0.32004824
0.31604597
0.31089115
0.32692984
0.3163577
0.31343016
0.31551448
0.31867653
0.3173166
0.31421924
0.3219114
0.31707948
0.3140082
0.3070856
0.31290382
0.30602488
0.3085667
0.315446
0.31287464
0.3102271
0.31922206
0.31143844
0.31238747
0.30191338
0.30535603
0.3101708
0.30448425
0.30445424
0.3016242
0.3116191
0.31505677
0.30180237
0.30277315
0.32980525
0.30618495
0.31567395
0.30052176
0.3201365
0.30718315
0.31484416
0.29978743
0.3048779
0.30648556
0.2992562
0.31427622
0.29651532
0.30415416
0.31215003
0.3098839
0.30549842
0.30010667
0.30022225
0.29812077
0.29875126
0.29332176
0.29242265
0.29954183
0.29418474
0.29606777
0.29614362
0.29360497
0.29784822
0.29487535
0.29697108
0.30310747
0.30070913
0.29107776
0.2897623
0.29109764
0.2903968
0.2923371
0.2893151
0.2886115
0.2898285
0.29439592
0.28487095
0.28917503
0.2873545
0.2907861
0.28636995
0.2866556
0.29431808
0.28865424
0.2983412
0.2850938
0.2855582
0.2821542
0.28414416
0.2831211
0.28066385
0.28190744
0.29493737
0.27906835
0.2830037
0.28297725
0.28137863
0.28235012
0.2798832
0.2794718
0.27633074
0.2732893
0.2748398
0.2743323
0.27510473
0.2738799
0.27799547
0.27493444
0.28053147
0.27698532
0.27823976
0.28145874
0.27182987
0.27589086
0.27588078
0.27844897
0.2759424
0.27139586
0.27153125
0.2707501
0.27646112
0.26517364
0.27856386
0.2661029
0.27031943
0.27068093
0.2650245
0.26649213
0.26955542
0.266477
0.26779193
0.2708008
0.26686597
0.28031725
0.27120697
0.27575135
0.2683223
0.26282412
0.26353544
0.25925982
0.26014435
0.2699149
0.2611622
0.25773507
0.25693128
0.25511602
0.2582414
0.25732034
0.26096064
0.2589668
0.26262704
0.26184136
0.26785833
0.25843045
0.25550056
0.2607988
0.26197097
0.2536783
0.263209
0.24954198
0.25025445
0.25117657
0.2568427
0.25742486
0.2535524
0.25116935
0.251991
0.25766775
0.2518341
0.25479394
0.2534616
0.2507703
0.249321
0.25361016
0.25515273
0.25481692
0.2521907
0.25513133
0.2538923
0.2500132
0.24560764
0.24998564
0.25177372
0.25140214
0.24608728
0.2489154
0.2539718
0.25152346
0.25179946
0.24836563
0.24626854
0.24596071
0.24845931
0.24546187
0.2477903
0.24373727
0.25074118
0.2523915
0.24617182
0.24377292
0.24480164
0.2415255
0.24942969
0.24395774
0.24575312
0.24555288
0.24106087
0.23976906
0.24418695
0.23609228
0.23958255
0.24438179
0.24106584
0.23881482
0.23793857
0.23629574
0.23919305
0.24060386
0.24252355
0.23963769
0.23985375
0.24289984
0.24127722
0.24490318
0.23716629
0.23966005
0.24084754
0.2362408
0.23604706
0.23732597
0.23568504
0.23292641
0.2378643
0.23742029
0.23125458
0.2394332
0.23535198
0.23797098
0.23468333
0.23837498
0.24412923
0.236918
0.23336716
0.23984051
0.22794472
0.23012707
0.22994494
0.23150119
0.2325523
0.23238945
0.23399411
0.23152423
0.23493934
0.23205566
0.23382735
0.23276323
0.22889906
0.2355699
0.23745474
0.23123378
0.23134159
0.23652329
0.23602514
0.23044896
0.23315
0.23358452
0.22564246
0.23248945
0.23119861
0.23430006
0.22570403
0.2306331
0.23375888
0.2262877
0.2273016
0.22947507
0.22415948
0.229953
0.22728261
0.22413516
0.22623304
0.22451842
0.22654918
0.22794583
0.22598118
0.22646418
0.22603291
0.22966836
0.22570221
0.23391883
0.2211228
0.2252042
0.22698028
0.22577809
0.22672132
0.23294462
0.22396976
0.22564618
0.2294833
0.22430678
0.22234726
0.23044376
0.2272137
0.22240548
0.22360574
0.2307561
0.22746068
0.22726662
0.2246295
0.22521964
0.22427261
0.22821905
0.22189958
0.22818254
0.21918741
0.21965155
0.2193276
0.2239806
0.2225237
0.22286451
0.222275
0.23036048
0.22086418
0.22533
0.22273162
0.22606862
0.22001526
0.21983416
0.22112331
0.22459537
0.22749807
0.21931034
0.22577943
0.22083944
0.21587366
0.218088
0.22354448
0.21910049
0.21704903
0.22495246
0.2177124
0.22964956
0.22199598
0.21595745
0.21527502
0.22039527
0.21884875
0.2163594
0.21644725
0.21850052
0.21622469
0.21959344
0.22067687
0.21930869
0.21707495
0.21884914
0.22292197
0.22012916
0.21685882
0.21152528
0.22025712
0.21594495
0.21897449
0.21937452
0.21764886
0.21765222
0.23174478
0.21812981
0.2205198
0.21551889
0.21659824
0.21499266
0.21222651
0.22124942
0.21168631
0.21853249
0.21507359
0.21904382
0.22440046
0.21196301
0.21615389
0.21148956
0.21132204
0.21412472
0.21291934
0.21814129
0.20819329
0.20965688
0.20578885
0.20946181
0.20724668
0.21177158
0.2124046
0.20842147
0.20967194
0.20902711
0.20855859
0.21197565
0.21075287
0.2051644
0.20574877
0.20595762
0.20658666
0.20935899
0.20395504
0.21089196
0.20887977
0.2049861
0.21051368
0.20744227
0.20585197
0.20672253
0.21287641
0.20758432
0.2048415
0.2085796
0.20674157
0.20415191
0.20662338
0.20642816
0.20666327
0.20791861
0.2144105
0.2052102
0.20843309
0.20298083
0.20856623
0.20856124
0.20659143
0.20669809
0.20543472
0.20698656
0.2013692
0.20291224
0.20856547
0.20224787
0.20166369
0.20202419
0.20151573
0.20595074
0.20724094
0.2054075
0.20121115
0.20582898
0.2042997
0.20540422
0.20463446
0.20354955
0.20148915
0.20589393
0.20580512
0.20352401
0.1988206
0.20005237
0.20599335
0.20053144
0.20188537
0.20580077
0.20190991
0.20453195
0.2013925
0.20421027
0.20231108
0.20503712
0.20167045
0.2090468
0.20333403
0.2016554
0.20451243
0.2117461
0.20064643
0.19976011
0.20512982
0.20008552
0.19594947
0.20593846
0.19985828
0.19877447
0.20125501
0.20089442
0.20190088
0.20175585
0.19630404
0.19903915
0.19441582
0.19633502
0.20356572
0.20023993
0.19935057
0.19646251
0.20642811
0.19883522
0.20079237
0.19813938
0.19761284
0.19807975
0.19492763
0.20192038
0.19744724
0.19809946
0.1947261
0.20291257
0.20011891
0.19601181
0.20269361
0.19974318
0.19853024
0.2003076
0.19637
0.19635335
0.19714853
0.20191823
0.19479558
0.20328149
0.19880083
0.20564786
0.19893563
0.20196094