
0.6209091
0.61585116
0.6609838
0.60261303
0.55530876
0.535361
0.5261978
0.5419793
0.52704704
0.5164214
0.52254504
0.5042885
0.5001836
0.50300425
0.50421923
0.49101266
0.4980094
0.4864077
0.47406244
0.47194666
0.47131306
0.468482
0.46247134
0.47604147
0.46201098
0.4766465
0.46438587
0.47837868
0.48038453
0.4616969
0.45487353
0.45301566
0.47008365
0.45073614
0.4518377
0.44685125
0.4581743
0.4467817
0.44207034
0.4521049
0.44433305
0.45202625
0.44816995
0.4236448
0.44111738
0.42237902
0.42162624
0.42872465
0.42111266
0.42096856
0.4237079
0.41801405
0.41622168
0.41566968
0.41423905
0.41505376
0.4179582
0.4093582
0.41397986
0.41782895
0.41533908
0.40438905
0.39378083
0.4060306
0.40053403
0.39287102
0.40176377
0.42004675
0.40912342
0.40294796
0.41761795
0.3998777
0.39332995
0.40551186
0.3996036
0.39497036
0.40602207
0.39005738
0.3877236
0.39442098
0.3848257
0.3798156
0.38626155
0.3771329
0.37543666
0.37131482
0.369986
0.3751827
0.37144598
0.37702954
0.36767238
0.3694309
0.36102158
0.36021346
0.36882007
0.3562972
0.36138457
0.36486205
0.36531264
0.35837853
0.35611403
0.35738954
0.3487968
0.34802938
0.35448197
0.34588176
0.3490983
0.35164684
0.33408526
0.35285065
0.3385987
0.350745
0.35773683
0.34136572
0.34577638
0.3454167
0.33346042
0.3329574
0.3281382
0.34131563
0.3242596
0.3342771
0.3255435
0.3292851
0.32677382
0.31971955
0.32910356
0.3363017
0.3196752
0.32182738
0.32050148
0.3180225
0.319569
0.31608963
0.32683283
0.32369518
0.3143892
0.3197675
0.31965628
0.31422433
0.312631
0.31934556
0.3078046
0.31455475
0.3139702
0.31105503
0.31014687
0.31489956
0.31423995
0.31061465
0.30719644
0.31492814
0.315538
0.31134433
0.3017896
0.30882478
0.3033012
0.3033593
0.31049538
0.3058212
0.3045114
0.3093567
0.30017927
0.3027455
0.30821377
0.30625224
0.29874393
0.29819363
0.2964276
0.2971818
0.2947322
0.30288586
0.29676363
0.30390847
0.29262036
0.29179883
0.29180983
0.28746527
0.28543127
0.28750315
0.29681566
0.29398596
0.28714123
0.28652465
0.2963404
0.30252698
0.2970401
0.2883804
0.2883301
0.28695968
0.29434165
0.28475767
0.28404364
0.29314464
0.28344935
0.2887189
0.28899318
0.27988487
0.2841099
0.283656
0.27736664
0.2742753
0.28561464
0.27220285
0.2744403
0.27841634
0.2787527
0.27607813
0.2800752
0.2763343
0.27018902
0.27324662
0.27349517
0.26994684
0.27466694
0.27235088
0.26452896
0.2808331
0.27279976
0.2656508
0.26305488
0.27266845
0.26757953
0.26605588
0.27398846
0.26808998
0.26774564
0.2665269
0.26745173
0.26920608
0.2634349
0.2675755
0.26231518
0.26324362
0.26547953
0.2572713
0.26041287
0.25793386
0.25787488
0.2594163
0.2544611
0.25530434
0.2637698
0.26398176
0.25644073
0.25274745
0.25087267
0.26484448
0.25747526
0.25218624
0.25165546
0.25264677
0.2567153
0.25010294
0.25319567
0.2547738
0.24866277
0.25226292
0.25188679
0.24988112
0.2522662
0.25400165
0.24863462
0.2539429
0.24881376
0.2513447
0.25512636
0.24748711
0.25098398
0.25064984
0.2463337
0.24724112
0.24746452
0.24948436
0.24936931
0.2487085
0.24575928
0.24449527
0.25125855
0.2508883
0.24466
0.24413271
0.24346624
0.2504527
0.24922527
0.24798545
0.24308307
0.24672297
0.25502762
0.24047388
0.24161604
0.24000265
0.24444075
0.24695607
0.24377793
0.24238664
0.2449684
0.23700985
0.23774143
0.239813
0.2385333
0.23998024
0.23704267
0.23223989
0.23898156
0.235943
0.23446581
0.23332852
0.23302379
0.23159285
0.23866329
0.238798
0.2351967
0.23471212
0.23373571
0.2306956
0.2285336
0.22758353
0.23513214
0.22628069
0.22680633
0.23087823
0.2328335
0.22786456
0.2327923
0.22882868
0.23572002
0.2317847
0.23468438
0.22777857
0.23179846
0.23896015
0.23092698
0.22833472
0.22510938
0.23727182
0.23005973
0.22314395
0.22022332
0.22170265
0.22851294
0.22074592
0.22578871
0.23261124
0.22367406
0.22360502
0.22376004
0.22053875
0.2206018
0.21780087
0.22221896
0.22247258
0.22443667
0.22071192
0.22893344
0.2222421
0.22319251
0.22684664
0.21719018
0.21770306
0.22228442
0.22072028
0.22085336
0.22273226
0.21981293
0.22128195
0.21796314
0.22108553
0.22047555
0.21556677
0.21917371
0.22343937
0.2166078
0.21657291
0.21564372
0.22030921
0.21414782
0.2146329
0.21574327
0.2192868
0.22261843
0.21915637
0.21501637
0.21165322
0.21336517
0.20986012
0.21737875
0.22247823
0.21518458
0.21592191
0.2154324
0.21080826
0.21133694
0.21722504
0.21566956
0.2096714
0.2117191
0.21170415
0.20672233
0.21042526
0.21400398
0.2084077
0.2072533
0.21165508
0.20935564
0.20644104
0.2118656
0.20723607
0.21028602
0.20817398
0.21093114
0.2075982
0.20558932
0.21400449
0.20579304
0.20356831
0.20241103
0.20851773
0.20602524
0.20638642
0.20496581
0.20426139
0.20080005
0.20684107
0.20338804
0.20386206
0.20715639
0.20338455
0.20484795
0.20239612
0.20365797
0.20301284
0.20903893
0.20880482
0.2027963
0.20427845
0.20038071
0.20419441
0.20138429
0.20378745
0.20537297
0.20088841
0.20175302
0.20110136
0.20169447
0.19954506
0.19907205
0.20292006
0.1991191
0.195993
0.19664986
0.19680814
0.19842996
0.19775471
0.1956058
0.20238596
0.19959727
0.19793306
0.19647157
0.19931354
0.19551893
0.20025818
0.20042384
0.20571245
0.1921822
0.19256335
0.19481422
0.19166285
0.19238552
0.19331396
0.19373696
0.20093162
0.19262356
0.19352743
0.19246927
0.18983799
0.19482061
0.19330911
0.19210294
0.19464721
0.1961044
0.19216283
0.19553803
0.19222192
0.19044052
0.19730172
0.19555697
0.19663148
0.19597933
0.19449075
0.2046936
0.19618717
0.19508016
0.19076817
0.19466235
0.19221309
0.19147125
0.18834679
0.19912502
0.18803892
0.18790376
0.19014192
0.18724605
0.19200754
0.19171043
0.19389568
0.18754405
0.18712679
0.18957219
0.18673705
0.1871465
0.1884682
0.19110383
0.18544137
0.19487786
0.18595992
0.18790562
0.18698591
0.18494567
0.18777645
0.18527527
0.18649949
0.18466641
0.18411927
0.1851008
0.18843977
0.18455558
0.1881015
0.18360968
0.18402582
0.18399648
0.1827933
0.18370248
0.1854611
0.19041902
0.1881742
0.18648365
0.18519896
0.18303052
0.18536459
0.1826072
0.18048069
0.18412204
0.1798985
0.18410023
0.18552372
0.18743938
0.18444765
0.18080458
0.18071312
0.18143214
0.17870723
0.18584026
0.18115205
0.17807093
0.18532799
0.18319531
0.18146
0.18122664
0.18471351
0.18256219
0.18249844
0.18242012
0.18390045
0.18234913
0.18861526
0.1762975
0.17767484
0.17953588
0.18426746
0.18191572
0.18419959
0.18012851
0.17436658
0.1787244
0.1811891
0.17733675
0.18166031
0.18274665
0.18219876
0.1785764
0.18128236
0.18198775
0.1774417
0.17937376
0.17918336
0.18348627
0.1777199
0.18005511
0.18194303
0.18040672
0.18214469
0.17872252
0.17639072
0.17656162
0.17922546
0.17849769
0.1739962
0.18269074
0.17855509
0.17490707
0.17592973
0.17153537
0.17908333
0.17321633
0.17571568
0.17510647
0.17300321
0.17715181
0.17727603
0.17424674
0.17640714
0.17469425
0.17464869
0.18044741
0.1755707
0.17233275
0.17685051
0.17704809
0.1740189
0.17345281
0.17782642
0.17367108
0.17313015
0.17213123
0.17304197
0.17109904
0.17596635
0.1706852
0.1750603
0.17620046
0.17159459
0.17064026
0.17757411
0.17137113
0.17495504
0.17348415
0.17594303
0.17560439
0.17393883
0.17380762
0.17864572
0.1728353
0.17153081
0.17541218
0.17141764
0.1745976
0.17048423
0.17095299
0.1721396
0.17208575
0.17330685
0.17026125
0.17278606
0.1772191
0.17167412
0.16968709
0.16998984
0.17284244
0.17107551
0.17031898
0.17409799
0.17440182
0.17152348
0.16885154
0.17038679
0.17045946
0.17532264
0.16953897
0.17463423
0.16935414
0.17478915
0.17181979
0.17077719
0.175634
0.17361167
0.1692864
0.16826966
0.1689627
0.16772786
0.16444485
0.16630003
0.16793357
0.16780464
0.17711228
0.1709326
0.1652781
0.16795692
0.16928986
0.16937627
0.16621718
0.16542381
0.16790128
0.16555661
0.1660908
0.16366649
0.16868435
0.16706449
0.17124018
0.16646717
0.16593163
0.16673888
0.16758049
0.16787542
0.16345349
0.16627404
0.16367154
0.16515061
0.16395286
0.16724975
0.16931438
0.16616537
0.16858914
0.16337791
0.1659755
0.1693723
0.16520554
0.16088375
0.16187972
0.16203295
0.16681848
0.16481462
0.16616945
0.16377702
0.16223073
0.16515179
0.16127738
0.16176334
0.16599593
0.1687687
0.1623775
0.16189061
0.16398972
0.16152631
0.16199717
0.16084091
0.173307
0.16332515
0.16188917
0.16060653
0.16488604
0.16349763
0.16249987
0.16067512
0.15915218
0.15914905
0.15997814
0.16622621
0.16176137
0.16088337
0.1591034
0.16110486
0.16077703
0.15827276
0.15927438
0.15852016
0.15993415
0.15864234
0.16611579
0.15938163
0.16552068
0.15764198
0.16082136
0.15702078
0.16097443
0.15696698
0.1578432
0.16106819
0.15635392
0.15894702
0.15758269
0.15694387
0.15869221
0.15852825
0.15566638
0.16040434
0.1614297
0.15607606
0.15472925
0.15720855
0.16166535
0.15624663
0.15682277
0.15529308
0.15487622
0.15804103
0.1577405
0.15949437
0.15846708
0.15572987
0.16023669
0.15647951
0.157477
0.1554735
0.15939856
0.15641248
0.16162051
0.1551644
0.15740024
0.16366896
0.15963694
0.15952896
0.1650499
0.15419146
0.15411367
0.15737587
0.15664682
0.15792489
0.15505631
0.16058616
0.16162458
0.15608802
0.15881279
0.15264961
0.15879895
0.15798509
0.15164569
0.15739743
0.1531457
0.15293129
0.15210237
0.15693663
0.15470143
0.15333389
0.15384716
0.15178731
0.15206428
0.15825133
0.15251812
0.15291004
0.15605251
0.1529229
0.15625988
0.15565573
0.1515413
0.15467136
0.15082593
0.15230285
0.15175131
0.15052724
0.15499704
0.15089034
0.15236115
0.15230915
0.16335319
0.15603885
0.15159649
0.15272059
0.15385468
0.15007614
0.1538872
0.15119745
0.15175383
0.15112267
0.15185015
0.155138
0.15043145
0.15248841
0.15393901
0.15250231
0.15681855
0.15666145
0.15779004
0.15443581
0.15220529
0.15364617
0.15856762
0.15030755
0.15527773
0.15123148
0.15237018
0.15306616
0.14955983
0.15106416
0.1506806
0.15923359
0.15052408
0.15075752
0.15064284
0.15177041
0.14779973
0.15221246
0.15581436
0.15056355
0.14964887
0.15401936
0.15103179
0.15302716
0.14990911
0.14992271
0.14927982
0.14852503
0.14928465
0.14755072
0.14811835
0.14998995
0.15027748
0.1547452
0.14884546
0.14998426
0.15079609
0.15011097
0.14703082
0.1506096
0.14778784
0.15102126
0.15078673
0.14644909
0.1502866
0.15300778
0.15253653
0.15019593
0.15342098
0.14990565
0.15244637
0.14923458
0.14765683
0.14921561
0.14846401
0.15075184
0.14998417
0.14902508
0.15252386
0.14924458
0.14906453
0.15563042
0.14797816
0.1479911
0.14907509
0.15167132
0.15364583
0.14616457
0.14580633
0.1557287
0.14747174
0.14655349
0.14825207
0.15041083
0.14785261
0.14827713
0.14742117
0.14792503
0.14813812
0.15090945
0.14450014
0.14881863
0.14467134
0.14653803
0.14599575
0.1457684
0.14818764
0.14500488
0.14626524
0.1468482
0.14493792
0.14822118
0.14306463
0.14374359
0.15093282
0.14494123
0.14548582
0.1433055
0.14380795
0.14446793
0.14876287
0.14662959
0.14574479
0.15182121
0.14209855
0.14492351
0.1481502
0.14508592
0.1450712
0.14668955
0.14905186
0.1432776
0.14367254
0.14554338
0.15077133
0.14471439
0.14436641
0.15040682
0.14520986
0.1433885
0.14531577
0.14396657
0.14493349
0.14348795
0.14362447
0.14048132
0.14231053
0.14223754
0.14423542
0.15041657
0.14331935
0.14400986
0.14894846
0.14718044
0.14284387
0.14466438
0.14447711
0.14488275
0.14584878
0.14057228
0.1413577
0.14524353
0.14436327
0.14023732
0.14655246
0.14153543
0.14666834
0.14025056
0.14328304
0.14297429
0.14771292
0.14229998
0.14504285
0.14122126
0.14187808
0.15026124
0.14039482
0.1411307
0.14133705
0.14137146
0.14127679
0.14148575
0.14148065
0.13961197
0.13937911
0.1402003
0.14082873
0.141979
0.14066672
0.1417291
0.14109898
0.14014977
0.14370197
0.1419985
0.14102791
0.13870732
0.14492327
0.1434407
0.13981
0.14354333
0.14452451
0.13971192
0.14201616
0.14874394
0.14160879
0.13975562
0.14119682
0.14184771
0.1462154
0.1420788
0.14089552
0.14456202
0.14002359
0.13741207
0.14132835
0.14080589
0.13861917
0.13929805
0.13898744
0.13740993
0.14779292
0.13726172
0.13792622
0.13797575
0.13988945
0.1378228
0.14297913
0.13928328
0.13905181
0.14400218
0.13947517
0.13674352
0.13911848
0.14173384
0.13882314
0.14086393
0.13720247
0.13862416
0.13793527
0.13975298
0.14146085
0.13841358
0.1377153
0.13571322
0.14007898
0.13889694
0.13728979
0.1380824
0.13746738
0.14019787
0.13944094
0.1380322
0.1375527
0.13921729
0.13748342
0.14175034
0.13447545
0.13832468
0.14086364
0.14265008
0.14017694
0.13680004
0.14194414
0.13932206
0.13576977
0.138609
0.13716953
0.13659827
0.13832416
0.13836317
0.14004715
0.14682426
0.13792142
0.13660112
0.13783456
0.13608398
0.13933727
0.13948035
0.13494997
0.13631472
0.13903755
0.13732663
0.13630597
0.13423787
0.13517159
0.13432446
0.13474387
0.13946106
0.13683777
0.1405098
0.13506179
0.1357191
0.13980924
0.13868842
0.13656399
0.14109445
0.13956657
0.1371331
0.13491756
0.13975097
0.1351782
0.13724901
0.13379113
0.13743573
0.13422322
0.13805895
0.1349377
0.13652202
0.13756049
0.13645743
0.13918518
0.13623959
0.13481182
0.13739428
0.13644381
0.13484026
0.13724643
0.1337341
0.13704868
0.13558525
0.13410945
0.13557701
0.134709
0.13457893
0.13852051
0.13361944
0.13768058
0.13392639
0.13504857
0.13698635
0.13476169
0.1379483
0.1346971
0.13728908
0.13689937
0.13513604
0.1340671
0.1346998
0.1400755
0.136457
0.13557939
0.13405783
0.13927698
0.1372013
0.13613184
0.13909714
0.13255632
0.1311497
0.13724484
0.13258183
0.13483073
0.13198303
0.13116744
0.13199373
0.13348328
0.13335925
0.13735895
0.13676259
0.13448457
0.1344028
0.12939116
0.13270067
0.13423783
0.13308674
0.13365127
0.1308653
0.13213599
0.13115855
0.13577811
0.1325645
0.13382402
0.13118882
0.13135196
0.13622977
0.13287514
0.13547038
0.1309636
0.13172655
0.133628
0.13115254
0.13571665
0.13030502
0.12930766
0.13105297
0.1333132
0.13402832
0.1326863
0.1307764
0.13275439
0.13270885
0.13007857
0.1346186
0.13073578
0.1305703
0.13036317
0.1296103
0.12986755
0.12993942
0.13099033
0.1344844
0.13196158
0.13288929
0.13285026
0.1330404
0.13119699
0.13098395
0.13397974
0.13357636
0.13257521
0.13336013
0.12955385
0.13169618
0.1298231
0.13405477
0.12956814
0.1309929
0.13687211
0.13135637
0.1311681
0.13110486
0.1279308
0.13171265
0.13328488
0.1285636
0.12962557
0.13071328
0.13195445
0.13030677
0.12935947
0.12902412
0.13189317
0.13306701
0.13322909
0.12995608
0.13099794
0.12817131
0.13188516
0.12861337
0.13096529
0.12822
0.13007724
0.13148564
0.13011895
0.13464934
0.12961985
0.13153262
0.12974934
0.12783433
0.12963937
0.13007544
0.12936729
0.13169187
0.1291585
0.13099115
0.13012725
0.1268095
0.1305355
0.13387062
0.12946963
0.13122196
0.1299197
0.12990768
0.13048801
0.12791279
0.12835456
0.1260649
0.1312839
0.12939222
0.12726548
0.12816139
0.12920769
0.12766275
0.12411456
0.12568174
0.13000096
0.12769893
0.12707575
0.12656352
0.13034365
0.1291032
0.12684828
0.12792888
0.12888144
0.12706698
0.12921485
0.12711483
0.12666415
0.12778099
0.1282713
0.12691274
0.13321708
0.12898165
0.12921356
0.12740707
0.12785877
0.12743573
0.12971169
0.12680285
0.1265177
0.12700592
0.12879066
0.12745123
0.12671307
0.12549715
0.12615918
0.12904125
0.12771736
0.12692793
0.12417841
0.125782
0.1262222
0.12559703
0.12787232
0.12719376
0.12751234
0.12665738
0.13080883
0.13345598
0.1277975
0.12904716
0.12822767
0.12648621
0.12719843
0.12834747
0.13192716
0.12637454
0.13112758
0.12690707
0.12733562
0.12618312
0.12639111
0.1261866
0.12169317
0.12756483
0.12854867
0.12565745
0.12511905
0.1233096
0.12516737
0.12807617
0.12681381
0.12533051
0.12463561
0.12526621
0.1232675
0.12918088
0.124786936
0.122236624
0.12667403
0.12622486
0.12397112
0.12580365
0.12718384
0.12486999
0.12655243
0.124795936
0.124957
0.12490096
0.12319263
0.12435569
0.12600279
0.12266411
0.12352714
0.1270641
0.12557016
0.12583861
0.12506817
0.12602034
0.12185544
0.12695679
0.12344803
0.1299183
0.12378676
0.12395713
0.12661052
0.12188822
0.12537476
0.12242653
0.12421974
0.12313089
0.124583095
0.1239413
0.12451711
0.12600246
0.1226896
0.1275197
0.12364223
0.1271041
0.12628205
0.12496238
0.12638402
0.12428248
0.1253675
0.12142268
0.12663285
0.122520946
0.12743512
0.12229528
0.123419665
0.12406591
0.12649956
0.12388997
0.12508523
0.12520884
0.12638097
0.12228862
0.123798534
0.12544662
0.12233606
0.12485919
0.12493095
0.12595825
0.12138869
0.12749815
0.12462047
0.123816885
0.12348299
0.1216573
0.12360038
0.12685224
0.12370134
0.12321628
0.12709269
0.123706065
0.12489122
0.12187548
0.12318386
0.12260318
0.12144338
0.12216168
0.12499335
0.123286895
0.120650366
0.12308474
0.12921493
0.12325587
0.11877378
0.12683873
0.12313742
0.12331129
0.1230348
0.12408722
0.12418032
0.12503149
0.12349245
0.12057848
0.12235564
0.121355385
0.12209347
0.12204358
0.123089455
0.12152467
0.121104755
0.123075224
0.12895301
0.12082625
0.12244295
0.11992164
0.12103229
0.12249035
0.121946774
0.12118356
0.12041946
0.12122711
0.12163498
0.121810675
0.119807586
0.12229381
0.11899557
0.12230732
0.120420955
0.11996719
0.11914014
0.12225851
0.12382099
0.11977461
0.12386429
0.12790246
0.12008088
0.12045614
0.12176413
0.12153527
0.11928127
0.12242301
0.120928265
0.121762656
0.1192333
0.1197439
0.123627074
0.119894296
0.12136287
0.12007151
0.11955627
0.11897406
0.120669246
0.12112125
0.1214363
0.119538575
0.11962691
0.1186626
0.120474115
0.123922765
0.1233156
0.12020286
0.11952008
0.1220952
0.12022037
0.11902874
0.12123063
0.11925168
0.12056967
0.120318025
0.12048802
0.12311707
0.11818145
0.11926169
0.11951502
0.11841957
0.1189509
0.11889791
0.122233726
0.121798046
0.11978453
0.11929401
0.121417105
0.11965134
0.11962428
0.121072866
0.11951208
0.1259042
0.11989266
0.11971956
0.12350518
0.11747932
0.118080795
0.11907024
0.120222315
0.12122054
0.120198004
0.117432974
0.117621206
0.11829227
0.118390106
0.118706815
0.12055862
0.11886523
0.11807539
0.12040511
0.11687953
0.11865237
0.11986846
0.11956527
0.11949575
0.11910279
0.11672344
0.119149774
0.12253099
0.11918095
0.12069104
0.12058475
0.120974146
0.11812764
0.121169314
0.11823767
0.11586161
0.118730314
0.119444005
0.11717255
0.118647344
0.11847286
0.118743554
0.11797535
0.1196935
0.117544815
0.11797301
0.11917967
0.118613355
0.11924393
0.119339794
0.11756772
0.11891603
0.11946848
0.117504485
0.12200775
0.12121597
0.117487
0.11963237
0.115414046
0.11992734
0.11898748
0.11815747
0.121202
0.118799135
0.11907359
0.116392516
0.123395644
0.11884658
0.12080057
0.11891768
0.11794517
0.11661941
0.119966835
0.11783244
0.11663317
0.119379595
0.11770069
0.11746039
0.1213476
0.11542109
0.11874521
0.11649101
0.11994065
0.116559066
0.11807123
0.11680654
0.12212502
0.11489175
0.1158492
0.11670697
0.11765346
0.120704226
0.11585041
0.11559695
0.1172843
0.1125298
0.120244816
0.11527278
0.118141316
0.11390743
0.117930844
0.11886425
0.11492597
0.11766757
0.115100086
0.11686964
0.11559043
0.11595366
0.11558046
0.11771542
0.11846249
0.11700779
0.11767861
0.11731644
0.114868075
0.11535344
0.115571536
0.11517989
0.11598266
0.11488525
0.11419019
0.11575869
0.11532599
0.11472406
0.116753936
0.11465766
0.11468469
0.11449426
0.1136536
0.1168663
0.11489366
0.121397644
0.11578984
0.11326087
0.11427947
0.113847435
0.11520801
0.117784455
0.121273115
0.11596006
0.11455079
0.11594261
0.11605508
0.113647446
0.117706314
0.11902605
0.11529985
0.11686151
0.11314936
0.1150722
0.11551257
0.1156361
0.11879885
0.1163386
0.11420545
0.1143161
0.11565636
0.112819605
0.115033604
0.11406476
0.1147534
0.114008546
0.11289518
0.11482273
0.12075111
0.1143892
0.11378476
0.113955654
0.1123975
0.11551233
0.11545892
0.11573092
0.12077417
0.11459987
0.11336094
0.11568166
0.1140318
0.116606444
0.11839598
0.113863364
0.1167885
0.11383358
0.11411315
0.11388062
0.11759152
0.113485046
0.1145289
0.117350236
0.116427876
0.115676045
0.11415317
0.11341711
0.11483815
0.114458084
0.11508946
0.11181431
0.11407714
0.11253265
0.11317575
0.1172705
0.11217422
0.112006195
0.110879496
0.113020495
0.11209933
0.11136475
0.11086278
0.11119623
0.11061199
0.1107845
0.11159313
0.11075376
0.10979223
0.11322358
0.113232926
0.11275187
0.110961884
0.116336524
0.11713098
0.110096954
0.11482833
0.11219785
0.11603377
0.1124655
0.11087911
0.112091005
0.11386608
0.1171172
0.115981795
0.11232187
0.110333405
0.11647391
0.111791156
0.11276278
0.11468431
0.11558304
0.112359814
0.11367558
0.11221168
0.11348251
0.1157329
0.11166279
0.11117151
0.11553637
0.11360995
0.11061248
0.111689605
0.11186999
0.11245175
0.11350028
0.11236752
0.11327875
0.11242283
0.113972016
0.114774816
0.11170017
0.112207025
0.1133831
0.11198874
0.113642424
0.11273664
0.11361072
0.1129726
0.1127812
0.11043023
0.112706155
0.11206275
0.112028435
0.111694664
0.110331886
0.11277619
0.11175041
0.11268424
0.11108116
0.110835046
0.11634385
0.11584361
0.111187324
0.111232325
0.11097606
0.11177994
0.11244324
0.10867279
0.11310682
0.10936194
0.11042733
0.11334979
0.1100562
0.112441435
0.11119456
0.11018368
0.11380221
0.11324275
0.110965796
0.11455177
0.108300574
0.11109834
0.11221141
0.111579195
0.11385727
0.109037004
0.11175331
0.10930964
0.111261964
0.10882337
0.112642795
0.11052054
0.11403528
0.113781
0.11227285
0.11416428
0.11042556
0.11088916
0.10891779
0.11030454
0.10985509
0.10924064
0.11022053
0.112581745
0.111370906
0.108769305
0.11245715
0.11260998
0.111489505
0.10955115
0.10903675
0.10934803
0.11171389
0.10878094
0.10994745
0.108132586
0.109975785
0.11160949
0.109759904
0.10931816
0.10842052
0.11256723
0.10926877
0.10989327
0.10867248
0.11204253
0.1094755
0.11120891
0.11137886
0.11078735
0.1117622
0.114669085
0.10844355
0.10944956
0.108878456
0.108196415
0.11131267
0.10939227
0.10935999
0.10677355
0.113490276
0.110615164
0.1099445
0.107983954
0.10761225
0.10934225
0.106624916
0.11124052
0.11106041
0.11226154
0.11203998
0.10892194
0.108077794
0.10742723
0.10619568
0.11084427
0.11052904
0.10859657
0.10818648
0.10927739
0.114562914
0.10712199
0.11312441
0.10799752
0.10943274
0.10996334
0.10804311
0.10710054
0.1075682
0.10958711
0.10664826
0.10511888
0.10557599
0.10791625
0.10851079
0.10699636
0.10778693
0.1071866
0.107426286
0.10976718
0.10768167
0.10781354
0.108377226
0.1073295
0.10759851
0.10661735
0.1063837
0.10639353
0.109655604
0.10587527
0.11174596
0.108826645
0.10525761
0.10677406
0.110218324
0.11009557
0.108006336
0.10878547
0.10723119
0.10688457
0.10758439
0.10451073
0.106937714
0.10687904
0.107102096
0.10731641
0.10768766
0.10585846
0.10995135
0.10851756
0.10539548
0.10440289
0.10691241
0.10628813
0.10916138
0.10542836
0.107142545
0.10486511
0.107719414
0.105148554
0.106460966
0.10605007
0.10788624
0.105721764
0.10690475
0.10769854
0.10580954
0.109887764
0.10692379
0.109105006
0.10794486
0.105496
0.10613926
0.10724102
0.10879544
0.10571504
0.10571972
0.10545254
0.1081292
0.10599312
0.107730985
0.107545316
0.105916135
0.10494641
0.107186496
0.104438834
0.10749697
0.10931327
0.104539365
0.10343391
0.106636845
0.10902506
0.10423057
0.1044383
0.10489508
0.10648026
0.105738625
0.10661549
0.10670067
0.10660215
0.10677433
0.10585654
0.106759675
0.10672913
0.10680552
0.10931285
0.10241677
0.1042477
0.102470174
0.10774443
0.10553987