20 197.45 0.03 197.48 0.092 19 56 0.42 0.0 
40 194.9 -0.34 194.56 0.145 39 129 0.86 0.01 
60 193.22 -0.67 192.54 0.192 58 214 1.27 0.01 
80 191.45 -1.08 190.37 0.239 77 295 1.69 0.01 
100 190.03 -1.33 188.7 0.278 97 382 2.13 0.02 
120 188.76 -1.46 187.3 0.313 116 475 2.54 0.02 
140 187.45 -1.8 185.65 0.356 134 573 2.94 0.03 
160 185.87 -1.99 183.87 0.381 153 663 3.36 0.03 
180 185.21 -2.28 182.93 0.405 172 754 3.77 0.04 
200 183.41 -2.36 181.05 0.431 191 855 4.19 0.04 
220 182.41 -2.59 179.82 0.45 205 956 4.5 0.05 
240 181.22 -2.64 178.58 0.481 223 1042 4.89 0.05 
260 180.06 -2.75 177.32 0.502 239 1158 5.24 0.06 
280 178.6 -2.7 175.9 0.523 258 1261 5.66 0.06 
300 176.88 -2.77 174.11 0.546 277 1366 6.07 0.07 
320 175.71 -2.93 172.78 0.561 296 1486 6.49 0.07 
340 174.4 -2.92 171.48 0.583 314 1603 6.89 0.08 
360 172.92 -2.96 169.96 0.598 332 1709 7.28 0.08 
380 171.72 -3.16 168.55 0.613 349 1820 7.65 0.09 
400 171.58 -3.15 168.43 0.625 364 1953 7.98 0.1 
420 169.96 -3.28 166.68 0.636 382 2069 8.38 0.1 
440 169.16 -3.3 165.86 0.646 398 2209 8.73 0.11 
460 167.01 -3.19 163.82 0.661 416 2335 9.12 0.12 
480 167.16 -3.36 163.8 0.667 431 2470 9.45 0.12 
500 165.52 -3.45 162.06 0.678 446 2612 9.78 0.13 
520 164.51 -3.44 161.07 0.689 462 2745 10.13 0.14 
540 163.08 -3.51 159.58 0.696 480 2891 10.53 0.14 
560 162.3 -3.49 158.81 0.707 498 3017 10.92 0.15 
580 161.38 -3.44 157.94 0.716 515 3163 11.29 0.16 
600 160.36 -3.42 156.94 0.724 533 3323 11.69 0.17 
620 160.1 -3.41 156.69 0.728 551 3465 12.08 0.17 
640 158.94 -3.38 155.56 0.733 568 3593 12.46 0.18 
660 158.01 -3.37 154.64 0.744 581 3742 12.74 0.19 
680 157.08 -3.28 153.8 0.746 595 3917 13.05 0.19 
700 156.4 -3.23 153.17 0.748 609 4078 13.36 0.2 
720 155.75 -3.33 152.41 0.753 625 4231 13.71 0.21 
740 155.18 -3.38 151.8 0.761 640 4392 14.04 0.22 
760 154.77 -3.54 151.23 0.766 652 4549 14.3 0.23 
780 154.02 -3.54 150.47 0.766 669 4711 14.67 0.23 
800 153.43 -3.54 149.88 0.776 686 4875 15.04 0.24 
820 152.57 -3.53 149.05 0.78 701 5048 15.37 0.25 
840 150.99 -3.43 147.56 0.782 716 5221 15.7 0.26 
860 150.67 -3.31 147.36 0.787 727 5357 15.94 0.27 
880 150.32 -3.15 147.18 0.792 740 5505 16.23 0.27 
900 148.91 -3.09 145.82 0.795 755 5692 16.56 0.28 
920 148.27 -3.1 145.17 0.796 766 5855 16.8 0.29 
940 147.78 -3.08 144.71 0.798 783 6037 17.17 0.3 
960 147.15 -3.13 144.03 0.802 797 6191 17.48 0.31 
980 146.65 -3.12 143.53 0.807 812 6374 17.81 0.32 
1000 146.45 -3.2 143.25 0.807 825 6564 18.09 0.33 
1020 145.74 -3.13 142.61 0.808 838 6743 18.38 0.34 
1040 145.67 -3.05 142.62 0.812 852 6923 18.68 0.34 
1060 145.1 -2.96 142.14 0.816 867 7106 19.01 0.35 
1080 144.62 -2.87 141.75 0.816 880 7275 19.3 0.36 
1100 144.1 -2.8 141.3 0.819 894 7455 19.61 0.37 
1120 142.79 -2.7 140.08 0.82 908 7637 19.91 0.38 
1140 142.15 -2.64 139.51 0.825 922 7809 20.22 0.39 
1160 141.76 -2.54 139.22 0.827 935 7968 20.5 0.4 
1180 141.3 -2.47 138.83 0.829 953 8140 20.9 0.4 
1200 140.44 -2.39 138.05 0.831 964 8326 21.14 0.41 
1220 140.35 -2.3 138.05 0.831 976 8503 21.4 0.42 
1240 139.93 -2.25 137.68 0.832 991 8683 21.73 0.43 
1260 139.14 -2.25 136.89 0.834 1002 8856 21.97 0.44 
1280 138.95 -2.26 136.69 0.834 1016 9047 22.28 0.45 
1300 138.37 -2.24 136.13 0.833 1029 9233 22.57 0.46 
1320 136.8 -2.05 134.75 0.836 1044 9414 22.89 0.47 
1340 136.96 -2.0 134.96 0.841 1058 9618 23.2 0.48 
1360 136.99 -1.97 135.02 0.844 1072 9810 23.51 0.49 
1380 135.98 -1.94 134.04 0.845 1087 10015 23.84 0.5 
1400 135.77 -2.01 133.77 0.845 1103 10201 24.19 0.51 
1420 135.25 -1.93 133.32 0.848 1117 10406 24.5 0.52 
1440 134.55 -1.83 132.72 0.848 1130 10602 24.78 0.53 
1460 133.89 -1.75 132.13 0.85 1143 10779 25.07 0.54 
1480 133.76 -1.64 132.11 0.85 1156 10971 25.35 0.55 
1500 133.57 -1.64 131.93 0.852 1168 11186 25.61 0.56 
1520 133.1 -1.58 131.52 0.854 1182 11372 25.92 0.57 
1540 132.71 -1.52 131.19 0.855 1196 11566 26.23 0.58 
1560 132.1 -1.44 130.67 0.854 1207 11759 26.47 0.58 
1580 131.58 -1.38 130.19 0.859 1220 11938 26.75 0.59 
1600 130.76 -1.25 129.51 0.858 1231 12135 27.0 0.6 
1620 130.61 -1.28 129.33 0.86 1246 12320 27.32 0.61 
1640 129.91 -1.11 128.8 0.862 1259 12506 27.61 0.62 
1660 129.66 -1.04 128.61 0.863 1271 12682 27.87 0.63 
1680 129.04 -0.92 128.12 0.862 1281 12897 28.09 0.64 
1700 128.71 -0.76 127.94 0.864 1296 13095 28.42 0.65 
1720 128.41 -0.61 127.8 0.865 1311 13288 28.75 0.66 
1740 127.66 -0.49 127.17 0.867 1327 13492 29.1 0.67 
1760 127.61 -0.48 127.13 0.865 1339 13687 29.36 0.68 
1780 127.58 -0.38 127.2 0.868 1351 13870 29.63 0.69 
1800 126.49 -0.25 126.24 0.868 1361 14067 29.85 0.7 
1820 125.97 -0.13 125.84 0.87 1373 14239 30.11 0.71 
1840 125.47 -0.01 125.46 0.871 1385 14439 30.37 0.72 
1860 125.07 0.06 125.13 0.872 1395 14646 30.59 0.73 
1880 124.98 0.11 125.09 0.873 1406 14861 30.83 0.74 
1900 123.9 0.23 124.13 0.873 1417 15066 31.07 0.75 
1920 123.97 0.34 124.32 0.876 1428 15247 31.32 0.76 
1940 122.95 0.56 123.52 0.876 1442 15425 31.62 0.77 
1960 122.71 0.57 123.28 0.876 1454 15634 31.89 0.78 
1980 122.29 0.67 122.96 0.877 1467 15804 32.17 0.79 
2000 121.85 0.78 122.63 0.878 1479 16001 32.43 0.8 
2020 121.02 0.91 121.94 0.879 1491 16205 32.7 0.81 
2040 120.78 0.97 121.75 0.879 1503 16398 32.96 0.82 
2060 120.17 1.11 121.28 0.881 1518 16594 33.29 0.83 
2080 120.32 1.15 121.47 0.881 1529 16801 33.53 0.84 
2100 119.7 1.31 121.01 0.882 1541 17008 33.79 0.85 
2120 119.66 1.44 121.1 0.883 1553 17202 34.06 0.86 
2140 119.12 1.54 120.66 0.885 1566 17383 34.34 0.86 
2160 118.69 1.67 120.35 0.883 1575 17576 34.54 0.87 
2180 118.54 1.72 120.26 0.886 1585 17764 34.76 0.88 
2200 118.66 1.85 120.51 0.885 1594 17981 34.96 0.89 
2220 118.13 1.94 120.07 0.886 1606 18182 35.22 0.9 
2240 118.0 2.03 120.03 0.886 1622 18357 35.57 0.91 
2260 117.35 2.23 119.59 0.887 1631 18557 35.77 0.92 
2280 116.61 2.37 118.98 0.887 1643 18731 36.03 0.93 
2300 116.42 2.43 118.85 0.889 1654 18946 36.27 0.94 
2320 116.39 2.61 118.99 0.888 1663 19138 36.47 0.95 
2340 115.93 2.7 118.63 0.889 1674 19346 36.71 0.96 
2360 115.61 2.79 118.4 0.89 1687 19572 37.0 0.97 
2380 114.48 2.95 117.43 0.89 1698 19764 37.24 0.98 
2400 114.56 3.08 117.65 0.892 1707 19988 37.43 0.99 
2420 113.7 3.23 116.93 0.893 1717 20189 37.65 1.0 
2440 114.08 3.36 117.45 0.893 1727 20365 37.87 1.01 
2460 113.07 3.45 116.52 0.893 1740 20548 38.16 1.02 
2480 113.01 3.62 116.63 0.895 1751 20755 38.4 1.03 
2500 112.26 3.69 115.95 0.896 1761 20967 38.62 1.04 
2520 112.1 3.79 115.9 0.896 1773 21195 38.88 1.05 
2540 111.69 3.85 115.54 0.896 1783 21381 39.1 1.06 
2560 111.58 4.0 115.59 0.896 1795 21578 39.36 1.07 
2580 111.11 4.14 115.25 0.897 1807 21764 39.63 1.08 
2600 110.79 4.28 115.07 0.897 1816 21978 39.82 1.09 
2620 110.54 4.35 114.89 0.897 1826 22195 40.04 1.1 
2640 110.8 4.41 115.21 0.898 1831 22406 40.15 1.11 
2660 109.52 4.48 113.99 0.898 1843 22600 40.42 1.12 
2680 109.55 4.64 114.19 0.899 1854 22811 40.66 1.13 
2700 109.54 4.81 114.35 0.899 1866 22988 40.92 1.14 
2720 108.96 5.03 113.99 0.899 1875 23182 41.12 1.15 
2740 108.93 5.18 114.11 0.901 1887 23372 41.38 1.16 
