
0.24628544
0.22734949
0.23095436
0.21477443
0.20596457
0.21273793
0.2027986
0.20158437
0.19130054
0.19249976
0.19666834
0.19566034
0.19253267
0.19122581
0.19213408
0.19123696
0.19080386
0.18577099
0.18309659
0.18534264
0.18143006
0.18428732
0.18270285
0.18416367
0.18147719
0.18388198
0.1790795
0.17981602
0.17826903
0.18143561
0.17928958
0.17597646
0.17553456
0.17587298
0.16950193
0.17311023
0.2056552
0.17189613
0.17697309
0.178879
0.17223293
0.17412585
0.17376395
0.17289089
0.17280732
0.17009799
0.16771543
0.16774525
0.17243637
0.17412598
0.1688522
0.17316991
0.16734247
0.16847192
0.16595739
0.16863608
0.16638054
0.16871186
0.16713442
0.16703546
0.17122301
0.1854976
0.171727
0.1711444
0.16985227
0.17007366
0.16586359
0.16635013
0.16266903
0.16317795
0.16542344
0.16418527
0.16205527
0.16273291
0.16538045
0.16395499
0.16362746
0.16633092
0.16447793
0.16553676
0.16197838
0.16433236
0.16330272
0.16575417
0.15925181
0.16134098
0.16577962
0.16368577
0.16736114
0.1602832
0.15708004
0.15651388
0.15962324
0.15726484
0.15820056
0.16010027
0.15352242
0.15706682
0.1565886
0.15581268
0.15626717
0.15588038
0.15788276
0.15427276
0.15428452
0.15131257
0.1519952
0.15707098
0.15549155
0.15705995
0.15346292
0.1519609
0.1561106
0.14905727
0.15021847
0.14938468
0.14961909
0.15369223
0.15140638
0.15016653
0.14915489
0.15308452
0.1501125
0.14567955
0.1482307
0.14705783
0.14802805
0.14675929
0.14447904
0.14629355
0.1434547
0.14509954
0.14096366
0.14696491
0.14106053
0.14258143
0.14468662
0.14359125
0.14817408
0.1472105
0.14297922
0.14161673
0.15000798
0.14147902
0.14088288
0.14807963
0.1407981
0.14069542
0.14015268
0.14188014
0.13811655
0.13935792
0.13846551
0.1409731
0.1406476
0.14184023
0.14163586
0.14438091
0.13957015
0.1384998
0.14051576
0.14197728
0.14348844
0.14586279
0.13804817
0.1372152
0.14008693
0.13694099
0.1387835
0.13782261
0.1395654
0.14094241
0.14366096
0.1457084
0.13918108
0.13911916
0.1393629
0.13837618
0.13690105
0.13822412
0.13572572
0.13860165
0.13870047
0.13636418
0.13557738
0.13492633
0.13416173
0.13733633
0.13996187
0.1392197
0.13509756
0.1348674
0.1330347
0.13513778
0.13452439
0.13675332
0.13420701
0.13737957
0.13611084
0.13526423
0.13438892
0.1330706
0.13358426
0.13256647
0.1329569
0.13500243
0.13187878
0.13373967
0.13063325
0.13245624
0.13296321
0.13503887
0.1310543
0.13139988
0.13227409
0.13358504
0.13022076
0.13119584
0.13006826
0.1361169
0.13224979
0.13578182
0.13628139
0.13500431
0.13543081
0.135409
0.13266718
0.1328249
0.13140966
0.13055454
0.13041082
0.1318564
0.12890196
0.12970096
0.13208666
0.12988485
0.12922128
0.13011955
0.12944788
0.12981388
0.12935093
0.12870272
0.1295328
0.12754253
0.13123257
0.12836517
0.12941487
0.13347349
0.1297018
0.13435557
0.1275587
0.12982744
0.13221352
0.13598607
0.12807715
0.13150258
0.12785336
0.12780781
0.12760834
0.1282059
0.12619026
0.12570055
0.12480772
0.12687218
0.12457556
0.13054414
0.12609981
0.12629662
0.12854588
0.12955913
0.12292435
0.12867911
0.12767601
0.124152675
0.1250128
0.12533651
0.12411195
0.12290264
0.12413048
0.12511626
0.123599425
0.122713484
0.1209509
0.12310397
0.1213436
0.120971255
0.12161582
0.119195595
0.11995135
0.119576365
0.1234425
0.119631656
0.11861085
0.1195209
0.12054601
0.11808556
0.11986203
0.118245706
0.11720083
0.12105704
0.11824865
0.118987255
0.118107535
0.118083976
0.12214881
0.11774217
0.12138098
0.11777112
0.12013565
0.12186954
0.12556498
0.122683145
0.12764998
0.1254087
0.11864268
0.12066929
0.12071425
0.11675211
0.11869502
0.11791855
0.11972311
0.116182804
0.11463759
0.11680434
0.116887406
0.11699185
0.11589977
0.116142474
0.11709248
0.11750614
0.1164669
0.11823618
0.116776384
0.1179628
0.11803615
0.12220976
0.115598746
0.117268264
0.11998825
0.117519885
0.11527368
0.11509036
0.1169336
0.11607507
0.11551607
0.11751143
0.11691303
0.115609996
0.1163273
0.11390972
0.11846861
0.12109497
0.11815391
0.11651553
0.11621139
0.117086805
0.1164627
0.11815205
0.11318417
0.112953976
0.11527001
0.11587588
0.11687269
0.119038
0.11714143
0.11688057
0.11782549
0.11339847
0.11562121
0.11440958
0.11662833
0.11420847
0.116541035
0.113395154
0.11075118
0.11543104
0.113303505
0.11281828
0.112736575
0.11327822
0.11498638
0.11440227
0.11278897
0.11425918
0.11311542
0.11256211
0.11236604
0.11145715
0.11524792
0.11288767
0.11086241
0.11449045
0.111392334
0.11348429
0.11205577
0.11167128
0.109087266
0.110756144
0.11066815
0.11037357
0.10976735
0.11029445
0.111071385
0.109839596
0.114651084
0.11248271
0.11003108
0.111938424
0.110731184
0.10835248
0.10866486
0.10849643
0.11030649
0.10767563
0.109218754
0.10913943
0.110781915
0.109678276
0.10971
0.11118024
0.107680015
0.11153699
0.109874204
0.11387797
0.11432557
0.11098471
0.11086161
0.110134296
0.109956466
0.10883297
0.10892828
0.109139346
0.1122086
0.108440876
0.10566535
0.10704987
0.10724221
0.10789639
0.10815382
0.107111834
0.10627902
0.105712086
0.1049854
0.10726823
0.105179496
0.106744744
0.1075752
0.1087224
0.10433203
0.1050368
0.10386774
0.105771385
0.10626237
0.106227696
0.10625336
0.104813136
0.10417363
0.10795682
0.1050684
0.10429928
0.105606794
0.1072717
0.1081165
0.107715115
0.10455328
0.10612456
0.10391982
0.10674946
0.10640751
0.10529548
0.10471941
0.104287066
0.10104408
0.10347203
0.10581087
0.10229263
0.10276841
0.10755728
0.10534084
0.10200766
0.102828525
0.10138729
0.1009079
0.10426189
0.10000283
0.10117817
0.10093094
0.10269355
0.102247454
0.105426244
0.10097293
0.101597734
0.10145326
0.103205614
0.10584271
0.10304095
0.1061359
0.10415505
0.102076605
0.10348995
0.103973806
0.10156638
0.10104741
0.10212919
0.10079898
0.10099273
0.10724848
0.103112645
0.10135552
0.099942155
0.10202128
0.10064186
0.09913069
0.10335628
0.09918253
0.101189405
0.09926166
0.1008539
0.10165784
0.09975637
0.09894266
0.09965909
0.10039347
0.09878843
0.099471495
0.09847504
0.09791987
0.099093944
0.100002274
0.09777916
0.09860361
0.09736616
0.101503626
0.09871265
0.09757604
0.097809814
0.10329944
0.098066956
0.097827196
0.09960546
0.10007647
0.098075874
0.09698788
0.099512435
0.09851912
0.09584448
0.09710936
0.09851971
0.097895436
0.09538279
0.09841576
0.09540343
0.09805175
0.098120615
0.09919082
0.09871739
0.09751965
0.09969661
0.097764716
0.10015164
0.09994321
0.10108782
0.09670877
0.09620663
0.09793858
0.09700558
0.09551136
0.09431848
0.09534994
0.09719679
0.09630607
0.09385313
0.09989971
0.09575614
0.09780865
0.097752355
0.10003048
0.095784
0.09747141
0.09726561
0.09635139
0.09754662
0.09597229
0.09494903
0.09563682
0.09737531
0.09600414
0.09500208
0.09570079
0.09603825
0.098453365
0.095676355
0.095293604
0.09400756
0.09535656
0.095069356
0.09678817
0.096437804
0.09708797
0.094078615
0.09579098
0.09578774
0.09355657
0.09330919
0.09510445
0.09428377
0.0934978
0.09395074
0.095184095
0.09400507
0.09486453
0.09413282
0.09372481
0.091791466
0.09618871
0.09468408
0.0935376
0.0948109
0.092573866
0.0944708
0.09432585
0.09166995
0.093784496
0.0949694
0.09272249
0.09292619
0.09296833
0.09391888
0.09620788
0.09262593
0.09421083
0.09569808
0.09625887
0.093971625
0.09255453
0.09429594
0.094346166
0.09398923
0.092301
0.09218307
0.091182515
0.09171012
0.09477939
0.092258915
0.091776565
0.09010676
0.09176066
0.09199674
0.09256052
0.09170472
0.09334433
0.09233784
0.091574505
0.09181483
0.09383532
0.09230192
0.09230696
0.09115099
0.09097247
0.09283327
0.090268195
0.093291424
0.088897265
0.09111464
0.09178939
0.08984077
0.09134207
0.08948421
0.09194979
0.09460253
0.09106974
0.09203655
0.09257769
0.090087086
0.09099055
0.090739615
0.095579885
0.089779
0.091925
0.09060873
0.09088797
0.09096103
0.09140773
0.09148792
0.09067928
0.08941389
0.09110953
0.08888394
0.09061173
0.08923358
0.092114374
0.088652655
0.08820161
0.08916885
0.089375325
0.0893211
0.0896358
0.089521065
0.088094115
0.08842849
0.087339014
0.088170916
0.087302834
0.0891481
0.09059062
0.0881067
0.09064566
0.09034824
0.08805338
0.09089586
0.088645175
0.08738544
0.08702244
0.09101368
0.08736798
0.08701558
0.08762992
0.08587854
0.08854677
0.08752489
0.08564657
0.08588705
0.08815743
0.08724895
0.086634465
0.08760046
0.08840168
0.085556395
0.08820571
0.08690947
0.08898857
0.08642719
0.08773887
0.08839019
0.08575477
0.08666813
0.086381346
0.08616348
0.08771747
0.08606258
0.08585105
0.08471308
0.086604215
0.08670344
0.08597637
0.08965525
0.08624659
0.08489808
0.08434577
0.08660092
0.08545058
0.08944405
0.08627933
0.088989615
0.08761472
0.08617302
0.08538628
0.0868374
0.089499354
0.09248397
0.089307375
0.09062038
0.09136677
0.087735005
0.08615367
0.08544732
0.08845304
0.08680784
0.08404036
0.08673596
0.086567365
0.08539048
0.08658752
0.08436107
0.08561682
0.08621068
0.08561824
0.084064476
0.0846461
0.0866189
0.083356105
0.08450214
0.086413175
0.08486567
0.085914865
0.08549186
0.0874775
0.08435964
0.08291021
0.08434123
0.08395747
0.08423986
0.08512889
0.08340871
0.08493435
0.084500074
0.084402494
0.08597921
0.08417878
0.085126966
0.08435735
0.08404016
0.08264617
0.08277058
0.08391174
0.08613747
0.08330496
0.0815509
0.08295133
0.08276082
0.08165024
0.08480179
0.08290034
0.08101628
0.08300837
0.08378617
0.084372155
0.08380969
0.08301523
0.08270633
0.08219747
0.08270277
0.08218712
0.08277875
0.08222011
0.08300076
0.085090324
0.08168824
0.08382617
0.083265424
0.08291516
0.08251144
0.081850715
0.08222859
0.08242837
0.08172433
0.080539435
0.08203849
0.0810097
0.08150703
0.08162605
0.08024664
0.08274036
0.08036039
0.08165568
0.08280574
0.08159083
0.081004396
0.08197534
0.07952383
0.08060593
0.08207317
0.08242903
0.08205592
0.08153622
0.08119079
0.078526266
0.082042255
0.08157342
0.07937916
0.08151672
0.07927103
0.08227425
0.08050859
0.0808698
0.080316424
0.079978734
0.079433255
0.08157455
0.07909187
0.080473535
0.08350561
0.07783427
0.07821979
0.08084236
0.07859008
0.080022074
0.08012638
0.079992875
0.08250144
0.08081183
0.0800615
0.07956074
0.0793617
0.07948942
0.07896768
0.07887702
0.07920172
0.079967484
0.07878619
0.079437695
0.07885944
0.07909553
0.078979455
0.08071549
0.07876606
0.08053812
0.08190527
0.07875056
0.078149684
0.078016736
0.07828344
0.08023716
0.0775398
0.078553535
0.07735919
0.08001742
0.08074163
0.07854198
0.07681426
0.0779191
0.078344
0.07860347
0.077428624
0.07781168
0.07722987
0.077241175
0.07681451
0.07597073
0.0782611
0.07774408
0.07842307
0.07801563
0.07787226
0.07623653
0.07770211
0.07636651
0.079701036
0.077037774
0.077257305
0.07592076
0.07870576
0.07752603
0.07878917
0.07610506
0.07809763
0.07833424
0.07695195
0.077166505
0.07702285
0.077184126
0.07772437
0.075542614
0.076408274
0.076040745
0.07618174
0.076943554
0.07562075
0.07494591
0.0760239
0.07488015
0.07712748
0.07608317
0.07641886
0.07691186
0.07701835
0.07620505
0.07696658
0.07735157
0.07678166
0.07512472
0.07631526
0.07526658
0.0751148
0.07537321
0.07547362
0.0766415
0.07739447
0.07470949
0.074360445
0.07480087
0.07491522
0.07523266
0.07469409
0.073814526
0.073993534
0.07623838
0.07531922
0.075319774
0.0754892
0.07453841
0.07473204
0.07469519
0.07533157
0.0749833
0.07507989
0.076364264
0.07453597
0.073642634
0.0751158
0.074924864
0.07511736
0.07372077
0.07411115
0.07634359
0.07371671
0.075301796
0.074731275
0.073547415
0.076256216
0.073437884
0.073376715
0.07304172
0.07341833
0.07513066
0.07326863
0.07493507
0.075116225
0.073274836
0.07545539
0.073448844
0.072846174
0.0732933
0.07453228
0.07514788
0.077238955
0.07408801
0.07519058
0.07357513
0.073261715
0.07248738
0.074204944
0.07596943
0.07325389
0.07357444
0.07543159
0.0741589
0.07280223
0.07557198
0.07279212
0.07409302
0.07414898
0.07534742
0.07381089
0.07332393
0.07472567
0.07563993
0.07434038
0.074944824
0.07424926
0.07386055
0.074757695
0.073990464
0.07220517
0.073314734
0.07270707
0.0731273
0.07170977
0.07332356
0.071711905
0.07280853
0.07203652
0.07307989
0.07372947
0.07381359
0.07257754
0.07202525
0.07407825
0.07221389
0.074071
0.07303712
0.07265446
0.07364925
0.07200273
0.071276195
0.072312474
0.073223844
0.07157796
0.07111497
0.07221933
0.071609974
0.07134367
0.07428346
0.07184757
0.07052176
0.07123362
0.070150875
0.073291786
0.07040571
0.07175787
0.07184045
0.07252618
0.07362129
0.07229173
0.07182937
0.07044322
0.07163213
0.07419745
0.07130395
0.07090487
0.07136861
0.07105892
0.070289776
0.0709985
0.07050856
0.070278846
0.071705885
0.07075159
0.07055613
0.07191259
0.07099495
0.07110257
0.06960191
0.07165528
0.07151031
0.07252425
0.07026325
0.07097668
0.07229228
0.07088425
0.071192205
0.0710564
0.070451885
0.07031082
0.07118732
0.07193624
0.07185732
0.07235789
0.07126741
0.06991544
0.070253655
0.07025814
0.070496336
0.07202877
0.07127818
0.07118236
0.07144948
0.06988599
0.0699621
0.07057481
0.07180226
0.07164722
0.069194004
0.07030193
0.07070771
0.07079392
0.06990153
0.06883778
0.06964976
0.06967782
0.07030143
0.07116718
0.07165278
0.07029691
0.06972616
0.06869604
0.07023008
0.07172737
0.070015244
0.071591645
0.06949036
0.06975099
0.07030866
0.06968471
0.071362786
0.072788954
0.070468016
0.06828887
0.0692776
0.07117223
0.06975755
0.07054648
0.070144325
0.07133266
0.06960514
0.07002288
0.07100821
0.069548965
0.06921136
0.068743795
0.06937437
0.070492424
0.07003942
0.06819031
0.0687873
0.0686481
0.06862044
0.07009306
0.07073048
0.06891947
0.06896711
0.067997925
0.067771345
0.06901091
0.06787597
0.06746551
0.06972933
0.0690933
0.07036162
0.06769004
0.067787744
0.0698667
0.069029294
0.06604773
0.068497196
0.068281546
0.06725294
0.0675316
0.06837351
0.06881893
0.06695158
0.069111876
0.068255536
0.0689982
0.067132965
0.068533264
0.06780391
0.06756353
0.06696913
0.06811588
0.0681039
0.06985883
0.069562025
0.067736976
0.06677371
0.06765403
0.06933751
0.067606196
0.06731011
0.06737611
0.06842267
0.066741146
0.06882388
0.0687145
0.06774367
0.06562301
0.06670238
0.067950696
0.06662861
0.06621572
0.06702765
0.06672144
0.067816556
0.066594146
0.06709469
0.066077285
0.06659545
0.06654484
0.06730088
0.06549263
0.067115426
0.069150805
0.06604344
0.0672301
0.06717421
0.067187496
0.065728396
0.06579452
0.067072526
0.06636757
0.06602972
0.06599552
0.066177785
0.06552881
0.06804267
0.06567315
0.06927735
0.06856407
0.06672648
0.06601539
0.06742585
0.067154765
0.06515347
0.06779226
0.06639046
0.06649583
0.06815682
0.06637772
0.066182375
0.065617286
0.065532215
0.06710835
0.06508415
0.06498475
0.066125326
0.06625272
0.06574557
0.065379485
0.06582006
0.064990364
0.06610264
0.069623366
0.06554044
0.064715445
0.065004416
0.06614411
0.065677136
0.064923406
0.06514082
0.06574891
0.0659669
0.06705786
0.0689651
0.064330004
0.064253084
0.066499025
0.06646357
0.06707559
0.06515652
0.06553786
0.066413574
0.06807354
0.06470694
0.06462585
0.063659206
0.0656997
0.06547823
0.06624298
0.06491873
0.06420772
0.06545899
0.065317355
0.06372558
0.06527476
0.06496564
0.06620904
0.06553137
0.06646197
0.065438695
0.066094086
0.06550257
0.06546859
0.06553315
0.066943385
0.066198096
0.0641673
0.06619359
0.06543931
0.06434118
0.06406655
0.06320468
0.06480009
0.06376968
0.06712222
0.063911624
0.063402504
0.06454187
0.06442775
0.0629502
0.06524811
0.06335191
0.06335292
0.065704845
0.064659335
0.06642641
0.06482711
0.063603915
0.06530811
0.062863044
0.06412079
0.0639084
0.06459841
0.06428896
0.063733615
0.06321919
0.06415794
0.06365296
0.063175365
0.06311808
0.064183235
0.06343712
0.063209206
0.06334123
0.06409936
0.06281843
0.06340937
0.063830204
0.06407743
0.062819265
0.06383081
0.062442955
0.062462024
0.06605512
0.0627726
0.064344145
0.06254964
0.06508934
0.062337972
0.06306152
0.064003296
0.06361719
0.065108985
0.062344495
0.06448839
0.0625422
0.06291329
0.06268222
0.06287882
0.062195685
0.062640436
0.06362098
0.062024333
0.062462766
0.062438887
0.062281426
0.063619755
0.062051136
0.062481567
0.06209829
0.06268557
0.06298866
0.063051715
0.0627362
0.064144254
0.062447373
0.06321845
0.06270163
0.062301785
0.06187801
0.062750675
0.062085807
0.06316655
0.06153381
0.0629368
0.063534416
0.062221944
0.062209714
0.06347615
0.06232391
0.062236056
0.06455828
0.062569104
0.06257248
0.06485925
0.06434255
0.06340029
0.06256049
0.06245907
0.061945666
0.062498085
0.062133368
0.0613436
0.062076803
0.06305808
0.061405707
0.06262526
0.061002135
0.06305379
0.062151007
0.062393967
0.062161718
0.06198639
0.062021732
0.061195377
0.0622558
0.06321795
0.06274154
0.06158266
0.06128877
0.06320217
0.06209562
0.061606903
0.06274048
0.06076008
0.061469786
0.061734095
0.06152341
0.06009249
0.062225677
0.060578056
0.061096597
0.061669994
0.061553966
0.06225846
0.06155533
0.060351692
0.061058026
0.062633574
0.060529184
0.061503362
0.06479318
0.060931366
0.062551714
0.062701195
0.061353896
0.05958998
0.05969361
0.06036964
0.06101503
0.062554896
0.060423497
0.060764585
0.06038382
0.0613204
0.061187483
0.061987873
0.06328925
0.061341405
0.061294794
0.06253626
0.06071999
0.064108156
0.06090362
0.061788578
0.06226412
0.05962634
0.059592586
0.064648375
0.060633637
0.059794392
0.062425368
0.05983149
0.061953086
0.060205005
0.060214903
0.06127031
0.06130579
0.061790265
0.059894744
0.061212793
0.060671113
0.06014689
0.060073636
0.06267566
0.06058837
0.060114413
0.05939222
0.05906426
0.060211886
0.06079537
0.061301645
0.060679335
0.059788007
0.061405707
0.06042014
0.05923489
0.059181932
0.059910636
0.06218046
0.06175813
0.059328724
0.05954057
0.060538888
0.058791514
0.061208162
0.058917295
0.060165174
0.060599394
0.05928056
0.05957871
0.060208783
0.06013765
0.06167153
0.059444495
0.059657637
0.06031821
0.05993878
0.06053426
0.060583428
0.05882574
0.059605297
0.058767125
0.061391983
0.05880095
0.06096272
0.060473036
0.061784912
0.061047904
0.06030989
0.059898008
0.061126944
0.058988098
0.06063272
0.058961436
0.05961658
0.058250707
0.059609473
0.05954023
0.05869923
0.05874295
0.060058363
0.060569257
0.058931045
0.061062105
0.059618827
0.06045461
0.059378024
0.059321724
0.058281794
0.058530893
0.058038484
0.061637826
0.05757364
0.057238467
0.057999376
0.057028867
0.05835959
0.058345072
0.056567173
0.058108024
0.057556964
0.059064765
0.059613883
0.0577762
0.06009243
0.057931088
0.059815675
0.057577543
0.057751358
0.058260504
0.05786539
0.058181047
0.059258487
0.058100145
0.0589999
0.058284216
0.05866622
0.058754917
0.057352137
0.057696983
0.05722993
0.059324916
0.058971815
0.06006765
0.05812148
0.059682135
0.058204845
0.058403265
0.058772895
0.057130136
0.058452036
0.058892757
0.057236854
0.062176254
0.057564434
0.058025192
0.05876635
0.057478603
0.057357926
0.05688879
0.060645785
0.05777949
0.057331312
0.057826884
0.056857925
0.056897115
0.05695226
0.057064414
0.058342904
0.058558635
0.056672316
0.05819647
0.05838138
0.058180213
0.057656243
0.05737133
0.05767409
0.05776226
0.056236427
0.05773142
0.058407284
0.056530878
0.05804271
0.05699997
0.05964561
0.056659326
0.062415686
0.05817422
0.05780594
0.056819115
0.057480678
0.05699925
0.056652576
0.05767081
0.056814983
0.057583377
0.05749291
0.05811804
0.056805234
0.05739007
0.05688651
0.056704137
0.056225233
0.055180527
0.056490798
0.057180047
0.05650418
0.05602073
0.056785136
0.056616724
0.056255754
0.055526394
0.056794565
0.05611883
0.057641625
0.05811823
0.05832552
0.05595244
0.05547938
0.05642065
0.056280885
0.057447735
0.056199066
0.056017462
0.0581265
0.0572557
0.055584975
0.05643944
0.05617902
0.058011755
0.056798983
0.055955037
0.05668877
0.05909504
0.0586107
0.057277303
0.05541067
0.057320606
0.05651897
0.057234935
0.057036825
0.05638055
0.056941416
0.05608882
0.056841075
0.05674394
0.055810828
0.056360386
0.057363212
0.056959487
0.05582133
0.058006756
0.055723242
0.055762142
0.057247642
0.05660224
0.057077948
0.055795312
0.056268007
0.05617393
0.05538605
0.05792195
0.054623943
0.056069467
0.05582758
0.056395337
0.056784585
0.055950843
0.05674103
0.054684587
0.055993907
0.05685818
0.05558094
0.056000773
0.055993773
0.055818714
0.05638949
0.055170488
0.056078464
0.05560393
0.055806983
0.055440266
0.05579736
0.057334874
0.05517738
0.055557817
0.05488401
0.055573765
0.05684524
0.056046914
0.054489892
0.054767437
0.054518737
0.05584398
0.05584297
0.054771412
0.054982893
0.05645604
0.05665411
0.056000747
0.055641573
0.05588292
0.05486093
0.054683823
0.053798147
0.05491949
0.054982394
0.05534614
0.05379075
0.054891102
0.055365182
0.055108108
0.05566079
0.055330776
0.055465616
0.055528726
0.053893346
0.05435097
0.0566705
0.054580636
0.05487413
0.055132635
0.053631116
0.055519585
0.053983357
0.05454001
0.057473715
0.055606417
0.05530727
0.05578654
0.054949902
0.05416241
0.054291762
0.055696048
0.054657232
0.0546222
0.054500334
0.0551836
0.056908283
0.055753578
0.056072626
0.054739695
0.056152277
0.05551566
0.05570514
0.05494935
0.055495467
0.05521999
0.05503895
0.055724893
0.05474718
0.05495118
0.05478668
0.05545647
0.055304673
0.055571925
0.05609017
0.054132193
0.057206612
0.054628108
0.05520816
0.05672065
0.05560783
0.054482363
0.05364711
0.054559126
0.05391576
0.05477884
0.0546993
0.05420253
0.056337975
0.05446739
0.055280484
0.054207213
0.054179054
0.053931527
0.05561215
0.053535216
0.053994697
0.05545725
0.054138172
0.054590907
0.053815242
0.054830305
0.054641962
0.053044356
0.053578425
0.05327308
0.05418935
0.054945156
0.05324553
0.054958194
0.05305428
0.05540948
0.053148676
0.05344357
0.054023385
0.05390124
0.0545537
0.053989768
0.053753324
0.053215664
0.05415399
0.05462017
0.05574861
0.053916868
0.053532843
0.053038817
0.05280007
0.053097386
0.05402773
0.053321443
0.054062452
0.054921024
0.053182643
0.053699873
0.054272223
0.053479
0.052864037
0.0545909
0.053847294
0.053718504
0.052802823
0.052731898
0.05399371
0.05242263
0.053848594
0.05363636
0.054800984
0.052731797
0.053976048
0.053460874
0.052482665
0.052855328
0.053550977
0.05412213
0.053413164
0.053162042
0.05317973
0.05393095
0.053755898
0.054137547
0.052727938
0.05335418
0.05356114
0.05277405
0.052395646
0.05371782
0.053282082
0.05283378
0.053874746
0.0529565
0.053762715
0.05375512
0.05384597
0.053494025
0.05235047
0.0535968
0.053063318
0.0531669
0.052759744
0.052867595
0.05443444
0.052041754
0.05392199
0.05240962
0.052565977
0.053350322
0.05277926
0.0525522
0.05239792
0.05218916
0.052460533
0.053115454
0.053607248
0.052556384
0.05196253
0.051622715
0.05300705
0.05158984
0.05360345
0.051894147
0.053461768
0.052117106
0.053639743
0.05244587
0.051839612
0.052111514
0.053438492
0.052652862
0.052391637
0.051989242
0.051722724
0.05190818
0.05247732
0.052033555
0.05186098
0.052609403
0.05238315
0.052611906
0.0528858
0.05394447
0.053506665
0.05367405
0.052524958
0.0524955
0.05244765
0.05270481
0.053329986
0.05196513
0.054273978
0.05247424
0.05203907
0.053774197
0.05160257
0.05127153
0.05228936
0.051344458
0.05226846
0.05222127
0.0516671
0.05167151
0.051469184
0.052959673
0.051543728
0.05177299
0.0519207
0.052086804
0.05154573
0.051429816
0.05164395
0.05362104
0.051383622
0.051821426
0.051976044
0.051962923
0.05258359
0.051701482
0.05118099
0.053327605
0.051204078
0.05104185
0.05145797
0.052301485
0.051951613
0.051174983
0.05277692
0.05373374
0.050844096
0.052062646
0.0513838
0.05225695
0.052271888
0.050230525
0.051186256
0.051562537
0.05225911
0.05142308
0.051728263
0.051955357
0.0515962
0.050419454
0.051679183
0.052052252
0.051328205
0.05136987
0.051248364
0.053108074
0.05291079
0.0510319
0.050511684
0.051321868
0.05300474
0.051260628
0.051232412
0.050484296
0.05129649
0.05141509
0.050412454
0.05094821
0.05139918
0.05052271
0.051501863
0.050994165
0.050914783
0.051209968
0.052285008
0.05039834
0.05037182
0.051632963
0.051994935
0.052216604
0.053321745
0.05105456
0.050931986
0.050107967
0.050885916
0.050747585
0.050346576
0.052926883
0.052160572
0.051234286
0.052092075
0.050492425
0.05151754
0.05180944
0.05153262
0.05157583
0.052081484
0.051779386
0.0507757
0.052676085
0.05175039
0.05117004
0.050498642
0.052311797
0.050619185
0.050984494
0.05163562
0.051885303
0.050840516
0.050894886
0.050347835
0.050888117
0.051197734
0.050970748
0.05220203
0.052691795
0.05098326
0.05111361
0.05066817
0.051396463
0.051292844
0.051805362
0.05244654
0.050223857
0.0518297
0.05118071
0.05050612
0.051997557
0.052100684
0.05095099
0.05071292
0.05037041
0.050077364
0.051018883
0.051590953
0.052964557
0.051660188
0.050426368
0.051258612
0.050451677
0.05051306
0.04978089
0.050944164
0.051452387
0.050256852
0.049750697
0.050210584
0.0499222
0.050262176
0.05096877
0.050073907
0.049699828
0.051500462
0.049925048
0.050828166
0.051334146
0.050342426
0.04992805
0.04973157
0.051117714
0.049814694
0.04981183
0.050222393
0.050212424
0.05014373
0.050141606
0.049271066
0.05087805
0.050328895
0.052026898
0.05202523
0.049496558
0.050306123
0.051102906
0.049318526
0.050142653
0.049654014
0.050414097
0.052284148
0.04972558
0.049453173
0.050263196
0.04960753
0.05066559
0.05042631
0.051034592
0.0522935
0.04971018
0.049736176
0.050455928
0.05030843
0.049136013
0.04936573
0.050794967
0.050353732
0.04992568
0.051169213
0.051769804
0.0507329
0.04964441
0.04982494
0.05046435
0.048978724
0.050000355
0.050163075
0.049779598
0.049931888
0.049888566
0.049457222
0.049820807
0.04973685
0.050942007
0.050002817
0.049803324
0.049820933
0.049449872
0.050181784
0.049326755
0.049725506
0.049451288
0.049053147
0.04923096
0.04948751
0.049636375
0.049265686
0.049252838
0.049641296
0.052059375
0.0489369
0.049420487
0.050410215
0.048529048
0.049373146
0.049083374
0.049779795
0.04966044
0.050198592
0.048935886
0.048599016
0.050246894
0.049257394
0.050336774
0.05074452
0.0496337
0.05212366
0.050665703
0.04990502
0.04854426
0.05189168
0.04849249
0.04950969
0.048881777
0.049175538
0.049122702
0.04987873
0.049124725
0.049997166
0.04912
0.050304227
0.049639374
0.048988186
0.04899152
0.04956
0.048969354
0.048362613
0.04927581
0.049659785
0.04924748
0.048542216
0.04951125
0.048584603
0.049276084
0.050069056
0.050224088
0.04909585
0.04902737
0.048995383
0.048270363
0.04888324
0.049852762
0.04961846
0.048452493
0.048308514
0.04838573
0.049429633
0.049374837
0.048286047
0.049870748
0.04880766
0.04921575
0.04784931
0.04851668
0.047858294
0.04769124
0.048544575
0.04782527
0.04927086
0.049346276
0.047869965
0.047864694
0.049942356
0.04884807
0.047890402
0.049400046
0.050278913
0.048051894
0.04994632
0.0496141
0.04804362
0.049225405
0.048173025
0.047969565
0.048889756
0.0479006
0.04827931
0.0496848
0.0484001
0.050288584
0.049692065
0.05021214
0.051654432
0.048172474
0.049250558
0.049260452
0.048639126
0.048528373
0.048611972
0.04858756
0.049589187
0.049123492
0.05076325
0.049654122
0.04822647
0.049374785
0.047397956
0.048206083
0.049780205
0.04795671
0.047095202
0.048271883
0.047869526
0.05067749
0.04800949
0.048586156
0.047100063
0.04802722
0.04815311
0.047441598
0.047305346
0.04906514
0.04830811
0.04843874
0.05088677
0.04923689
0.047569588
0.046985276
0.048440225
0.047220185
0.048243914
0.05026405
0.04874812
0.048177656
0.04780994
0.04778403
0.048022084
0.046639398
0.048598032
0.048200883
0.047657028
0.048816744
0.047713447
0.048689734
0.048076987
0.04858385
0.049460534
0.04694603
0.049402893
0.048289873
0.04752812
0.048261456
0.04993603
0.048930794
0.046768088
0.047087718
0.04806914
0.04776597
0.047603145
0.04914965
0.048401847
0.048787024
0.04646755
0.046781704
0.047078434
0.047760006
0.048841935
0.04746695
0.048132733
0.048645016
0.047347292
0.048374757
0.04865172
0.047800887
0.04788704
0.047866646
0.048609257
0.048098486
0.0479612
0.048168946
0.047953073
0.047146372
0.048353773
0.0481028
0.04710365
0.046642058
0.047546614
0.046924487
0.04719607
0.04787784
0.046825714
0.04738719
0.047313783
0.047141414
0.047715466
0.0481686
0.047095217
0.048068054
0.048160177
0.04889333
0.04683811
0.04688543
0.04703918
0.04624103
0.0471454
0.047939092
0.047358748
0.04840704
0.048064187
0.046252526
0.046283476
0.04659754
0.04616636
0.04623418
0.047574464
0.046908796
0.046892677
0.049624756
0.047819335
0.0487025
0.046891134
0.048893984
0.046994966
0.0468255
0.047801655
0.046274893
0.04639381
0.0470529
0.04896249
0.047160275
0.04731257
0.049299
0.048347194
0.046988774
0.047394093
0.04682448
0.04782286
0.046980638
0.04780605
0.04626547
0.048211396
0.047332957
0.04780282
0.04794816
0.04739956
0.04633387
0.04764287
0.047399852
0.046769142
0.047724508
0.046579167
0.046891127
0.048622526
0.04638184
0.0463975
0.046809483
0.046404585
0.046485983
0.047046367
0.048541002
0.04579223
0.047044314
0.046340287
0.04673944
0.04746527
0.046082716
0.046727337
0.04679252
0.046548586
0.047814026
0.046487797
0.046486903
0.046711743
0.045947615
0.046779964
0.046902683
0.046665683
0.046146438
0.047885716
0.046773124
0.045934003
0.04594613
0.0460756
0.045516454
0.048074327
0.046581585
0.04524986
0.046910234
0.048066363
0.046351522
0.04563498
0.046250243
0.04633004
0.046406034
0.046425246
0.04624823
0.04583466
0.04696232
0.046438858
0.046125587
0.04594168
0.04683978
0.046179637
0.045854565
0.04598011
0.046048075
0.04609208
0.047598317
0.045577522
0.045861714
0.04570751
0.04602375
0.04557065
0.04693716
0.04655651
0.04567717
0.045246016
0.045919895
0.04576314
0.044777732
0.04572015
0.04696882
0.04525549
0.04588638
0.04571435
0.046164524
0.045407824
0.04565148
0.045748334
0.046392452
0.04602098
0.045385804
0.045547586
0.045586966
0.046652347
0.045635734
0.046863858
0.04560534
0.045380995
0.046168476
0.047284614
0.046282355
0.045329034
0.045931157
0.046084046
0.046060733
0.045919694
0.044700284
0.045751467
0.046271354
0.045765385
0.044861283
0.046044186
0.046974685
0.046581417
0.046450216
0.04654691
0.04634173
0.04671027
0.045952547
0.045818057
0.04610749
0.04551205
0.046705455
0.047439113
0.04553287
0.04591603
0.045139108
0.046066873
0.046708617
0.047245413
0.04685612
0.04654243
0.046659112
0.045846846
0.047054607
0.04572108
0.045340672
0.04588889
0.044953823
0.045135383
0.04581065
0.045943394
0.04587511
0.045236938
0.04556228
0.045512185
0.044875726
0.045772284
0.04670231
0.04562662
0.0450719
0.046570078
0.04609275
0.04587424
0.044333246
0.04565982
0.044895496
0.044882037
0.045855388
0.044898503
0.045593727
0.045677375
0.04480126
0.04602551
0.04601718
0.045553327
0.04593686
0.045449883
0.046120286
0.04691143
0.045589667
0.04548111
0.04610863
0.044671252
0.044994492
0.04660399
0.046652596
0.045993958
0.045525663
0.04546013
0.045330048
0.045626696
0.046099
0.045378912
0.04545901
0.04592275
0.045926638
0.04592773
0.04614512
0.04598313
0.04760447
0.044976883
0.045407098
0.04605403
0.045615956
0.045446694
0.04611289
0.045565307
0.04459479
0.045084946
0.045412708
0.045659777
0.044568945
0.04506384
0.0452248
0.046756316
0.045811955
0.044485644
0.04496474
0.045676354
0.044108473
0.045609564
0.04572427
0.045164872
0.044867683
0.044466518
0.04469
0.04506462
0.04681197
0.044069685
0.044407524
0.04567998
0.045140315
0.04373124
0.044983488
0.044439334
0.044798434
0.04538579
0.044847388
0.04642469
0.0453905
0.04644286
0.044263292
0.04553616
0.045737416
0.044567034
0.044050194
0.045061354
0.045408618
0.04453369
0.044637367
0.044827957
0.04520824
0.04445401
0.045345698
0.04588089
0.045343738
0.045603313
0.045466915
0.04545125
0.044593163
0.044597108
0.046561584
0.045714933
0.044321805
0.044144515
0.0451989
0.045912497
0.044922736
0.044100158
0.044945374
0.04466844
0.045796104
0.04544722
0.04501475
0.044804983
0.045059074
0.045000833
0.04435491
0.043937698
0.044075243
0.04542551
0.043844912
0.044321742
0.04528454
0.044345364
0.0442108
0.044852946
0.04492142
0.04403262
0.046058085
0.044106416
0.045488432
0.044558473
0.04441318
0.04413133
0.044255726
0.04544765
0.044477727
0.044195704
0.04486801
0.04382808
0.04456142
0.044543732
0.04379897
0.043749925
0.044588145
0.044454936
0.04409004
0.04379615
0.044515904
0.044054627
0.048489876
0.047150336
0.045411143
0.046752535
0.04356281
0.044675365
0.04599753
0.043886174
0.045311786
0.044964407
0.044229396
0.04424252
0.0442169
0.043239366
0.04477991
0.045498025
0.04505575
0.04533891
0.04563157
0.043851074
0.043984994
0.04423007
0.04373804
0.045630906
0.04401915
0.044242382
0.043723293
0.044270523
0.044175968
0.044026133
0.043483328
0.045137174
0.043557037
0.045122314
0.04350758
0.043208838
0.043602407
0.044520777
0.043432448
0.044296104
0.04471548
0.043846395
0.044545848
0.04356981
0.04391695
0.044882253
0.04565664
0.0443737
0.045930684
0.043919805
0.043663356
0.043938726
0.04416492
0.044896316
0.043856073
0.04499781
0.04377847
0.043362685
0.044022646
0.04392129
0.04379738
0.04471355
0.043574486
0.043965947
0.0441954
0.044259008
0.04329311
0.043798067
0.04505287
0.04421392
0.043953147
0.043246686
0.043925837
0.04560411
0.04383682
0.04439786
0.04374459
0.04317107
0.043002017
0.044198606
0.044288438
0.04349151
0.04380077
0.044754464
0.044121835
0.04259094
0.043819774
0.044947915
0.043548178
0.044005703
0.044036865
0.04455948
0.04386081
0.04497109
0.043853324
0.04437968
0.044114083
0.0433477
0.043917164
0.044268433
0.04409096
0.043914385
0.044865597
0.043412153
0.043676976
0.043443806
0.043946896
0.043208662
0.043843586
0.044317376
0.044509333
0.0431461
0.044004764
0.04316449
0.04453125
0.043141913
0.04365328
0.043816116
0.044465292
0.04344924
0.04399004
0.043295577
0.043068323
0.04580887
0.0435003
0.043473266
0.045061484
0.044192858
0.04311147
0.04394538
0.042837013
0.042684387
0.04319361
0.044327013
0.042829882
0.043745708
0.04245296
0.042612202
0.043682788
0.04300523
0.042449985
0.043341048
0.042551365
0.04388152
0.042994276
0.04389366
0.042823065
0.043280523
0.043267865
0.043820906
0.044377223
0.042554956
0.042567
0.042139076
0.043967012
0.043399714
0.04288623
0.043488614
0.043218076
0.04268981
0.04377433
0.04275095
0.04285977
0.042435985
0.042237256
0.043048255
0.042920157
0.044750195
0.04368683
0.04315106
0.043316353
0.044324663
0.043315846
0.043408114
0.04205584
0.04355124
0.043011867
0.043441974
0.04324496
0.04290243
0.043087516
0.04304979
0.04324111
0.043270767
0.044849563
0.042619925
0.04265867
0.043409925
0.042655226
0.042460542
0.04320519
0.043017335
0.043991346
0.04368345
0.043180548
0.04276436
0.042907096
0.0427979
0.044064857
0.0421633
0.043810893
0.04362093
0.043257702
0.042983975
0.043172114
0.044021014
0.04265628
0.042554963
0.042415164
0.04340178
0.042566177
0.04225578
0.042401202
0.043078855
0.042147417
0.042878553
0.042700015
0.042310346
0.04302356
0.04219793
0.042296126
0.042585988
0.043337293
0.041956164
0.04269466
0.041884854
0.041684326
0.04206543
0.042555373
0.04134853
0.042561404
0.044964418
0.04209167
0.04157008
0.043321386
0.0419941
0.04151951
0.041606136
0.041397616
0.042248636
0.042786386
0.04253584
0.041683976
0.04173179
0.042210855
0.042600427
0.04132237
0.04238107
0.043147314
0.04266296
0.04245751
0.0419447
0.041417573
0.04312127
0.042813778
0.041951016
0.042108588
0.042252496
0.0418331
0.042257003
0.042829137
0.041694865
0.042481452
0.042881396
0.043689344
0.042376857
0.041807935
0.04254293
0.04422134
0.04210981
0.04143286
0.042841468
0.043266755
0.04178098
0.04217264
0.04191963
0.041508596
0.04312479
0.042154986
0.04235853
0.04300294
0.043030716
0.041968707
0.042250443
0.04277754
0.042414296
0.0426523
0.043514322
0.04394083
0.042839903
0.04189993
0.041406702
0.041303493
0.041646287
0.04205091
0.041878883
0.041157316
0.041386202
0.04196602
0.04179703
0.041622918
0.042857956
0.041759253
0.042254806
0.041786965
0.042210102
0.04142212
0.04177041
0.041398782
0.041380893
0.04336256
0.041475613
0.04179975
0.041172203
0.04292053
0.04089941
0.041845143
0.04169863
0.042285334
0.04171598
0.041449144
0.04165752
0.04235254
0.04118757
0.041547943
0.041464604
0.041494258
0.042617142
0.042678468
0.04158686
0.042213656
0.043095116
0.04177272
0.04324807
0.042201977
0.042113315
0.042384118
0.041466862
0.041662905
0.042548962
0.04268306
0.04262056
0.04217057
0.04194602
0.04235002
0.042604174
0.041898686
0.041747566
0.04291508
0.042531237
0.042278796
0.043040037
0.04393431
0.04134477
0.04216303
0.041855376
0.042116072
0.04263447
0.04240765
0.04273531
0.041982718
0.042011686
0.0425306
0.042237777
0.04136604
0.04141676
0.04198569
0.041663844
0.04187642
0.042179678
0.04253424
0.040683422
0.041232485
0.04200788
0.041633982
0.04225217
0.040865853
0.04140254
0.041677278
0.042297512
0.04155041
0.04115921
0.04128818
0.042708375
0.040932838
0.04192691
0.04137558
0.041297697
0.04101777
0.04103502
0.04191287
0.041640516
0.041541908
0.042075526
0.042285714
0.04154561
0.041102104
0.041771524
0.04163692
0.040865976
0.04191552
0.041741278
0.04127885
0.041064885
0.041709576
0.041156184
0.04077924
0.04098885
0.04114651
0.041168395
0.041687407
0.041043323
0.040938593
0.04113046
0.040463448
0.042582683
0.041848823
0.0409954
0.040835753
0.041215714
0.040576264
0.04124546
0.040633876
0.042324282
0.041253008
0.041244905
0.041441098
0.04067539
0.041431054
0.041679792
0.041388948
0.04169011
0.040875386
0.041269485
0.04097438
0.040925298
0.0404344
0.041352924
0.042433426
0.041154843
0.04141041
0.040779416
0.04115884
0.04083206
0.041791935
0.040300034
0.041053575
0.040883254
0.041158896
0.04061149
0.04130376
0.04130301
0.040518623
0.04173948
0.041938823
0.04176562
0.041799825
0.041324694
0.04110383
0.04071692
0.040000863
0.041350618
0.041581266
0.04030847
0.04043034
0.04092213
0.04149172
0.041187707
0.04083985
0.042229667
0.04086653
0.040622998
0.041949477
0.04119296
0.04031195
0.041366596
0.041642442
0.041655254
0.04098751
0.04108395
0.04037789
0.04086231
0.04185861
0.041040838
0.04069974
0.041084684
0.04111044
0.04069837
0.040707767
0.04072511
0.040936496
0.040255595
0.04060558
0.040333547
0.041761052
0.04037973
0.039871633
0.04233631
0.04067236
0.040465593
0.040394552
0.040789817
0.040702503
0.040121328
0.040123396
0.041119136
0.04217344
0.04136516
0.04220411
0.0414765
0.04119071
0.041898437
0.040884994
0.043385424
0.040695984
0.041196276
0.041082907
0.0412361
0.0411434
0.040881954
0.041078605
0.041460767
0.040171586
0.041236587
0.040480442
0.041459393
0.04206596
0.041816846
0.041891754
0.04040888
0.04081501
0.04102312
0.041271027
0.0397559
0.04080837
0.040295936
0.040874265
0.040052976
0.040066324
0.04082545
0.040674187
0.03960539
0.040582865
0.04214243
0.040358115
0.041984357
0.039607894
0.04087243
0.040957954
0.042549953
0.040749945
0.041490994
0.041957725
0.03977643
0.040844385
0.040696174
0.041058794
0.040392224
0.04032232
0.041504238
0.04063289
0.041250963
0.040282153
0.040182512
0.03987498
0.039562285
0.041214544
0.040014233
0.040226977
0.04126546
0.039832365
0.040952142
0.040732738
0.04022114
0.039972845
0.041336678
0.041132588
0.039597236
0.03969484
0.039692823
0.041729134
0.040415324
0.040343404
0.039896324
0.039962333
0.04254082
0.04025954
0.04012347
0.039559867
0.040515155
0.040849846
0.040031873
0.040130466
0.039969936
0.040636644
0.04188827
0.041152447
0.040840242
0.0400527
0.039920703
0.04012918
0.040332373
0.04002203
0.04095088
0.040622108
0.04016708
0.040765
0.03979375
0.04131494
0.039295573
0.039391365
0.040782217
0.039834984
0.04025558
0.040641643
0.041028082
0.040650856
0.03970751
0.040822707
0.041284192
0.039997775
0.038790222
0.039791077
0.041202426
0.039853044
0.039807986
0.040050622
0.040573917
0.03937548
0.040527627
0.04085734
0.039945938
0.03992634
0.039771166
0.040176332
0.040196672
0.041204207
0.04081913
0.041604094
0.040884603
0.039706483
0.039723314
0.04043671
0.040863287
0.04078774
0.039734468
0.040206436
0.04022939
0.040020972
0.03958105
0.03974627
0.03925697
0.040531766
0.039514836
0.03961265
0.04049274
0.039884135
0.040782806
0.039914757
0.039545298
0.040831376
0.03956297
0.039926335
0.041460358
0.0396822
0.039812386
0.04090341
0.040055115
0.04003243
0.03966087
0.03957506
0.040561136
0.04108939
0.039679773
0.041485477
0.039590977
0.039717216
0.03884836
0.040458973
0.0398608
0.03999219
0.04008354
0.039509766
0.040288612
0.039452862
0.03986392
0.039394993
0.039141264
0.039345924
0.039144855
0.039882626
0.040208496
0.039008252
0.0391835
0.039602466
0.039125346
0.039786182
0.039730377
0.040152937
0.0403762
0.039712694
0.04087986
0.03859057
0.03914735
0.039452244
0.040153515
0.039929155
0.039211005
0.03950685
0.040108483
0.038424987
0.039660674
0.03949196
0.038499344
0.03942909
0.039114416
0.039327346
0.038428716
0.039404456
0.038736828
0.03860824
0.038666964
0.03945804
0.039412234
0.03936716
0.038361333
0.03957886
0.040125072
0.03898048
0.038634904
0.039318953
0.03899333
0.040026616
0.039482534
0.041143704
0.039286993
0.039178476
0.041264873
0.03997639
0.039208926
0.03992265
0.039915927
0.039240617
0.039167017
0.03941006
0.039871007
0.040207632
0.03930582
0.040562656
0.0385375
0.039869044
0.039902627
0.03893077
0.038648713
0.03918507
0.03945582
0.03947881
0.039054923
0.03847413
0.038720366
0.038934533
0.03923035
0.040074337
0.038270995
0.03957524
0.039122656
0.039272856
0.03920011
0.039376408
0.038735144
0.038775645
0.038924694
0.039678775
0.039082758
0.039369546
0.038609937
0.03848093
0.03970335
0.039878316
0.039539304
0.04048658
0.039161123
0.03993017
0.03842828
0.039538406
0.03867036
0.039853603
0.040853236
0.04066292
0.03884374
0.038732983
0.038993053
0.0396136
0.038209714
0.039176505
0.03903261
0.03919649
0.03890667
0.038771812
0.03822146
0.038598184
0.03871517
0.038945325
0.03881453
0.040433135
0.038822275
0.038421806
0.039413895
0.038337596
0.03890408
0.038077988
0.039708383
0.04099667
0.039052397
0.03806995
0.038423322
0.038944688
0.03934281
0.038452588
0.039351016
0.03898667
0.039376665
0.03848442
0.0387417
0.03950204
0.038592793
0.03766224
0.0391768
0.039014146
0.039566793
0.040713646
0.03921871
0.03842241
0.038353223
0.038782146
0.038881347
0.038446575
0.04052972
0.03880885
0.038499743
0.03813137
0.038896017
0.03917753
0.039086223
0.038705435
0.039500277
0.039094456
0.04001419
0.038337234
0.039027072
0.03836329
0.039055735
0.040785808
0.039479464
0.038409255
0.03979542
0.039253462
0.039298676
0.038456578
0.03850909
0.03842732
0.038482815
0.03861084
0.038098127
0.03896203
0.037801977
0.03930291
0.03938655
0.03996352
0.038192835
0.039334573
0.039358184
0.039462417
0.039634064
0.038276464
0.038388778
0.039774463
0.0392455
0.038291458
0.038429793
0.039449513
0.0401524
0.039691474
0.03913823
0.039739173
0.039988354
0.037954353
0.03861617
0.039245747
0.038478754
0.03859315
0.038676694
0.038008824
0.038718008
0.039326943
0.038444236
0.040028278
0.03957976
0.039072268
0.038377654
0.038612153
0.04143829
0.039602965
0.039378587
0.04009033
0.039317537
0.038167674
0.039695505
0.03808946
0.038429257
0.0384792
0.03945197
0.03783431
0.039572846
0.038899615
0.03764737
0.037850276
0.038282517
0.03841675
0.03775682
0.038459696
0.038912408
0.038491953
0.038321275
0.038334846
0.038377702
0.038480014
0.037348878
0.038700365
0.03987698
0.03925839
0.03884698
0.037688643
0.03836284
0.03913556
0.037927583
0.038645815
0.037897464
0.038619798
0.037868015
0.039981894
0.038910612
0.039638914
0.038138025
0.038762126
0.039429344
0.03873266
0.037933443
0.03971373
0.0381884
0.03799565
0.039344132
0.038449336
0.038300898
0.03871888
0.03752566
0.03775738
0.038649477
0.03813349
0.040225696
0.038421586
0.03783118
0.037933063
0.038591947
0.038427442
0.038820945
0.038214955
0.037997518
0.038274344
0.038251426
0.038848225
0.037473083
0.037707306
0.038292084
0.038393088
0.038650926
0.037512172
0.038315926
0.039316922
0.038172208
0.03855064
0.03809679
0.03925364
0.037261494
0.038182113
0.039353166
0.037477233
0.03871428
0.038554702
0.037991155
0.038548924
0.03734499
0.03804094
0.039324887
0.037936192
0.03783169
0.037919182
0.038123872
0.037952334
0.037157085
0.037910737
0.0373839
0.038351785
0.038313136
0.03820677
0.037169445
0.038307674
0.03850045
0.038195327
0.03807783
0.03701904
0.037523415
0.037565082
0.038154084
0.037743147
0.038101252
0.038233757
0.037580643
0.03970131
0.037687726
0.0382235
0.038205136
0.03805475
0.03846302
0.037632335
0.037519343
0.037733007
0.03802516
0.03774545
0.038515694
0.03721578
0.037895255
0.03786641
0.037823744
0.037873548
0.037889075
0.039266355
0.03821505
0.038146604
0.03752906
0.037417676
0.03777571
0.03773352
0.037867747
0.03829232
0.037867855
0.037509963
0.03819855
0.037448075
0.03828244
0.037298247
0.03733724
0.038222417
0.03903068
0.037869506
0.037164584
0.036993098
0.037519857
0.037764363
0.037285615
0.038124952
0.037266307
0.03822987
0.03962948
0.03759465
0.038541205
0.038684446
0.03797719
0.037822444
0.038603023
0.037646037
0.038890675
0.037188623
0.03740412
0.038794547
0.037488766
0.03823909
0.037956867
0.03727588
0.037869316
0.037986398
0.037729986
0.038588095
0.038037326
0.03886608
0.03851916
0.038586643
0.037492186
0.037779912
0.039658286
0.036844485
0.036669817
0.03784937
0.03771546
0.037164383
0.038121372
0.038870733
0.03760893
0.03741716
0.0380933
0.03826609
0.03799523
0.037942134
0.037874162
0.038493834
0.038113333
0.038327184
0.037068676
0.036941066
0.037548315
0.038016796
0.037316985
0.037394248
0.037288368
0.037282888
0.03853843
0.03760891
0.037039824
0.037379675
0.037285883
0.03856739
0.03739835
0.037853435
0.03734136
0.03670017
0.03761119
0.038017176
0.038433086
0.0377539
0.038184997
0.038173325
0.03798501
0.038203184
0.037000142
0.037612487
0.037419233
0.038019564
0.037129816
0.0380218
0.036895506
0.03723953
0.038839612
0.038166862
0.03916149
0.038730964
0.0381411
0.0373525
0.037375204
0.03839609
0.037866283
0.037903238
0.0377451
0.036652125
0.03803311
0.037169546
0.037314445
0.03740934
0.03750386
0.037957255
0.037672535
0.037464663
0.03815241
0.0365157
0.037627976
0.037385084
0.038381655
0.036824323
0.03707331
0.037422158
0.037948627
0.037496746
0.036139507
0.036998693
0.03771906
0.03795177
0.036853097
0.0367678
0.037349403
0.037338424
0.03700422
0.03683385
0.037273258
0.03724204
0.036431737
0.03789648
0.038088713
0.037305087
0.036462847
0.037012395
0.037257735
0.036908843
0.03673862
0.036693707
0.038792662
0.03765366
0.037754692
0.03684396
0.037261754
0.03674006
0.0377136
0.037893865
0.036968056
0.03697338
0.038718652
0.037416413
0.03721087
0.037669472
0.037580825
0.036554098
0.038262967
0.037585758
0.038185675
0.03722978
0.03815449
0.03728949
0.03721623
0.03747176
0.03737618
0.03727057
0.037954636
0.036660943
0.037264466
0.037319597
0.037262313
0.037312448
0.036581825
0.036413595
0.037601147
0.03630333
0.036488872
0.037087426
0.036399387
0.03728838
0.03649556
0.037485547
0.037592284
0.03614673
0.03838123
0.036321778
0.036507946
0.036941227
0.036764245
0.03779923
0.037069507
0.03680858
0.036719665
0.036974546
0.036550663
0.036901493
0.03775801
0.03746183
0.037283447
0.036354605
0.037683714
0.03707727
0.037088174
0.036732405
0.037703674
0.036498826
0.03678634
0.037122622
0.037345268
0.036247406
0.03635372
0.037022512
0.036996696
0.03656256
0.03753295
0.037224524
0.03682096
0.036713086
0.036414627
0.03648388
0.036486518
0.035963107
0.036360938
0.035591647
0.037342384
0.03645601
0.036196843
0.035945017
0.03738663
0.036475915
0.037233103
0.03686013
0.037477206
0.036907136
0.036106568
0.036683556
0.035839885
0.037834637
0.036243763
0.03737067
0.036826663
0.037434466
0.03595873
0.036580745
0.036201317
0.036146026
0.036528803
0.036186613
0.0361618
0.036836952
0.036677632
0.03600612
0.036010787
0.036699466
0.036485992
0.03614077
0.036864758
0.03673714
0.03657526
0.036566626
0.036418997
0.036829095
0.036698233
0.038058236
0.036393266
0.03688044
0.03934797
0.03664936
0.036411434
0.03717976
0.036417473
0.037657667
0.03759828
0.0378868
0.036642592
0.03672861
0.036851343
0.03624939
0.036204472
0.036762457
0.037196703
0.036513325
0.036536448
0.036291398
0.036317505
0.036851093
0.03609328
0.03575451
0.035738695
0.036942504
0.035600357
0.03525138
0.03568575
0.036093738
0.035829883
0.036333755
0.0352423
0.03680335
0.035734493
0.036864974
0.037000317
0.035645347
0.03726847
0.03612698
0.03639373
0.036117643
0.037351772
0.03632602
0.03770111
0.03592264
0.03708669
0.036098305
0.035603557
0.035927996
0.036235932
0.03583873
0.036463812
0.036832795
0.036005214
0.03633961
0.0358028
0.036435798
0.03724498
0.035960212
0.03623021
0.0359845
0.03786978
0.03757567
0.03657256
0.036112454
0.03597564
0.03664275
0.03608613
0.035560478
0.036682695
0.036340777
0.03551617
0.035387106
0.03764
0.035972044
0.036020536
0.036368255
0.036033444
0.03595031
0.03686774
0.03468528
0.035419293
0.03582374
0.036067225
0.036513694
0.035618886
0.036069512
0.03706772
0.037027236
0.035880893
0.036749184
0.036358338
0.036420643
0.03639214
0.036317915
0.036028415
0.037129868
0.036079623
0.036314815
0.03592493
0.03562239
0.03591974
0.03679125
0.03553852
0.0360155
0.03596173
0.03569718
0.03697104
0.035857547
0.0365371
0.036366053
0.03648945
0.035705116
0.035255257
0.03642284
0.03564262
0.036248352
0.037131347
0.036128614
0.036307417
0.035974257
0.035559945
0.03581144
0.03615509
0.03604535
0.036145173
0.03659443
0.03602474
0.036147814
0.03594968
0.035701696
0.036498867
0.036618598
0.036178607
0.037167627
0.035498172
0.035969086
0.03627509
0.03684548
0.036677647
0.03597836
0.03623429
0.036741033
0.036921725
0.03542082
0.03555783
0.03620078
0.03636901
0.03613876
0.03599312
0.036620338
0.03614842
0.035734035
0.03567648
0.03624557
0.036154862
0.03643133
0.035235163
0.035892505
0.03629107
0.036675185
0.037442375
0.036128946
0.03617775
0.036221348
0.035724178
0.036670856
0.036584076
0.03688715
0.03610069
0.037999574
0.035946887
0.037231497
0.03711049
0.037385684
0.036054008
0.036197532
0.035461828
0.035820805
0.03654097
0.037091173
0.035807747
0.03636965
0.03533502
0.03572152
0.036207736
0.03605972
0.036916114
0.036266733
0.035469297
0.0362224
0.035448454
0.03592563
0.035590153
0.03639995
0.03693929
0.036065385
0.03686702
0.035904046
0.037996467
0.036181655
0.03608618
0.035667423
0.036275666
0.03564706
0.036334563
0.036965776
0.03666849
0.036478937
0.03536174
0.035378534
0.03626965
0.036610294
0.036002096
0.03622733
0.035237856
0.03555931
0.037217643
0.035817992
0.036004588
0.035985008
0.036677476
0.036102284
0.035958957
0.035549283
0.036287427
0.035931624
0.03606831
0.035454445
0.035803497
0.03537504
0.03530855
0.03456471
0.035533864
0.03524566
0.035884533
0.035761133
0.037039183
0.035968654
0.036101364
0.03601173
0.03517124
0.035754673
0.035076536
0.03506688
0.03534114
0.03506352
0.03520807
0.034736894
0.03677638
0.035210405
0.035420932
0.03613588
0.035945036
0.036224432
0.036082633
0.03578275
0.035667434
0.0360562
0.035362992
0.035528593
0.035779417
0.035427257
0.035787012
0.035146084
0.035173375
0.035531916
0.034811452
0.03534329
0.035557818
0.035839476
0.035055686
0.03496365
0.036360223
0.03557468
0.035711404
0.035642277
0.03598535
0.0350983
0.034947526
0.035205532
0.035506923
0.03587654
0.035417818
0.036306545
0.035515297
0.034928694
0.03476143
0.037522405
0.035706606
0.035342906
0.036107603
0.035880435
0.034881264
0.035895713
0.035940602
0.03577799
0.034422386
0.034481563
0.035230793
0.035827845
0.0352794
0.035629343
0.035484593
0.034831416
0.036309123
0.0346957
0.03562306
0.03452626
0.035430964
0.035070144
0.035521924
0.03568476
0.034880422
0.03514637
0.034647286
0.035709117
0.03589103
0.035144072
0.035905827
0.035582438
0.03479874
0.036466792
0.034918167
0.035627164
0.035209253
0.035203245
0.035390336
0.035610303
0.036363307
0.03584262
0.03559066
0.035134543
0.035204403
0.03552345
0.035117682
0.03554717
0.034854397
0.035508644
0.035620634
0.03508746
0.034920473
0.036599606
0.036136694
0.0347127
0.035906915
0.03481406
0.034335773
0.035416603
0.034605324
0.03545626
0.036458652
0.03496246
0.035192054
0.0353324
0.036788072
0.035199143
0.035467234
0.03480766
0.034653977
0.035938233
0.03523592
0.036097188
0.0353013
0.034903295
0.035491586
0.034737322
0.034964453
0.034711823
0.03659539
0.03519419
0.034374166
0.036872886
0.03502243
0.03484072
0.034880683
0.03511399
0.035520446
0.035718333
0.035319872
0.036567833
0.035272777
0.034612425
0.03615815
0.03537766
0.03607218
0.03529276
0.035233077
0.034868374
0.03588411
0.034901597
0.034127
0.03464744
0.034234222
0.03474289
0.035182614
0.036224104
0.035928924
0.034819543
0.034894496
0.0346616
0.035414595
0.035907064
0.034650974
0.036098883
0.034773972
0.03473611
0.036630057
0.03497181
0.034756374
0.034250483
0.034070775
0.03435593
0.035603523
0.034631755
0.034683894
0.034685705
0.035014454
0.034649502
0.035130702
0.034855448
0.03511832
0.034951482
0.035922356
0.034237485
0.03459862
0.03444692
0.034886144
0.034404095
0.03589479
0.03492071
0.035345312
0.035162482
0.035278525
0.034699712
0.03503763
0.034216475
0.034561537
0.035133116
0.034984563
0.034350365
0.033841614
0.034705196
0.034725353
0.033953875
0.03448209
0.034466032
0.034131564
0.03645597
0.033624303
0.034141373
0.03487542
0.036037736
0.034494087
0.034628265
0.03479216
0.034671202
0.03356192
0.034643315
0.03467756
0.034232993
0.034465212
0.034770954
0.034245335
0.035013266
0.034016192
0.03439135
0.03513153
0.034108516
0.035365026
0.033759464
0.03533452
0.03451852
0.034118067
0.035267808
0.03422306
0.034345362
0.0364503
0.034259673
0.035010476
0.035016745
0.034275785
0.034964304
0.035076205
0.03428463
0.03442948
0.034386244
0.034357503
0.034793038
0.034228973
0.035148904
0.03549855
0.03432538
0.035744753
0.03445386
0.03464258
0.03512308
0.034834687
0.03453929
0.03463805
0.034419682
0.034875922
0.03472262
0.035143238
0.033969734
0.033875585
0.036013804
0.03496613
0.03407235
0.03568129
0.03447026
0.03480114
0.035004474
0.03483084
0.03549285
0.034227714
0.03494314
0.034872476
0.035491012
0.03445901
0.034920108
0.0347179
0.035242744
0.03439564
0.036156323
0.03512493
0.035359576
0.034389853
0.03525747
0.035454024
0.036227465
0.034704752
0.035172522
0.035507552
0.034314737
0.034114007
0.0342891
0.03468545
0.03486562
0.036024973
0.035069674
0.03881191
0.034504857
0.03535847
0.034746006
0.034979686
0.03425059
0.034394484
0.034197908
0.03468413
0.03515765
0.034715682
0.0349639
0.034836635
0.03426489
0.03378075
0.03464469
0.03528583
0.03434588
0.034602266
0.03450452
0.034415778
0.034164768
0.033994604
0.034133922
0.034336716
0.03487443
0.03442004
0.034922257
0.03510018
0.034894537
0.033717886
0.034096453
0.03394785
0.034681246
0.034349475
0.034446195
0.034039307
0.034815237
0.03389853
0.034125503
0.03402344
0.034134075
0.034518905
0.034585215
0.03384818
0.034022015
0.034598213
0.034520634
0.034472734
0.03438068
0.03585896
0.033504046
0.03488233
0.033699468
0.034458213
0.034001935
0.034404237
0.034525946
0.03414237
0.034570094
0.03368069
0.03380106
0.033176094
0.035379495
0.03411128
0.03381479
0.034210347
0.034380317
0.034644607
0.03482081
0.03480691
0.034539886
0.03503451
0.033493698
0.033770073
0.035040062
0.033440746
0.03403054
0.033653855
0.03377314
0.034398977
0.03402185
0.035118815
0.033853576
0.0342197
0.034720395
0.034100134
0.03436842
0.035347104
0.033377837
0.033941116
0.034095548
0.033786863
0.034447424
0.035271816
0.03410271
0.03497903
0.035175867
0.03395982
0.034561597
0.034160975
0.03404298
0.033933766
0.034689903
0.03418411
0.0349841
0.03500111
0.034112737
0.03460297
0.033633247
0.03359138
0.034863893
0.033805385
0.033831164
0.033662833
0.034431387
0.03377523
0.033976987
0.03385709
0.034179296
0.034658097
0.033616874
0.03327437
0.033495337
0.03381877
0.034092832
0.03364976
0.034059227
0.03311936
0.034358904
0.033997167
0.033727538
0.03343945
0.03429526
0.033510245
0.034749784
0.03383706
0.034202985
0.033904664
0.034278452
0.034534182
0.033859182
0.03387909
0.034008093
0.034081392
0.033660702
0.034517486
0.03396291
0.034121267
0.034439456
0.03364663
0.03372625
0.03390781
0.033726953
0.034401093
0.03302211
0.03372372
0.033616155
0.033738285
0.034340657
0.033995565
0.03383009
0.033531707
0.033569332
0.03389542
0.03332872
0.034548044
0.033463053
0.03318851
0.033603944
0.033710018
0.034214184
0.033928066
0.03306016
0.03409491
0.033941407
0.034150418
0.033603784
0.034460425
0.033660974
0.03421101
0.0337358
0.033929653
0.034071364
0.033534627
0.034869235
0.03394869
0.034296155
0.03440695
0.036025118
0.033299476
0.03411568
0.034894068
0.033166282
0.03308643
0.03379417
0.03339032
0.033802707
0.0340088
0.03340361
0.033782035
0.033699963
0.034886528
0.03626462
0.033191077
0.034020692
0.033255734
0.034174163
0.03404095
0.03331736
0.03338118
0.03389607
0.033453487
0.03332846
0.03480726
0.033657912
0.03334796
0.03342422
0.033341452
0.033594724
0.03376321
0.03318317
0.033400014
0.033978388
0.033976823
0.033938665
0.03377483
0.03362332
0.03323905
0.034197785
0.03306681
0.033519577
0.033037797
0.033712532
0.034745865
0.033284847
0.03336491
0.03383476
0.03325267
0.033505455
0.034311704
0.0342743
0.033312343
0.033734832
0.033723053
0.032824643
0.03313636
0.03331457
0.033229925
0.03354
0.033100992
0.033782184
0.033953413
0.032666106
0.033461105
0.034873154
0.03379442
0.033859637
0.03297475
0.032999795
0.03308855
0.032808393
0.032945104
0.03340159
0.033592205
0.033161566
0.033827696
0.03497431
0.03336417
0.034555826
0.033731688
0.03334379
0.034030158
0.033129312
0.03398088
0.033321146
0.03354656
0.03364334
0.03303268
0.03342499
0.033434607
0.0331385
0.033964697
0.03462056
0.03273345
0.033109635
0.033460323
0.03302658
0.032520413
0.032934338
0.033656396
0.03362148
0.0340435
0.03315667
0.033829458
0.032697912
0.03347409
0.032920625
0.034420706
0.033976767
0.03345757
0.03336685
0.03384715
0.03408625
0.03446156
0.033166762
0.033986166
0.03278956
0.032974686
0.03296937
0.033421706
0.033040304
0.03261318
0.0330095
0.03331232
0.033261195
0.032803062
0.033763416
0.032578487
0.033659518
0.034848224
0.032941096
0.03363352
0.032942683
0.032605242
0.032641638
0.033528835
0.033727616
0.032710675
0.03393283
0.033593588
0.033274274
0.033551008
0.03405767
0.033755213
0.033070546
0.03321571
0.033014428
0.034961604
0.03334425
0.034474976
0.0330879
0.032771066
0.034173325
0.033450805
0.033125486
0.033223957
0.032594163
0.03394443
0.032861974
0.033711787
0.03348972
0.033483565
0.033401296
0.033814963
0.033573426
0.033286333
0.033017512
0.03349731
0.03301505
0.033448115
0.032845933
0.033836458
0.033071235
0.03383801
0.032946073
0.033284932
0.033850495
0.033961203
0.033948652
0.033396374
0.033937424
0.033785675
0.03364942
0.03335771
0.03313394
0.033069637
0.032413222
0.033100013
0.033145577
0.034156207
0.033418693
0.032688893
0.032931663
0.032523107
0.033070795
0.03246174
0.03250902
0.03306237
0.032808978
0.032913104
0.032777943
0.03380887
0.033371713
0.032375954
0.032567542
0.0330564
0.033208534
0.032785892
0.03289526
0.03291666
0.03276639
0.034478426
0.03239527
0.033147346
0.03356486
0.034435797
0.033666164
0.03286848
0.033631325
0.032804355
0.035319444
0.03259921
0.032496884
0.033403702
0.03312307
0.032706168
0.033113685
0.03247865
0.033695694
0.032686528
0.033092424
0.03246305
0.03313225
0.03307471
0.03318765
0.033335224
0.033194616
0.03325916
0.033343986
0.032105368
0.033102095
0.03294039
0.03315335
0.03288268
0.032997508
0.032403897
0.032408066
0.033175286
0.032759078
0.032162525
0.032727566
0.032923922
0.03265624
0.03199654
0.032000102
0.032331664
0.03293529
0.032785717
0.032807045
0.033211697
0.03215223
0.032743026
0.03374801
0.033121742
0.032889765
0.032551147
0.03305186
0.03222591
0.032040544
0.031860776
0.032748286
0.033538125
0.032791484
0.032937616
0.035088375