
0.8710983
0.856684
0.69345254
0.6466497
0.5631633
0.5172288
0.44032258
0.4249801
0.41110498
0.33131644
0.3013213
0.26690477
0.28245038
0.2447051
0.20498426
0.21118933
0.17409202
0.14640772
0.1400328
0.12228147
0.11832004
0.116072536
0.10014108
0.0954566
0.08977712
0.097242296
0.07883199
0.090392925
0.08421426
0.07833416
0.06701242
0.06043616
0.061039846
0.054253414
0.056204706
0.05283877
0.054350805
0.046824843
0.054456834
0.04891859
0.042884745
0.043164086
0.044775516
0.04988534
0.044716977
0.038803324
0.044971976
0.040360816
0.03662533
0.034796134
0.03541963
0.03208855
0.03557566
0.029336218
0.032153975
0.03486221
0.03096722
0.029063452
0.029949615
0.0326011
0.03208786
0.030140195
0.031145277
0.02807033
0.027527371
0.02944658
0.025336925
0.029983984
0.027186377
0.025299868
0.028686931
0.025653262
0.028060466
0.027313165
0.026498819
0.029717809
0.031619985
0.026275378
0.02730686
0.024402155
0.02440094
0.026202476
0.024512976
0.023131283
0.02296731
0.023424659
0.024158772
0.02413637
0.023053825
0.022695415
0.023667041
0.024312701
0.023672367
0.023321014
0.021468053
0.020382967
0.020525033
0.021373792
0.02102648
0.019677518