
0.39473936
0.3865859
0.41989934
0.38138115
0.35927373
0.35084486
0.33172742
0.32710162
0.33481532
0.31981117
0.32056585
0.31268805
0.31147346
0.3111373
0.30785325
0.30921796
0.3105539
0.31001133
0.3177106
0.32077453
0.31230494
0.3171487
0.319585
0.30871612
0.31028122
0.30485973
0.29723206
0.29161307
0.29902068
0.2957197
0.2839423
0.2963942
0.29431614
0.29471546
0.28371188
0.2850181
0.28762153
0.28687483
0.28535268
0.28546193
0.2819622
0.32037196
0.2738636
0.2748385
0.27417755
0.27397597
0.27471453
0.2702525
0.27421278
0.2799835
0.27347678
0.274915
0.2764828
0.27624732
0.2636062
0.26931825
0.2625375
0.2633321
0.26274794
0.25843853
0.2565428
0.253848
0.25850788
0.25482988
0.2532643
0.25162646
0.26312605
0.25192955
0.25090325
0.25047308
0.24665841
0.24964562
0.24572958
0.24503522
0.24996231
0.2510409
0.25023988
0.24379061
0.25026342
0.25238773
0.2446598
0.24987748
0.24176554
0.24510066
0.2378946
0.23598501
0.23676357
0.24193302
0.23251154
0.2314893
0.2339563
0.23283294
0.23597015
0.23455003
0.23463438
0.23473743
0.23104899
0.2277625
0.23521085
0.22235368
0.23365313
0.2305041
0.22315785
0.22568822
0.22416213
0.21941288
0.22017163
0.2176711
0.2194317
0.22212295
0.21277943
0.22001225
0.22232763
0.21849866
0.21434087
0.21912596
0.22240664
0.21552175
0.21741088
0.22782977
0.22115034
0.21323548
0.21321456
0.2093844
0.21299429
0.21327384
0.20613591
0.2127506
0.20088007
0.20685117
0.21085641
0.20746247
0.20162718
0.21024652
0.20485114
0.20381823
0.2097269
0.20437028
0.20411305
0.20481108
0.19817646
0.20062713
0.2028192
0.1964492
0.20060928
0.1996388
0.19864541
0.19695103
0.19235986
0.19811127
0.1971234
0.1946851
0.19765286
0.19859812
0.19794847
0.19235204
0.20026879
0.19390158
0.1940308
0.19334818
0.19677207
0.19255988
0.18994647
0.18972696
0.19487607
0.19043458
0.1923949
0.19743882
0.19560212
0.19583327
0.19563705
0.19085483
0.18784726
0.18886568
0.18716216
0.19090618
0.18853055
0.18999213
0.18927692
0.18550852
0.19160224
0.18869807
0.19525099
0.19030076
0.1839915
0.18674509
0.18238494
0.18295254
0.18738757
0.18500873
0.17970893
0.18534902
0.17856298
0.18419345
0.18393573
0.18276191
0.17804043
0.17728193
0.17642105
0.1816316
0.18179731
0.17857195
0.17674527
0.18602183
0.17748061
0.17925696
0.1749485
0.17953695
0.1766767
0.17566542
0.17656109
0.17301957
0.17433208
0.17839842
0.17883398
0.17627442
0.17429172
0.17186907
0.16991523
0.16945155
0.16929533
0.17048174
0.17847599
0.16886349
0.16872004
0.17023751
0.1721088
0.1684545
0.1724019
0.16941877
0.17340398
0.16743192
0.1632774
0.16790898
0.17042755
0.16817628
0.17085004
0.16403916
0.16363682
0.1702131
0.16177072
0.16255958
0.16387664
0.16456574
0.16384993
0.16706929
0.16178441
0.15952581
0.16328849
0.16205513
0.15983276
0.16062307
0.1601546
0.1620303
0.16303144
0.15951756
0.15673333
0.16174291
0.15698433
0.15766563
0.16105781
0.15932919
0.15539104
0.1621083
0.1576512
0.15486526
0.1547112
0.15919076
0.15609585
0.15441182
0.15431787
0.15435815
0.15273231
0.15617941
0.15908161
0.15700485
0.15778257
0.15334448
0.15455738
0.15616979
0.15150097
0.15152644
0.15893285
0.15708877
0.15423661
0.1531142
0.1553285
0.15078035
0.15319654
0.15157028
0.15169926
0.14991735
0.1496976
0.15317199
0.15268695
0.15068458
0.14832804
0.1514466
0.14994664
0.14543398
0.1514288
0.14994952
0.15124013
0.14924882
0.16149113
0.15046664
0.15036865
0.14609641
0.14572594
0.14789729
0.14773212
0.14493139
0.14568941
0.1462789
0.14467852
0.14695238
0.1453245
0.15072715
0.14767464
0.1466822
0.14575271
0.14393291
0.14682578
0.14271381
0.14798924
0.14138949
0.14376059
0.1401317
0.14591365
0.14205968
0.14425264
0.14592995
0.1433759
0.14104177
0.14125285
0.14200135
0.14085986
0.14079495
0.14125301
0.13954134
0.1396717
0.13760382
0.14040507
0.1391493
0.14041817
0.141161
0.14288718
0.1399134
0.13949439
0.1392121
0.14128363
0.13996324
0.1442918
0.14575623
0.13618584
0.13694705
0.13416415
0.13536972
0.13940676
0.13967209
0.13644089
0.13753444
0.13627566
0.13629475
0.13523531
0.13664706
0.13612798
0.13562942
0.13678989
0.1376381
0.13503991
0.13559034
0.13496992
0.13354303
0.1312673
0.132339
0.13291523
0.13820095
0.13584645
0.13556077
0.13528152
0.13275746
0.13387264
0.1388373
0.13187905
0.13478382
0.13136601
0.13355856
0.12916982
0.13328317
0.13247964
0.14087994
0.13354415
0.13138066
0.12937762
0.12960255
0.12838033
0.12686425
0.13074899
0.13480332
0.13040952
0.13309439
0.12899914
0.12991662
0.13556764
0.12985054
0.13028069
0.12708524
0.12795584
0.12600866
0.12653817
0.13110079
0.12776408
0.12309562
0.1285719
0.1289169
0.12867592
0.12847553
0.12775213
0.12757076
0.13525514
0.12762709
0.12565874
0.12555648
0.1244933
0.12537974
0.12525304
0.12513241
0.1271674
0.12649995
0.12508997
0.12231599
0.12390095
0.12180058
0.12586786
0.12560494
0.12531857
0.12282658
0.12569728
0.12678744
0.12391256
0.12645696
0.1242785
0.12395505
0.1224597
0.122323975
0.12361213
0.12277055
0.12658449
0.12786332
0.12136818
0.124298714
0.12265818
0.12474233
0.12153961
0.12200824
0.12166086
0.12013078
0.12281079
0.12538312
0.1222954
0.12120857
0.119870186
0.1186953
0.12092155
0.12097078
0.120643035
0.1232783
0.1219668
0.12102928
0.11943997
0.12461388
0.12039108
0.12223042
0.11773984
0.12031055
0.118072785
0.12226467
0.12004989
0.11945794
0.11792571
0.11850796
0.11623227
0.11915905
0.11658822
0.1206077
0.12151785
0.1228353
0.11897384
0.11689312
0.11667154
0.117054455
0.116656356
0.116314
0.117438585
0.118468836
0.118305966
0.11379781
0.118746385
0.11418061
0.11717617
0.11634592
0.115860015
0.115606904
0.11923743
0.11988115
0.11572469
0.11607137
0.11475433
0.11552213
0.11538098
0.113818265
0.11648862
0.11224317
0.11340918
0.112524085
0.11220232
0.11171093
0.112649195
0.11292259
0.11380394
0.11430831
0.114381455
0.11181923
0.11270582
0.1116639
0.11458639
0.11453115
0.11253259
0.11546202
0.11202144
0.11206229
0.110398404
0.11161002
0.11435484
0.11632042
0.11112386
0.11254522
0.11192607
0.11220993
0.1136476
0.110646226
0.111547716
0.1113755
0.1108541
0.10963082
0.1176113
0.115014285
0.1096865
0.1090756
0.109686255
0.110632986
0.11050253
0.10903937
0.11295244
0.1104242
0.11179884
0.11032722
0.11060244
0.10962272
0.10907532
0.110070854
0.11128341
0.1106039
0.11279975
0.111642845
0.110668585
0.11141841
0.10719288
0.10900854
0.108644046
0.10691666
0.10957159
0.109111436
0.10749397
0.10635164
0.1052906
0.108286984
0.10997172
0.10640507
0.10699549
0.107935674
0.10538337
0.10762596
0.10789264
0.10852441
0.1094907
0.1079599
0.109375514
0.10722699
0.10688389
0.10831654
0.10782284
0.10720906
0.10930549
0.10566972
0.104529455
0.10718749
0.10760697
0.107316084
0.10715782
0.10645698
0.105654866
0.10471208
0.10496043
0.108915344
0.10574829
0.10269479
0.1063291
0.10621374
0.10584695
0.10498237
0.10433523
0.10402379
0.10753561
0.10555534
0.10429475
0.10502339
0.10471433
0.103833415
0.10461814
0.106328696
0.105865166
0.104089275
0.10485546
0.10294601
0.10254734
0.10470091
0.10289415
0.103658535
0.1021063
0.1041812
0.10391356
0.10149836
0.10221977
0.10011135
0.10255444
0.10193071
0.100472614
0.10213335
0.10305203
0.10502078
0.10073987
0.102472246
0.10258094
0.10011406
0.10097769
0.10124466
0.10170191
0.102144614
0.09930117
0.10178159
0.10138331
0.09929446
0.100796685
0.106287226
0.10039839
0.102221064
0.10259833
0.099511944
0.10172222
0.10036217
0.101085745
0.09923875
0.101612814
0.1009997
0.10257547
0.10018042
0.1005931
0.099948555
0.099441096
0.0997455
0.10071657
0.102805845
0.10141388
0.09936645
0.10168768
0.09972893
0.10054871
0.09977968
0.10038619
0.10072487
0.09929603
0.099440426
0.100028686
0.09767891
0.10091391
0.0991229
0.1004448
0.1012202
0.10086396
0.097127855
0.09696111
0.09707088
0.10201405
0.09594362
0.10044618
0.09726497
0.09746208
0.098526165
0.09637612
0.09824375
0.098178566
0.09783418
0.09901414
0.100599654
0.09616071
0.096658476
0.09616085
0.09855071
0.099498756
0.09864589
0.09511387
0.09799795
0.0970013
0.09767388
0.09572361
0.09739791
0.0972591
0.096960634
0.09845024
0.0961102
0.098468244
0.0962348
0.097679675
0.09760093
0.094342515
0.1014496
0.09470383
0.09377054
0.094855905
0.09554604
0.094392866
0.09367514
0.09584105
0.09500671
0.09484539
0.09583958
0.09588125
0.09837546
0.095400326
0.09390955
0.09556226
0.09387779
0.096928254
0.0939782
0.092838995
0.09445805
0.094787486
0.09276117
0.094478935
0.09363407
0.09369954
0.0953359
0.09757489
0.09853819
0.095255405
0.094131075
0.09529719
0.09318773
0.09406587
0.09506361
0.094558515
0.09388106
0.09580696
0.09188281
0.094547935
0.09383927
0.093885176
0.09675424
0.09246787
0.09211046
0.096167445
0.095157936
0.09328032
0.092615545
0.09199931
0.09117415
0.093642734
0.0959152
0.09235709
0.09155602
0.09357515
0.09278148
0.09338473
0.09416662
0.09293132
0.091044806
0.0935401
0.09372552
0.09341504
0.09452911
0.09546028
0.09536282
0.091628775
0.09222305
0.09264107
0.09320987
0.092577726
0.09307445
0.09191619
0.09078339
0.09166536
0.09385047
0.094153814
0.09154562
0.08991402
0.09300273
0.0922001
0.08992825
0.09197256
0.08931896
0.09214964
0.09078067
0.09178025
0.0920083
0.091997646
0.08836522
0.091338456
0.08925721
0.0926161
0.09244493
0.091836244
0.09117855
0.09123753
0.09093594
0.08961036
0.0901808
0.09092746
0.08882686
0.08844142
0.088351175
0.08979133
0.087748416
0.086470425
0.08889829
0.08745729
0.089719765
0.088135414
0.08712727
0.086963795
0.08795882
0.09004922
0.08609943
0.08861074
0.087441795
0.088312864
0.08740094
0.087830395
0.08729055
0.08809975
0.08987165
0.088547
0.08679498
0.08823635
0.08894091
0.08731065
0.08726149
0.08807364
0.08612021
0.08730968
0.08757167
0.08726756
0.09338787
0.088290155
0.08827443
0.08881905
0.08884377
0.087757684
0.088164434
0.08815257
0.088107735
0.08805208
0.08850234
0.087777995
0.08684826
0.08859026
0.08663623
0.0872447
0.086065724
0.085879855
0.087784834
0.085408226
0.08918007
0.08837638
0.08690847
0.09017976
0.08788532
0.090869725
0.08695086
0.084796004
0.086934656
0.087817185
0.08693987
0.08492035
0.08748046
0.08570232
0.0860651
0.08626669
0.088736214
0.08669944
0.083871335
0.08607529
0.08741611
0.08666189
0.086645365
0.08645789
0.08511752
0.084364615
0.084195144
0.088280916
0.08564672
0.0863848
0.08397942
0.08596332
0.08599476
0.08491738
0.08609414
0.082868785
0.08653942
0.08327024
0.086910784
0.084498525
0.08562637
0.085942954
0.08326858
0.083594665
0.0859062
0.08475628
0.084825575
0.08628451
0.08578012
0.08418872
0.08381742
0.083978646
0.082673736
0.08302932
0.08586682
0.08614559
0.083109945
0.084315255
0.08344206
0.084524736
0.08342921
0.08763269
0.08295832
0.082492016
0.082949124
0.08393837
0.083435535
0.08835644
0.08236108
0.085063465
0.084827006
0.08402971
0.08207322
0.08304359
0.0831971
0.08408875
0.08310246
0.08289332
0.08471685
0.08490403
0.08493822
0.08315051
0.083576106
0.082859606
0.08264488
0.08558876
0.0860357
0.08185234
0.08479561
0.08173239
0.08496007
0.08159151
0.083523184
0.08330847
0.08238561
0.08274098
0.08125685
0.0828198
0.08314967
0.083258785
0.08712162
0.08330052
0.08245109
0.08443488
0.081652574
0.08189595
0.08253053
0.0833076
0.08519285
0.083401166
0.08184282
0.083240874
0.08117494
0.08255243
0.08187467
0.08173452
0.083561204
0.081473276
0.085398994
0.08154005
0.083417125
0.084325805
0.083623424
0.081999525
0.08182284
0.08299014
0.08190996
0.08347753
0.08137987
0.08533083
0.08235893
0.083901346
0.08320541
0.08102178
0.08124489
0.08236587
0.08288121
0.08352225
0.0806979
0.08130001
0.08170043
0.08056558
0.08120304
0.08428395
0.080473535
0.08070302
0.08183616
0.08266474
0.08018641
0.08046073
0.08106788
0.08106834
0.08005067
0.081791505
0.08236958
0.08106065
0.08014397
0.08191239
0.079814345
0.08115556
0.080876864
0.0803257
0.079604164
0.080554195
0.080451
0.07922614
0.08111383
0.080491096
0.07821876
0.081066385
0.08049056
0.08133665
0.07854208
0.07889599
0.079682514
0.08144782
0.07992955
0.07782955
0.07857831
0.07904724
0.07824706
0.08002587
0.07983135
0.07855923
0.08063678
0.07981948
0.07866746
0.07847473
0.07870843
0.080196954
0.07955267
0.07918956
0.08071381
0.07860096
0.078050874
0.07988802
0.08214307
0.07934495
0.079835616
0.07825391
0.078945205
0.07735374
0.07914479
0.07846854
0.07773777
0.078336716
0.07872046
0.079827026
0.07863057
0.07839458
0.07919696
0.080610484
0.079176225
0.07866821
0.07664381
0.07866159
0.07770889
0.07892659
0.078115314
0.077886805
0.080094025
0.07853375
0.07739524
0.07882753
0.077304065
0.078938104
0.07673767
0.0781189
0.08119739
0.07846033
0.07910168
0.07818995
0.077537775
0.07757973
0.07723412
0.07770103
0.07551278
0.07930757
0.07697298
0.076877914
0.076102994
0.07816833
0.07745083
0.078645505
0.08011332
0.07804668
0.07746939
0.077905335
0.077328615
0.07994656
0.076790325
0.07641501
0.076395065
0.07703955
0.07719759
0.07641679
0.07982242
0.07632661
0.07773484
0.077843845
0.0762334
0.07666282
0.076627724
0.079344414
0.07732805
0.07847918
0.07536578
0.079231836
0.07714675
0.07691556
0.07734088
0.07601587
0.076907285
0.07924984
0.081704974
0.07650349
0.07815848
0.07717381
0.08324591
0.075903736
0.07962657
0.077212594
0.07677636
0.0759793
0.07669682
0.079840794
0.07686261
0.077100314
0.076874614
0.0790483
0.0758314
0.07629361
0.0753087
0.07644975
0.07911685
0.07778244
0.07740044
0.07499779
0.077145755
0.07726347
0.07652885
0.07572201
0.07758458
0.07448452
0.077921085
0.0751031
0.07753216
0.07507156
0.08034417
0.077115156
0.0771656
0.07901918
0.075810865
0.0750331
0.07684521
0.07560487
0.07846256
0.0753083
0.074804
0.07735072
0.075859845
0.07374478
0.07526563
0.07563749
0.07538599
0.075571105
0.075771816
0.07544986
0.07481795
0.07488343
0.07608543
0.07485504
0.07423509
0.07564461
0.076026134
0.07468938
0.07510973
0.076264605
0.074170426
0.07524587
0.075777456
0.0757131
0.07808287
0.075676866
0.074478835
0.07694329
0.07443451
0.073066734
0.07299094
0.07496375
0.07935767
0.07321962
0.07595758
0.07595217
0.07441975
0.07643391
0.07464018
0.07457265
0.074281834
0.07495178
0.07490356
0.07536118
0.07250613
0.073073745
0.07409666
0.074107245
0.07354225
0.07557736
0.07426208
0.07434712
0.073176414
0.073232986
0.07421862
0.07439792
0.07524352
0.07419933
0.07673131
0.07356304
0.07422941
0.07259505
0.07219683
0.07316286
0.07369958
0.07408535
0.07306458
0.07415436
0.07469471
0.07317367
0.073057234
0.074611455
0.07449995
0.07367577
0.072812535
0.075984
0.07399199
0.07293422
0.072591975
0.0724584
0.07380418
0.072427355
0.07245364
0.07394158
0.07379086
0.07560755
0.07441143
0.074781075
0.07566166
0.07219976
0.07267138
0.07488952
0.07267054
0.071401864
0.072450064
0.07379072
0.07173814
0.074626535
0.07588965
0.07184007
0.07254645
0.07619162
0.07272425
0.07093525
0.0734516
0.07238976
0.07146647
0.075697385
0.07377966
0.07211865
0.072329625
0.07119165
0.07178821
0.072554864
0.07444415
0.072270095
0.074711174
0.073902346
0.07183202
0.07201329
0.070953645
0.072040625
0.072363876
0.073587574
0.070977256
0.07364497
0.071960494
0.072940506
0.07212192
0.070436284
0.06983412
0.07232869
0.07155069
0.07288975
0.07013444
0.07097308
0.07222139
0.07013709
0.07293024
0.0708819
0.07422548
0.07306981
0.07070842
0.071812056
0.07202664
0.0704265
0.072995
0.072816715
0.07040659
0.070342034
0.07055574
0.071843
0.073389284
0.07363566
0.072753154
0.071692556
0.07770728
0.07227054
0.07089304
0.07361841
0.07321056
0.07164359
0.07197885
0.07604335
0.072270975
0.07200648
0.07191057
0.07160486
0.06999346
0.07135089
0.07086655
0.07240686
0.07110431
0.07139351
0.072168276
0.07136024
0.072165206
0.07265964
0.07414116
0.06985279
0.0699514
0.07167103
0.07133104
0.07240028
0.07138105
0.069681436
0.07290029
0.07119253
0.07088431
0.070472375
0.069694325
0.07137677
0.070353255
0.06974243
0.07186853
0.07042503
0.070879586
0.071916744
0.07094304
0.07266804
0.07354128
0.0712503
0.07101098
0.070509024
0.072097346
0.07073582
0.07077925
0.07052694
0.07015099
0.06940714
0.07115569
0.072828434
0.070880435
0.06992229
0.070641875
0.07230737
0.07036985
0.07031974
0.070012264
0.07130936
0.07089176
0.0716036
0.070605054
0.07266965
0.07263994
0.06972145
0.06940334
0.069524854
0.07029409
0.06961315
0.070538245
0.07143203
0.07051615
0.06979085
0.06976051
0.06961591
0.07080284
0.06958473
0.07142898
0.06875866
0.07046382
0.068419404
0.07164216
0.069243826
0.06855475
0.068915516
0.06813255
0.068565704
0.068496674
0.06974086
0.06810495
0.069635116
0.06988622
0.06860586
0.069973335
0.07096702
0.06911288
0.06752161
0.06768531
0.06757957
0.06974129
0.06910243
0.07122218
0.06715922
0.06782104
0.06828259
0.067128606
0.06848237
0.06741751
0.067918874
0.067206234
0.068341516
0.07169391
0.06767169
0.06902768
0.06875707
0.06950776
0.06861036
0.069424815
0.06814226
0.069312416
0.06921648
0.06830504
0.069216564
0.06994416
0.069032885
0.067938805
0.06699138
0.06962378
0.066599175
0.06814329
0.06767732
0.06768767
0.068246156
0.071134895
0.06804758
0.070708334
0.070591114
0.07155557
0.06889104
0.07054114
0.06896233
0.06714453
0.06762102
0.0659423
0.06813134
0.06635067
0.070058584
0.06928415
0.0679957
0.06929123
0.066830456
0.06805745
0.0683999
0.06838333
0.067466214
0.06789045
0.06690706
0.067377515
0.06872457
0.06742073
0.068082094
0.06828064
0.06965423
0.06709762
0.06917274
0.06868551
0.067462154
0.06666468
0.06824303
0.0703987
0.06661399
0.066138074
0.06682692
0.066639006
0.06748904
0.06869399
0.06642706
0.06865366
0.06789925
0.06615192
0.06701545
0.06802992
0.06611751
0.06851298
0.06777784
0.066186205
0.06522214
0.06925226
0.06922712
0.06657339
0.06786957
0.06918206
0.06676722
0.06560915
0.06896067
0.06676515
0.06649393
0.06869622
0.067205206
0.06595196
0.06835436
0.068402015
0.0662915
0.06669046
0.06632061
0.06545496
0.06563921
0.06603278
0.06705792
0.06638993
0.066774875
0.066469796
0.067555055
0.06799067
0.06711795
0.066293694
0.067383885
0.064690165
0.066291235
0.06808897
0.06634622
0.066569515
0.066880375
0.064752154
0.06673045
0.067062296
0.066719085
0.06760466
0.06704289
0.06605636
0.06584825
0.06849833
0.0669552
0.065874666
0.06721235
0.06601593
0.06648195
0.06449644
0.06636737
0.06616549
0.0679413
0.06621864
0.065869085
0.06605985
0.06594524
0.06659379
0.067186326
0.067174345
0.06732909
0.06638791
0.06706272
0.06781976
0.06980933
0.06768647
0.065928794
0.06700945
0.06684731
0.0669533
0.06564885
0.06481247
0.065494664
0.06626056
0.066419736
0.06902458
0.0651072
0.06441278
0.06704195
0.065638065
0.063898645
0.06452329
0.06674377
0.0653376
0.06578113
0.06519043
0.064938
0.0644973
0.0650896
0.06578814
0.0647823
0.064628564
0.06839897
0.066331774
0.0648384
0.06461548
0.06597709
0.06852152
0.06591409
0.06506878
0.06323374
0.0652422
0.064014934
0.06611531
0.06462898
0.06525006
0.06631197
0.065695375
0.06515362
0.065920405
0.06574743
0.06677765
0.06635785
0.0678159
0.06643231
0.06568162
0.064365655
0.06635498
0.06515624
0.06445276
0.06398234
0.06577247
0.067149654
0.06923459
0.06592607
0.064108975
0.06647669
0.06565823
0.06576933
0.06438342
0.065715514
0.06632632
0.06402785
0.06468039
0.06700581
0.065503605
0.06552486
0.06450758
0.06752671
0.064022355
0.06560658
0.06382038
0.063127615
0.06423497
0.0653733
0.06378919
0.06534693
0.065352134
0.06463022
0.064881526
0.06418866
0.06397373
0.06486098
0.06503789
0.064010486
0.06375027
0.062427588
0.06338268
0.06747175
0.062525235
0.0635853
0.063156724
0.0635955
0.062970474
0.06519634
0.06302073
0.06415571
0.064165324
0.06514805
0.064497255
0.06399708
0.06271167
0.06375391
0.06424452
0.06324173
0.06472859
0.063852355
0.06615094
0.064902134
0.06624844
0.06335838
0.062578745
0.065332755
0.06429637
0.06490194
0.06302382
0.061967872
0.06283309
0.06419873
0.063686945
0.06446652
0.06315969
0.06289724
0.06376645
0.06345725
0.06292647
0.064164095
0.06575044
0.06464659
0.063907064
0.063884355
0.06441531
0.06321226
0.063925385
0.062379014
0.06408364
0.06495376
0.063907795
0.06466863
0.063915536
0.062270246
0.06250185
0.064066835
0.06331704
0.063773304
0.061973136
0.06321208
0.06397267
0.062400457
0.06211389
0.06477263
0.062011596
0.06398226
0.06283861
0.06356393
0.06481125
0.0664381
0.06397701
0.06303535
0.061572827
0.062396653
0.06547188
0.065363444
0.063243054
0.061998274
0.063774556
0.06618545
0.06319696
0.06217207
0.06289525
0.0656422
0.06314175
0.062108573
0.062822565
0.061466828
0.06234146
0.062660344
0.061931614
0.06488863
0.060852434
0.06376745
0.061973162
0.062432613
0.06408074
0.062715724
0.062095534
0.06213676
0.06297564
0.06333978
0.06261316
0.062961295
0.06445066
0.067595504
0.062020365
0.06253152
0.06336902
0.064803064
0.0623451
0.06428997
0.0623298
0.0628636
0.062326707
0.061825942
0.062400825
0.06304467
0.063107446
0.06472395
0.06434095
0.06233553
0.06306644
0.06293528
0.061625697
0.06524609
0.062605955
0.06110134
0.06188172
0.062428113
0.06350885
0.062247083
0.06136217
0.06252046
0.06323608
0.064595155
0.06223178
0.061845936
0.06314421
0.061956376
0.06134655
0.06325898
0.064873986
0.062367097
0.06277583
0.063101456
0.06349874
0.062114235
0.062522046
0.062498722
0.061197978
0.060630474
0.06335642
0.063225254
0.06134515
0.06112369
0.062692866
0.06256724
0.061445657
0.06443295
0.06364371
0.063062586
0.06183133
0.06436524
0.061864402
0.06298141
0.064292304
0.061095223
0.061699968
0.06267834
0.0626561
0.06350411
0.061130904
0.059938394
0.06136275
0.062388647
0.06336406
0.062085103
0.06062899
0.061241534
0.061262142
0.06281205
0.06086937
0.061053462
0.062357996
0.06209147
0.06188824
0.060360823
0.062054984
0.062950686
0.060688917
0.061861426
0.06230779
0.06256622
0.060351137
0.060748156
0.06339595
0.061162684
0.060289476
0.061324872
0.05996494
0.06077654
0.059834037
0.059868813
0.059980147
0.06222936
0.062078573
0.061806567
0.06212097
0.06105459
0.06141868
0.06126689
0.063386954
0.06235725
0.06163366
0.061171807
0.060627107
0.059909817
0.05945709
0.060278784
0.05978696
0.060682897
0.061079487
0.06081955
0.059714217
0.062317614
0.061872415
0.061520584
0.060089
0.060945302
0.059552006
0.06012657
0.06027184
0.06187615
0.060580246
0.060330793
0.059100315
0.059963763
0.06055449
0.061817236
0.061953403
0.060390256
0.0600703
0.059610866
0.05993307
0.060227226
0.06082054
0.06135467
0.06134524
0.060086574
0.0617433
0.059959654
0.06257561
0.06108694
0.060394716
0.059926733
0.058387823
0.059363373
0.059574783
0.058002498
0.06005117
0.059602395
0.0595673
0.060956653
0.06066106
0.06108018
0.058727812
0.06037103
0.060594577
0.05918937
0.05858962
0.05924967
0.0598824
0.059798542
0.059962936
0.05939355
0.059916526
0.05902696
0.058265567
0.06453591
0.06101696
0.060373943
0.05874989
0.061910782
0.05847529
0.06343003
0.061199103
0.059737828
0.058825433
0.05988569
0.06056046
0.06051495
0.05992163
0.060296696
0.057901002
0.06068043
0.059647255
0.059721164
0.060963582
0.06194736
0.05788811
0.06129213
0.06183483
0.06013331
0.061057825
0.059292395
0.060459677
0.060728446
0.05879325
0.05941434
0.059421893
0.059601713
0.059103347
0.0600475
0.060240943
0.058853902
0.058276072
0.058950175
0.05894648
0.05994089
0.058936026
0.058425944
0.05877025
0.060497664
0.061215278
0.058170956
0.05828841
0.059306253
0.058645632
0.05815976
0.057339612
0.058344424
0.05903507
0.058315985
0.05815713
0.059376944
0.057463195
0.058523104
0.057896174
0.059791133
0.058525354
0.058351204
0.058050636
0.059603825
0.058681056
0.059175093
0.060334552
0.058380216
0.05798896
0.057723068
0.05803612
0.05873261
0.05811606
0.058318708
0.058336545
0.05794954
0.06012218
0.058002155
0.059136618
0.057713218
0.05922053
0.05800149
0.06029091
0.05844577
0.05705557
0.05973404
0.056366947
0.05896644
0.057223655
0.058579497
0.057438064
0.057759162