20 243.96 3.36 247.32 0.068 19 32 0.42 0.0 
40 232.37 5.74 238.1 0.129 38 82 0.83 0.0 
60 224.63 7.75 232.38 0.174 58 151 1.27 0.01 
80 218.08 9.17 227.25 0.206 78 235 1.71 0.01 
100 210.68 10.77 221.44 0.247 97 318 2.13 0.02 
120 204.84 11.95 216.79 0.279 117 412 2.57 0.02 
140 197.94 13.45 211.39 0.317 135 515 2.96 0.03 
160 193.43 14.27 207.7 0.353 155 633 3.4 0.03 
180 189.44 15.16 204.6 0.395 173 753 3.79 0.04 
200 183.55 16.3 199.85 0.434 192 872 4.21 0.04 
220 180.09 17.06 197.14 0.463 212 989 4.65 0.05 
240 176.14 18.07 194.21 0.497 229 1123 5.02 0.06 
260 172.04 19.08 191.12 0.528 248 1234 5.44 0.06 
280 168.32 19.97 188.29 0.548 267 1380 5.86 0.07 
300 162.5 20.95 183.45 0.566 286 1503 6.27 0.07 
320 158.68 21.63 180.31 0.593 304 1661 6.67 0.08 
340 156.47 22.59 179.06 0.608 322 1818 7.06 0.09 
360 152.52 23.52 176.03 0.617 338 1976 7.41 0.1 
380 149.81 24.21 174.03 0.635 356 2127 7.81 0.11 
400 145.97 25.16 171.13 0.649 372 2275 8.16 0.11 
420 142.85 25.9 168.76 0.66 390 2431 8.55 0.12 
440 141.3 26.59 167.89 0.676 408 2599 8.95 0.13 
460 138.64 27.4 166.05 0.689 427 2762 9.36 0.14 
480 135.89 28.27 164.15 0.701 445 2929 9.76 0.15 
500 133.46 28.85 162.31 0.713 463 3125 10.15 0.16 
520 131.12 29.57 160.69 0.722 480 3326 10.53 0.17 
540 130.43 30.22 160.64 0.731 493 3506 10.81 0.17 
560 128.19 31.05 159.24 0.738 508 3693 11.14 0.18 
580 126.13 31.63 157.76 0.741 523 3899 11.47 0.19 
600 123.4 32.45 155.85 0.756 541 4075 11.86 0.2 
620 121.44 33.06 154.49 0.759 556 4268 12.19 0.21 
640 120.3 33.68 153.99 0.77 573 4453 12.57 0.22 
660 118.61 34.47 153.08 0.775 591 4659 12.96 0.23 
680 116.14 35.24 151.38 0.782 608 4896 13.33 0.24 
700 114.14 35.75 149.89 0.784 620 5093 13.6 0.25 
720 113.07 36.42 149.48 0.788 635 5317 13.93 0.26 
740 110.86 37.16 148.02 0.795 652 5504 14.3 0.27 
760 110.64 37.56 148.2 0.798 666 5727 14.61 0.28 
780 109.22 38.17 147.39 0.803 683 5949 14.98 0.3 
800 106.81 38.98 145.79 0.806 700 6152 15.35 0.31 
820 105.18 39.53 144.7 0.809 715 6384 15.68 0.32 
840 103.9 40.1 143.99 0.814 730 6591 16.01 0.33 
860 103.39 40.56 143.95 0.816 742 6802 16.27 0.34 
880 101.29 41.28 142.57 0.818 758 7002 16.62 0.35 
900 99.32 41.83 141.15 0.821 774 7219 16.97 0.36 
920 97.89 42.36 140.25 0.827 789 7433 17.3 0.37 
940 97.24 42.85 140.09 0.827 800 7664 17.54 0.38 
960 96.03 43.25 139.28 0.831 817 7896 17.92 0.39 
980 95.09 43.74 138.83 0.833 831 8142 18.22 0.4 
1000 94.65 44.18 138.83 0.836 849 8363 18.62 0.42 
1020 92.74 44.8 137.53 0.837 862 8597 18.9 0.43 
1040 91.93 45.37 137.29 0.839 872 8807 19.12 0.44 
1060 90.74 45.87 136.61 0.841 886 9043 19.43 0.45 
1080 89.82 46.44 136.25 0.844 902 9325 19.78 0.46 
1100 88.86 46.98 135.84 0.845 921 9562 20.2 0.48 
1120 87.4 47.6 134.99 0.846 937 9801 20.55 0.49 
1140 86.21 48.08 134.29 0.848 950 10044 20.83 0.5 
1160 85.51 48.62 134.13 0.85 965 10258 21.16 0.51 
1180 84.72 49.08 133.8 0.852 981 10482 21.51 0.52 
1200 83.89 49.74 133.63 0.855 996 10693 21.84 0.53 
1220 82.6 50.32 132.92 0.855 1012 10926 22.19 0.54 
1240 81.73 50.91 132.65 0.857 1028 11148 22.54 0.55 
1260 80.65 51.48 132.13 0.858 1044 11389 22.89 0.57 
1280 79.57 52.07 131.63 0.858 1061 11598 23.27 0.58 
1300 77.82 52.58 130.4 0.863 1078 11809 23.64 0.59 
1320 76.93 53.0 129.93 0.862 1091 12075 23.93 0.6 
1340 77.32 53.42 130.75 0.863 1106 12317 24.25 0.61 
1360 75.2 53.97 129.17 0.865 1120 12527 24.56 0.62 
1380 74.8 54.41 129.22 0.867 1134 12784 24.87 0.64 
1400 73.61 54.9 128.51 0.868 1148 13068 25.18 0.65 
1420 72.72 55.46 128.18 0.871 1160 13318 25.44 0.66 
1440 71.79 55.92 127.71 0.87 1174 13561 25.75 0.67 
1460 70.52 56.49 127.01 0.873 1189 13763 26.07 0.68 
1480 70.23 56.92 127.15 0.873 1205 13994 26.43 0.7 
1500 69.25 57.36 126.61 0.873 1218 14240 26.71 0.71 
1520 67.93 57.82 125.75 0.875 1233 14468 27.04 0.72 
1540 67.32 58.27 125.6 0.876 1247 14697 27.35 0.73 
1560 66.53 58.72 125.25 0.877 1260 14945 27.63 0.74 
1580 65.89 59.22 125.11 0.878 1274 15201 27.94 0.76 
1600 65.33 59.78 125.11 0.88 1290 15421 28.29 0.77 
1620 64.56 60.24 124.8 0.881 1302 15664 28.55 0.78 
1640 63.48 60.84 124.32 0.882 1315 15888 28.84 0.79 
1660 62.79 61.28 124.07 0.882 1329 16136 29.14 0.8 
1680 61.92 61.76 123.69 0.883 1344 16379 29.47 0.81 
1700 60.99 62.25 123.24 0.884 1358 16641 29.78 0.83 
1720 60.4 62.67 123.08 0.885 1371 16891 30.07 0.84 
1740 59.59 63.06 122.65 0.886 1384 17145 30.35 0.85 
1760 58.11 63.5 121.62 0.886 1403 17380 30.77 0.86 
1780 57.3 63.92 121.22 0.888 1415 17615 31.03 0.88 
1800 56.75 64.31 121.06 0.888 1427 17901 31.29 0.89 
1820 56.18 64.79 120.98 0.889 1439 18142 31.56 0.9 
1840 55.19 65.29 120.48 0.891 1450 18373 31.8 0.91 
1860 54.95 65.62 120.57 0.891 1460 18638 32.02 0.93 
1880 54.24 66.03 120.27 0.89 1478 18875 32.41 0.94 
1900 53.25 66.48 119.73 0.893 1492 19147 32.72 0.95 
1920 53.0 66.91 119.91 0.893 1503 19393 32.96 0.96 
1940 52.47 67.37 119.83 0.893 1516 19618 33.25 0.98 
1960 51.01 67.8 118.81 0.895 1528 19848 33.51 0.99 
1980 50.16 68.12 118.28 0.896 1542 20089 33.82 1.0 
2000 50.04 68.7 118.74 0.896 1559 20339 34.19 1.01 
2020 49.93 69.06 118.99 0.896 1570 20597 34.43 1.02 
2040 49.12 69.57 118.69 0.899 1587 20845 34.8 1.04 
2060 48.65 69.99 118.64 0.898 1599 21110 35.07 1.05 
2080 47.76 70.44 118.2 0.899 1612 21377 35.35 1.06 
2100 47.66 70.9 118.57 0.899 1628 21586 35.7 1.07 
2120 46.77 71.41 118.18 0.9 1638 21836 35.92 1.09 
