
0.4176048
0.40697005
0.4079362
0.3838067
0.39673162
0.3912837
0.38096792
0.3557032
0.34286994
0.3300634
0.3262939
0.32101732
0.31836277
0.31157297
0.31323838
0.3095474
0.3058872
0.31922072
0.3046469
0.30165175
0.28871295
0.29455438
0.28818047
0.2827265
0.29018435
0.29326454
0.29039663
0.28204244
0.27144024
0.27163243
0.26593876
0.2649052
0.2588393
0.26935986
0.2538128
0.25516903
0.2580447
0.25253245
0.25814712
0.24330722
0.24336839
0.25095856
0.25016075
0.25766474
0.24660029
0.22959371
0.23184206
0.22689593
0.22586301
0.23504946
0.22254522
0.22474584
0.22465739
0.22023278
0.22050324
0.22327858
0.21639165
0.22047567
0.21399893
0.21669655
0.22123803
0.2223436
0.22590835
0.21621123
0.2127835
0.21804845
0.21117
0.2102455
0.20809215
0.20724845
0.2126915
0.21388212
0.2073925
0.20992188
0.21237057
0.20662832
0.20444445
0.21189618
0.20741174
0.20068748
0.20330013
0.20278062
0.20033187
0.20045066
0.19805154
0.20281985
0.19628185
0.19698524
0.19842046
0.19590218
0.19630957
0.19655831
0.1942315
0.20107533
0.19493978
0.19446489
0.19796363
0.18958768
0.18714617
0.19127387
0.1886687
0.18850642
0.1875143
0.19039305
0.19205227
0.19030495
0.19210382
0.18576737
0.18389496
0.18675356
0.19010204
0.18358542
0.18470934
0.18368624
0.18486333
0.1803356
0.18376215
0.17964639
0.17743926
0.18361144
0.18069541
0.17641102
0.1797839
0.17427407
0.17541283
0.17660058
0.17351174
0.17472298
0.17473428
0.17524919
0.17617318
0.17238393
0.17155927
0.17304027
0.17262164
0.17034402
0.1755394
0.17073658
0.1729221
0.17073649
0.16845448
0.16848668
0.16655332
0.17326196
0.16402262
0.16478598
0.16409759
0.16594781
0.16939615
0.16207631
0.16552263
0.16375163
0.16896865
0.16395514
0.16298372
0.16048309
0.16381434
0.1628087
0.16409674
0.15904616
0.15731166
0.15783958
0.15965644
0.15723298
0.15841873
0.15739457
0.15936944
0.15510187
0.15485336
0.15403609
0.15096447
0.1508068
0.1519888
0.15005033
0.15149929
0.1560124
0.1505226
0.15096073
0.1539076
0.15039244
0.1513742
0.15170959
0.14693876
0.15125471
0.14940684
0.15411887
0.14784245
0.15135485
0.1478782
0.14573699
0.14965871
0.14713877
0.14664663
0.14832264
0.14580727
0.1443111
0.15387715
0.14521126
0.14594026
0.14241105
0.14323187
0.14811513
0.14668211
0.14480418
0.14261813
0.14415286
0.142873
0.14364336
0.1422542
0.14172293
0.14207746
0.14134437
0.13951775
0.13929589
0.13885921
0.14073205
0.14156213
0.1414703
0.13766405
0.13734625
0.13566092
0.13868368
0.13825634
0.13649228
0.13531102
0.13297026
0.13398637
0.13544297
0.1387976
0.1352463
0.1326665
0.13262506
0.13172595
0.13375929
0.13197386
0.13184892
0.1316502
0.13341571
0.13278629
0.13063031
0.1294166
0.12831677
0.12790865
0.13076419
0.12912887
0.13128556
0.13407524
0.12850508
0.1292827
0.13295622
0.12806192
0.13009906
0.12755786
0.13139379
0.1276725
0.13056712
0.12596312
0.12664747
0.12765485
0.1254161
0.12404772
0.12984712
0.12678824
0.12630114
0.12427165
0.12515491
0.12413048
0.1224345
0.1217808
0.12518601
0.12467448
0.12232026
0.12380587
0.12346539
0.12771216
0.12279565
0.12404957
0.12278574
0.121032305
0.120403
0.1186544
0.11997955
0.12149676
0.120870516
0.11869969
0.12095551
0.11950903
0.12055263
0.122045085
0.117947385
0.11796081
0.119238175
0.12429649
0.12174495
0.11694243
0.11689634
0.11460145
0.11703308
0.11724848
0.11443881
0.11380769
0.114146605
0.11156614
0.112108186
0.11259049
0.11464563
0.11045243
0.11314996
0.11196561
0.111689165
0.11184496
0.11198653
0.11040399
0.11151182
0.11071296
0.11222418
0.112205714
0.110377125
0.11143455
0.11135297
0.111411095
0.116027385
0.109419905
0.11121564
0.11128494
0.1097997
0.11018076
0.10836568
0.10601487
0.109296545
0.111119255
0.11090977
0.10716992
0.106353484
0.106805466
0.10657911
0.108373046
0.10625427
0.11222877
0.10442577
0.106455594
0.10843729
0.10480984
0.10550016
0.107838355
0.10641811
0.102546856
0.10433508
0.105323344
0.103512265
0.10245904
0.10288116
0.10403391
0.1027794
0.10483384
0.10374149
0.10120379
0.10251795
0.10035586
0.10066721
0.10132303
0.101080194
0.10250463
0.10141203
0.09914882
0.10170118
0.10118199
0.10105231
0.09988355
0.103247724
0.0982947
0.09896085
0.10196986
0.09873777
0.10275997
0.10110401
0.099025436
0.10179229
0.0976428
0.10032267
0.097349174
0.09795574
0.096504174
0.09696017
0.09834521
0.0973859
0.095847555
0.0965648
0.09500924
0.09530406
0.09741436
0.09574633
0.09533464
0.09806919
0.09487393
0.09452168
0.09552668
0.095755845
0.09497089
0.09924225
0.09520783
0.09582128
0.096127085
0.09301223
0.09689798
0.09190156
0.09282312
0.09413519
0.09434067
0.0918715
0.093327016
0.09291044
0.09145345
0.093571484
0.09331938
0.09010403
0.09205241
0.09216765
0.09315594
0.09273444
0.09179441
0.09131237
0.0934931
0.09177962
0.09088173
0.092538595
0.09285629
0.09200107
0.09120138
0.091461785
0.09061707
0.09090694
0.08990712
0.09045087
0.091703795
0.088603854
0.09272398
0.09230771
0.088802874
0.08860907
0.08887464
0.09073902
0.088308446
0.089855924
0.08782982
0.08751446
0.087874226
0.08963018
0.08846226
0.0895605
0.08878305
0.0881853
0.08857304
0.08580791
0.08891418
0.08526244
0.086188264
0.085653156
0.08552064
0.08736429
0.0854255
0.087182105
0.085470796
0.08524055
0.08501189
0.084239915
0.08564696
0.085940264
0.08512893
0.08369623
0.08282435
0.08373265
0.083349966
0.08342993
0.08236094
0.08408693
0.08458976
0.08389663
0.085190214
0.08274414
0.08249306
0.08150982
0.082272045
0.082783476
0.08149491
0.08325032
0.08222677
0.082307726
0.083907425
0.08174768
0.08161816
0.08172764
0.07950508
0.08498971
0.08174126
0.07915354
0.07990623
0.08245145
0.08008056
0.080150485
0.08046105
0.078973934
0.08338904
0.07856089
0.08274375
0.08046201
0.08136438
0.07935546
0.08074394
0.07990086
0.07800211
0.079960644
0.07977063
0.079150796
0.0779989
0.07807549
0.07910767
0.076986216
0.07779547
0.07798138
0.077902235
0.07833779
0.07768497
0.0778568
0.07724138
0.07747959
0.07719132
0.07725315
0.077919394
0.07710058
0.07756868
0.07798369
0.07771837
0.07653594
0.07782073
0.07632745
0.07589234
0.075978085
0.07547261
0.07513209
0.077105924
0.07543037
0.07656563
0.07577202
0.07752198
0.07480301
0.0745071
0.07483321
0.07432893
0.075313926
0.075639635
0.075369045
0.07268707
0.07381913
0.07643591
0.07419128
0.07410658
0.07411763
0.07432929
0.075190775
0.07398158
0.075884275
0.07260278
0.07346701
0.072944
0.074225165
0.073651984
0.07264204
0.07438181
0.07295956
0.075282246
0.07320268
0.072827004
0.072038494
0.07375745
0.07434029
0.07443679
0.072540455
0.07173519
0.07241326
0.07286519
0.07356148
0.07092276
0.070898674
0.07322374
0.07440156
0.073429294
0.07090941
0.070654094
0.070524246
0.07045843
0.06968292
0.07108867
0.07092901
0.07074032
0.06985988
0.0686017
0.07019786
0.070199676
0.070520796
0.06932027
0.070097715
0.06828223
0.07212904
0.06932491
0.070902556
0.06907179
0.069912665
0.0686414
0.06925421
0.06866335
0.06892294
0.06875703
0.06867453
0.068859704
0.07072764
0.06858236
0.07016862
0.06752596
0.070712365
0.068462774
0.06953727
0.06727206
0.06841085
0.06755349
0.06800414
0.06923004
0.06737392
0.06712356
0.066560365
0.06690369
0.06723428
0.06517329
0.06772625
0.0687496
0.06782656
0.06617662
0.06674586
0.06655179
0.06844595
0.06731924
0.06654769
0.066407375
0.06512615
0.06675909
0.0652572
0.06968005
0.065943375
0.0661936
0.06613319
0.06583729
0.06487114
0.06579608
0.06549903
0.06568884
0.06542214
0.06520011
0.06519248
0.067318305
0.06564656
0.06364352
0.065351784
0.065788165
0.06596339
0.06622666
0.067012995
0.064311855
0.06570733
0.06487612
0.06560354
0.064160995
0.06400932
0.063343056
0.06278513
0.07007091
0.062578134
0.06486073
0.06327977
0.064216025
0.06470191
0.06288366
0.0627214
0.066618465
0.06416778
0.0647489
0.06497035
0.061883282
0.064204656
0.06400846
0.06346702
0.063188314
0.062455166
0.0626785
0.06395467
0.06388234
0.06423941
0.062649064
0.062317777
0.06290439
0.062314484
0.06318807
0.06368987
0.062091913
0.06276919
0.064299814
0.06267039
0.062293816
0.0636171
0.06290603
0.062180802
0.061526462
0.0622939
0.06318878
0.061232574
0.06088152
0.06080167
0.061738733
0.061151147
0.06088754
0.061928056
0.060875617
0.061231162
0.06139567
0.06333448
0.061561935
0.06059656
0.062164515
0.060029764
0.0621142
0.06019157
0.060064126
0.061039373
0.061115764
0.06140914
0.059788626
0.06382265
0.0603764
0.060871836
0.061152287
0.060101878
0.059393104
0.059760388
0.06218508
0.059355874
0.060358264
0.06002292
0.05999858
0.06096386
0.059388828
0.059414875
0.06049849
0.060571536
0.05963961
0.05945752
0.05914876
0.05946354
0.058894098
0.058167834
0.05788863
0.059160434
0.060405627
0.05857172
0.058651153
0.06012582
0.05932585
0.058739666
0.058171894
0.057822865
0.05913446
0.05828535
0.05818585
0.057379622
0.0583046
0.057665072
0.05813509
0.05865335
0.057978544
0.058984693
0.05829054
0.057214864
0.058633383
0.05794842
0.057527877
0.05769235
0.05818587
0.058156278
0.05926356
0.058443714
0.05746286
0.05856631
0.05849286
0.057433218
0.05816386
0.057106797
0.058505002
0.05898937
0.058189407
0.057824392
0.056639463
0.056794155
0.056612954
0.056071635
0.056333106
0.056078207
0.057254028
0.058306217
0.057654087
0.05727014
0.05690523
0.057850353
0.05822998
0.057170443
0.0572105
0.056322914
0.056552388
0.056964997
0.056000758
0.055974368
0.056828998
0.055415254
0.05643304
0.05654031
0.05608706
0.056407426
0.055752303
0.0553034
0.05672313
0.059594944
0.054653194
0.055832084
0.055255268
0.054356012
0.055196177
0.055428483
0.05531821
0.054472543
0.056591462
0.054633055
0.053743944
0.054703478
0.054668237
0.054956265
0.055034123
0.055227548
0.05437356
0.05840602
0.0560982
0.05411255
0.054526217
0.05353195
0.054655913
0.056282047
0.054640472
0.054521926
0.05378204
0.054482937
0.055394843
0.054071806
0.054695822
0.05408421
0.05382064
0.052876078
0.05507591
0.054219756
0.053790994
0.05607498
0.05495486
0.05343251
0.0533188
0.054207478
0.054887887
0.05554167
0.053620376
0.05357318
0.053064007
0.05389386
0.053002916
0.054166567
0.054064497
0.053658683
0.053944334
0.054040555
0.05441787
0.052883685
0.054574635
0.05421983
0.05373697
0.05367057
0.05278177
0.05452686
0.05381776
0.053891912
0.052587837
0.052562393
0.054041907
0.05319535
0.052686352
0.05414009
0.052529644
0.05631712
0.053752445
0.052685056
0.05366595
0.05300699
0.054060392
0.05644547
0.05240861
0.05237422
0.05379907
0.053037673
0.05262535
0.051557817
0.05250977
0.05295183
0.05170297
0.05293385
0.051550586
0.05225795
0.050906237
0.052491255
0.051545568
0.052115977
0.05390105
0.053201716
0.051331848
0.05309616
0.052566826
0.05143462
0.05260789
0.051496852
0.051875103
0.05354171
0.051541142
0.051505238
0.051618665
0.05187511
0.050970014
0.052119672
0.051456094
0.053203523
0.051995568
0.052227218
0.051727545
0.050820146
0.053142395
0.05110005
0.05250751
0.05349361
0.05287771
0.05190734
0.050703768
0.052731365
0.050940882
0.05173159
0.05256499
0.05164614
0.049934655
0.05026225
0.05117981
0.051229134
0.051097367
0.051168695
0.04989854
0.05086675
0.051669527
0.050612096
0.05212665
0.051869746
0.05071576
0.05143073
0.049616195
0.05076158
0.04968817
0.050300866
0.049745947
0.050007872
0.048846196
0.04980114
0.05060528
0.0505757
0.051304694
0.049075417
0.04912379
0.05102342
0.049885165
0.05028522
0.05038
0.05055409
0.04915802
0.049284372
0.04896961
0.04989781
0.049256943
0.050625905
0.048660226
0.049739182
0.050563816
0.050099313
0.04997217
0.049425837
0.04923736
0.049535215
0.048415042
0.04957831
0.050359376
0.049040493
0.050099332
0.0489517
0.04844775
0.048705988
0.048824895
0.051828373
0.049754918
0.04934588
0.05093291
0.048886817
0.048402302
0.048733544
0.048632376
0.04936925
0.04836877
0.04869253
0.048016466
0.04824208
0.048306815
0.048355915
0.048539594
0.05058292
0.04802388
0.046986233
0.04836571
0.04942846
0.04866141
0.04814481
0.04835104
0.0492339
0.047753096
0.048161015
0.048684306
0.048113085
0.047561556
0.048836555
0.048617646
0.047671493
0.050616987
0.047982365
0.04933483
0.049180355
0.047837306
0.047876447
0.049016196
0.047649737
0.048150714
0.047714796
0.048514232
0.050165504
0.0489605
0.048500225
0.04772173
0.048031405
0.0495315
0.0480211
0.049320307
0.04781847
0.04755353
0.049191684
0.04727491
0.04674386
0.048593756
0.047833566
0.047851436
0.04719389
0.04825793
0.047510743
0.048165224
0.046861857
0.047435064
0.04750516
0.04803075
0.04669933
0.046357002
0.04669687
0.04690307
0.046809528
0.048042957
0.046692137
0.046226773
0.049165163
0.046766683
0.046829842
0.047757994
0.046259433
0.04604607
0.047299683
0.04609897
0.04608088
0.045763116
0.04670294
0.04527526
0.046188172
0.045937575
0.046229925
0.046860624
0.045897465
0.045822002
0.045818232
0.04761969
0.04667652
0.04690775
0.045829974
0.046240866
0.047257993
0.048198093
0.04610963
0.04683573
0.046736002
0.045485068
0.045599673
0.046183467
0.046111815
0.045850694
0.046114393
0.046621896
0.04677581
0.046554632
0.046583395
0.04590909
0.044662185
0.04597515
0.0449297
0.04562475
0.045516536
0.045716185
0.04604991
0.044959985
0.045502055
0.0449067
0.046011027
0.04547729
0.045064375
0.04618352
0.04639752
0.04506029
0.044993777
0.045356937
0.045286953
0.04641114
0.04607635
0.04635334
0.04543287
0.047300156
0.045694202
0.044545405
0.045216646
0.044986602
0.045282394
0.045768365
0.047243793
0.045410823
0.045305837
0.04498274
0.04497658
0.045462422
0.045943033
0.044765983
0.044391416
0.045893233
0.045071688
0.04425349
0.04454028
0.044550654
0.044726405
0.0449193
0.045487095
0.045078527
0.04471542
0.045991637
0.04425985
0.044443198
0.04465562
0.045645963
0.044500574
0.0436953
0.04519819
0.045918133
0.04494902
0.045552447
0.043574467
0.045028515
0.04339436
0.044268943
0.044455033
0.044169787
0.043817952
0.04654023
0.044353664
0.04461402
0.044543426
0.044452783
0.04453431
0.04346246
0.04415293
0.043893542
0.044560898
0.043335572
0.044462208
0.044012398
0.04329654
0.04461927
0.04471939
0.044122573
0.043789268
0.043610133
0.044867318
0.04504732
0.044982836
0.042920683
0.044664156
0.0435962
0.043463673
0.04474079
0.0427646
0.044238508
0.044432994
0.043857034
0.043861534
0.044223472
0.0430214
0.043476764
0.044173934
0.043488793
0.042734336
0.043274578
0.043318495
0.044539306
0.04331902
0.04419535
0.043423876
0.04406388
0.04285767
0.04348219
0.044244047
0.04283517
0.042352837
0.042589933
0.044323
0.043424755
0.042848874
0.04254238
0.044877887
0.042980604
0.044298045
0.043736417
0.042549256
0.043101937
0.04243346
0.042477705
0.042822044
0.04214492
0.043255832
0.045419365
0.04319989
0.042601127
0.043595903
0.042932063
0.0433869
0.04232038
0.04225695
0.044188574
0.0422003
0.04235172
0.043633334
0.043291636
0.04255063
0.043112494
0.043594465
0.04347928
0.04299079
0.043028757
0.04333178
0.04303898
0.04383444
0.04277564
0.043022998
0.043139424
0.04351395
0.0425031
0.042963427
0.043519694
0.04274434
0.04261828
0.04284755
0.041866347
0.04158118
0.042603534
0.0408498
0.04222636
0.041841656
0.04299114
0.041455492
0.042328507
0.042290475
0.042687837
0.041824058
0.042457666
0.043006137
0.041759033
0.04241925
0.042687234
0.043024264
0.042960986
0.041880146
0.04262022
0.041641448
0.04215215
0.040830407
0.043086354
0.041620586
0.042682458
0.042212676
0.04117428
0.042374857
0.042580478
0.041507147
0.04198362
0.043367974
0.041852992
0.042929642
0.04194797
0.041832563
0.041860413
0.042168114
0.04291555
0.04108935
0.04136272
0.042149104
0.041305933
0.041244548
0.040777627
0.04217971
0.042005382
0.04131655
0.040835213
0.041696034
0.041578062
0.04238598
0.041149963
0.041875698
0.0409232
0.043321356
0.04232725
0.040848948
0.04191327
0.041809276
0.041559327
0.040639523
0.04051092
0.04142031
0.041516718
0.040215813
0.04094752
0.04079569
0.041610412
0.041023582
0.04264809
0.041021924
0.041222777
0.04047295
0.040576197
0.04187349
0.040068235
0.041356977
0.03988599
0.042420205
0.041585788
0.040871684
0.041094035
0.041003857
0.041138418
0.04202968
0.04113062
0.040904097
0.039730117
0.040534645
0.040242296
0.040048525
0.040178075
0.04078662
0.04145701
0.040118266
0.03997566
0.04169136
0.039889343
0.040615823
0.040292393
0.040260684
0.04056165
0.040622275
0.041470397
0.03963553
0.040116515
0.040088
0.039860554
0.03981977
0.042070348
0.04030405
0.041954387
0.041113716
0.039979573
0.04014201
0.04182819
0.04051328
0.040934328
0.040319744
0.04053381
0.03971408
0.03954605
0.04066281
0.039879054
0.041156743
0.040362727
0.040508118
0.039583113
0.039908785
0.03996733
0.040958624
0.03996991
0.03952916
0.039519582
0.04036485
0.039896782
0.04078843
0.040590286
0.04038829
0.041073784
0.040324334
0.040373128
0.040441908
0.040249087
0.039400753
0.039149832
0.040047903
0.038635954
0.04010063
0.040370546
0.040040728
0.040174052
0.0393348
0.039734952
0.039827507
0.04046668
0.04003214
0.03899727
0.039290737
0.038786292
0.038835634
0.03964033
0.038455226
0.03924723
0.039665796
0.039112397
0.03964612
0.0387892
0.039290726
0.03924287
0.039627414
0.039930347
0.039854515
0.040460415
0.040043436
0.039429713
0.038941275
0.040325128
0.039653722
0.039830986
0.039678473
0.03812806
0.038007483
0.03949756
0.040142488
0.03848291
0.038484238
0.038866073
0.038925413
0.03908683
0.038492676
0.039158795
0.038848344
0.040016547
0.0388064
0.03932804
0.038653098
0.040055286
0.03994941
0.039421916
0.03991126
0.039356522
0.038977496
0.03821188
0.038421042
0.039071187
0.039103124
0.04005825
0.039926343
0.040680908
0.040161688
0.0381692
0.038994867
0.03941309
0.039368987
0.0387942
0.038363606
0.0388311
0.038363863
0.038311027
0.03924367
0.038493924
0.039148763
0.038404506
0.03957179
0.038315017
0.038252726
0.03841359
0.0390468
0.038501725
0.03807262
0.03816709
0.03767088
0.037922934
0.039277773
0.038677234
0.0389883
0.03921461
0.0379456
0.038695082
0.039062243
0.038627487
0.038169637
0.038807575
0.03785446
0.038060963
0.039531976
0.03919136
0.038503524
0.038447425
0.038662944
0.037832532
0.037892297
0.038077127
0.039012272
0.03805984
0.0386904
0.038728904
0.037783958
0.038620893
0.03761707
0.03772708
0.03815366
0.038203213
0.037975557
0.038172577
0.03902467
0.038652785
0.03693769
0.037017044
0.037384182
0.037336636
0.03824142
0.03771226
0.037923556
0.03767445
0.037777368
0.03834133
0.039222233
0.03881087
0.037726246
0.037617713
0.038373627
0.037751343
0.03771202
0.03813776
0.037688125
0.03779117
0.03741059
0.03711981
0.038219918
0.037784453
0.03767487
0.038413018
0.038009506
0.037461516
0.038062856
0.03775457
0.037519306
0.037163496
0.03762678
0.037837774
0.038378663
0.036719557
0.03718336
0.038585052
0.03769232
0.038079888
0.037295315
0.0383482
0.037856415
0.0375681
0.037017953
0.038094964
0.037267715
0.037871506
0.03761222
0.037008658
0.037791967
0.038533468
0.03687862
0.038446985
0.038145337
0.036879715
0.03811573
0.037312593
0.036562793
0.037556153
0.03766487
0.037906196
0.036922064
0.03879704
0.03745389
0.037662458
0.037282716
0.036576416
0.03743869
0.03667018
0.036486775
0.03736686
0.03708417
0.03679834
0.037630007
0.037333846
0.036531053
0.03764557
0.036919083
0.038607433
0.036492426
0.037936617
0.03684713
0.03708107
0.037176304
0.037369832
0.036798384
0.03804234
0.036255352
0.03698456
0.03686061
0.038060717
0.036400378
0.03712649
0.03612198
0.038798574
0.036174215
0.038175743
0.03603885
0.03679995
0.036941446
0.037232645
0.037267108
0.037097305
0.03716078
0.036371298
0.037934203
0.036054388
0.03698163
0.036485672
0.036497477
0.036726687
0.036943607
0.036266465
0.03639868
0.036663078
0.035842746
0.036887076
0.03755475
0.0367906
0.03655088
0.03719446
0.035588507
0.036563836
0.035862204
0.036776267
0.037247002
0.036223244
0.03719511
0.036595274
0.036563013
0.03708989
0.0366498
0.036866695
0.036915913
0.03633912
0.035610195
0.03648495
0.03589053
0.03717631
0.036223862
0.036796577
0.03717449
0.036610465
0.036181938
0.03710302
0.03575965
0.035958573
0.036126997
0.03664357
0.036685437
0.035383664
0.03704508
0.035953473
0.036057077
0.035521995
0.03578752
0.03509956
0.03718996
0.03587836
0.036529344
0.036865495
0.03677225
0.03672306
0.03632955
0.03703555
0.03538591
0.036820974
0.03574638
0.035825204
0.03663813
0.035807814
0.037116893
0.036103107
0.036350086
0.036622006
0.03582531
0.035345502
0.03590001
0.035304856
0.03555252
0.03609039
0.037069045
0.035115432
0.03571787
0.03514414
0.035690024
0.035537418
0.03529238
0.035578303
0.03757063
0.035517365
0.035081085
0.035373952
0.03518963
0.035312567
0.036349047
0.0352885
0.036335874
0.03662108
0.036745083
0.036286484
0.035362154
0.036037143
0.03574808
0.035272107
0.035255134
0.037025962
0.03557162
0.035667196
0.034959815
0.034629546
0.035592005
0.034734365
0.035690527
0.034976933
0.03631226
0.035409503
0.034980875
0.035022352
0.03536769
0.034658723
0.03491138
0.03507718
0.035395123
0.034687698
0.03537372
0.03589566
0.034914006
0.034624927
0.03499287
0.035454247
0.034383904
0.035069257
0.034763806
0.035127603
0.034680404
0.035027206
0.034630053
0.035395544
0.035074387
0.03508396
0.034518298
0.03481504
0.034888186
0.035108246
0.035164513
0.037176713
0.034944464
0.03430518
0.036568575
0.035609044
0.035054296
0.034569573
0.034958746
0.035135977
0.0353073
0.035543367
0.03512446
0.03616654
0.035707243
0.034363866
0.0335912
0.034647472
0.034167826
0.034755707
0.034620695
0.03604299
0.034458783
0.033861473
0.034680683
0.035068832
0.03523255
0.03509972
0.03484455
0.033886336
0.034414746
0.034872685
0.034761187
0.03494939
0.035403725
0.03406738
0.035644986
0.03439608
0.035189822
0.03411564
0.034964815
0.034930706
0.03432611
0.034251053
0.034246095
0.03376283
0.034039028
0.035028905
0.034515873
0.03506103
0.034856725
0.034088884
0.036307838
0.035682913
0.03547919
0.035757724
0.03468623
0.03445348
0.03453772
0.035967432
0.034496002
0.034998782
0.034939177
0.03422015
0.03540429
0.034367647
0.03450804
0.034804214
0.034849875
0.0348449
0.03414993
0.035106946
0.035246283
0.033552136
0.0340249
0.034335636
0.034074746
0.034437135
0.034264766
0.033987
0.034736592
0.03511493
0.034545146
0.03460179
0.033859517
0.034577254
0.034439053
0.03468358
0.035375237
0.03355745
0.033536445
0.034333926
0.033753816
0.034165498
0.034448322
0.033465378
0.033726454
0.033934202
0.034437247
0.03447799
0.034581326
0.03571981
0.03711963
0.03401288
0.033978913
0.034419514
0.03427736
0.033566628
0.034741912
0.03399365
0.03463547
0.03422347
0.03323552
0.033948977
0.034225725
0.034168966
0.034270443
0.033829797
0.03467433
0.034962565
0.034098078
0.03310048
0.03371301
0.03383277
0.03489183
0.033642147
0.03365116
0.034424197
0.033766743
0.034192454
0.034237735
0.034998883
0.033850264
0.034704942
0.03476914
0.03387075
0.034304786
0.03368378
0.03534797
0.034094512
0.03488298
0.033388793
0.034963906
0.034392726
0.03393836
0.03424745
0.03403395
0.033668336
0.03462829
0.03457008
0.033539046
0.034670394
0.033619907
0.034100294
0.033627883
0.03403906
0.03311852
0.034232665
0.03316742
0.033887003
0.034046393
0.033625767
0.03413551
0.035272416
0.033150367
0.03358743
0.033979397
0.035597827
0.034611605
0.033539396
0.032960694
0.033902008
0.033653256
0.03433648
0.033877824
0.033466335
0.033117935
0.033985227
0.033548165
0.032670375
0.032771874
0.033415698
0.03369929
0.03276887
0.033219296
0.032990597
0.033256333
0.033519045
0.03323307
0.033064328
0.03316088
0.03406641
0.033723705
0.033286095
0.032581232
0.033134956
0.033414938
0.0328052
0.033703063
0.033317987
0.032551885
0.033319984
0.034139853
0.03308854
0.03315938
0.03335348
0.034975786
0.033169214
0.033075936
0.033635247
0.033152055
0.033194337
0.033645734
0.033738356
0.03385829
0.03301305
0.03479403
0.03338305
0.033520654
0.03286942
0.03289855
0.031974547
0.033519037
0.034438517
0.033707246
0.032910965
0.032403763
0.032250144
0.03332828
0.03396862
0.031594265
0.0327353
0.034225207
0.03314182
0.03452325
0.033211257
0.03302286
0.032570373
0.034198973
0.03227004
0.033100378
0.032647304
0.033357106
0.034120698
0.03350292
0.032960545
0.033416916
0.03332105
0.032202285
0.033268984
0.033040944
0.03373841
0.03365777
0.032734092
0.03240871
0.03304472
0.032783523
0.032290988
0.03273223
0.03266079
0.032450512
0.03280646
0.03254966
0.032475732
0.0327892
0.0326498
0.033154216
0.033102125
0.03248057
0.03217438
0.03217564
0.03297161
0.03247357
0.03345029
0.031998094
0.033598624
0.031625498
0.03219076
0.031780183
0.03175362
0.032345418
0.03260931
0.031895548
0.0333108
0.032248788
0.032061193
0.03187344
0.032212846
0.032345325
0.03294882
0.032776237
0.033035737
0.03399761
0.03238078
0.032499958
0.032848638
0.03221169
0.03316255
0.0326032
0.032410715
0.032303277
0.032905754
0.03231704
0.03209591
0.032283794
0.03330693
0.03216601
0.031620793
0.031641174
0.032263327