20 356.62 0.11 356.74 0.074 19 45 0.08 0.0 
40 352.06 0.3 352.36 0.161 39 96 0.16 0.0 
60 347.42 0.63 348.05 0.238 59 169 0.24 0.0 
80 344.82 0.95 345.76 0.318 79 225 0.32 0.0 
100 341.39 1.06 342.45 0.396 99 288 0.4 0.0 
120 340.74 1.17 341.91 0.435 117 357 0.48 0.0 
140 335.9 1.35 337.24 0.479 135 429 0.55 0.0 
160 332.76 1.52 334.28 0.508 155 507 0.63 0.0 
180 329.75 1.8 331.55 0.549 174 582 0.71 0.01 
200 327.29 1.81 329.1 0.568 194 672 0.79 0.01 
220 325.49 1.91 327.39 0.594 210 766 0.86 0.01 
240 322.91 2.1 325.01 0.613 226 861 0.92 0.01 
260 320.51 2.28 322.78 0.64 245 945 1.0 0.01 
280 318.31 2.38 320.7 0.664 263 1051 1.07 0.01 
300 316.68 2.42 319.1 0.675 280 1156 1.14 0.01 
320 314.07 2.72 316.78 0.689 296 1265 1.21 0.01 
340 311.91 2.83 314.73 0.704 313 1367 1.28 0.01 
360 310.61 3.13 313.74 0.713 331 1480 1.35 0.01 
380 308.73 3.3 312.04 0.722 348 1603 1.42 0.01 
400 306.75 3.56 310.31 0.735 361 1702 1.47 0.02 
420 306.44 3.75 310.2 0.749 377 1794 1.54 0.02 
440 303.91 3.95 307.85 0.759 392 1926 1.6 0.02 
460 301.84 4.2 306.04 0.763 411 2023 1.68 0.02 
480 299.99 4.38 304.37 0.772 425 2144 1.73 0.02 
500 299.72 4.71 304.42 0.78 441 2261 1.8 0.02 
520 298.75 4.91 303.67 0.786 459 2365 1.87 0.02 
540 296.43 5.17 301.6 0.796 472 2479 1.92 0.02 
560 293.64 5.47 299.12 0.805 487 2608 1.99 0.02 
580 293.18 5.68 298.86 0.809 503 2741 2.05 0.03 
600 291.81 5.97 297.78 0.812 517 2896 2.11 0.03 
620 290.46 6.07 296.54 0.818 531 3041 2.16 0.03 
640 288.6 6.42 295.02 0.822 546 3189 2.23 0.03 
660 286.97 6.71 293.69 0.826 563 3330 2.3 0.03 
680 285.75 7.02 292.77 0.832 581 3474 2.37 0.03 
700 285.16 7.34 292.5 0.835 599 3606 2.44 0.03 
720 283.05 7.62 290.67 0.841 614 3720 2.5 0.03 
740 282.46 7.86 290.32 0.845 629 3866 2.56 0.04 
760 281.78 8.05 289.84 0.849 646 4007 2.63 0.04 
780 280.13 8.39 288.52 0.85 661 4164 2.69 0.04 
800 278.3 8.65 286.95 0.852 674 4305 2.75 0.04 
820 277.12 8.88 286.0 0.853 689 4458 2.81 0.04 
840 275.4 9.17 284.57 0.857 706 4615 2.88 0.04 
860 275.06 9.47 284.53 0.859 722 4780 2.94 0.04 
880 272.89 9.78 282.67 0.864 738 4939 3.01 0.05 
900 271.06 9.96 281.02 0.865 753 5123 3.07 0.05 
920 270.38 10.31 280.69 0.868 769 5311 3.13 0.05 
940 269.12 10.64 279.76 0.87 785 5473 3.2 0.05 
960 267.62 10.92 278.54 0.873 802 5614 3.27 0.05 
980 266.23 11.22 277.45 0.875 815 5770 3.32 0.05 
1000 265.95 11.45 277.39 0.878 829 5953 3.38 0.06 
1020 265.5 11.66 277.16 0.88 845 6126 3.44 0.06 
1040 262.39 11.93 274.31 0.882 861 6297 3.51 0.06 
1060 261.92 12.28 274.2 0.884 873 6471 3.56 0.06 
1080 261.16 12.57 273.73 0.884 887 6648 3.62 0.06 
1100 259.92 12.79 272.71 0.887 904 6809 3.69 0.06 
1120 259.8 12.97 272.78 0.887 912 7003 3.72 0.06 
1140 258.16 13.3 271.46 0.89 927 7160 3.78 0.07 
1160 256.59 13.56 270.15 0.892 938 7313 3.82 0.07 
1180 256.19 13.9 270.09 0.894 951 7520 3.88 0.07 
1200 256.13 14.3 270.42 0.897 966 7710 3.94 0.07 
1220 254.42 14.67 269.09 0.899 981 7902 4.0 0.07 
1240 252.68 15.02 267.71 0.901 996 8092 4.06 0.07 
