
0.48430115
0.46495205
0.4458144
0.45155334
0.4609812
0.4306312
0.4371314
0.43150645
0.43767765
0.4226652
0.53144336
0.48030108
0.417337
0.41359955
0.42156008
0.42030033
0.42058596
0.41261417
0.4298764
0.392054
0.39358118
0.40872228
0.39866927
0.40665114
0.4131242
0.4195274
0.4103514
0.40638667
0.39016482
0.4066761
0.38866225
0.3941692
0.38774753
0.38517034
0.37957254
0.39111948
0.38321027
0.3925723
0.37760097
0.38099626
0.36976007
0.3696277
0.38490924
0.38129136
0.37346855
0.3708896
0.3736256
0.3654784
0.35938388
0.34570548
0.34741524
0.33464554
0.3433846
0.3371731
0.33327395
0.33640102
0.3373263
0.3360021
0.33839837
0.33175755
0.33397356
0.32507044
0.32923603
0.32527956
0.3261252
0.3273037
0.33257082
0.32669306
0.32581988
0.32134566
0.32654878
0.3219491
0.3215574
0.31646505
0.32449853
0.31726122
0.32999346
0.32242844
0.32397965
0.32006848
0.32191792
0.30326873
0.31842533
0.2963561
0.30302855
0.29967582
0.30089208
0.30116582
0.29808113
0.2919994
0.29945666
0.29203618
0.29837438
0.29767
0.28399464
0.2906955
0.2870629
0.28934866
0.2860375
0.28330556
0.28206563
0.27819988
0.28616467
0.27320322
0.2741374
0.27605045
0.27841118
0.279184
0.27745456
0.27184615
0.26658595
0.26397678
0.2637989
0.2735363
0.26723826
0.26459745
0.2609437
0.26230672
0.2696923
0.26787138
0.26649126
0.26133806
0.26090062
0.2615796
0.263292
0.26391518
0.264938
0.2620171
0.25418973
0.26912588
0.266119
0.25961575
0.26816577
0.25431165
0.25091958
0.25030464
0.25011146
0.25167367
0.25486714
0.24921978
0.25102317
0.24977008
0.24839368
0.2509676
0.24360871
0.24667548
0.24109784
0.23956469
0.2418441
0.24371727
0.24406706
0.24415062
0.23807158
0.23993121
0.23777837
0.2423121
0.24570185
0.23605052
0.23890792
0.2348543
0.23388167
0.2370305
0.23784289
0.2364351
0.24218369
0.23693964
0.23675825
0.23661447
0.23607019
0.2349269
0.23502147
0.23394148
0.24370973
0.23660994
0.23427261
0.23764758
0.23549967
0.22641867
0.24121392
0.22823273
0.23229286
0.22972037
0.23795852
0.22690682
0.22811775
0.22681491
0.22708738
0.225309
0.22793634
0.22701791
0.23075044
0.22273627
0.22614388
0.22428705
0.22643527
0.2223559
0.22238734
0.23213811
0.21988502
0.21931784
0.21922688
0.22212668
0.21886508
0.22097147
0.21679425
0.21764228
0.21806729
0.21404395
0.21369787
0.2167658
0.22069474
0.21601905
0.2094739
0.21079932
0.2184564
0.21291782
0.22046481
0.2170292
0.21107474
0.22054599
0.21647619
0.2122046
0.21771292
0.21255636
0.20971444
0.20800364
0.20885609
0.20499466
0.20572215
0.20481911
0.2101703
0.21086596
0.20470172
0.20959955
0.2044561
0.20268017
0.20802271
0.20405121
0.20103289
0.202904
0.20458288
0.20082627
0.20397608
0.20209871
0.20322154
0.1990002
0.19813801
0.2006028
0.20416953
0.20049414
0.20350178
0.19876488
0.20265971
0.19657512
0.20107514
0.1991173
0.19971104
0.19796371
0.19502516
0.19861972
0.19996618
0.19721778
0.19510172
0.19917607
0.20112215
0.1998366
0.19793914
0.20379186
0.19435118
0.19528277
0.19742672
0.1962865
0.19995889
0.1914293
0.20049614
0.19281235
0.19407633
0.19591722
0.19446681
0.18897222
0.18733868
0.18591426
0.18927029
0.18580946
0.18940724
0.19059624
0.18620186
0.18510191
0.18313773
0.18494412
0.18255214
0.18526386
0.18248832
0.18314767
0.18601981
0.1837394
0.17988713
0.1824195
0.18385649
0.17960618
0.1822353
0.18142931
0.17894025
0.17998222
0.19071794
0.17864795
0.18570724
0.17663164
0.17905602
0.18242818
0.17880462
0.1755776
0.17779249
0.17301527
0.17782092
0.1785909
0.1751878
0.17705998
0.17467333
0.17712171
0.1717434
0.16922756
0.17392997
0.17832604
0.17316914
0.17118485
0.17429139
0.17431594
0.1711003
0.1756017
0.17285791
0.17175749
0.17039487
0.17128648
0.17552857
0.17102714
0.17269523
0.17344204
0.16947536
0.1744754
0.17008194
0.16720493
0.16693321
0.16605124
0.16470076
0.16620389
0.16612254
0.16692808
0.17021486
0.16695406
0.17211902
0.17970392
0.16678959
0.16980986
0.1663647
0.16334635
0.17403981
0.17162964
0.16681883
0.16177069
0.1618606
0.16371468
0.16393206
0.16282438
0.16106753
0.16385448
0.16315937
0.1654912
0.16561444
0.1662805
0.16171294
0.1647127
0.15954287
0.16586937
0.16145542
0.16089629
0.16358133
0.15933897
0.1587707
0.16396374
0.16092491
0.16208476
0.16115947
0.15743688
0.15997308
0.15663701
0.16045831
0.16567011
0.15861905
0.15573299
0.15778251
0.16036285
0.16067871
0.1544736
0.15941913
0.16212064
0.16168673
0.1602374
0.16141766
0.15362997
0.15794337
0.15643184
0.15819663
0.15490437
0.154221
0.1533546
0.1554651
0.1545747
0.1525919
0.1524511
0.1542489
0.15406273
0.1531567
0.15767841
0.15189303
0.15861194
0.15080807
0.15459652
0.15479161
0.15184486
0.15397638
0.15466696
0.1528705
0.15536763
0.15143529
0.1525856
0.15052131
0.15804937
0.15416826
0.1536949
0.15137531
0.15062849
0.15039863
0.14787732
0.14792341
0.15029153
0.14998518
0.14679813
0.14809977
0.15379289
0.14757763
0.14874816
0.15053375
0.14880589
0.14881073
0.14889193
0.14530244
0.1505185
0.14769709
0.14804536
0.1496632
0.14590843
0.15356874
0.14730655
0.15028231
0.14761792
0.15211408
0.14553237
0.1516722
0.1544906
0.14974836
0.14660083
0.14656544
0.14334662
0.14553748
0.14575748
0.14622487
0.14594033
0.14474419
0.14407887
0.14522609
0.14697406
0.14710426
0.1466399
0.14837402
0.14541502
0.15013354
0.14304817
0.14320312
0.14509071
0.14117697
0.14618942
0.14118004
0.14192566
0.14257501
0.14029226
0.13961938
0.13991731
0.13945633
0.13933215
0.14052206
0.13783681
0.14304863
0.13952516
0.13910487
0.1378828
0.13860014
0.1391922
0.140916
0.13633317
0.1384048
0.14062777
0.13958275
0.14120783
0.13815755
0.13829982
0.13678959
0.14534992
0.14026286
0.13454603
0.14306599
0.1378786
0.14172493
0.13923123
0.13747495
0.13552096
0.1427745
0.13661878
0.13569991
0.1363912
0.13650388
0.14393918
0.14236169
0.13470934
0.13689856
0.13931242
0.13534392
0.1394356
0.13259451
0.13385715
0.1321877
0.13619137
0.13460216
0.13631482
0.13499825
0.13452466
0.13823837
0.13503885
0.1360057
0.13338844
0.13442151
0.1331966
0.13964331
0.13972756
0.13445729
0.13270935
0.13039447
0.13349973
0.13640064
0.13130647
0.13185875
0.13122833
0.1310712
0.13017686
0.12936415
0.13039051
0.13164338
0.1352505
0.13277912
0.13024826
0.1343807
0.1376797
0.13488169
0.13008977
0.13288204
0.13084543
0.13425814
0.13108133
0.13458651
0.13340354
0.12850466
0.12700805
0.12736388
0.12815091
0.1345157
0.12858576
0.12871346
0.12778515
0.12659846
0.12717277
0.12874128
0.12893319
0.13142452
0.12937945
0.12792924
0.12589459
0.12643087
0.1283482
0.12427988
0.12705222
0.13733
0.1254912
0.12930904
0.12739255
0.12892868
0.12706617
0.12331061
0.12999965
0.1252768
0.12612267
0.12362799
0.12317321
0.12620085
0.12457004
0.12569632
0.124777995
0.123807386
0.12677196
0.12599383
0.12423423
0.127148
0.12605892
0.12320842
0.12580869
0.12117595
0.12244199
0.12346006
0.12467962
0.122293524
0.12446578
0.12458383
0.12368986
0.1247085
0.123705104
0.12253322
0.12200474
0.12559508
0.12048443
0.1274163
0.122558385
0.11884398
0.12420914
0.121906534
0.121314704
0.12735276
0.12144295
0.12073949
0.12138071
0.12088561
0.12153279
0.11857239
0.12019596
0.11972285
0.11880024
0.11932051
0.1209442
0.11750665
0.120909
0.11979511
0.121037215
0.12088451
0.11927103
0.1229767
0.11758342
0.11912627
0.11790466
0.11669907
0.11756189
0.119195364
0.11982601
0.114941075
0.11669504
0.122854605
0.11609074
0.11661009
0.116002165
0.117033236
0.11593151
0.11598295
0.118499964
0.11974075
0.117453195
0.11920138
0.12016
0.12300085
0.11358643
0.12004661
0.11343211
0.116215914
0.11432174
0.114385635
0.11878661
0.11752986
0.11674309
0.115844406
0.1129614
0.11719914
0.1163378
0.11769504
0.1167662
0.11525368
0.11489082
0.11231935
0.11344457
0.11430253
0.121345565
0.11391815
0.11634596
0.11249937
0.11921475
0.11425035
0.11127655
0.11257519
0.113521494
0.111806706
0.11289295
0.11604694
0.11302366
0.11889007
0.10969375
0.112700015
0.113141626
0.1118552
0.11358697
0.11619199
0.112819985
0.11858713
0.11461275
0.11164409
0.10892483
0.112930566
0.11218707
0.11151675
0.11067337
0.11351361
0.11051392
0.111549
0.10911883
0.11241505
0.111838795
0.11241869
0.109679714
0.11122843
0.10869235
0.11189052
0.1086113
0.10895874
0.108487986
0.1082277
0.11429274
0.10747353
0.107094854
0.1093778
0.10967111
0.110280424
0.10903998
0.11228537
0.10961944
0.10933348
0.1105249
0.11297589
0.11147279
0.110978514
0.10726049
0.107729815
0.111577846
0.110188276
0.1096669
0.10796314
0.10674156
0.110917
0.10993646
0.10776319
0.10718481
0.108776934
0.10834493
0.108363
0.10785038
0.109917164
0.10781074
0.10885211
0.1104618
0.10799453
0.107141644
0.106543586
0.10896609
0.10730784
0.10592868
0.10823568
0.11019097
0.10527094
0.10690688
0.109659515
0.11138374
0.11079602
0.1058842
0.10718996
0.105094135
0.10854224
0.109376065
0.10615326
0.10966038
0.10640788
0.10989812
0.107195854
0.10750789
0.105984114
0.10650041
0.105716616
0.10794208
0.10665454
0.10771563
0.105030775
0.10462737
0.10695452
0.103796475
0.10515205
0.1098449
0.108259246
0.10277947
0.104861036
0.10616464
0.10549091
0.10556285
0.10740576
0.104857646
0.104868315
0.10803005
0.10363093
0.10520047
0.11109832
0.10461971
0.10306135
0.103821
0.104113385
0.10470297
0.105037145
0.10623868
0.10288813
0.103878744
0.10256846
0.10334325
0.10292521
0.10087965
0.106534675
0.10318816
0.10462667
0.101530395
0.10133747
0.10199083
0.10033399
0.10673587
0.10281982
0.10266775
0.10351164
0.10280374
0.10284482
0.100595415
0.102231525
0.10167841
0.10261366
0.10120446
0.10168454
0.09986958
0.10544302
0.10145163
0.09957066
0.10249081
0.10420631
0.100183256
0.10329828
0.10170408
0.10044996
0.09954909
0.100680254
0.10101244
0.09891671
0.10330881
0.10336921
0.099986106
0.10237097
0.100569196
0.09937949
0.1010016
0.10088212
0.10184308
0.100279056
0.09877542
0.1010722
0.10216574
0.09814114
0.10009907
0.099944256
0.09997708
0.10083014
0.099166624
0.09917122
0.100273415
0.09666233
0.09800098
0.101945594
0.10097434
0.09909259
0.101886936
0.09771209
0.0956408
0.09748604
0.09759454
0.09926662
0.098548524
0.09762576
0.09839456
0.095703244
0.09907218
0.0993716
0.09824054
0.09649454
0.09957155
0.09704779
0.09709036
0.09666281
0.09609575
0.09713646
0.096624
0.09806791
0.09533874
0.09716288
0.096846
0.09750394
0.0969465
0.09730914
0.09370993
0.09449474
0.09948798
0.09734968
0.09629519
0.09790797
0.09391724
0.09513413
0.09538479
0.100559555
0.09564369
0.09381765
0.0934618
0.09775207
0.09605631
0.09358767
0.09600402
0.09458594
0.09399747
0.09333071
0.10011866
0.0989182
0.09585566
0.09486263
0.095462084
0.095424645
0.09549711
0.09395343
0.09382543
0.09317652
0.09573096
0.09411468
0.095087506
0.093487725
0.096113704
0.092923746
0.0932061
0.094527036
0.092005596
0.09622016
0.096042894
0.09494673
0.09743968
0.09248009
0.091886446
0.09346833
0.095894225
0.09356256
0.09460176
0.09536985
0.09473416
0.093582936
0.09095972
0.09141758
0.09239767
0.09798059
0.09389663
0.09311865
0.09543348
0.09393399
0.09498619
0.091932304
0.09741565
0.09225233
0.094734415
0.09460509
0.092737705
0.091419436
0.09284628
0.092608765
0.091156974
0.092338815
0.09297504
0.09141526
0.094557874
0.094529174
0.09497917
0.092915095
0.09310757
0.09554306
0.08994108
0.09191742
0.09045672
0.094111525
0.09119358
0.0912853
0.09302458
0.09444006
0.09112179
0.09069438
0.09391654
0.095556356
0.09025815
0.09158509
0.091681056
0.09000095
0.093441024
0.09131941
0.09127721
0.08917356
0.09167123
0.095800094
0.08846627
0.0911337
0.09005392
0.0886987
0.08922583
0.08812755
0.08884369
0.09036776
0.089721456
0.09016582
0.08970678
0.08941067
0.08847205
0.0883103
0.08993016
0.091262825
0.087925434
0.09234096
0.090133935
0.09093032
0.08985201
0.09205356
0.089447275
0.09091717
0.08724183
0.087040655
0.08859428
0.09030652
0.08966912
0.088411294
0.08964587
0.090611316
0.08832786
0.08857436
0.08742946
0.0874224
0.08895223
0.08909959
0.08942184
0.088383935
0.087651975
0.08876292
0.086837344
0.090106145
0.08645256
0.08945799
0.08646035
0.087665126
0.0880412
0.091203324
0.091230944
0.09103373
0.08808136
0.08572868
0.088366225
0.087374516
0.08616625
0.08805053
0.086804405
0.0860297
0.08575834
0.08663687
0.088625096
0.08593831
0.087876864
0.08818353
0.08580888
0.09084682
0.0845723
0.08843085
0.08535082
0.08593271
0.08477807
0.0881985
0.08611256
0.08727734
0.08492359
0.08735382
0.084863074
0.08617692
0.08784244
0.08729995
0.085651785
0.087167956
0.08824658
0.08509343
0.08812924
0.08687299
0.084300905
0.087290205
0.08451719
0.085746184
0.086297184
0.087242804
0.08646338
0.08553188
0.08641303
0.08734247
0.08624484
0.08849196
0.087328054
0.08490991
0.085066356
0.08913497
0.08644007
0.083589435
0.083364576
0.08310641
0.08568206
0.085433
0.08618003
0.086615935
0.086734444
0.08446274
0.08606117
0.08379437
0.08436128
0.08499413
0.084028415
0.08482967
0.08392211
0.08591169
0.08523431
0.08629828
0.08467397
0.08538219
0.084118344
0.0853104
0.08712733
0.083736815
0.08578563
0.08371942
0.08595055
0.08382165
0.08406813
0.083692595
0.08610944
0.08271499
0.08442712
0.083697215
0.08479564
0.08602609
0.08458464
0.08589086
0.08319454
0.08417133
0.08275994
0.08351634
0.08262765
0.084956445
0.08544243
0.08402794
0.08352455
0.081645556
0.08631493
0.08355592
0.0855394
0.0843794
0.084264964
0.0859461
0.09101533
0.08096941
0.0848201
0.081875704
0.08371562
0.08190621
0.081758246
0.08116502
0.08200914
0.08433012
0.08362236
0.08034309
0.08346937
0.08167262
0.08101504
0.08218096
0.08621457
0.07970506
0.08608936
0.08304066
0.0817337
0.08412445
0.0837666
0.08238945
0.08085922
0.08133611
0.08370653
0.08900212
0.08236927
0.08173509
0.08377167
0.08153707
0.08474892
0.08254448
0.0812506
0.08306242
0.07990186
0.08214698
0.08116619
0.081366226
0.08401285
0.08123327
0.081798844
0.07951809
0.08051411
0.08467327
0.08069855
0.08259948
0.08275082
0.08212374
0.08144888
0.07959485
0.081572674
0.08038819
0.08316087
0.08217744