20 195.94 -0.43 195.5 0.1 19 73 0.42 0.0 
40 193.98 -0.63 193.35 0.156 39 175 0.86 0.01 
60 190.67 -1.16 189.51 0.213 59 286 1.29 0.01 
80 189.36 -1.09 188.27 0.261 78 381 1.71 0.02 
100 186.86 -1.4 185.46 0.314 97 504 2.13 0.03 
120 185.0 -1.73 183.27 0.343 115 658 2.52 0.03 
140 183.69 -1.74 181.95 0.381 134 766 2.94 0.04 
160 181.53 -1.87 179.66 0.418 153 869 3.36 0.04 
180 178.07 -1.9 176.18 0.45 172 985 3.77 0.05 
200 175.62 -2.14 173.48 0.474 188 1117 4.12 0.06 
220 174.55 -2.32 172.23 0.497 205 1257 4.5 0.06 
240 173.16 -2.39 170.76 0.518 224 1379 4.91 0.07 
260 171.89 -2.45 169.44 0.544 240 1504 5.26 0.07 
280 170.32 -2.47 167.86 0.561 259 1652 5.68 0.08 
300 168.78 -2.46 166.32 0.585 278 1803 6.1 0.09 
320 167.17 -2.56 164.62 0.601 297 1944 6.51 0.1 
340 166.09 -2.66 163.43 0.621 314 2096 6.89 0.1 
360 164.3 -2.64 161.66 0.633 332 2257 7.28 0.11 
380 162.62 -2.62 160.0 0.649 351 2391 7.7 0.12 
400 161.17 -2.65 158.52 0.661 367 2572 8.05 0.13 
420 159.73 -2.67 157.06 0.676 386 2714 8.46 0.13 
440 157.95 -2.67 155.28 0.687 402 2909 8.82 0.14 
460 158.11 -2.74 155.37 0.694 421 3095 9.23 0.15 
480 156.62 -2.77 153.86 0.702 439 3267 9.63 0.16 
500 156.48 -2.73 153.74 0.71 456 3450 10.0 0.17 
520 154.43 -2.56 151.87 0.721 474 3640 10.39 0.18 
540 153.94 -2.49 151.44 0.724 490 3842 10.75 0.19 
560 152.39 -2.41 149.98 0.73 505 4048 11.07 0.2 
580 150.29 -2.26 148.03 0.738 520 4238 11.4 0.21 
600 149.83 -2.14 147.69 0.744 538 4447 11.8 0.22 
620 147.99 -2.03 145.96 0.754 553 4626 12.13 0.23 
640 147.25 -2.0 145.25 0.76 570 4838 12.5 0.24 
660 145.94 -1.8 144.14 0.763 584 5055 12.81 0.25 
680 144.59 -1.63 142.95 0.773 604 5223 13.25 0.26 
700 143.3 -1.42 141.87 0.778 618 5414 13.55 0.27 
720 142.34 -1.34 141.01 0.785 633 5609 13.88 0.28 
740 141.14 -1.12 140.03 0.789 649 5795 14.23 0.29 
760 140.64 -1.04 139.6 0.79 661 5996 14.5 0.3 
780 139.36 -0.9 138.46 0.795 678 6202 14.87 0.31 
800 138.7 -0.8 137.91 0.798 696 6435 15.26 0.32 
820 137.36 -0.71 136.65 0.803 707 6635 15.5 0.33 
840 136.95 -0.62 136.33 0.804 719 6844 15.77 0.34 
860 136.28 -0.48 135.8 0.807 733 7074 16.07 0.35 
880 135.42 -0.39 135.03 0.808 748 7292 16.4 0.36 
900 134.74 -0.18 134.56 0.811 762 7495 16.71 0.37 
920 133.74 0.04 133.78 0.813 778 7733 17.06 0.38 
940 132.79 0.2 132.98 0.818 795 7928 17.43 0.39 
960 131.64 0.35 131.99 0.821 811 8161 17.79 0.41 
980 130.86 0.51 131.37 0.823 826 8399 18.11 0.42 
1000 130.72 0.69 131.41 0.824 840 8620 18.42 0.43 
1020 130.28 0.87 131.15 0.829 856 8807 18.77 0.44 
1040 129.66 1.08 130.74 0.832 870 9061 19.08 0.45 
1060 128.51 1.23 129.74 0.831 883 9287 19.36 0.46 
1080 128.05 1.47 129.53 0.834 902 9509 19.78 0.47 
1100 127.14 1.76 128.9 0.837 919 9748 20.15 0.48 
1120 126.22 2.04 128.25 0.839 932 10000 20.44 0.5 
1140 125.17 2.28 127.45 0.84 946 10235 20.75 0.51 
1160 123.97 2.54 126.51 0.841 960 10466 21.05 0.52 
1180 123.63 2.76 126.39 0.845 975 10671 21.38 0.53 
1200 122.79 3.01 125.8 0.845 993 10874 21.78 0.54 
1220 121.92 3.23 125.15 0.85 1010 11083 22.15 0.55 
1240 121.44 3.53 124.97 0.852 1023 11310 22.43 0.56 
1260 120.9 3.78 124.68 0.852 1036 11575 22.72 0.58 
1280 119.78 3.96 123.75 0.852 1049 11789 23.0 0.59 
1300 118.86 4.15 123.0 0.855 1064 12045 23.33 0.6 
1320 118.27 4.36 122.62 0.856 1078 12280 23.64 0.61 
1340 118.17 4.49 122.66 0.859 1091 12501 23.93 0.62 
1360 117.34 4.8 122.14 0.861 1107 12725 24.28 0.63 
1380 117.29 5.01 122.3 0.862 1118 12961 24.52 0.64 
1400 116.45 5.25 121.7 0.863 1129 13211 24.76 0.66 
1420 115.71 5.47 121.18 0.863 1146 13432 25.13 0.67 
1440 115.66 5.73 121.39 0.863 1161 13683 25.46 0.68 
1460 114.34 5.98 120.32 0.863 1176 13923 25.79 0.69 
1480 114.44 6.25 120.68 0.864 1191 14163 26.12 0.7 
1500 113.36 6.47 119.83 0.867 1207 14386 26.47 0.72 
1520 113.07 6.68 119.74 0.866 1215 14616 26.64 0.73 
1540 112.25 6.94 119.19 0.87 1230 14843 26.97 0.74 
1560 111.29 7.24 118.53 0.871 1243 15046 27.26 0.75 
1580 109.27 7.51 116.78 0.873 1259 15259 27.61 0.76 
1600 108.92 7.68 116.6 0.874 1273 15503 27.92 0.77 
1620 108.9 7.84 116.74 0.872 1288 15742 28.25 0.78 
1640 108.47 8.08 116.56 0.875 1300 15982 28.51 0.79 
1660 107.54 8.31 115.86 0.876 1314 16214 28.82 0.81 
1680 107.77 8.52 116.29 0.876 1325 16471 29.06 0.82 
1700 106.98 8.7 115.68 0.878 1339 16707 29.36 0.83 
1720 106.04 8.86 114.9 0.879 1353 16918 29.67 0.84 
1740 104.8 9.08 113.87 0.881 1367 17157 29.98 0.85 
1760 104.05 9.28 113.33 0.882 1381 17387 30.29 0.86 
1780 103.91 9.42 113.33 0.883 1393 17625 30.55 0.88 
1800 103.64 9.61 113.25 0.884 1404 17897 30.79 0.89 
1820 103.36 9.83 113.19 0.884 1414 18149 31.01 0.9 
1840 102.77 10.02 112.79 0.885 1421 18383 31.16 0.91 
1860 102.33 10.25 112.58 0.885 1431 18610 31.38 0.93 
1880 101.43 10.45 111.88 0.888 1447 18837 31.73 0.94 
1900 101.14 10.67 111.81 0.887 1461 19068 32.04 0.95 
1920 100.47 10.91 111.38 0.889 1473 19323 32.3 0.96 
1940 99.72 11.1 110.82 0.888 1486 19574 32.59 0.97 
1960 99.55 11.33 110.87 0.89 1498 19817 32.85 0.99 
1980 98.87 11.58 110.45 0.89 1509 20059 33.09 1.0 
2000 98.75 11.87 110.62 0.892 1519 20300 33.31 1.01 
2020 97.56 12.08 109.64 0.892 1530 20563 33.55 1.02 
2040 97.15 12.33 109.48 0.892 1542 20796 33.82 1.03 
2060 97.27 12.54 109.81 0.893 1553 21062 34.06 1.05 
2080 96.33 12.79 109.12 0.892 1569 21290 34.41 1.06 
2100 96.56 13.0 109.57 0.895 1582 21541 34.69 1.07 
2120 95.85 13.24 109.09 0.894 1597 21807 35.02 1.08 
2140 94.69 13.5 108.19 0.895 1608 22060 35.26 1.1 
2160 94.55 13.75 108.3 0.896 1622 22316 35.57 1.11 
2180 93.21 14.0 107.21 0.897 1635 22552 35.86 1.12 
2200 93.24 14.25 107.49 0.898 1642 22816 36.01 1.13 
2220 93.3 14.46 107.76 0.898 1656 23048 36.32 1.15 
2240 92.59 14.76 107.35 0.898 1667 23296 36.56 1.16 
2260 91.54 15.02 106.56 0.899 1680 23530 36.84 1.17 
2280 91.21 15.27 106.48 0.9 1689 23795 37.04 1.18 
