
0.24628544
0.22542289
0.23949786
0.21477443
0.20596457
0.20573422
0.20330882
0.20051762
0.1885431
0.20525233
0.1832582
0.1805864
0.1793362
0.18619794
0.1839665
0.17800403
0.18213984
0.18213293
0.18775648
0.189474
0.17641199
0.17660287
0.1882497
0.17718235
0.18025626
0.17638156
0.17654203
0.17105536
0.17109048
0.16906251
0.16610557
0.16709267
0.16831975
0.16373162
0.16476372
0.16601259
0.16210015
0.16208343
0.16563152
0.16546917
0.16226582
0.16690333
0.16528174
0.18350253
0.1655441
0.1610818
0.1640429
0.16004676
0.1637575
0.15981594
0.16505978
0.157164
0.15628108
0.15738028
0.15484466
0.15731815
0.15311602
0.15630119
0.15316972
0.15358944
0.15274298
0.1541849
0.14836696
0.14772321
0.14941323
0.15151802
0.15078981
0.14849778
0.14809017
0.1469031
0.15009196
0.14891197
0.14400275
0.14705238
0.145605
0.14512187
0.14562145
0.14464378
0.14489385
0.14237165
0.14931923
0.14511563
0.13928372
0.14361939
0.13861504
0.14176668
0.14151308
0.14180586
0.13906863
0.14035934
0.14101756
0.14000152
0.14185947
0.14179227
0.13994566
0.1376875
0.13571464
0.1394214
0.14132337
0.1362965
0.13790084
0.13708712
0.14000455
0.13065258
0.13117813
0.12863697
0.13257794
0.1295967
0.1293939
0.13077112
0.12984937
0.12850195
0.12886684
0.12853445
0.13279225
0.12834655
0.13106948
0.12837353
0.12969233
0.12799202
0.13071169
0.12713456
0.130951
0.12665124
0.12627879
0.12818225
0.12678675
0.1305406
0.12777619
0.12486347
0.12584034
0.12587386
0.124820836
0.12360391
0.12236449
0.120740324
0.12432506
0.12189984
0.12026717
0.122581095
0.123005435
0.121658474
0.12021318
0.122386165
0.124281965
0.118476436
0.117708296
0.123591915
0.11880429
0.11659944
0.1203432
0.116105884
0.116504304
0.11827907
0.115272075
0.11531346
0.1186471
0.118391216
0.118920736
0.1155075
0.115212485
0.11563717
0.11943844
0.11419347
0.11837289
0.1168023
0.11454364
0.11708663
0.11498792
0.11529172
0.117030516
0.114768855
0.11566434
0.11426822
0.11599887
0.11588543
0.11357484
0.113610856
0.11455227
0.112557724
0.11076158
0.111977294
0.10981186
0.11156041
0.10807799
0.11095688
0.109881334
0.11242952
0.10968537
0.11133974
0.11124939
0.10964358
0.10754956
0.10854462
0.10998066
0.10899537
0.10731142
0.10882563
0.104677245
0.10660308
0.10775941
0.104740694
0.11066774
0.10656184
0.10655727
0.10846479
0.106317095
0.10781814
0.102746725
0.106474124
0.1037964
0.109887175
0.10513228
0.107402824
0.10253877
0.10613705
0.10479686
0.10398721
0.10870945
0.10074276
0.10161756
0.10184775
0.10088565
0.10570403
0.10089249
0.102153175
0.10005641
0.099890366
0.10070514
0.09869506
0.099541724
0.10486493
0.098418005
0.10206801
0.09865463
0.09775844
0.09653937
0.09984516
0.09934905
0.09976903
0.1009598
0.09845407
0.099062696
0.09921713
0.096658
0.09756932
0.102476776
0.09739328
0.09751762
0.09957208
0.102231205
0.096458584
0.09795304
0.09697854
0.09647784
0.09757665
0.097649746
0.09759106
0.0981641
0.09715747
0.09341247
0.09444432
0.09711612
0.09632007
0.09414229
0.09781841
0.095286
0.09491877
0.093121774
0.09329274
0.09419097
0.09401343
0.092026666
0.09464743
0.09603668
0.092752755
0.09407876
0.09342966
0.09535449
0.10934799
0.094181046
0.08994239
0.09302542
0.09242404
0.090533994
0.09261769
0.08911206
0.08957053
0.088316806
0.09150426
0.09037479
0.09107627
0.09047095
0.090268776
0.09046545
0.08849932
0.090323694
0.08961724
0.090811126
0.08984418
0.08933976
0.0874976
0.087852485
0.08961132
0.08792976
0.089343935
0.08841705
0.08827589
0.09009165
0.08554798
0.0882282
0.08511104
0.084998
0.08628868
0.08714286
0.085590415
0.08529103
0.08686685
0.08606092
0.08797284
0.084248126
0.08477407
0.0850486
0.08369256
0.08563083
0.08718523
0.08593672
0.08548871
0.086319625
0.085130945
0.08365779
0.08481996
0.08309369
0.082317695
0.08760088
0.08298567
0.085221216
0.08271898
0.08408704
0.08792929
0.08195521
0.08262129
0.080605134
0.08179518
0.082762815
0.082080945
0.08256217
0.0814107
0.080828264
0.08166277
0.083142675
0.08266881
0.081528604
0.08144585
0.08089051
0.07958398
0.07870319
0.080470346
0.0799669
0.07999305
0.07984196
0.08060541
0.079550065
0.08161418
0.0806668
0.07929607
0.080804214
0.08180148
0.077276744
0.08083648
0.079547144
0.078398965
0.078412615
0.0802759
0.07894782
0.078986816
0.079905525
0.079164796
0.083339244
0.07822229
0.07769329
0.078608885
0.07771308
0.080044895
0.081801064
0.07752857
0.07889631
0.0790027
0.080597065
0.08019499
0.07806231
0.07646319
0.07504981
0.076911174
0.07722305
0.07566054
0.07494531
0.07574559
0.07789014
0.07752973
0.07589162
0.077095404
0.0763222
0.07985129
0.07656668
0.07796862
0.07656555
0.07885438
0.07539164
0.07624842
0.07380018
0.07508246
0.07454918
0.07469612
0.07569365
0.074964486
0.075290054
0.07394707
0.0752859
0.073590755
0.0746773
0.07406351
0.07424304
0.0742168
0.074612394
0.072506405
0.07498445
0.073284104
0.072688736
0.07220485
0.07424119
0.07340065
0.07327209
0.073796935
0.072829224
0.07307577
0.073734865
0.07486962
0.073940314
0.0719361
0.07240811
0.07156367
0.07091724
0.071094126
0.07120681
0.07269723
0.07248256
0.07068037
0.07140188
0.072497904
0.0714687
0.071894675
0.07135599
0.07173495
0.07100879
0.0713846
0.07094588
0.070333704
0.07048138
0.070129395
0.07091773
0.06929897
0.06933208
0.07173694
0.07421233
0.07029792
0.069617756
0.069655664
0.07130611
0.06890444
0.07056739
0.06983214
0.07044656
0.06947708
0.070687115
0.0688184
0.070139304
0.06837065
0.06946128
0.069915585
0.07161658
0.06900131
0.06964273
0.07102157
0.06815963
0.067954846
0.071676984
0.066748835
0.06828588
0.06893903
0.06883583
0.067642
0.06844244
0.06798923
0.06829703
0.06838333
0.06820677
0.06947425
0.0681738
0.07141623
0.06952132
0.06694567
0.06933644
0.068066135
0.067630835
0.06754406
0.06765925
0.06649279
0.066827826
0.066732
0.0667358
0.066555135
0.0666993
0.066441946
0.06716976
0.068294205
0.067945965
0.06465304
0.06551622
0.0646696
0.065512046
0.06648859
0.068040185
0.06507083
0.066206746
0.066640586
0.06636634
0.065375075
0.06618446
0.06700954
0.06670149
0.064949535
0.06494978
0.067322396
0.06498152
0.0666133
0.06650309
0.06462347
0.06384194
0.06560048
0.06650584
0.06467884
0.06536008
0.06479472
0.06775124
0.06294427
0.06533906
0.065352134
0.06421889
0.06276367
0.06587889
0.06418153
0.06403904
0.06310143
0.063796945
0.06581108
0.06421391
0.0622957
0.0648538
0.06310719
0.063556045
0.06411125
0.065549605
0.06458069
0.06290015
0.066874236
0.06413634
0.06409977
0.0645823
0.06314681
0.06567049
0.062541455
0.06374491
0.06160254
0.06216615
0.061311424
0.062497042
0.063506365
0.063599035
0.06463178
0.06246569
0.061928414
0.062849686
0.061126202
0.06207222
0.0640672
0.061920874
0.0627168
0.060943346
0.064049095
0.062443886
0.061901893
0.060542207
0.06050436
0.062422648
0.0626899
0.061911985
0.06363233
0.061835684
0.0630312
0.06214497
0.06269939
0.063091904
0.060012642
0.05974519
0.061356198
0.06201591
0.060964804
0.06124038
0.061344136
0.061276916
0.060145
0.05976566
0.059554096
0.061444685
0.05997137
0.05905254
0.06083892
0.059396446
0.05979908
0.059263006
0.05991328
0.060292274
0.06014723
0.059453532
0.05926955
0.05941235
0.060469534
0.05875227
0.061014485
0.05986679
0.06020438
0.05965457
0.058634147
0.059536707
0.058228664
0.058666147
0.058326937
0.059301853
0.0579374
0.05833377
0.058309782
0.05856462
0.05881604
0.05772287
0.057172116
0.05960107
0.059867326
0.057031117
0.058932953
0.05950993
0.058019258
0.05748481
0.059299856
0.058306888
0.05735781
0.05852878
0.05700294
0.058852073
0.058129296
0.05749432
0.058740307
0.057560854
0.057799164
0.05790495
0.061099716
0.059090108
0.056579527
0.056904197
0.05716349
0.058881577
0.057306394
0.056201417
0.057334486
0.05724921
0.057343025
0.05881997
0.057300866
0.0573915
0.056017198
0.05766661
0.059063047
0.05808833
0.057420608
0.056572583
0.055756923
0.055462148
0.05570091
0.056604546
0.0574597
0.059145782
0.055364355
0.055121858
0.055888817
0.056876704
0.056139644
0.05650159
0.05584748
0.057153575
0.055887323
0.055511262
0.056958728
0.05671863
0.05557841
0.05619779
0.05529867
0.056178298
0.05593046
0.05622261
0.05554548
0.0574723
0.054824073
0.055918213
0.056313653
0.05581415
0.056112543
0.055444825
0.055925462
0.05762404
0.05378353
0.054836877
0.054641157
0.054866094
0.05527055
0.056288805
0.05510301
0.05548806
0.05574293
0.055034637
0.05492799
0.054702513
0.05416654
0.055046655
0.054139256
0.054938618
0.05313207
0.05481186
0.054362282
0.055540584
0.053285006
0.05405981
0.054346677
0.05510956
0.05328199
0.0531894
0.05466901
0.053605873
0.053152572
0.05367867
0.053574145
0.05391742
0.056003425
0.053880505
0.05405355
0.053439725
0.053235132
0.05332243
0.05489157
0.05514758
0.053688258
0.054728158
0.05308533
0.054113805
0.053395033
0.05316012
0.05485594
0.053409852
0.05190871
0.053289138
0.05496428
0.056041572
0.053440347
0.052078627
0.05349627
0.05268251
0.053026915
0.053192146
0.053520128
0.052975107
0.05136504
0.05192939
0.051598135
0.052803326
0.051985074
0.05304553
0.05283242
0.051971268
0.052418213
0.051880132
0.053238217
0.051504157
0.053246506
0.052066624
0.053126812
0.051626157
0.05124598
0.052843526
0.051906403
0.052501895
0.052222636
0.051656555
0.051782623
0.05201933
0.05278386
0.050937656
0.052466344
0.05143419
0.051252306
0.051215205
0.05062584
0.050705843
0.050966956
0.052209828
0.05408848
0.051443934
0.0522141
0.051623303
0.050423443
0.052496742
0.05075407
0.05039097
0.05127261
0.05061055
0.052948352
0.05137337
0.051436644
0.050911225
0.050755735
0.052102312
0.05092175
0.052476175
0.05094028
0.050248634
0.051713783
0.051867325
0.05200734
0.051374905
0.051402777
0.05058025
0.05102719
0.05165205
0.051435977
0.050756786
0.051180586
0.05070998
0.04948577
0.04951384
0.051177587
0.053147633
0.050377127
0.05006003
0.05058892
0.052332997
0.050133184
0.049313698
0.04977106
0.049533106
0.049174316
0.05219679
0.049633447
0.050551143
0.04984989
0.04944693
0.049400512
0.049645644
0.04915257
0.049695536
0.051005345
0.048739813
0.049493212
0.050404023
0.04899677
0.0503403
0.04992734
0.05099506
0.050782032
0.048905496
0.048333623
0.049107604
0.049477417
0.05038413
0.04902774
0.04884607
0.048743058
0.04919479
0.04763819
0.048386704
0.048861817
0.04993139
0.04994406
0.04908194
0.0500064
0.04880554
0.049786873
0.04874088
0.0487874
0.04847825
0.0499655
0.049616806
0.048790667
0.049293526
0.04958078
0.0494638
0.048544988
0.048669472
0.050041094
0.05019132
0.04851482
0.04948382
0.049722765
0.048299767
0.04859902
0.04757537
0.04741536
0.048695687
0.048382062
0.047772195
0.048127137
0.047666673
0.049099386
0.04820105
0.047833666
0.04866948
0.04796446
0.04793614
0.050325014
0.047659222
0.048418608
0.046638608
0.047619443
0.04797354
0.047796205
0.048055902
0.047798526
0.04854991
0.04730095
0.049996875
0.047566976
0.049091883
0.047668442
0.0485505
0.047339864
0.046455186
0.047104824
0.04866345
0.04808472
0.04769509
0.048675455
0.047741357
0.04727812
0.047627274
0.04733315
0.046725236
0.047952287
0.04781822
0.046950232
0.047159385
0.046262078
0.046496067
0.048445813
0.049625725
0.04747111
0.048872843
0.04759158
0.048930056
0.046599533
0.046656072
0.04714255
0.047096953
0.04669068
0.047453586
0.04710212
0.047257375
0.04840373
0.04700721
0.047180567
0.046077408
0.047161624
0.046835754
0.04650681
0.04652454
0.046484675
0.04661971
0.04694218
0.047334425
0.047199085
0.046132628
0.04622966
0.04759499
0.047710717
0.04690577
0.04680811
0.046124898
0.046661846
0.046960216
0.046267327
0.047100034
0.047392186
0.048462242
0.04632734
0.045470264
0.045567393
0.04772016
0.047400445
0.0456923
0.047498826
0.047731202
0.04586803
0.0475473
0.046879884
0.047423914
0.04985705
0.047500238
0.04669687
0.04631541
0.04692235
0.046970244
0.046724666
0.046940535
0.046797615
0.04565464
0.04759668
0.04583797
0.046114415
0.045527637
0.046053883
0.04655146
0.045549024
0.045497738
0.0463756
0.044401187
0.046675965
0.04581478
0.046857543
0.046060722
0.04534143
0.046076927
0.045352023
0.046151508
0.04515831
0.04548508
0.04587022
0.045152836
0.047141053
0.044680312
0.045405257
0.044709437
0.04454349
0.04493901
0.044779945
0.043972567
0.04556745
0.044643383
0.04435004
0.046152897
0.04591313
0.04495193
0.045140263
0.044531196
0.044574093
0.044818323
0.045566548
0.04481331
0.04572606
0.04448662
0.044510186
0.044573348
0.044915855
0.045380663
0.045159224
0.044705186
0.04509821
0.046995375
0.04572338
0.04401244
0.044742536
0.044497076
0.045932814
0.044902343
0.045361187
0.045568265
0.045602012
0.045775026
0.04401924
0.04595047
0.044099383
0.045600172
0.044233095
0.044255693
0.043692507
0.04356207
0.04452336
0.04396152
0.043863036
0.044436608
0.044200256
0.043460418
0.043151956
0.04375392
0.04450655
0.044583727
0.04369348
0.04473402
0.043194458
0.043776315
0.04328694
0.043039307
0.044184748
0.04336141
0.044221014
0.04437455
0.043794278
0.04359232
0.044071022
0.043642588
0.04313624
0.04336111
0.043244086
0.043344896
0.04402831
0.04452002
0.043001153
0.04319336
0.043465
0.04440992
0.04462648
0.04284985
0.042714857
0.044549465
0.04435308
0.04321641
0.043285623
0.044388246
0.045363806
0.043311585
0.042935207
0.043223523
0.044394977
0.04282133
0.043491587
0.042428453
0.044764083
0.04210206
0.043156397
0.04305575
0.044147175
0.043083094
0.04325167
0.04276215
0.043389358
0.043130875
0.043236338
0.04363154
0.04281373
0.042084124
0.043322593
0.043581266
0.04254136
0.042942706
0.044512052
0.04396209
0.043522388
0.04281557
0.0431108
0.04247377
0.04158758
0.042253673
0.04230002
0.042269994
0.04270711
0.043729026
0.042105194
0.04267733
0.042180073
0.04234703
0.04436531
0.042057887
0.04205142
0.043204274
0.043148205
0.041500837
0.04342415
0.04196064
0.042163845
0.04309399
0.042720325
0.04257066
0.04204522
0.043084532
0.04216866
0.044784933
0.04333521
0.044132322
0.041845225
0.042184144
0.042183265
0.041975297
0.04197509
0.04219008
0.041378893
0.042500786
0.042044036
0.04318743
0.041448537
0.044290744
0.041850414
0.044056274
0.044693094
0.043388247
0.042470876
0.042062428
0.04294093
0.04248474
0.04116041
0.04160555
0.041471127
0.0419629
0.042099033
0.04180188
0.041316006
0.042142462
0.041354273
0.042554032
0.041180436
0.042093333
0.042544644
0.04177679
0.041790742
0.041301608
0.04107121
0.041271407
0.04149122
0.040105384
0.04194808
0.041439146
0.040765557
0.041848287
0.04483562
0.04152751
0.04097588
0.042129494
0.040940475
0.040669397
0.040644106
0.04134862
0.040437326
0.041848686
0.04212215
0.042014655
0.041506365
0.04195253
0.040763132
0.041265044
0.041286055
0.040643033
0.04149475
0.041177213
0.040584
0.04203821
0.04099484
0.040729962
0.04093013
0.04109547
0.041042484
0.04076704
0.041319855
0.040990684
0.041159034
0.04079889
0.04100312
0.04068668
0.04208927
0.040388685
0.040916666
0.041557785
0.04174584
0.040286936
0.040779833
0.04015295
0.040670898
0.04141183
0.041165285
0.04074344
0.03970136
0.04047192
0.04061772
0.040782895
0.040091775
0.040897418
0.040604733
0.04168787
0.040429432
0.0414954
0.040926952
0.03972665
0.041283607
0.040635776
0.039814062
0.040300652
0.039938524
0.04051055
0.040923025
0.040535644
0.040360127
0.039935265
0.04033144
0.040601604
0.04112979
0.03983489
0.04047055
0.039512787
0.03966337
0.040566165
0.039679114
0.039938442
0.03993238
0.040074036
0.040603235
0.040395938
0.042299386
0.03993986
0.040185384
0.040810846
0.03996888
0.03939648
0.039615013
0.040737763
0.04100763
0.04088831
0.03968894
0.04183036
0.03991166
0.039041642
0.0394232
0.039602745
0.03947591
0.040066093
0.03864568
0.039879162
0.04067782
0.04039494
0.03955439
0.041320335
0.040050887
0.039727118
0.038930375
0.039910834
0.039678697
0.03989145
0.03933372
0.039464764
0.039750014
0.038948994
0.039573506
0.039652407
0.039601095
0.039597973
0.039665632
0.039871905
0.038585838
0.039766103
0.039178714
0.040905222
0.038624313
0.038854025
0.040304527
0.0390298
0.03843645
0.03944969
0.03842177
0.03951784
0.03956447
0.039508734
0.038900547
0.040330764
0.04077236
0.040136017
0.038505454
0.03943499
0.038934328
0.040357262
0.03915613
0.038528632
0.039161343
0.03840169
0.03887484
0.0389692
0.03879076
0.038796812
0.038794603
0.038839202
0.039124627
0.038462047
0.038866203
0.03951383
0.03969306
0.037756212
0.038727086
0.038551204
0.03843735
0.03915588
0.039360482
0.037968393
0.038590565
0.038589094
0.039078727
0.03944028
0.039233524
0.039023645
0.039615843
0.038259085
0.03826355
0.03891966
0.038466103
0.03905159
0.038123965
0.03884457
0.039416462
0.03835021
0.038777046
0.038020674
0.038428962
0.038918734
0.038621422
0.03805018
0.03974137
0.038996007
0.039271027
0.038034715
0.03905123
0.037775867
0.037743106
0.038527813
0.03865601
0.038882
0.038435847
0.03829545
0.040194243
0.03769873
0.038613964
0.03797322
0.038738035
0.03809233
0.03973326
0.03748225
0.038521346
0.038409792
0.038417283
0.039698597
0.038293462
0.038681757
0.038859267
0.038436823
0.038380988
0.03955224
0.038716648
0.038016267
0.03794644
0.04059332
0.037863594
0.038296167
0.040916566
0.03795687
0.03790512
0.039456468
0.038935713
0.038581982
0.03791942
0.03848931
0.03939029
0.037455898
0.03780459
0.03879697
0.03823225
0.039407875
0.03765734
0.03736261
0.038099296
0.038922563
0.038637873
0.037832905
0.03748512
0.038334012
0.038689323
0.036958184
0.038032524
0.038380492
0.0389435
0.037323378
0.03796763
0.03819364
0.038710106
0.03847044
0.038286526
0.03788217
0.037653625
0.038174998
0.03765458
0.037774127
0.037943587
0.036867492
0.03716218
0.03815642
0.03854047
0.037763838
0.037753236
0.038037393
0.03768515
0.037957434
0.037639517
0.03776723
0.037460703
0.0374637
0.038201813
0.038066126
0.03787023
0.03764293
0.037594892
0.03838369
0.03704539
0.037267037
0.036959734
0.037156563
0.037728664
0.038207456
0.03702714
0.038183242
0.03692611
0.037649944
0.03666527
0.037300956
0.036571883
0.037019502
0.037486427
0.036997076
0.037201468
0.037360076
0.037611395
0.037103564
0.036701843
0.03719251
0.03728652
0.03667127
0.038825493
0.037717298
0.03770964
0.036818992
0.0372221
0.037133105
0.036227647
0.038085945
0.03704964
0.038514383
0.037278667
0.037831962
0.037404247
0.036472064
0.037938632
0.036527812
0.036783285
0.037390593
0.038024414
0.036917295
0.036491483
0.038153853
0.037264414
0.036517147
0.036457222
0.036561083
0.037288286
0.036476947
0.0363393
0.037711453
0.036108784
0.03654998
0.03814649
0.035905626
0.036263693
0.03688775
0.036394898
0.03789686
0.036820214
0.037474226
0.03667101
0.037903927
0.036443334
0.03618693
0.035752818
0.03585366
0.03614127
0.036511373
0.037574764
0.036427084
0.03610683
0.03635266
0.036382433
0.03655583
0.036571182
0.036496345
0.036690395
0.03720117
0.03738923
0.038476836
0.036521863
0.03596251
0.03691222
0.036437172
0.035934735
0.037242886
0.036582112
0.03559388
0.037416894
0.036123544
0.037407003
0.03602226
0.03644267
0.03660426
0.03726399
0.0360831
0.038318515
0.03670755
0.03802356
0.036304303
0.036221612
0.035702717
0.03634316
0.037546225
0.03682843
0.03552964
0.036273737
0.03693882
0.036965184
0.037499882
0.035494834
0.036269646
0.035674818
0.03576824
0.036704537
0.03648731
0.037059527
0.035534475
0.036139783
0.036062226
0.03686165
0.03646366
0.036725722
0.035800874
0.0369274
0.03567452
0.036574204
0.03616406
0.03715028
0.03591891
0.035795484
0.035533357
0.03651919
0.03492636
0.03534648
0.036199324
0.035991486
0.036072213
0.036517654
0.036202457
0.035724763
0.03658853
0.035800546
0.034930512
0.037297126
0.036080014
0.035687596
0.035514098
0.035701733
0.035154242
0.036883105
0.03640119
0.03572277
0.035847265
0.035221316
0.035821415
0.036123738
0.035592496
0.035081748
0.035265822
0.035334893
0.035697628
0.03531115
0.035314467
0.03508243
0.034914438
0.035698947
0.03576514
0.0358813
0.035426874
0.036405712
0.035930235
0.03523905
0.03522694
0.034925595
0.03544222
0.035487674
0.034948654
0.035697293
0.036351964
0.035626076
0.03624135
0.035296768
0.03541152
0.035010885
0.035593756
0.035723083
0.035754297
0.035785615
0.03574268
0.035725277
0.034939945
0.034988955
0.035499036
0.03597185
0.034811612
0.034804966
0.035597283
0.03469467
0.03523834
0.03471329
0.034896668
0.035066787
0.03526883
0.03418205
0.035396196
0.03554569
0.03439377
0.033731747
0.034190044
0.034471653
0.03521072
0.035062097
0.03570089
0.034738082
0.034329653
0.035089962
0.03486442
0.034617256
0.034968127
0.036053065
0.0342303
0.03464187
0.034615744
0.034635916
0.034771252
0.035574045
0.0350756
0.035505038
0.03443372
0.034158617
0.034854755
0.034983724
0.03496945
0.03619535
0.034972113
0.03449862
0.035912726
0.034593385
0.03572216
0.03562438
0.034459714
0.034780335
0.034595314
0.034810442
0.034793545
0.034944657
0.034142964
0.03431901
0.035252567
0.03436958
0.035397973
0.035593156
0.03438565
0.034068033
0.035004873
0.03534657
0.034573942
0.03514376
0.034841675
0.034308515
0.035599608
0.03351932
0.034514435
0.034482934
0.03441955
0.035113063
0.035606794
0.034375668
0.03462445
0.033915404
0.034309156
0.034542426
0.033944994
0.033959564
0.034110334
0.03474061
0.0339531
0.036376588
0.033447582
0.03452341
0.035225727
0.034566235
0.03405857
0.03432463
0.034284938
0.03390858
0.034501556
0.033256825
0.03470569
0.034131818
0.034315683
0.03506517
0.034656513
0.03504095
0.033520803
0.033557758
0.035067108
0.033828292
0.033862274
0.035114244
0.033683833
0.034021348
0.035028264
0.03386356
0.03367402
0.03359272
0.03400054
0.035199616
0.034477647
0.033836063
0.03444652
0.03377041
0.032989193
0.03480117
0.035408325
0.03329914
0.03470976
0.03380906
0.03441857
0.03341286
0.033422023
0.034352813
0.034314126
0.033682834
0.03465159
0.03356365
0.034066875
0.03413811
0.034086917
0.032989535
0.03342583
0.03393962
0.03354483
0.034840766
0.03304091
0.033979237
0.034453534
0.03367015
0.033548187
0.035037532
0.034445822
0.03344904
0.033597294
0.033200786
0.032920666
0.034162644
0.034335554
0.03450442
0.033933647
0.03509863
0.03396504
0.03390898
0.033225585
0.033431686
0.03435387
0.03426359
0.032922916
0.034444485
0.032844074
0.033070274
0.033583745
0.033951994
0.03460091
0.03415562
0.034274213
0.033744406
0.033168595
0.033627287
0.03294345
0.03303597
0.03326218
0.033723217
0.033080142
0.033757873
0.033965904
0.0334562
0.034049906
0.033762787
0.03331124
0.033683103
0.033303212
0.03280072
0.03327586
0.03364816
0.033271577
0.033325717
0.03324949
0.03379413
0.032667577
0.03362571
0.033598177
0.03403983
0.03291213
0.03399503
0.033272035
0.03410482
0.03256044
0.03301563
0.032998793
0.03327181
0.032706033
0.033590034
0.032725602
0.033452403
0.03270041
0.03253462
0.032699406
0.034297585
0.033600762
0.03316827
0.03341539
0.03380412
0.03406387
0.03277526
0.03322811
0.03270189
0.03401916
0.0321833
0.03280949
0.032681353
0.03387311
0.032335285
0.03356767
0.032770954
0.03273028
0.032329604
0.033125225
0.032694962
0.03246557
0.033237144
0.033121597
0.033021793
0.03263431
0.032932043
0.03228383
0.03249047
0.032953992
0.032714996
0.03319518
0.032732695
0.0328106
0.03215693
0.033816833
0.032717288
0.032444146
0.03378214
0.032532793
0.032677505
0.0328245
0.032548767
0.031916436
0.034329243
0.032696865
0.032753166
0.03343678
0.032834526
0.03273447
0.032011397
0.03319374
0.032837976
0.03286963
0.034758475
0.033426873
0.032187227
0.033266515
0.03303562
0.032161538
0.03206975
0.03319565
0.032382093
0.032880545
0.032925304
0.032586556
0.03238062
0.032752544
0.032831337
0.03438138
0.03279533
0.032184776
0.033132646
0.03249978
0.032657698
0.033295378
0.03234735
0.031912427
0.032287147
0.033218753
0.033005428
0.034161903
0.032818243
0.033063177
0.03231735
0.033436827
0.032329593
0.032176256
0.032432172
0.032612525
0.031743556
0.032360125
0.03273025
0.032804422
0.033545163
0.031839345
0.032373987
0.032633856
0.032874525
0.033001263
0.031876255
0.032081373
0.03265536
0.03173359
0.032198753
0.03256385
0.032790057
0.032779373
0.033222094
0.03337228
0.032738473
0.032695953
0.031786513
0.031870577
0.032093138
0.033081938
0.03141431
0.032138873
0.032165535
0.032784473
0.031836975
0.032454487
0.032658767
0.032577194
0.031673398
0.03327492
0.033108298
0.03259022
0.032328494
0.032923147
0.03379067
0.031745523
0.03192873
0.03125763
0.031770125
0.031422053
0.03199022
0.031969596
0.03160891
0.031909782
0.03233228
0.031588975
0.033248506
0.034135085
0.03264951
0.03202469
0.032362908
0.032242246
0.03269317
0.03163727
0.03195447
0.031714994
0.03202329
0.03252023
0.032035798
0.031444598
0.03216728
0.03106522
0.031684503
0.032015555
0.032055765
0.033017598
0.031692576
0.033337142
0.031345144
0.031707875
0.0308878
0.03184276
0.030903852
0.03124168
0.031512335
0.03082431
0.0308296
0.030833738
0.031885557
0.030928858
0.03143089
0.03147413
0.033664733
0.031477492
0.0319676
0.031752925
0.03142531
0.03175282
0.032828007
0.031481422
0.032251693
0.031199966
0.032053124
0.03131252
0.03071392
0.03154767
0.031524673
0.031287946
0.03151046
0.03117264
0.032093406
0.031176092
0.032054484
0.032585453
0.032744106
0.031686686
0.031839784
0.03170194
0.03124399
0.031392977
0.031422358
0.031628657
0.030934611
0.032256
0.03180684
0.032416306
0.031096667
0.031433407
0.031568624
0.03141659
0.032064196
0.031435255
0.031297833
0.031081665
0.031297043
0.031779386
0.03183809
0.031085331
0.031995855
0.03114837
0.031392377
0.031594153
0.031894334
0.032550875
0.031762287
0.032342866
0.031064779
0.03129725
0.030406043
0.0313763
0.031439975
0.03251025
0.03151715
0.032314952
0.030959435
0.031376954
0.031174222
0.032430645
0.032374047
0.03203642
0.030902857
0.03039074
0.030876296
0.031332485
0.031104878
0.031610556
0.031575523
0.032019276
0.03154964
0.032463044
0.030316764
0.030723142
0.030209983
0.031209184
0.030099006
0.031018006
0.031268522
0.029884567
0.030799687
0.03137543
0.03070526
0.0311324
0.03046002
0.030520806
0.030681482
0.03162832
0.032115903
0.030745266
0.031047823
0.030909207
0.03140466
0.030804584
0.030804455
0.03074344
0.031106027
0.031321492
0.031390134
0.030849362
0.0314337
0.031450212
0.030591656
0.031389493
0.031390645
0.03217806
0.030363882
0.031036612
0.030140463
0.0309106
0.030786002
0.030594664
0.031007666
0.0306002
0.030632578
0.030480333
0.031183269
0.030536963
0.030497277
0.031234168
0.030469315
0.031175006
0.030734446
0.030377422
0.030456072
0.030993057
0.030422071
0.031500276
0.030691177
0.030371381
0.03061118
0.030574955
0.030295542
0.031061392
0.03101758
0.03161595
0.030679855
0.031935345
0.030931365
0.030550882
0.03105074
0.03035498
0.030831212
0.030490281
0.031136904
0.031377565
0.03007589
0.030518262
0.030051317
0.031039843
0.030634588
0.031340543
0.031351276
0.030561702
0.030909028
0.030098038
0.03025274
0.029686984
0.03020792
0.029846288
0.029767243
0.030351078
0.030904086
0.030296756