20 197.17 -0.57 196.61 0.05 17 28 0.37 0.0 
40 195.58 -0.72 194.86 0.073 34 62 0.75 0.0 
60 194.61 -0.81 193.79 0.115 46 97 1.01 0.0 
80 193.68 -1.32 192.36 0.141 62 136 1.36 0.01 
100 191.63 -1.62 190.0 0.176 75 179 1.64 0.01 
120 190.69 -1.97 188.72 0.203 85 219 1.86 0.01 
140 189.81 -2.55 187.26 0.217 98 262 2.15 0.01 
160 189.13 -2.62 186.51 0.245 113 298 2.48 0.01 
180 188.93 -2.73 186.2 0.266 125 346 2.74 0.02 
200 187.17 -2.92 184.25 0.282 140 390 3.07 0.02 
220 186.68 -3.04 183.64 0.302 152 430 3.33 0.02 
240 185.54 -3.37 182.17 0.317 162 469 3.55 0.02 
260 184.73 -3.7 181.03 0.341 174 519 3.82 0.03 
280 183.77 -3.7 180.07 0.347 190 562 4.17 0.03 
300 182.48 -4.02 178.46 0.364 198 608 4.34 0.03 
320 182.09 -4.22 177.87 0.377 212 644 4.65 0.03 
340 180.78 -4.39 176.39 0.399 228 674 5.0 0.03 
360 180.14 -4.63 175.51 0.415 242 712 5.31 0.04 
380 178.92 -4.66 174.26 0.435 253 754 5.55 0.04 
400 178.54 -4.63 173.91 0.446 266 791 5.83 0.04 
420 177.38 -4.74 172.64 0.464 281 829 6.16 0.04 
440 176.83 -4.86 171.97 0.469 294 872 6.45 0.04 
460 175.76 -4.87 170.89 0.477 307 918 6.73 0.05 
480 175.13 -5.26 169.87 0.487 315 969 6.91 0.05 
500 174.48 -5.33 169.15 0.492 325 1017 7.13 0.05 
520 173.57 -5.4 168.17 0.505 337 1062 7.39 0.05 
540 172.99 -5.31 167.68 0.513 351 1106 7.7 0.05 
560 172.47 -5.42 167.05 0.52 361 1157 7.92 0.06 
580 171.93 -5.57 166.36 0.535 371 1202 8.14 0.06 
600 170.28 -5.6 164.67 0.546 384 1249 8.42 0.06 
620 168.82 -5.63 163.19 0.551 397 1292 8.71 0.06 
640 168.21 -5.65 162.55 0.564 407 1343 8.93 0.07 
660 167.59 -5.67 161.92 0.567 419 1397 9.19 0.07 
680 167.34 -5.77 161.57 0.576 433 1444 9.5 0.07 
700 166.92 -5.8 161.12 0.58 441 1492 9.67 0.07 
720 165.85 -5.55 160.3 0.589 454 1531 9.96 0.08 
740 163.54 -5.48 158.05 0.595 464 1581 10.18 0.08 
760 162.7 -5.48 157.21 0.606 477 1634 10.46 0.08 
780 162.11 -5.61 156.51 0.612 491 1678 10.77 0.08 
800 162.01 -5.74 156.28 0.613 506 1733 11.1 0.09 
820 161.59 -5.7 155.89 0.625 515 1783 11.29 0.09 
840 160.38 -5.58 154.8 0.628 527 1835 11.56 0.09 
860 159.45 -5.74 153.72 0.638 540 1882 11.84 0.09 
880 158.34 -5.77 152.58 0.645 548 1934 12.02 0.1 
900 158.29 -5.8 152.49 0.646 558 1992 12.24 0.1 
920 157.37 -5.86 151.51 0.653 570 2045 12.5 0.1 
940 156.76 -5.86 150.9 0.654 583 2098 12.79 0.1 
960 156.17 -5.9 150.27 0.66 588 2156 12.89 0.11 
980 155.27 -5.78 149.49 0.67 598 2208 13.11 0.11 
1000 155.22 -5.76 149.46 0.669 608 2264 13.33 0.11 
1020 154.64 -5.69 148.95 0.674 618 2317 13.55 0.12 
1040 153.69 -5.65 148.04 0.676 625 2372 13.71 0.12 
1060 153.24 -5.58 147.67 0.684 631 2422 13.84 0.12 
1080 152.68 -5.42 147.26 0.689 639 2478 14.01 0.12 
1100 152.07 -5.39 146.68 0.692 649 2530 14.23 0.13 
1120 151.19 -5.36 145.83 0.696 658 2586 14.43 0.13 
1140 150.78 -5.36 145.43 0.697 667 2645 14.63 0.13 
1160 150.09 -5.27 144.82 0.701 677 2702 14.85 0.13 
1180 150.11 -5.33 144.78 0.702 686 2755 15.04 0.14 
1200 149.41 -5.37 144.04 0.704 694 2818 15.22 0.14 
1220 149.41 -5.33 144.08 0.711 701 2872 15.37 0.14 
1240 148.33 -5.25 143.08 0.708 710 2929 15.57 0.15 
1260 148.34 -5.17 143.17 0.714 720 2984 15.79 0.15 
1280 147.64 -5.22 142.41 0.72 726 3031 15.92 0.15 
1300 146.6 -5.22 141.38 0.725 736 3084 16.14 0.15 
1320 146.31 -5.23 141.08 0.726 745 3151 16.34 0.16 
1340 145.81 -5.13 140.68 0.727 754 3216 16.54 0.16 
1360 145.42 -5.03 140.39 0.731 766 3264 16.8 0.16 
1380 145.61 -4.77 140.84 0.728 775 3324 17.0 0.17 
1400 145.45 -4.48 140.98 0.734 783 3391 17.17 0.17 
1420 144.41 -4.11 140.3 0.739 793 3447 17.39 0.17 
1440 144.02 -4.0 140.02 0.739 800 3502 17.54 0.17 
1460 143.96 -3.83 140.13 0.74 806 3562 17.68 0.18 
1480 143.07 -3.67 139.4 0.745 819 3615 17.96 0.18 
1500 142.43 -3.41 139.02 0.746 828 3677 18.16 0.18 
1520 142.29 -3.36 138.92 0.749 837 3740 18.36 0.19 
1540 142.15 -3.16 138.99 0.752 847 3808 18.57 0.19 
1560 141.3 -3.03 138.27 0.753 856 3878 18.77 0.19 
1580 141.07 -2.92 138.15 0.755 862 3942 18.9 0.2 
1600 140.7 -2.75 137.96 0.759 875 4001 19.19 0.2 
1620 140.55 -2.57 137.98 0.76 883 4063 19.36 0.2 
1640 139.44 -2.31 137.14 0.761 894 4114 19.61 0.2 
1660 139.27 -2.23 137.05 0.763 902 4165 19.78 0.21 
1680 138.25 -2.15 136.1 0.763 916 4228 20.09 0.21 
1700 137.51 -1.94 135.57 0.768 921 4286 20.2 0.21 
1720 137.54 -1.72 135.82 0.771 930 4342 20.39 0.22 
1740 136.95 -1.48 135.47 0.773 938 4407 20.57 0.22 
1760 136.49 -1.36 135.12 0.775 950 4460 20.83 0.22 
1780 136.18 -1.32 134.86 0.777 957 4524 20.99 0.22 
1800 135.42 -1.26 134.16 0.778 966 4582 21.18 0.23 
1820 135.25 -1.13 134.12 0.783 979 4645 21.47 0.23 
1840 135.02 -1.0 134.02 0.782 988 4709 21.67 0.23 
1860 134.58 -0.95 133.62 0.781 996 4776 21.84 0.24 
1880 134.18 -0.9 133.27 0.787 1003 4832 22.0 0.24 
1900 134.31 -0.81 133.5 0.787 1011 4893 22.17 0.24 
1920 133.58 -0.7 132.89 0.787 1018 4951 22.32 0.25 
1940 133.2 -0.59 132.61 0.789 1027 5015 22.52 0.25 
1960 132.66 -0.39 132.27 0.789 1039 5068 22.79 0.25 
1980 132.49 -0.23 132.26 0.789 1048 5129 22.98 0.26 
2000 131.85 -0.23 131.63 0.791 1055 5193 23.14 0.26 
2020 131.57 -0.02 131.54 0.795 1061 5249 23.27 0.26 
2040 131.23 0.13 131.36 0.795 1071 5316 23.49 0.26 
2060 131.04 0.24 131.28 0.797 1080 5382 23.68 0.27 
2080 130.96 0.37 131.33 0.8 1084 5452 23.77 0.27 
2100 130.48 0.6 131.09 0.799 1093 5510 23.97 0.27 
2120 130.45 0.85 131.3 0.803 1100 5579 24.12 0.28 
2140 129.71 1.06 130.77 0.804 1111 5640 24.36 0.28 
2160 129.47 1.33 130.8 0.803 1121 5706 24.58 0.28 
2180 129.44 1.47 130.92 0.804 1126 5777 24.69 0.29 
2200 128.47 1.66 130.14 0.804 1131 5847 24.8 0.29 
2220 128.03 1.92 129.95 0.806 1138 5908 24.96 0.29 
2240 127.75 2.05 129.8 0.806 1143 5971 25.07 0.3 
2260 127.6 2.2 129.8 0.808 1148 6033 25.18 0.3 
2280 127.28 2.44 129.72 0.811 1153 6097 25.29 0.3 
2300 127.29 2.7 129.99 0.812 1159 6156 25.42 0.31 
2320 127.04 2.96 130.01 0.812 1167 6222 25.59 0.31 
2340 126.51 3.15 129.67 0.812 1173 6283 25.72 0.31 
2360 126.12 3.31 129.42 0.812 1177 6350 25.81 0.32 
2380 125.9 3.56 129.45 0.812 1188 6413 26.05 0.32 
2400 125.38 3.84 129.22 0.816 1193 6488 26.16 0.32 
2420 124.75 4.05 128.79 0.818 1200 6547 26.32 0.33 
2440 124.63 4.29 128.93 0.817 1210 6612 26.54 0.33 
2460 123.51 4.62 128.13 0.82 1219 6670 26.73 0.33 
2480 122.68 4.78 127.46 0.82 1228 6738 26.93 0.34 
2500 123.2 4.97 128.17 0.823 1235 6808 27.08 0.34 
2520 123.2 5.15 128.35 0.821 1240 6865 27.19 0.34 
2540 122.16 5.37 127.53 0.822 1249 6934 27.39 0.34 
2560 121.51 5.46 126.98 0.824 1256 6993 27.54 0.35 
2580 121.69 5.56 127.25 0.825 1268 7054 27.81 0.35 
2600 120.9 5.78 126.67 0.827 1274 7119 27.94 0.35 
2620 121.09 6.0 127.1 0.828 1277 7186 28.0 0.36 
2640 120.82 6.22 127.03 0.829 1286 7257 28.2 0.36 
2660 120.03 6.49 126.53 0.829 1290 7319 28.29 0.36 
2680 119.76 6.69 126.45 0.831 1298 7382 28.46 0.37 
2700 119.48 6.91 126.38 0.83 1307 7443 28.66 0.37 
2720 119.27 7.07 126.34 0.831 1315 7507 28.84 0.37 
2740 118.5 7.38 125.88 0.831 1322 7577 28.99 0.38 
2760 118.67 7.61 126.28 0.834 1327 7646 29.1 0.38 
2780 118.35 7.89 126.24 0.834 1340 7705 29.39 0.38 
2800 117.74 8.11 125.85 0.834 1348 7771 29.56 0.39 
2820 117.3 8.3 125.6 0.834 1354 7849 29.69 0.39 
2840 116.77 8.45 125.22 0.835 1357 7919 29.76 0.39 
2860 116.47 8.64 125.11 0.836 1367 7983 29.98 0.4 
2880 116.47 8.84 125.31 0.836 1379 8048 30.24 0.4 
2900 116.34 8.97 125.31 0.835 1383 8114 30.33 0.4 
2920 116.29 9.13 125.42 0.838 1388 8182 30.44 0.41 
2940 115.65 9.27 124.92 0.839 1393 8258 30.55 0.41 
2960 114.89 9.43 124.32 0.841 1400 8323 30.7 0.41 
2980 114.58 9.7 124.28 0.841 1406 8390 30.83 0.42 
3000 113.54 9.98 123.52 0.843 1408 8457 30.88 0.42 
3020 113.63 10.2 123.84 0.842 1413 8528 30.99 0.42 
3040 113.66 10.41 124.08 0.843 1417 8600 31.07 0.43 
3060 113.29 10.68 123.97 0.845 1425 8674 31.25 0.43 
3080 112.76 10.91 123.68 0.846 1431 8741 31.38 0.43 
3100 112.51 11.14 123.65 0.846 1438 8815 31.54 0.44 
3120 111.5 11.39 122.9 0.849 1444 8887 31.67 0.44 
3140 111.56 11.47 123.03 0.848 1449 8958 31.78 0.45 
3160 111.39 11.66 123.05 0.848 1456 9022 31.93 0.45 
3180 111.1 11.88 122.98 0.848 1462 9101 32.06 0.45 
3200 110.72 12.12 122.84 0.849 1467 9180 32.17 0.46 
3220 109.93 12.44 122.37 0.85 1473 9251 32.3 0.46 
3240 110.2 12.65 122.84 0.85 1476 9319 32.37 0.46 
3260 110.0 12.84 122.84 0.852 1482 9386 32.5 0.47 
3280 110.02 13.03 123.05 0.852 1496 9451 32.81 0.47 
3300 109.36 13.28 122.64 0.853 1504 9522 32.98 0.47 
3320 109.14 13.48 122.62 0.853 1512 9592 33.16 0.48 
3340 108.42 13.77 122.18 0.852 1518 9658 33.29 0.48 
3360 108.64 14.04 122.68 0.854 1523 9725 33.4 0.48 
3380 108.31 14.28 122.58 0.853 1529 9793 33.53 0.49 
3400 108.56 14.54 123.1 0.853 1534 9859 33.64 0.49 
3420 107.17 14.73 121.9 0.852 1538 9919 33.73 0.49 
3440 107.23 14.96 122.18 0.852 1543 9987 33.84 0.5 
3460 106.38 15.25 121.63 0.856 1552 10049 34.04 0.5 
3480 106.35 15.46 121.81 0.856 1561 10121 34.23 0.5 
3500 106.2 15.66 121.86 0.856 1569 10189 34.41 0.51 
3520 105.98 15.9 121.87 0.855 1579 10257 34.63 0.51 
3540 105.47 16.18 121.65 0.858 1589 10322 34.85 0.51 
3560 105.56 16.38 121.95 0.856 1596 10391 35.0 0.52 
3580 105.66 16.68 122.34 0.858 1601 10465 35.11 0.52 
3600 104.73 17.01 121.74 0.859 1605 10527 35.2 0.52 
3620 104.42 17.21 121.63 0.86 1614 10598 35.39 0.53 
3640 104.28 17.45 121.73 0.86 1618 10677 35.48 0.53 
3660 104.11 17.71 121.82 0.86 1627 10744 35.68 0.53 
3680 103.91 17.93 121.84 0.862 1633 10810 35.81 0.54 
3700 103.45 18.21 121.65 0.861 1638 10871 35.92 0.54 
3720 103.81 18.52 122.33 0.863 1647 10937 36.12 0.54 
3740 103.45 18.76 122.21 0.862 1651 11006 36.21 0.55 
3760 103.4 19.06 122.46 0.86 1658 11073 36.36 0.55 
3780 102.65 19.41 122.06 0.863 1663 11140 36.47 0.55 
3800 102.21 19.63 121.84 0.864 1667 11203 36.56 0.56 
3820 102.21 19.85 122.06 0.864 1673 11275 36.69 0.56 
3840 102.21 20.13 122.34 0.865 1679 11348 36.82 0.56 
3860 101.93 20.45 122.38 0.866 1688 11421 37.02 0.57 
3880 100.88 20.78 121.66 0.866 1695 11488 37.17 0.57 
3900 100.56 20.96 121.51 0.865 1702 11566 37.32 0.58 
3920 100.49 21.22 121.71 0.867 1705 11643 37.39 0.58 
3940 100.1 21.42 121.52 0.868 1708 11712 37.46 0.58 
3960 100.04 21.59 121.63 0.868 1714 11781 37.59 0.59 
3980 99.95 21.82 121.77 0.867 1718 11847 37.68 0.59 
4000 99.98 22.06 122.04 0.867 1722 11916 37.76 0.59 
4020 99.97 22.38 122.35 0.868 1728 11988 37.89 0.6 
4040 99.87 22.65 122.52 0.87 1730 12067 37.94 0.6 
4060 99.29 22.91 122.2 0.87 1734 12131 38.03 0.6 
4080 98.72 23.19 121.91 0.87 1742 12204 38.2 0.61 
4100 98.65 23.47 122.12 0.87 1746 12280 38.29 0.61 
4120 98.43 23.75 122.18 0.87 1750 12349 38.38 0.61 
4140 98.05 23.99 122.04 0.873 1755 12422 38.49 0.62 
4160 97.35 24.31 121.65 0.872 1759 12491 38.57 0.62 
4180 97.1 24.57 121.67 0.871 1762 12562 38.64 0.62 
4200 96.85 24.85 121.69 0.872 1770 12634 38.82 0.63 
4220 96.55 25.07 121.63 0.871 1777 12700 38.97 0.63 
4240 96.39 25.29 121.68 0.874 1783 12762 39.1 0.63 
4260 96.16 25.53 121.69 0.874 1791 12830 39.28 0.64 
4280 96.0 25.82 121.82 0.874 1796 12905 39.39 0.64 
4300 95.37 26.06 121.43 0.876 1804 12978 39.56 0.65 
4320 95.24 26.32 121.56 0.875 1809 13054 39.67 0.65 
4340 95.01 26.61 121.62 0.876 1812 13129 39.74 0.65 
4360 95.28 26.93 122.21 0.875 1817 13200 39.85 0.66 
4380 95.56 27.19 122.76 0.877 1821 13271 39.93 0.66 
4400 94.72 27.45 122.17 0.878 1828 13335 40.09 0.66 
4420 94.8 27.79 122.6 0.878 1832 13405 40.18 0.67 
4440 94.53 28.11 122.63 0.878 1838 13475 40.31 0.67 
4460 93.84 28.4 122.25 0.878 1842 13534 40.39 0.67 
4480 93.86 28.71 122.57 0.878 1847 13601 40.5 0.68 
4500 93.71 28.93 122.64 0.879 1854 13663 40.66 0.68 
4520 92.92 29.27 122.19 0.879 1860 13727 40.79 0.68 
4540 92.53 29.6 122.12 0.88 1865 13798 40.9 0.69 
4560 92.63 29.87 122.5 0.879 1870 13868 41.01 0.69 
4580 92.41 30.1 122.51 0.88 1876 13930 41.14 0.69 
4600 92.39 30.37 122.76 0.881 1883 13997 41.29 0.7 
4620 92.16 30.67 122.82 0.881 1890 14072 41.45 0.7 
4640 91.66 30.95 122.62 0.882 1897 14142 41.6 0.7 
4660 91.11 31.23 122.34 0.881 1898 14217 41.62 0.71 
4680 91.13 31.51 122.64 0.882 1902 14282 41.71 0.71 
4700 90.79 31.77 122.56 0.883 1906 14344 41.8 0.71 
4720 90.7 32.03 122.73 0.883 1909 14421 41.86 0.72 
4740 90.45 32.25 122.71 0.884 1910 14495 41.89 0.72 
4760 90.6 32.56 123.16 0.884 1914 14570 41.97 0.72 
4780 90.26 32.75 123.01 0.884 1918 14644 42.06 0.73 
4800 89.51 33.09 122.6 0.885 1925 14717 42.21 0.73 
4820 89.44 33.37 122.82 0.883 1929 14786 42.3 0.74 
4840 89.08 33.64 122.72 0.886 1934 14853 42.41 0.74 
4860 89.16 33.88 123.05 0.886 1936 14924 42.46 0.74 
4880 88.98 34.2 123.18 0.885 1941 14995 42.57 0.75 
4900 88.64 34.5 123.14 0.887 1949 15062 42.74 0.75 
4920 88.03 34.73 122.76 0.887 1956 15136 42.89 0.75 
4940 87.67 35.03 122.7 0.886 1961 15208 43.0 0.76 
4960 87.87 35.24 123.11 0.886 1964 15278 43.07 0.76 
4980 87.65 35.58 123.22 0.885 1968 15355 43.16 0.76 
5000 87.81 35.8 123.61 0.885 1978 15417 43.38 0.77 
5020 87.25 36.02 123.27 0.887 1983 15488 43.49 0.77 
5040 87.02 36.24 123.25 0.888 1985 15562 43.53 0.77 
5060 86.64 36.5 123.14 0.888 1989 15638 43.62 0.78 
