20 195.05 -0.25 194.8 0.088 19 96 0.42 0.0 
40 191.79 -0.47 191.32 0.168 38 227 0.83 0.01 
60 189.19 -0.59 188.6 0.221 58 357 1.27 0.02 
80 187.56 -0.76 186.8 0.274 78 487 1.71 0.02 
100 183.96 -0.8 183.16 0.334 97 634 2.13 0.03 
120 181.3 -0.68 180.62 0.368 116 790 2.54 0.04 
140 180.01 -0.7 179.31 0.406 136 929 2.98 0.05 
160 177.94 -0.48 177.46 0.443 155 1084 3.4 0.05 
180 174.67 -0.3 174.37 0.47 173 1228 3.79 0.06 
200 172.0 -0.12 171.89 0.503 192 1399 4.21 0.07 
220 169.8 -0.22 169.57 0.531 208 1593 4.56 0.08 
240 168.48 -0.19 168.29 0.553 224 1739 4.91 0.09 
260 166.18 0.06 166.23 0.573 243 1921 5.33 0.1 
280 163.87 0.2 164.07 0.586 260 2120 5.7 0.11 
300 161.22 0.38 161.6 0.605 280 2314 6.14 0.12 
320 159.13 0.58 159.71 0.629 297 2509 6.51 0.12 
340 159.2 0.86 160.06 0.629 314 2698 6.89 0.13 
360 156.14 0.94 157.08 0.651 333 2883 7.3 0.14 
380 154.45 1.13 155.58 0.666 351 3109 7.7 0.15 
400 152.94 1.44 154.38 0.677 369 3312 8.09 0.16 
420 150.79 1.74 152.52 0.691 386 3541 8.46 0.18 
440 148.59 1.98 150.57 0.699 403 3779 8.84 0.19 
460 147.68 2.23 149.91 0.707 422 4007 9.25 0.2 
480 145.41 2.45 147.86 0.719 439 4221 9.63 0.21 
500 142.74 2.69 145.43 0.726 458 4457 10.04 0.22 
520 141.67 2.94 144.61 0.734 477 4692 10.46 0.23 
540 141.17 3.17 144.33 0.74 491 4973 10.77 0.25 
560 139.43 3.42 142.85 0.749 507 5204 11.12 0.26 
580 138.31 3.65 141.96 0.756 522 5437 11.45 0.27 
600 137.09 3.91 141.0 0.761 537 5687 11.78 0.28 
620 135.79 4.25 140.04 0.765 552 5920 12.11 0.29 
640 134.25 4.49 138.74 0.774 570 6131 12.5 0.3 
660 132.8 4.8 137.6 0.777 586 6361 12.85 0.32 
680 131.99 5.05 137.04 0.785 599 6595 13.14 0.33 
700 130.52 5.26 135.78 0.787 611 6833 13.4 0.34 
720 129.9 5.61 135.51 0.794 626 7079 13.73 0.35 
740 127.87 6.02 133.9 0.8 644 7331 14.12 0.36 
760 126.94 6.26 133.2 0.801 660 7626 14.47 0.38 
780 126.14 6.6 132.74 0.805 673 7885 14.76 0.39 
800 125.04 6.99 132.03 0.807 690 8173 15.13 0.41 
820 124.09 7.35 131.44 0.811 708 8412 15.53 0.42 
840 122.27 7.83 130.1 0.813 722 8689 15.83 0.43 
860 121.42 8.07 129.5 0.815 737 8940 16.16 0.44 
880 120.38 8.29 128.67 0.82 752 9225 16.49 0.46 
900 119.89 8.51 128.4 0.823 767 9485 16.82 0.47 
920 118.96 8.93 127.9 0.824 783 9752 17.17 0.48 
940 117.41 9.25 126.66 0.828 800 9996 17.54 0.5 
960 116.64 9.62 126.26 0.832 818 10262 17.94 0.51 
980 116.57 10.09 126.66 0.833 835 10544 18.31 0.52 
1000 115.21 10.54 125.75 0.834 851 10815 18.66 0.54 
1020 114.5 10.98 125.48 0.835 865 11077 18.97 0.55 
1040 113.26 11.31 124.57 0.837 880 11363 19.3 0.57 
1060 112.19 11.73 123.91 0.841 892 11609 19.56 0.58 
1080 111.15 12.09 123.24 0.843 905 11878 19.85 0.59 
1100 110.21 12.43 122.64 0.844 917 12182 20.11 0.61 
1120 108.81 12.82 121.63 0.844 933 12476 20.46 0.62 
1140 107.64 13.24 120.89 0.846 950 12731 20.83 0.63 
1160 107.21 13.69 120.9 0.847 967 13000 21.21 0.65 
1180 105.45 14.07 119.52 0.847 985 13253 21.6 0.66 
1200 105.08 14.33 119.41 0.852 995 13539 21.82 0.67 
1220 103.98 14.73 118.71 0.854 1011 13818 22.17 0.69 
1240 102.24 15.08 117.32 0.855 1027 14089 22.52 0.7 
1260 101.42 15.47 116.89 0.856 1042 14370 22.85 0.71 
1280 100.66 15.81 116.47 0.856 1056 14651 23.16 0.73 
1300 99.9 16.09 115.98 0.86 1070 14920 23.46 0.74 
1320 98.51 16.55 115.07 0.863 1083 15194 23.75 0.76 
1340 97.19 16.97 114.17 0.864 1099 15471 24.1 0.77 
1360 96.64 17.39 114.03 0.864 1112 15742 24.39 0.78 
1380 96.34 17.86 114.2 0.866 1129 16017 24.76 0.8 
1400 95.05 18.24 113.29 0.868 1142 16283 25.04 0.81 
1420 94.36 18.61 112.98 0.869 1158 16561 25.39 0.82 
1440 93.18 19.12 112.3 0.871 1175 16844 25.77 0.84 
1460 92.26 19.44 111.7 0.87 1189 17141 26.07 0.85 
1480 91.54 19.8 111.34 0.871 1202 17407 26.36 0.87 
1500 91.02 20.27 111.29 0.874 1216 17681 26.67 0.88 
1520 90.71 20.67 111.39 0.875 1232 17998 27.02 0.89 
1540 89.49 21.04 110.53 0.876 1244 18284 27.28 0.91 
1560 88.93 21.52 110.44 0.875 1255 18577 27.52 0.92 
1580 87.54 21.91 109.45 0.878 1273 18840 27.92 0.94 
1600 86.68 22.32 109.01 0.879 1288 19143 28.25 0.95 
1620 85.58 22.75 108.33 0.881 1305 19417 28.62 0.97 
1640 85.89 23.12 109.01 0.881 1314 19727 28.82 0.98 
1660 84.56 23.47 108.04 0.882 1328 20033 29.12 1.0 
1680 83.86 23.92 107.78 0.881 1343 20272 29.45 1.01 
1700 83.6 24.4 108.0 0.883 1356 20557 29.74 1.02 
1720 82.39 24.83 107.22 0.885 1370 20854 30.04 1.04 
1740 81.07 25.27 106.34 0.887 1386 21089 30.39 1.05 
1760 80.19 25.69 105.88 0.888 1400 21350 30.7 1.06 
1780 79.97 26.09 106.06 0.889 1412 21631 30.96 1.08 
1800 79.38 26.48 105.86 0.89 1423 21930 31.21 1.09 
1820 78.17 26.96 105.13 0.89 1441 22215 31.6 1.1 
1840 78.05 27.35 105.4 0.89 1455 22509 31.91 1.12 
1860 77.36 27.77 105.13 0.89 1464 22798 32.11 1.13 
1880 76.6 28.23 104.83 0.891 1478 23105 32.41 1.15 
1900 75.65 28.73 104.38 0.892 1489 23400 32.65 1.16 
1920 75.34 29.18 104.52 0.894 1502 23676 32.94 1.18 
1940 74.71 29.53 104.25 0.893 1513 23949 33.18 1.19 
1960 73.95 29.86 103.8 0.896 1527 24252 33.49 1.21 
1980 73.43 30.23 103.66 0.895 1538 24558 33.73 1.22 
2000 73.06 30.68 103.73 0.896 1552 24842 34.04 1.24 
2020 72.41 31.06 103.47 0.898 1564 25117 34.3 1.25 
2040 71.5 31.47 102.97 0.898 1574 25395 34.52 1.26 
2060 70.42 31.91 102.33 0.899 1589 25687 34.85 1.28 
2080 69.43 32.33 101.77 0.9 1601 25985 35.11 1.29 
