20 356.29 0.44 356.72 0.079 19 37 0.08 0.0 
40 352.38 0.41 352.79 0.132 38 89 0.15 0.0 
60 351.72 0.56 352.28 0.205 58 144 0.24 0.0 
80 348.31 0.89 349.2 0.31 78 186 0.32 0.0 
100 344.84 0.79 345.63 0.387 98 246 0.4 0.0 
120 341.16 1.08 342.24 0.438 117 296 0.48 0.0 
140 339.44 1.21 340.65 0.482 136 357 0.55 0.0 
160 338.76 1.39 340.16 0.511 152 427 0.62 0.0 
180 333.59 1.58 335.17 0.541 170 497 0.69 0.0 
200 331.96 1.64 333.6 0.57 186 562 0.76 0.01 
220 328.3 1.71 330.0 0.592 206 636 0.84 0.01 
240 326.38 1.86 328.25 0.614 220 703 0.9 0.01 
260 324.41 1.75 326.16 0.637 237 780 0.97 0.01 
280 322.3 1.73 324.03 0.656 252 858 1.03 0.01 
300 320.28 1.79 322.06 0.671 272 936 1.11 0.01 
320 319.34 1.98 321.32 0.68 291 1017 1.19 0.01 
340 317.05 1.93 318.99 0.694 307 1101 1.25 0.01 
360 316.6 2.08 318.68 0.704 323 1186 1.32 0.01 
380 315.5 2.07 317.57 0.716 336 1280 1.37 0.01 
400 311.88 2.25 314.13 0.727 355 1362 1.45 0.01 
420 312.84 2.22 315.06 0.739 372 1440 1.52 0.01 
440 311.49 2.24 313.73 0.749 389 1528 1.59 0.01 
460 309.74 2.38 312.11 0.758 407 1632 1.66 0.02 
480 308.04 2.45 310.5 0.764 424 1723 1.73 0.02 
500 307.84 2.63 310.47 0.775 442 1823 1.8 0.02 
520 306.43 2.86 309.29 0.781 458 1900 1.87 0.02 
540 304.98 2.89 307.87 0.786 473 2013 1.93 0.02 
560 303.4 2.97 306.37 0.795 489 2100 1.99 0.02 
580 302.97 3.09 306.06 0.799 504 2180 2.05 0.02 
600 302.07 3.16 305.23 0.803 520 2280 2.12 0.02 
620 299.66 3.18 302.83 0.808 532 2385 2.17 0.02 
640 299.18 3.2 302.38 0.812 549 2509 2.24 0.02 
660 297.99 3.47 301.46 0.814 563 2628 2.3 0.02 
680 295.91 3.61 299.52 0.819 580 2747 2.36 0.03 
700 294.92 3.76 298.68 0.823 594 2860 2.42 0.03 
720 294.85 3.82 298.68 0.827 611 2962 2.49 0.03 
740 292.48 3.95 296.43 0.829 629 3057 2.56 0.03 
760 291.43 4.14 295.57 0.836 647 3167 2.64 0.03 
780 290.84 4.36 295.2 0.839 656 3283 2.67 0.03 
800 290.03 4.51 294.54 0.84 674 3420 2.75 0.03 
820 288.82 4.53 293.35 0.845 687 3533 2.8 0.03 
840 287.09 4.66 291.75 0.85 705 3651 2.87 0.03 
860 287.08 4.83 291.91 0.852 718 3764 2.93 0.03 
880 285.88 4.86 290.74 0.854 733 3883 2.99 0.04 
900 286.21 4.88 291.09 0.859 749 3980 3.05 0.04 
920 284.68 4.98 289.66 0.86 764 4107 3.11 0.04 
940 284.16 5.03 289.19 0.864 778 4249 3.17 0.04 
960 283.57 5.24 288.81 0.867 794 4355 3.24 0.04 
980 282.23 5.4 287.63 0.872 805 4477 3.28 0.04 
1000 281.12 5.54 286.66 0.875 820 4621 3.34 0.04 
1020 281.1 5.78 286.88 0.878 836 4750 3.41 0.04 
1040 279.32 5.97 285.3 0.879 853 4856 3.48 0.04 
1060 278.07 6.2 284.27 0.88 867 4998 3.53 0.05 
1080 276.76 6.4 283.16 0.881 881 5131 3.59 0.05 
1100 276.75 6.49 283.24 0.882 897 5289 3.66 0.05 
1120 275.86 6.79 282.66 0.886 913 5416 3.72 0.05 
1140 275.15 6.97 282.12 0.885 925 5580 3.77 0.05 
1160 273.95 7.08 281.03 0.888 938 5711 3.82 0.05 
1180 272.97 7.24 280.22 0.891 952 5841 3.88 0.05 
1200 272.67 7.47 280.14 0.893 969 5998 3.95 0.06 
1220 272.08 7.62 279.7 0.897 986 6131 4.02 0.06 
1240 270.83 7.78 278.61 0.9 1004 6275 4.09 0.06 
