
0.3418216
0.3223931
0.31952602
0.30730128
0.33071542
0.30767298
0.3022526
0.3621904
0.2950707
0.2893666
0.31245223
0.28791994
0.2909102
0.28438258
0.29173997
0.28795195
0.27990752
0.28010437
0.27912703
0.27927172
0.2780035
0.26991013
0.29074743
0.2743351
0.2702422
0.27234176
0.26209658
0.26440302
0.26064163
0.27288496
0.26228943
0.26253244
0.25190493
0.25543126
0.25674132
0.25316703
0.24798222
0.2630136
0.2624182
0.27389497
0.2735665
0.2617003
0.29375553
0.25708476
0.2608863
0.25420845
0.24943835
0.24552754
0.23956145
0.24927498
0.23201033
0.23587458
0.23478647
0.23079091
0.24993433
0.22995177
0.23161061
0.22887458
0.23384747
0.22990362
0.22615342
0.23111029
0.2234196
0.2294403
0.22338505
0.22549476
0.21968207
0.22835128
0.22366163
0.22588252
0.22801302
0.22253907
0.22357479
0.21521755
0.21855968
0.21538435
0.20893352
0.20997599
0.2137707
0.21085516
0.21318838
0.19932528
0.21054374
0.20418972
0.19928773
0.20398825
0.19661121
0.1985116
0.19842307
0.19555177
0.19474176
0.19451295
0.19728902
0.19717647
0.20226505
0.1988961
0.19072926
0.1903822
0.18900473
0.18729919
0.19320272
0.18658043
0.19455357
0.19913071
0.18209822
0.18604246
0.18359928
0.1881711
0.18638882
0.18878065
0.18209448
0.19041403
0.18359253
0.19133474
0.17931916
0.1794446
0.18108079
0.17535026
0.1752082
0.1808187
0.17673105
0.17201135
0.17384066
0.1720168
0.16681868
0.18567811
0.17825735
0.17681691
0.17450638
0.16802865
0.17721014
0.17529777
0.17735156
0.17880636
0.17109284
0.17707571
0.18039204
0.17288853
0.1747766
0.17192
0.16938268
0.16498236
0.1671904
0.16685681
0.16822132
0.17024936
0.16651447
0.16435775
0.1653085
0.16407432
0.16387922
0.16696408
0.16248284
0.1597674
0.17119159
0.16148119
0.15969984
0.15790597
0.1588092
0.16018209
0.15402576
0.16007362
0.1581811
0.1511095
0.15840518
0.15348502
0.15354306
0.1552982
0.15222275
0.15555318
0.15807956
0.15875739
0.1578072
0.1544993
0.15276802
0.15138906
0.15834145
0.15981738
0.15459819
0.15430535
0.15442443
0.15777953
0.15342842
0.15528859
0.15426522
0.15600279
0.1555924
0.14930274
0.15139654
0.1503707
0.15111035
0.15534002
0.14921454
0.1501232
0.1518772
0.15094961
0.14829397
0.15050395
0.15273678
0.14862286
0.14601849
0.14808331
0.14292459
0.14130226
0.1435168
0.14485092
0.14442131
0.14210233
0.14488737
0.14089425
0.14393932
0.14086124
0.14235169
0.14204958
0.14092645
0.14337164
0.13798605
0.14902474
0.14665532
0.14506675
0.14114703
0.1398024
0.145413
0.1434711
0.13969888
0.13845815
0.13645369
0.13409996
0.13863635
0.14035831
0.13701032
0.13752382
0.13584223
0.13643749
0.13782772
0.13387354
0.1355657
0.13748512
0.13361163
0.13445203
0.13549806
0.13517666
0.13718215
0.13427833
0.13100736
0.13213186
0.13026434
0.13570207
0.13379535
0.13267897
0.1272814
0.13112558
0.12714298
0.1284768
0.12840587
0.12823577
0.12650244
0.13075346
0.12874646
0.1298821
0.12465993
0.12757026
0.12558651
0.12574415
0.12953424
0.12592573
0.1296198
0.130564
0.1265151
0.13159433
0.12616362
0.12631217
0.12397928
0.12629601
0.12629418
0.1253456
0.12599522
0.12332385
0.12660131
0.12356691
0.12450444
0.12308532
0.12269541
0.12502548
0.12326401
0.12644668
0.12265476
0.118219666
0.120150864
0.12239308
0.11893888
0.11740234
0.12174382
0.11869166
0.12211145
0.12150917
0.117712565
0.11906364
0.117397234
0.12107762
0.11578291
0.12001571
0.11587347
0.117337696
0.12639602
0.118111946
0.11773585
0.12023541
0.11502104
0.11781411
0.11843152
0.116690904
0.113652356
0.11560819
0.11661274
0.11648514
0.117536694
0.11589475
0.117225334
0.117171615
0.11506652
0.11525752
0.11353387
0.11401697
0.11621467
0.1147551
0.11467391
0.1120064
0.11401686
0.11359329
0.11222281
0.111325905
0.11084662
0.11115875
0.11340898
0.11450203
0.11498575
0.11330302
0.11184409
0.114000686
0.11141477
0.11075249
0.111159354
0.11054211
0.10961421
0.11521959
0.11350858
0.11244413
0.10972523
0.10972884
0.110166445
0.113246
0.111744806
0.11094721
0.11044474
0.10899875
0.10934225
0.10968894
0.11081451
0.10769022
0.111245304
0.10805017
0.10858576
0.10665423
0.1053456
0.10872331
0.1093257
0.10739645
0.10728842
0.10953558
0.105421305
0.10429207
0.104947016
0.10392081
0.10356797
0.10718413
0.106834926
0.104591586
0.10225532
0.103650816
0.103006095
0.10086097
0.10484649
0.10912063
0.105636835
0.10631072
0.105424434
0.106403045
0.10499559
0.10694323
0.103386
0.108480066
0.11058445
0.111569725
0.103539124
0.103611596
0.101919346
0.10592051
0.104408
0.100937314
0.10369783
0.10593754
0.107347615
0.10662821
0.10467356
0.103545874
0.10142565
0.106131695
0.10028101
0.10104087
0.10498884
0.09835219
0.099797465
0.10174943
0.09890227
0.10288767
0.10251632
0.1007539
0.105358966
0.10610529
0.10134714
0.10055048
0.09987177
0.10234696
0.09941797
0.09949776
0.10215412
0.100876845
0.0978895
0.0996649
0.10015439
0.09955043
0.09893117
0.09865865
0.10106416
0.09820324
0.09724995
0.10097155
0.09835029
0.09750446
0.09564966
0.098041825
0.09737413
0.09800808
0.094802804
0.09753153
0.096780576
0.10118053
0.096252486
0.09568299
0.09536906
0.09578624
0.09668142
0.09483582
0.09720901
0.09497517
0.092785515
0.09286934
0.09358341
0.09595813
0.09324911
0.093434826
0.09406525
0.09414711
0.094400816
0.09640594
0.098211914
0.091262445
0.09559167
0.09375931
0.093971595
0.0901803
0.09159472
0.09320658
0.09251267
0.09468861
0.093343675
0.08973286
0.0922276
0.09067324
0.091709115
0.09525123
0.0927823
0.09181648
0.09081939
0.0917012
0.095149234
0.089251176
0.09163451
0.093268305
0.090555556
0.091571525
0.09019989
0.087556645
0.08976946
0.09182427
0.087412834
0.088377185
0.08801341
0.08870211
0.08924677
0.088189624
0.09172692
0.08895683
0.09022904
0.08986749
0.08897586
0.09063534
0.089797035
0.08993
0.08870945
0.08708148
0.09206231
0.09484496
0.09008951
0.08829194
0.09035143
0.087335125
0.087752365
0.08944765
0.08696184
0.08733238
0.08623377
0.085760444
0.08783137
0.087255456
0.088185586
0.08830079
0.08452094
0.08736038
0.08571664
0.08856989
0.08440032
0.086947694
0.084996656
0.08448552
0.085039005
0.08676858
0.08561136
0.08516735
0.085199334
0.084756486
0.084264934
0.08606508
0.08771745
0.08468844
0.08575675
0.08810238
0.08464481
0.08237802
0.08324766
0.0863715
0.08734503
0.08464222
0.082199804
0.088075735
0.08523779
0.08399652
0.084214196
0.08372647
0.086612046
0.08496711
0.0828294
0.08408392
0.08289629
0.08276485
0.08374533
0.08438123
0.08681257
0.08509098
0.08231531
0.08594876
0.08361047
0.08224909
0.08348924
0.08401961
0.08189907
0.080783285
0.08137318
0.08230085
0.082590945
0.08238228
0.080475904
0.08161084
0.08221146
0.08268879
0.0824181
0.079696566
0.083311155
0.08047831
0.0825398
0.079478614
0.080004625
0.08467065
0.07958649
0.081894115
0.080753885
0.07836141
0.07849426
0.08242455
0.08349737
0.07882058
0.08081425
0.07840319
0.080095924
0.0797418
0.08143554
0.07871563
0.07986252
0.0800951
0.08074603
0.079515144
0.080742195
0.07994769
0.07847777
0.08160424
0.080929324
0.08018486
0.080688044
0.07830028
0.07759539
0.07844097
0.07920779
0.07972725
0.08157696
0.081471436
0.079740666
0.07979688
0.07877626
0.07976896
0.078425094
0.08283667
0.07847684
0.07790777
0.079930626
0.07620191
0.07715757
0.076448254
0.080041945
0.07722368
0.07867667
0.07770727
0.08010359
0.075638995
0.07750971
0.076611064
0.07479994
0.07857351
0.07815812
0.076575704
0.075276054
0.07638565
0.07532147
0.076807
0.0783158
0.07583756
0.07569987
0.07643664
0.076866224
0.07626402
0.07670522
0.07792046
0.077599496
0.07794153
0.07714649
0.07371931
0.07660041
0.074429385
0.073489696
0.07446359
0.07616435
0.077384315
0.079295166
0.078109786
0.07461413
0.07772861
0.07402379
0.07878681
0.07420554
0.07470774
0.07686978
0.07549254
0.07613278
0.074269466
0.07353068
0.074185126
0.073548
0.07516669
0.07347203
0.0752034
0.07364718
0.073140256
0.07309799
0.07183858
0.07407274
0.07254273
0.07393373
0.07247855
0.07311926
0.07528287
0.07689757
0.072161034
0.07237957
0.071965635
0.07279737
0.072291374
0.07207145
0.07531013
0.07196154
0.07382597
0.072467044
0.071217656
0.070560016
0.07407789
0.07149281
0.07348608
0.07310596
0.07299941
0.07251485
0.07121245
0.07032818
0.07022754
0.06941469
0.071496636
0.07317867
0.07073848
0.07339536
0.0740345
0.071584314
0.07074171
0.070136085
0.07274616
0.071735546
0.071373686
0.07209924
0.06991119
0.07169163
0.07142545
0.07013402
0.072358325
0.07376862
0.06920575
0.070965074
0.06772193
0.06972609
0.07128114
0.0701995
0.07069688
0.07106652
0.06958875
0.070597745
0.07271355
0.07064083
0.07041588
0.06989871
0.06828874
0.06784266
0.069809526
0.068319395
0.07074096
0.068555094
0.07041828
0.06967399
0.071204245
0.068619795
0.06889024
0.06906106
0.071098685
0.07062886
0.06904816
0.070061184
0.068698965
0.06828248
0.06760627
0.06896064
0.06780428
0.06964152
0.067975275
0.06987633
0.07007118
0.06820296
0.06719274
0.069519505
0.06636506
0.068017624
0.06891973
0.06767085
0.0685132
0.06685392
0.06922594
0.0684711
0.06901432
0.0665757
0.06537163
0.06689081
0.06926978
0.068642594
0.06853987
0.0679257
0.0676285
0.06859694
0.06587442
0.066106014
0.0677135
0.066415794
0.068021655
0.06978831
0.06615711
0.067328
0.064951435
0.06640571
0.06822227
0.06750711
0.0660556
0.066116385
0.066814415
0.06619584
0.06618493
0.066474415
0.06588909
0.06501066
0.066058
0.06495846
0.06707632
0.06588602
0.065843105
0.06592908
0.06578784
0.06445272
0.06594699
0.06464037
0.06671645
0.06565778
0.0662689
0.06950957
0.066791765
0.06488349
0.064273186
0.06859069
0.06579541
0.06422346
0.07011099
0.06475847
0.06487763
0.065779
0.06662592
0.06626413
0.064352065
0.06449041
0.06481049
0.06570621
0.06436423
0.06479503
0.06539066
0.066288516
0.062293705
0.06814302
0.06366256
0.064400315
0.063218415
0.06663235
0.06366673
0.0641526
0.06301422
0.06318132
0.06506777
0.06492357
0.06401393
0.06415288
0.06438233
0.06483059
0.0667858
0.06570827
0.06435743
0.06429634
0.064969376
0.063868195
0.063325375
0.06534341
0.06564003
0.06332944
0.06377841
0.06282114
0.06469853
0.06349902
0.06461868
0.06285865
0.06359439
0.06349954
0.06193317
0.0618948
0.06311755
0.06139035
0.06256004
0.06233758
0.062947005
0.061539702
0.06387001
0.061506603
0.063078925
0.062407393
0.06460444
0.06325795
0.061410256
0.06143067
0.06178006
0.06173245
0.06349384
0.06067495
0.061618965
0.06256129
0.061137073
0.062361818
0.060056794
0.0607866
0.06137644
0.060869727
0.06095625
0.059919663
0.061687108
0.05985111
0.06077303
0.061938655
0.059419565
0.059801184
0.05993196
0.061691612
0.058720376
0.0618202
0.059844848
0.060359444
0.06172449
0.061756056
0.060074877
0.061490804
0.060434237
0.05953591
0.058768325
0.060683373
0.060587514
0.060712058
0.06115131
0.059917994
0.05994296
0.06131545
0.06018829
0.06093505
0.05959726
0.059366833
0.06125363
0.061326664
0.061055273
0.059913967
0.05933644
0.058678053
0.058672752
0.05816711
0.060593497
0.059565272
0.058606483
0.057894208
0.05702395
0.06095954
0.05883252
0.05864584
0.057390995
0.059252106
0.058759905
0.058738742
0.060389407
0.05814628
0.058553584
0.059098862
0.058599368
0.05901649
0.0585788
0.05770156
0.059704043
0.05878329
0.058943253
0.057819683
0.059758376
0.058335066
0.057935562
0.058918722
0.057840243
0.05878985
0.05717876
0.05796439
0.056893993
0.058015894
0.056775752
0.058084846
0.056404628
0.05768284
0.057382487
0.057066053
0.05683616
0.05804636
0.058315117
0.059464466
0.05653409
0.057719465
0.056983788
0.05877044
0.05705667
0.058238234
0.057124082
0.05782592
0.056312352
0.056128338
0.05594146
0.059950184
0.056012698
0.05762077
0.056588948
0.05681508
0.057022244
0.056189537
0.057974156
0.0560999
0.05678698
0.05554622
0.056325346
0.056998193
0.055899367
0.055432238
0.05488761
0.057553016
0.055870198
0.056656078
0.057743683
0.056053694
0.05567635
0.05506368
0.056382768
0.05471377
0.056397166
0.057812423
0.056552205
0.055418823
0.056096148
0.05580112
0.055991214
0.055058315
0.05657633
0.05495644
0.056091934
0.056097824
0.056132264
0.057915095
0.057988584
0.05500675
0.0546022
0.054955035
0.054455653
0.055427887
0.056941308
0.056280736
0.05445856
0.054072574
0.05734883
0.055635475
0.05422936
0.05783578
0.054790124
0.054444797
0.054976553
0.055313695
0.054413065
0.054784056
0.054871127
0.056480523
0.05596149
0.05546081
0.056308404
0.056070164
0.05284095
0.053971488
0.053938583
0.055248864
0.053714834
0.055044882
0.053542525
0.054185487
0.055243444
0.05509444
0.053153835
0.0532511
0.054463036
0.053179756
0.053823147
0.05618017
0.0546118
0.05485679
0.05579061
0.053065855
0.054612562
0.054379925
0.053963944
0.05407787
0.054337014
0.052944206
0.053175993
0.05434504
0.05322694
0.054288227
0.054317765
0.053527106
0.053802572
0.053277895
0.05373905
0.055183735
0.05341068
0.05279935
0.054070726
0.053717736
0.053349923
0.05374919
0.053467024
0.0545332
0.053647693
0.05537805
0.05357254
0.052920632
0.054160897
0.05402759
0.053786114
0.054275103
0.05380533
0.053899664
0.052857988
0.053893194
0.053522
0.053297423
0.054584026
0.051557302
0.052433554
0.051708024
0.052516643
0.051687527
0.053892873
0.052196562
0.05322003
0.0524245
0.052893244
0.0527667
0.053050883
0.054083522
0.05220489
0.05202585
0.052349947
0.053787183
0.053615723
0.052475993
0.053008474
0.05194405
0.052328836
0.05131513
0.050794583
0.055187084
0.05246253
0.05117614
0.051813055
0.052240666
0.05188868
0.051478934
0.052384358
0.051564977
0.05124437
0.052502144
0.05235572
0.05348858
0.05414787
0.05614754
0.05194633
0.05072063
0.052322995
0.05187008
0.05237242
0.053646047
0.051507425
0.051614746
0.05069549
0.051928945
0.052388735
0.051870808
0.05315636
0.052199014
0.051061627
0.052532464
0.05191568
0.05199022
0.050603148
0.054215003
0.051863093
0.050255306
0.050803337
0.052385047
0.050083883
0.051216282
0.049781434
0.05102977
0.051241398
0.05304545
0.050815925
0.04954915
0.05011504
0.05196402
0.051773276
0.052016206
0.051569507
0.051477354
0.05034802
0.05036567
0.050326303
0.05025253
0.052362975
0.0501513
0.05055568
0.051198453
0.05082174
0.051324
0.05323247
0.0518177
0.05051406
0.05220871
0.050771892
0.051616967
0.04970841
0.049923398
0.049543597
0.052253637
0.049444214
0.05088285
0.05072662
0.050346706
0.05094911
0.049662393