
0.6061513
0.6280343
0.6461575
0.607779
0.59266704
0.5592153
0.55022377
0.54539126
0.53319776
0.5440531
0.5266617
0.5152504
0.50472915
0.51503074
0.5139369
0.50301933
0.50125885
0.5105975
0.5175525
0.5239554
0.5003822
0.52341235
0.51003057
0.50827336
0.52874273
0.5138617
0.50937366
0.5082533
0.507573
0.5109487
0.5136648
0.5071241
0.50163984
0.50290143
0.51938385
0.4947134
0.49907973
0.49360782
0.48547986
0.46725693
0.4883341
0.4893182
0.4784269
0.48876894
0.48871025
0.49420357
0.4773554
0.4944577
0.5060718
0.48236418
0.47765788
0.46675268
0.48357916
0.46691057
0.48801878
0.482177
0.47906518
0.47139952
0.48920143
0.47598612
0.48497593
0.47935274
0.48762852
0.46009952
0.47594315
0.4851291
0.47498527
0.46676394
0.47617984
0.46764347
0.46860737
0.478013
0.4746432
0.46574038
0.4639408
0.4544124
0.4576957
0.4440278
0.44895765
0.43942997
0.4413889
0.44477913
0.4403372
0.44734436
0.43206084
0.43367353
0.4436641
0.44498676
0.4284756
0.4254023
0.43016222
0.42957735
0.4470512
0.42687628
0.43460923
0.42596653
0.42831138
0.44053608
0.42314067
0.42686763
0.4331754
0.42717186
0.44259155
0.42568207
0.44023275
0.4329746
0.42114538
0.41985402
0.42334434
0.4253157
0.4255102
0.4205148
0.41929632
0.42257243
0.41447136
0.44254848
0.41368887
0.41289407
0.4136101
0.4150812
0.41581473
0.4182831
0.43806285
0.47180453
0.42971703
0.42010346
0.41805288
0.4059298
0.4014869
0.4124568
0.41299784
0.4028276
0.3966661
0.4090944
0.41262248
0.4235086
0.39991385
0.40052235
0.41424406
0.39497477
0.40588188
0.40157846
0.41044816
0.409548
0.4047883
0.40257102
0.40529385
0.40205747
0.39242667
0.40878946
0.40514833
0.39748397
0.39700478
0.39055032
0.3893412
0.39167744
0.39424992
0.39387196
0.39712664
0.39574733
0.38375404
0.38720074
0.38073155
0.38615248
0.38951612
0.38408333
0.38563192
0.3949956
0.38757426
0.40307397
0.39198628
0.39501625
0.38945988
0.3898606
0.3912582
0.39224064
0.40298072
0.38036
0.38665485
0.37978393
0.3807357
0.3826295
0.38813108
0.3871169
0.37271383
0.37615424
0.3766573
0.376981
0.36940953
0.37343025
0.37967223
0.37156078
0.37631673
0.37384573
0.36796305
0.3698563
0.3685628
0.36217085
0.36215743
0.36872768
0.35900253
0.36823636
0.35994834
0.3547238
0.36609992
0.3651938
0.35804477
0.36447018
0.36342943
0.3554144
0.36162952
0.3659763
0.35758635
0.3618874
0.34940258
0.3533755
0.3502266
0.35238394
0.35467753
0.35929972
0.36015108
0.36169335
0.35733244
0.3526022
0.35757062
0.3590841
0.37796336
0.3758117
0.363788
0.35979545
0.3542948
0.35298982
0.36151037
0.36127836
0.3461367
0.3419951
0.35155863
0.34663558
0.3387035
0.35892543
0.338393
0.34698185
0.3453978
0.35101297
0.3377718
0.34434906
0.34473503
0.3413143
0.3410545
0.3394134
0.33365712
0.34351027
0.3508532
0.3388486
0.34335598
0.34506845
0.3533248
0.3546187
0.34814456
0.36411875
0.37475735
0.37931025
0.35401258
0.3502852
0.36016065
0.34750614
0.34658402
0.33502725
0.33540937
0.34384236
0.33761308
0.33356017
0.33111534
0.33441374
0.33731532
0.34012112
0.34760347
0.32954463
0.3364165
0.3340185
0.3412483
0.32849398
0.338201
0.34282985
0.34821495
0.33660787
0.33575243
0.3318479
0.33631974
0.3330371
0.32911327
0.32806697
0.32885474
0.3201067
0.32331008
0.32354766
0.32301566
0.33053678
0.31907445
0.32288826
0.3292069
0.33097374
0.33080545
0.32773745
0.3251763
0.33401972
0.32339564
0.32404578
0.320174
0.33474043
0.32890138
0.3248932
0.33194706
0.33057427
0.3276285
0.32600343
0.3235227
0.32606667
0.32685798
0.34140244
0.32228583
0.3241195
0.3337663
0.31881008
0.3275434
0.31766295
0.31730613
0.33550775
0.3164626
0.321368
0.31821835
0.315495
0.31251255
0.3122841
0.31254125
0.31291947
0.32633823
0.31613332
0.33500996
0.31805438
0.31784338
0.3120381
0.3157677
0.31223598
0.31117693
0.316618
0.3196159
0.31538257
0.31517124
0.31205964
0.31452078
0.3116087
0.32262713
0.31611994
0.30896738
0.3153873
0.3106212
0.31456813
0.30752635
0.3099785
0.3180214
0.3055825
0.30562365
0.30710214
0.3117724
0.3106422
0.31068474
0.30759704
0.29921153
0.31226248
0.29904878
0.298624
0.3041365
0.30370525
0.30794185
0.31216726
0.30566338
0.30594698
0.30831572
0.30413204
0.3049217
0.30263373
0.29962972
0.30695322
0.2949828
0.30174002
0.2963675
0.30212682
0.30941653
0.3035075
0.30165973
0.30030188
0.3101673
0.3000151
0.299141
0.29696023
0.29698452
0.29247263
0.29608053
0.29045123
0.2992292
0.29233435
0.29442027
0.296163
0.29808667
0.31022123
0.29637057
0.2943405
0.30131343
0.29356766
0.2959078
0.29673058
0.2952664
0.31210458
0.29113212
0.295003
0.29998162
0.30044198
0.30138016
0.30599365
0.30117324
0.29663327
0.29744738
0.30093145
0.29962692
0.29195705
0.29164004
0.2953128
0.29397923
0.29006433
0.29363272
0.2953411
0.29590905
0.29854313
0.2955822
0.2905996
0.29508957
0.2887164
0.2918921
0.28979638
0.29009315
0.28879544
0.3015148
0.2860052
0.28726187
0.29646298
0.29107508
0.28840613
0.28778592
0.28932613
0.29978007
0.28846413
0.28967243
0.28848454
0.29308674
0.29227006
0.2905708
0.28867686
0.28568324
0.28164837
0.28259054
0.28113964
0.2873476
0.28449187
0.28879136
0.28844234
0.286437
0.2873567
0.28254354
0.28672174
0.28567308
0.28317454
0.28653944
0.28315228
0.28924602
0.28228799
0.28352833
0.28782618
0.2824852
0.28117478
0.28282034
0.28598973
0.2794001
0.28065374
0.28826374
0.28454807
0.27759323
0.28169706
0.28800413
0.28765768
0.28485617
0.2768408
0.28476068
0.28494447
0.2756976
0.2775325
0.28420296
0.28107375
0.27240655
0.27675945
0.27121958
0.27801615
0.2811746
0.2729827
0.28206113
0.2781458
0.27385676
0.27079397
0.27233842
0.27316415
0.27731818
0.27283886
0.27771276
0.27758685
0.2761685
0.28000528
0.27843207
0.2727523
0.28405836
0.27148652
0.2748328
0.26958495
0.26666364
0.26900968
0.26773146
0.2757496
0.26730984
0.27023655
0.26972413
0.27326423
0.28117454
0.2737647
0.2742976
0.27485052
0.27261528
0.26877224
0.26844373
0.26857793
0.26315528
0.26909155
0.2654076
0.26931944
0.25985822
0.2698605
0.26858023
0.26884928
0.2640252
0.26978394
0.26505744
0.2730967
0.2607965
0.26003483
0.26493374
0.26119736
0.26900464
0.2653564
0.2674224
0.26363766
0.27267563
0.2674775
0.27196506
0.27303562
0.27284473
0.26667953
0.26626238
0.25980803
0.26736495
0.259506
0.2663854
0.26084942
0.26926124
0.2649136
0.2584685
0.26074076
0.2607207
0.26621127
0.2578293
0.26448965
0.2585784
0.25948456
0.2604795
0.25950268
0.2659154
0.26171175
0.2592165
0.26584834
0.25811353
0.266793
0.25930363
0.25685734
0.2618327
0.25689217
0.26559097
0.2593743
0.26014328
0.2545154
0.2489182
0.25262976
0.25548634
0.25740176
0.25537091
0.2626836
0.25859454
0.25886157
0.26330405
0.26335388
0.2560936
0.2531881
0.25685686
0.26341298
0.25614202
0.2618372
0.2564226
0.25168622
0.25648797
0.25905493
0.25577685
0.25727633
0.25427967
0.25714195
0.25592893
0.2598119
0.25496763
0.2572306
0.25625154
0.25560254
0.2556969
0.25912046
0.24991423
0.25076652
0.25063485
0.25467417
0.24961072
0.25888526
0.24974734
0.24976346
0.25588354
0.2503406
0.25100592
0.25809115
0.24985477
0.24730894
0.2524242
0.2563482
0.26148602
0.24941762
0.24935418
0.25145182
0.249425
0.25637066
0.25077868
0.25344703
0.25766468
0.25606102
0.25445518
0.25271624
0.25159353
0.25728774
0.24979922
0.25164807
0.24683994
0.24550173
0.24854806
0.24501352
0.2482056
0.24834321
0.24804981
0.24803878
0.24730799
0.24550566
0.24370934
0.24405113
0.24813238
0.24315396
0.24328177
0.24893317
0.2449063
0.23979792
0.24209021
0.24563086
0.2464097
0.24729568
0.24634624
0.25175804
0.24266563
0.2458125
0.24967727
0.25339913
0.24476062
0.24912207
0.24730271
0.25074682
0.24514845
0.24112955
0.23858184
0.24300872
0.2406211
0.2401572
0.23824325
0.24669081
0.24613144
0.24489869
0.23821938
0.2385114
0.24835905
0.24354139
0.23933579
0.2415443
0.26079056
0.24918956
0.24496965
0.24618885
0.24380577
0.24912716
0.24256317
0.23920204
0.2383289
0.24979271
0.24158934
0.23881754
0.23615682
0.23800658
0.24037133
0.23646185
0.2416657
0.24288897
0.24070281
0.23843488
0.24433838
0.24266562
0.23988624
0.24640317
0.23957029
0.23750207
0.23886295
0.2398619
0.2402224
0.24105512
0.24361031
0.2548299
0.24024732
0.24267644
0.24221878
0.24543904
0.24091907
0.24053039
0.23652643
0.23794834
0.2358575
0.23710145
0.23647064
0.245207
0.23071358
0.23905747
0.23653899
0.23743537
0.23803523
0.23766923
0.24021058
0.24032427
0.23263791
0.23698877
0.23756993
0.2359862
0.23527619
0.2355126
0.2324409
0.23280638
0.23919816
0.24092428
0.23932788
0.23658238
0.23901096
0.234627
0.23843206
0.23364922
0.23282903
0.24456136
0.23814885
0.23537302
0.23174304
0.23431471
0.2294041
0.23164938
0.23525205
0.2343539
0.23622689
0.23601146
0.23023139
0.23481426
0.23295395
0.23463628
0.23296992
0.23309368
0.22954214
0.23116426
0.22879353
0.23041454
0.22805338
0.23019457
0.23037289
0.23270549
0.230634
0.23322299
0.23469317
0.22686502
0.22574584
0.22726288
0.22749266
0.2252227
0.22796951
0.22744985
0.22849551
0.23303033
0.23300046
0.22660345
0.22631827
0.2332365
0.23440318
0.2305684
0.22640853
0.22480597
0.23158522
0.22732826
0.22896144
0.22729887
0.22795787
0.2298965
0.22555123
0.22476594
0.22491728
0.22570364
0.22584864
0.22890645
0.22991982
0.22497007
0.22931844
0.22887464
0.22839637
0.22943342
0.23320901
0.22378753
0.2309802
0.2260361
0.22488831
0.23450968
0.22396557
0.22053425
0.22636123
0.2257754
0.22404152
0.2277367
0.22068623
0.22178714
0.22139922
0.2235541
0.22579935
0.2234482
0.22505675
0.22105908
0.23063536
0.21894549
0.21749942
0.22627348
0.2208453
0.22590707
0.22519669
0.2218264
0.22838812
0.22109269
0.21876463
0.2208157
0.2191593
0.22212973
0.22012284
0.2219024
0.22579248
0.23185383
0.21912684
0.22271183
0.22212553
0.22197828
0.22057918
0.22496703
0.22090796
0.22245596
0.21984127
0.22345124
0.22125731
0.22042988
0.21656185
0.22253036
0.22551787
0.21933179
0.2206345
0.21967682
0.21800652
0.22182511
0.2177519
0.21934928
0.21704759
0.22412403
0.2231302
0.21604666
0.22128473
0.21482483
0.21690907
0.22127044
0.22252771
0.21912253
0.22158785
0.21740861
0.22184975
0.22509277
0.2190413
0.21881443
0.21445371
0.22455628
0.21504864
0.22182424
0.21708128
0.21973029
0.21706699
0.2163395
0.21709536
0.21689808
0.21754444
0.22140108
0.22189769
0.21906967
0.21654388
0.21927166
0.21785629
0.21690354
0.21180746
0.22509553
0.21844926
0.22156045
0.21640944
0.21839668
0.22054479
0.21920332
0.22168231
0.22056288
0.21991022
0.21295136
0.22102684
0.21850935
0.21489234
0.2183683
0.21449067
0.2214623
0.21848635
0.2177099
0.21854655
0.21290895
0.21765842
0.2185966
0.21632682
0.21621254
0.21595275
0.2150247
0.21575378
0.21599926
0.21362385
0.2183136
0.21693915
0.21239567
0.21375088
0.21388112
0.21562594
0.2114852
0.21214882
0.21055664
0.21500522
0.21768959
0.21725862
0.21771865
0.2123756
0.21111183
0.21734852
0.21087152
0.21010219
0.21065876
0.21583782
0.21142127
0.2121649
0.21668537
0.20931359
0.21852106
0.20904168
0.21349773
0.2120319
0.20998214
0.21318342
0.21386665
0.20982987
0.20961381
0.21795212
0.2119047
0.21350636
0.21083212
0.20925483
0.21037593
0.20788503
0.21179818
0.20903791
0.21089746
0.20879346
0.20955028
0.21087573
0.21210364
0.20852832
0.21330485
0.21463938
0.2143505
0.21941943
0.20753863
0.21192089
0.21497901
0.2150765
0.21257792
0.21154879
0.2101946
0.21306162
0.20806861
0.21247387
0.20902793
0.2157186
0.21237113
0.21324272
0.21305098
0.21143675
0.21706674
0.21730892
0.21352507
0.2112076
0.20908487
0.21023212
0.21486561
0.21124773
0.2078161
0.20890579
0.2117642
0.20936492
0.21228874
0.207041
0.20928858
0.20996912
0.20895977
0.21039286
0.20912915
0.20808282
0.20544001
0.21009618
0.20783038
0.2082741
0.20706479
0.20498016
0.20549546
0.20592123
0.20243031
0.20709997
0.20795725
0.20542958
0.21312164
0.2095476
0.20648433
0.20555942
0.20502116
0.20221841
0.2031067
0.206757
0.21242228
0.20532563
0.20503066
0.20392145
0.20987864
0.20590284
0.20733441
0.20272797
0.20298961
0.20552465
0.2040746
0.20690937
0.20566371
0.20412174
0.20476969
0.20769523
0.20157929
0.20577243
0.20177333
0.20309497
0.2057533
0.20686857
0.2046221
0.20329733
0.20233549
0.20269077
0.2060737
0.20616452
0.20233962
0.198795
0.20309459
0.20257297
0.20661826
0.20464723
0.20698152
0.20444207
0.1987581
0.19673744
0.20326437
0.20163904
0.20861188
0.20362557
0.21105997
0.20377441
0.2052402
0.20221643
0.20710127
0.20473826
0.20032099
0.20219165
0.20241222
0.20025434
0.20420362
0.19997682
0.2002158
0.19907632
0.19910942
0.2005298
0.20257209
0.2005933
0.20165366
0.20343189
0.19957258
0.20040634
0.20118934
0.19889107
0.19893683
0.20347127
0.20165178
0.19694346
0.19857572
0.2037414
0.20163934
0.19988887
0.1987925
0.2035027
0.20113555
0.2007936
0.20019947
0.19870022
0.19738679
0.19675598
0.20322785
0.19931553
0.20074943
0.19814871
0.20132568
0.19659244
0.20264235
0.2041413
0.19956078
0.20582107
0.19616352
0.20268624
0.2015105
0.1976459
0.19882908
0.19458047
0.1975408
0.19827555
0.19656408
0.20218739
0.19582853
0.1960241
0.19866529
0.19662091
0.19952558
0.20193309
0.1947439
0.19788736
0.19929211
0.19692016
0.19653673
0.19486284
0.1963666
0.19878928
0.19540666
0.19445755
0.19259718
0.19673128
0.19833544
0.19639443
0.20033297
0.20117177
0.19819038
0.19896495
0.19658604
0.19900948
0.1997464
0.19642061
0.19840643
0.19883388
0.19716819
0.19570626
0.1926006
0.19590868
0.20070687
0.1935034
0.19405143
0.1985812
0.19393443
0.20165145
0.2003961
0.19737837
0.19589545
0.19574443
0.19839786
0.20082873
0.19343065
0.20116997
0.19474201
0.19661307
0.19710901
0.19959417
0.1952587
0.19521663
0.20342752
0.1978032
0.19167557
0.19525632
0.19482817
0.19337903
0.1950432
0.20027521
0.19691606
0.19878946
0.19585408
0.19883788
0.195167
0.1906886
0.20086958
0.19712296
0.19313154
0.1983663
0.19356245
0.20134781
0.19906755
0.1984874
0.19462572
0.19413668
0.19506489
0.19422887
0.19159214
0.19565009
0.19833289
0.19268318
0.20561837
0.19586332
0.19819416
0.19419874
0.1937453
0.19065617
0.19630286
0.194776
0.1927299
0.19421661
0.19050518
0.19787112
0.19401346
0.1914298
0.19415076
0.19334315
0.19113429
0.19617477
0.19100326
0.19220187
0.19091411
0.19372176
0.19382985
0.19712877
0.2000631
0.1914783
0.19570085
0.19483185
0.19269776
0.1954226
0.1916237
0.19017965
0.18648967
0.19018568
0.191264
0.19230627
0.19383013
0.19051106
0.18841797
0.18942043
0.19710849
0.18806215
0.19234963
0.18694146
0.19215597
0.19228278
0.18902439
0.18984541
0.19108568
0.18782014
0.1904364
0.19116496
0.19041674
0.19053999
0.18920083
0.184826
0.18798906
0.19449255
0.18759368
0.18714105
0.18604752
0.18833174
0.1863643
0.19028917
0.18982586
0.19114487
0.18730862
0.18820511
0.18547271
0.19171162
0.18751757
0.18920022
0.19042404
0.18271403
0.18649215
0.19224493
0.1928558
0.1889164
0.18870991
0.18599893
0.18735981
0.1882397
0.18899038
0.18806481
0.18733718
0.18673672
0.18452139
0.1894843
0.19039492
0.18384233
0.18916124
0.18701717
0.19085908
0.18568273
0.18406656
0.19229572
0.18598685
0.18539809
0.1867162
0.18610042
0.19023566
0.19191115
0.1858365
0.18686253
0.18750235
0.19233227
0.18579616
0.18185933
0.18994772
0.18679053
0.1910839
0.18643275
0.1902984
0.1876625
0.18571678
0.18471096
0.18282023
0.18736695
0.18444519
0.18332022
0.1890377
0.18319216
0.18427546
0.1836807
0.184734
0.1863282
0.18357359
0.18426032
0.18343012
0.18269584
0.18416676
0.18480542
0.18801129
0.18232982
0.18372434
0.18403047
0.1829744
0.18306282
0.18403575
0.18130074
0.18365353
0.18035193
0.18345338
0.18364996
0.18765327
0.17854406
0.18263252
0.18449916
0.18626809
0.1896121
0.18283261
0.18108158
0.18220045
0.18100369
0.18357863
0.18988545
0.18535455
0.18587351
0.1846057
0.18052968
0.1841512
0.18490902
0.18722117
0.18132874
0.17897633
0.18098253
0.18331161
0.18731853
0.18244155
0.18111838
0.18362638
0.18016706
0.18440688
0.18039423
0.1831282
0.18294835
0.18939422
0.18395287
0.18839985
0.1798677
0.1827718
0.18240508
0.18891333
0.1816523
0.18210311
0.18414976
0.18424834
0.18397713
0.18265627
0.18490118
0.18209517
0.17917584
0.18043493
0.17915343
0.17797875
0.18416026
0.18346578
0.18196416
0.18036763
0.17813252
0.18238196
0.18037772
0.18165405
0.17935395
0.17957708
0.18031615
0.17916203
0.18105373
0.18334314
0.1824927
0.18175352
0.18009518
0.18298225
0.18866293
0.18139137
0.18001768
0.17957868
0.18007751
0.18200187
0.18682858
0.18293177
0.1792746
0.18794571
0.18432572
0.1837543
0.17848375
0.18166548
0.18228823
0.17911755
0.1829344
0.17808588
0.18083926
0.17940165
0.17766126
0.18087378
0.17978933
0.1828464
0.18367289
0.17851634
0.17865762
0.17798588
0.1796624
0.18052943
0.18094128
0.17832804
0.17904218
0.17801578
0.18202044
0.19082709
0.17930745
0.17986521
0.17849569
0.18302643
0.1796892
0.18055512
0.17844713
0.17759259
0.17684445
0.1784291
0.18173797
0.1781082
0.18039988
0.1776696
0.17942995
0.18294074
0.17831372
0.17570086
0.18206315
0.17799279
0.17875619
0.17685588
0.17635368
0.17488024
0.17837495
0.17673704
0.17523777
0.18399425
0.17628202
0.1779293
0.17790137
0.17747614
0.17772344
0.17974189
0.1785326
0.1809823
0.17665836
0.1753441
0.177713
0.17948674
0.17526253
0.1758522
0.17590521
0.17368597
0.17624609
0.17306848
0.17614451
0.1762771
0.17408049
0.17627925
0.17593102
0.17514208
0.17470661
0.1782458
0.17632212
0.18079577
0.17756365
0.18339412
0.17997536
0.17636037
0.17551912
0.17682588
0.174268
0.17275396
0.17360105
0.17767784
0.17470565
0.17784026
0.17587091
0.17491634
0.17704381
0.17134163
0.17477284
0.17482801
0.17642653
0.17613238
0.17467219
0.17700195
0.17517526
0.1771938
0.17858231
0.17753406
0.1757803
0.17667276
0.17635085
0.17664847
0.17336613
0.17752057
0.17375247
0.17662738
0.17595957
0.17524928
0.17403722
0.18220052
0.17366795
0.17588425
0.17567404
0.17369294
0.17934097
0.17400213
0.17357285
0.17131427
0.17968327
0.17491885
0.17428811
0.17177331
0.17237322
0.17518102
0.17412476
0.17830849
0.17329212
0.17629309
0.17609636
0.17357005
0.17669822
0.17365927
0.17138141
0.1725076
0.17518322
0.17148454
0.17228001
0.17228921
0.1741837
0.17561845
0.17219418
0.17685284
0.17263041
0.17709222
0.17509884
0.17357016
0.17365403
0.17350192
0.17246316
0.17494148
0.17474338
0.16985707
0.17818958
0.17420743
0.1696399
0.17349578
0.17475083
0.16915596
0.17137259
0.17131719
0.17452197
0.17262602
0.17317657
0.17921771
0.17382506
0.17254291
0.17399427
0.1764864
0.17234753
0.17136069
0.1684022
0.17202339
0.17159729
0.1743198
0.17551008
0.17332731
0.17207128
0.17081243
0.16992311
0.17036721
0.17815682
0.17180598
0.17307898
0.17108661
0.17213812
0.17016324
0.17167911
0.16646667
0.17487769
0.16800852
0.17063773
0.17074686
0.17216945
0.17268378
0.17184141
0.17675346
0.16871482
0.17575859
0.17463969
0.16940618
0.1711845
0.16994064
0.16773804
0.17200184
0.17135027
0.17060868
0.1696881
0.17302372
0.17280507
0.17065883
0.17336711
0.17639422
0.16845953
0.16725175
0.17595416
0.16999291
0.17001778
0.17257322
0.17175406
0.17468886
0.17040433
0.17315345
0.17309475
0.16875497
0.16685435
0.16990657
0.17311004
0.1772769
0.17246506
0.170456
0.17238192
0.17138414
0.16959023
0.16999798
0.16706668
0.17223011
0.16971524
0.1711173
0.17544854
0.1714002
0.16683573
0.16763191
0.1707312
0.17060877
0.16638006
0.16692802
0.16811815
0.17117812
0.1682062
0.17145555
0.17155495
0.172022
0.16849984
0.16880271
0.16682544
0.16813438
0.1686402
0.16769275
0.16892457
0.16850156
0.17006081
0.16864143
0.1661173
0.16817379
0.16973487
0.1691715
0.1714246
0.17046463
0.1687319
0.16958454
0.17095545
0.16802908
0.17192191
0.16562966
0.17043748
0.16612737
0.16648132
0.16473775
0.16514808
0.1671254
0.16550907
0.16679971
0.16811089
0.1660737
0.16925152
0.16761488
0.16400112
0.16591494
0.1695634
0.16815904
0.16584195
0.16609494
0.16676182
0.16407338
0.16365977
0.16995981
0.16535427
0.16461022
0.16868584
0.16527365
0.16964659
0.16267724
0.16681695
0.1623033
0.16510786
0.16885716
0.16717675
0.16479212
0.16621009
0.16972111
0.16861221
0.16458584
0.16311096
0.16719604
0.16323692
0.16361979
0.16696827
0.16791658
0.16333492
0.16907454
0.17091691
0.16606216
0.16388573
0.16690943
0.16396992
0.1681886
0.16269821
0.16420424
0.16483003
0.16447514
0.16706975
0.16760968
0.16809638
0.16323136
0.16634871
0.16754091
0.16721219
0.16798773
0.16405304
0.16250159
0.16751474
0.16475372
0.16858836
0.16875002
0.16228278
0.1669907
0.16547707
0.16385312
0.1664314
0.16253129
0.16420507
0.16179216
0.16446286
0.16215853
0.16121063
0.1607596
0.16306035
0.16416125
0.16165042
0.1645545
0.16451655
0.16321187
0.16390555
0.16224408
0.16825818
0.16568021
0.16239539
0.16445899
0.16151716
0.16060542
0.16363156
0.16097574
0.16299209
0.16666672
0.16439195
0.1621314
0.16214061
0.16735515
0.16430457
0.16557217
0.16406214
0.16563815
0.16656813
0.16333377
0.16307928
0.16438818
0.16674694
0.16545969
0.16717003
0.16471772
0.16792804
0.16611822
0.16712284
0.16315694
0.16684057
0.1626648
0.16567352
0.16919579
0.1636206
0.16174892
0.16679798
0.16216049
0.16883741
0.16684031
0.16563575
0.16491787
0.17029352
0.17061968
0.16271462
0.16394912
0.16338825
0.16827989
0.16781995
0.16409464
0.16570586
0.1666215
0.17079277
0.16153654
0.16053082
0.16257687
0.16513948
0.15885852
0.16509657
0.1605632
0.16946669
0.16111004
0.16441315
0.16084631
0.16205737
0.16064644
0.161438
0.16269712
0.16324805
0.16239639
0.16144508
0.16707858
0.16216324
0.1641175
0.16081035
0.16321641
0.16255282
0.16427438
0.16316757
0.16110274
0.15935937
0.16101043
0.16491729
0.16198577
0.16277839
0.15968755
0.16034932
0.16563787
0.1631819
0.15927503
0.16072215
0.16076668
0.16431524
0.15923026
0.16040301
0.16526522
0.16400965
0.1603896
0.16526614
0.1659126
0.16187972
0.15788573
0.15950742
0.15981218
0.16464333
0.1610258
0.16035807
0.16510625
0.16418223
0.1637824
0.16205989
0.16279888
0.162788
0.1668358
0.1590101
0.1616001
0.15975946
0.16133237
0.16232379
0.16269888
0.1617479
0.16268204
0.16081668
0.16019094
0.15797141
0.15969276
0.16424404
0.16084857
0.15843418
0.1595187
0.16053009
0.16192085
0.16193871
0.16403943
0.16222009
0.15937024
0.16003074
0.16132227
0.1619913
0.16473682
0.16015306
0.16141762
0.16024934
0.1594446
0.16173466
0.16249937
0.16192165
0.16024594
0.15945762
0.15901819
0.15989527
0.15818645
0.15938857
0.15996993
0.16456793
0.16214198
0.1582714
0.16447482
0.15745276
0.15760505
0.16039614
0.16856404
0.17129177
0.16071731
0.16276258
0.1595111
0.15884367
0.15792012
0.15888728
0.15922639
0.15874472
0.15760873
0.15977986
0.15809727
0.15877563
0.15975274
0.1595813
0.15973695
0.16250204
0.16217434
0.15966943
0.15980287
0.1586516
0.16555968
0.16378455
0.15781736
0.15993468
0.16005613
0.1577895
0.16245514
0.16454545
0.16212124
0.16038685
0.1587028
0.16178116
0.15890653
0.16093965
0.159728
0.15828723
0.1599349
0.15841317
0.15637149
0.15871434
0.1592794
0.15451317
0.15884893
0.15821914
0.15792431
0.16060138
0.1571927
0.1660772
0.15987338
0.15627499
0.15510765
0.15590043
0.16160598
0.1588009
0.15551542
0.15651068
0.1580243
0.16062997
0.1582731
0.15271994
0.15503174
0.15717648
0.15744032
0.1557068
0.15531778
0.15705162
0.15971027
0.15537594
0.1586519
0.16167895
0.15800229
0.15917845
0.15992956
0.15680575
0.1620401
0.15588516
0.15497044
0.15445487
0.1565452
0.15269314
0.16070433
0.15682808
0.15844154
0.15958712
0.15503708
0.16097294
0.15567909
0.15597793
0.15770826
0.15602832
0.1582576
0.16032887
0.15789989
0.15579735
0.16086946
0.15791625
0.16335574
0.15682405
0.15827802
0.1534947
0.1532457
0.15466152
0.15837987
0.15285215
0.1577702
0.15752843
0.15692814
0.15665698
0.15564881
0.15895087
0.15556897
0.1545165
0.1590796
0.1540871
0.15693206
0.15524152
0.16602492
0.15430921
0.1563687
0.154148
0.15462881
0.15440136
0.15430428
0.15323886
0.15381442
0.15420823
0.15441582
0.15888959
0.15318383
0.15790322
0.15566863
0.15774257
0.15904848
0.1530804
0.15570816
0.1568626
0.15540586
0.15462473
0.15819205
0.15225065
0.15392692
0.15313086
0.15366438
0.1527142
0.15440582
0.15530759
0.15444334
0.15617818
0.15395379
0.15435465
0.15760183
0.1547004
0.1543741
0.15659152
0.15624589
0.1553521
0.15415546
0.15796943
0.1537173
0.15361153
0.1527405
0.15829675
0.15882415
0.15333673
0.1533694
0.1591315
0.15466358
0.15293013
0.15470776
0.1520507
0.15247165
0.15051147
0.15325047
0.15123469
0.15729079
0.15524131
0.15347096
0.15296024
0.15748613
0.15191664
0.1547711
0.15336956
0.155591
0.15384619
0.15292849
0.15410367
0.15518062
0.15209846
0.1547501
0.15238698
0.15425685
0.15267664
0.15550615
0.15294334
0.15717076
0.15208133
0.15221626
0.15438026
0.15463947
0.14976996
0.15557936
0.1550893
0.15405166
0.15676022
0.155821
0.1541623
0.15493189
0.15645222
0.1527438
0.15254627
0.15737198
0.15324287
0.15530495
0.15055907
0.15164912
0.15091828
0.15515931
0.15783095
0.15425484
0.15335101
0.15434599
0.1508604
0.15230568
0.15658501
0.15417786
0.15378669
0.15494342
0.15309416
0.15892063
0.15612228
0.15236576
0.15794986
0.15445854
0.15274681
0.15166554
0.1547896
0.15456745
0.15628669
0.1551054
0.1526236
0.15430276
0.15511072
0.15348221
0.15385254
0.15308422
0.1522858
0.15434888
0.15766469
0.15302311
0.15299998
0.15270947
0.15500711
0.15051095
0.15533875
0.15152343
0.15552372
0.1580245
0.15309072
0.1505037
0.15610975
0.15249187
0.15203917
0.15221441
0.15489374
0.15742502
0.14915417
0.15295863
0.15198235
0.15438733
0.1524319
0.15524425
0.15194196
0.15081702
0.15162146
0.15295783
0.1506335
0.15574424
0.15026888
0.15023312
0.15462859
0.1512447
0.15239055
0.15602309
0.15483008
0.15177271
0.15215832
0.15055463
0.14858371
0.14866279
0.14981432
0.15300588
0.15044
0.15145157
0.15866132
0.15626448
0.15040126
0.14755829
0.14855713
0.15073545
0.14965168
0.15054601
0.15183786
0.15129484
0.1497079
0.14914715
0.1538406
0.15289165
0.14711645
0.15029794
0.15179071
0.15244518
0.1563432
0.15204385
0.15182541
0.15152408
0.15295988
0.15001422
0.15296662
0.15610506
0.15074772
0.1513694
0.1489432
0.1487488
0.14746493
0.15020804
0.15271215
0.15017772
0.15027595
0.14857711
0.15008786
0.15187363
0.14957443
0.14765012
0.14932288
0.14906788
0.15221447
0.15027717
0.15152125
0.15233839
0.14995262
0.14898598
0.14911439
0.14795887
0.14847443
0.15105523
0.1511473
0.14700042
0.14964227
0.15028656
0.14787592
0.1525597
0.15194105
0.14626285
0.14989164
0.15165825
0.1521275
0.14954647
0.14730547
0.14666855
0.14894444
0.14757194
0.15472597
0.15378284
0.1500694
0.14928354
0.14721973
0.14951374
0.14677742
0.15180962
0.1482349
0.14983733
0.14681336
0.14925046
0.1495167
0.14884043
0.14634895
0.14962941
0.14848432
0.1505231
0.15268895
0.15028667
0.1481602
0.14963333
0.15186155
0.15055089
0.14838123
0.1499435
0.15563133
0.1491315
0.14831756
0.14611128
0.15007922
0.14646077
0.1507294
0.14805458
0.14809823
0.14678782
0.14609973
0.14814448
0.14856485
0.14716962
0.15087424
0.14933906
0.14938496
0.14653727
0.1487413
0.14725633
0.14706163
0.14913751
0.1463505
0.14913045
0.14514293
0.14626208
0.14538428
0.14920263
0.15086107
0.1470976
0.1482683
0.14877084
0.14840618
0.14612845
0.14949948
0.14635293
0.15069786
0.1475567
0.14974852
0.14782253
0.14740656
0.1455211
0.14544076
0.14981602
0.14821713
0.15030518
0.14936945
0.14663799
0.14807107
0.14982301
0.14900665
0.14746279
0.14842491
0.14751494
0.14731091
0.14999706
0.15050283
0.14905454
0.14958823
0.14749335
0.15092634
0.14953999
0.14862789
0.14767246
0.14979887
0.14789425
0.14494415
0.15286209
0.15017201
0.1462722
0.14668156
0.1495998
0.14941642
0.14350629
0.14759885
0.14581834
0.14637904
0.14938417
0.14488137
0.14442402
0.14590913
0.14629258
0.14740455
0.14544484
0.14704071
0.1424725
0.14640063
0.14737532
0.14523566
0.14464514
0.14620739
0.14634968
0.14496578
0.14594065
0.14413455
0.14607236
0.14567356
0.15069622
0.14522986
0.149907
0.14577684
0.1463839
0.14493144
0.1456936
0.14574224
0.1438113
0.14966682
0.14406152
0.14568515
0.14527819
0.14312898
0.1471867
0.14658962
0.14466447
0.14665441
0.14439055
0.14944372
0.14700924
0.14405553
0.14479443
0.14528276
0.14738083
0.14756379
0.14859144
0.14657299
0.1490685
0.14592741
0.14563693
0.14730498
0.15264359
0.15091865
0.14358768
0.14656799
0.14599022
0.14291611
0.15394774
0.14272898
0.14547203
0.14478421
0.15018246
0.14617918
0.14452855
0.1475515
0.1448815
0.14719416
0.1441342
0.14395809
0.14241008
0.14527172
0.14901435
0.147753
0.14525445
0.14417493
0.1437312
0.14306936
0.14472775
0.14353937
0.14703059
0.14650716
0.14206176
0.14309655
0.14668436
0.1425868
0.14493589
0.14295161
0.14349891
0.14582469
0.14575344
0.14500897
0.1432957
0.1454239
0.14545111
0.14857869
0.14368556
0.14399488
0.14227664
0.1430862
0.14498106
0.14472435
0.14732556
0.14369325
0.1429771
0.14353277
0.14415832
0.14343058
0.14466372
0.1455836
0.14627637
0.14254971
0.1488635
0.14200264
0.14336704
0.14286287
0.14445266
0.14322993
0.14498608
0.14579187
0.14612073
0.14275198
0.14642392
0.14149664
0.14047149
0.14517911
0.14229816
0.14128561
0.14494833
0.14234538
0.14129107
0.14069805
0.14772561
0.14390399
0.14297827
0.14025265
0.14131755
0.14164688
0.14084746
0.1446532
0.14912122
0.14337191
0.14088537
0.14261371
0.14458595
0.14443721
0.14275002
0.14204091
0.14234701
0.14138433
0.14121687
0.14330404
0.14293864
0.14394392
0.14750843
0.14336552
0.14828643
0.14240314
0.14313364
0.1460469
0.14328973
0.14126751
0.14272253
0.14598513
0.14289825
0.145798
0.14403746
0.14550166
0.1461438
0.1482098
0.14050767
0.14279635
0.14460197
0.14022847
0.14433613
0.1412725
0.14111505
0.14200653
0.14336276
0.14199716
0.14024168
0.14375214
0.1431726
0.14409865
0.14564846
0.14204027
0.14283377
0.14164135
0.14782034
0.14370482
0.13934295
0.1476296
0.14212538
0.14429407
0.14344063
0.14399904
0.14088786
0.1420704
0.14436196
0.14156818
0.14445919
0.14413096
0.14048167
0.1421604
0.1432567
0.1402287
0.14200261
0.14136349
0.14308104
0.14485629
0.14069083
0.14112025
0.14204587
0.13985406
0.14176221
0.13967404
0.14027095
0.1428939
0.14112101
0.14167327
0.1441382
0.14037327
0.14237621
0.14162524
0.14104298
0.13978794
0.14350921
0.14221251
0.14321238
0.14088973
0.14048581
0.14005974
0.14692298
0.14162041
0.14176516
0.14006245
0.14169325
0.14139347
0.14176944
0.13906507
0.1405475
0.13932775
0.14035389
0.14115305
0.14125484
0.14347312
0.140968
0.14240187
0.14426525
0.14095911
0.14069594
0.14047956
0.14323464
0.14491574
0.14265814
0.14222462
0.14303131
0.1459411
0.14394884
0.14280887
0.14502445
0.14502752
0.14147368
0.14034742
0.14067855
0.13800406
0.14459598
0.14080577
0.14301758
0.13963339
0.14501335
0.14151093
0.14290117
0.14060858
0.14105427
0.13898142
0.14169404
0.13977239
0.13879816
0.14224043
0.1412875
0.13949032
0.14255823
0.1413489
0.13957044
0.14300776
0.13984035
0.13983405
0.13953324
0.13872282
0.1391649
0.139455
0.14111203
0.1407523
0.13928328
0.13972257
0.14502469
0.13898467
0.13937676
0.1396213
0.14288126
0.13856195
0.14156912
0.14276163
0.14393824
0.14063476
0.14898883
0.14180855
0.13949463
0.1403531
0.14291646
0.14451274
0.1376994
0.1414122
0.14085424
0.13996534
0.1477742
0.14189273
0.14117827
0.14040732
0.1400797
0.13846219
0.14225501
0.14417514
0.13979012
0.14250745
0.14005005
0.14322983
0.1414467
0.13843088
0.14025205
0.13955963
0.14019872
0.14082311
0.13831702
0.14106919
0.14158118
0.14076826
0.13862595
0.14270537
0.1371478
0.14125814
0.13719684
0.14499404
0.13933042
0.13877998
0.13711978
0.13723397
0.1400838
0.13790524
0.13980924
0.14468767
0.13939428
0.13851549
0.13781175
0.1372129
0.1430497
0.14005914
0.14136362
0.1417503
0.13971356
0.13586101
0.13880296
0.13839091
0.13896053
0.13892062
0.13545449
0.13868791
0.13740654
0.13896222
0.13756356
0.14097781
0.13904385
0.13582844
0.13854928
0.14242086
0.14117207
0.13857907
0.13945009
0.13983181
0.14259468
0.13949074
0.13704465
0.13744213
0.13885844
0.13870023
0.13862109
0.14014696
0.13839054
0.13594396
0.13680588
0.136349
0.13697273
0.13750675
0.13657257
0.13853665
0.13816833
0.13576837
0.13763069
0.1392654
0.1360816
0.13881695
0.13739988
0.14018853
0.13625148
0.13726313
0.1382867
0.13927904
0.1379442
0.1391903
0.13969041
0.13956651
0.13665135
0.14109267
0.13678622
0.13534494
0.13967124
0.14551023
0.14299853
0.13724187
0.13985167
0.13422836
0.13756526
0.13639583
0.13888586
0.13459428
0.13554749
0.1376218
0.13577451
0.139466
0.13613077
0.13848527
0.13762434
0.13771635
0.14045845
0.14090894
0.1368918
0.13707459
0.1392967
0.13993476
0.13497387
0.14136653
0.1403654
0.13899522
0.13754155
0.13856
0.13831802
0.13668314
0.13751371
0.13875407
0.1374915
0.13644226
0.13754874
0.13749486
0.13539442
0.13566348
0.13953808
0.1359975
0.14159884
0.13761191
0.13634665
0.13636938
0.13801436
0.13606147
0.14176367
0.1367327
0.13929605
0.13763048
0.1372066
0.13616042
0.13801688
0.14006898
0.13912788
0.13621636
0.13991198
0.13588585
0.13641225
0.13997005
0.13639769
0.1355553
0.13928512
0.13667391
0.13693807
0.13786964
0.13481492
0.14107764
0.13748518
0.13664638
0.13677217
0.13597287
0.13855244
0.13578358
0.13685268
0.13874178
0.13465858
0.13390635
0.13671331
0.1396952
0.13570423
0.13541849
0.13547644
0.13823763
0.13721979
0.1386268
0.13607635
0.13413163
0.1375955
0.13646774
0.13464017
0.14013946
0.1357099
0.13861464
0.13931583
0.13485347
0.13872175
0.13961393
0.1352365
0.13702391
0.13872701
0.13919522
0.13648763
0.13617253
0.13687041
0.13813834
0.13357428
0.13476811
0.13389307
0.13476706
0.13928667
0.13481581
0.1379054
0.13690005
0.13621388
0.13416618
0.13293236
0.13728395
0.1368157
0.13623127
0.13723628
0.13791999
0.1369788
0.13480368
0.13633062
0.1347819
0.13634023
0.13747574
0.13406084
0.13891774
0.13766494
0.13323686
0.13352829
0.13839205
0.13650179
0.135818
0.1359757
0.13427301
0.13766213
0.14312454
0.13430995
0.13539684
0.13757887
0.13527013
0.1366466
0.1345644
0.13521639
0.13818224
0.13474785
0.13448694
0.13632648
0.13552813
0.13605677
0.13395803
0.13604863
0.13486551
0.1341992
0.13591558
0.13626663
0.13775358
0.13778052
0.13538364
0.13818221
0.13456753
0.13490614
0.1350936
0.13563369
0.13775975
0.13487574
0.13582623
0.13400257
0.13665389
0.13616335
0.13675003
0.13380544
0.13572364
0.13476147
0.13407443
0.1356997
0.13572277
0.13613155
0.13573985
0.13465379
0.13787805
0.14092366
0.13517393
0.1345424
0.1357812
0.13852106
0.13390124
0.13563332
0.13701579
0.13514988
0.13345398
0.13926512
0.13525714
0.13467905
0.13244982
0.13460068
0.1347176
0.13657264
0.13704395
0.13647115
0.13341835
0.13465849
0.1342966
0.13324998
0.13347238
0.13657296
0.13263796
0.13223341
0.13766159
0.13659498
0.136725
0.13914378
0.13419595
0.13604508
0.13671649
0.1356821
0.13632116
0.13612399
0.13267924
0.13298705
0.13315262
0.13451393
0.13535914
0.13253316
0.13439557
0.13799295
0.13328563
0.13573612
0.13323528
0.13521974
0.13354227
0.1359006
0.13631354
0.13416365
0.13313723
0.13560684
0.13580777
0.1350725
0.13477774
0.13350533
0.13801569
0.13427731
0.13306195
0.133232
0.13569015
0.13280721
0.1342267
0.1348086
0.1327646
0.13902245
0.13561852
0.13419168
0.13629153
0.13747695
0.13537031
0.14010105
0.13226612
0.1360715
0.13237755
0.13164595
0.13274957
0.13555932
0.13434108
0.13648498
0.13867837
0.13018014
0.13125834
0.13373555
0.13482666
0.13394156
0.13831832
0.13236016
0.13299003
0.13385943
0.13482907
0.13351446
0.13468447
0.13172452
0.13376138
0.13411275
0.13178375
0.12991674
0.13517226
0.13211219
0.13384688
0.13156936
0.13379489
0.13130014
0.13717692
0.13306287
0.1337234
0.13211232
0.1341338
0.1315961
0.1360408
0.13433953
0.13474753
0.13369513
0.13966036
0.13271382
0.13204248
0.12984644
0.13309222
0.13300844
0.13246305
0.1338436
0.13163497
0.13486756
0.13142172
0.13176697
0.13163638
0.13312937
0.13048393
0.13066664
0.13427834
0.13201681
0.13324551
0.1336047
0.1355121
0.13771315
0.13463718
0.12990656
0.13332435
0.13135786
0.12983376
0.13119496
0.1336412
0.13070786
0.13419533
0.13174362
0.13338535
0.13415675
0.12968303
0.13336426
0.1344552
0.13480067
0.13161792
0.13494726
0.13158734
0.13378212
0.13464285
0.13211799
0.1318324
0.13621809
0.13104852
0.13226193
0.13342305
0.12912463
0.13285491
0.1321668
0.13014741
0.13212132
0.13286515
0.12998976
0.13502128
0.13220589
0.13393328
0.13114505
0.13217412
0.13128376
0.13320282
0.12951626
0.1326781
0.13079464
0.13255142
0.13236542
0.13141216
0.13214776
0.13256633
0.13477378
0.13173963
0.1321657
0.13459553
0.13304068
0.1323192
0.13255756
0.1333836
0.1308384
0.1347341
0.12999119
0.13028507
0.13270277
0.1302762
0.13019142
0.13214965
0.13144033
0.13280007
0.1316538
0.13438058
0.13091294
0.13198264
0.13647346
0.13108008
0.13096932
0.13073747
0.13162027
0.13040462
0.13024415
0.1326778
0.1294097
0.13258989
0.13288799
0.13182983
0.13436899
0.12943836
0.13475178
0.13022439
0.13307634
0.1310912
0.1344347
0.13217783
0.12979938
0.13530478
0.13047498
0.13124622
0.13477224
0.13132814
0.133275
0.13209388
0.13228418
0.12933345
0.1311277
0.1327044
0.13132492
0.13081515
0.1340366
0.13280047
0.13245048
0.13193746
0.12968703
0.13196157
0.13092574
0.13621368
0.13178088
0.13127041
0.13044377
0.12816328
0.13038771
0.1319239
0.12973918
0.13114914
0.1289817
0.13122521
0.13273096
0.1333988
0.13297695
0.13225396
0.1318494
0.13363887
0.13078272
0.1304499
0.12885447
0.13266304
0.13082857
0.12930603
0.13344243
0.1319135
0.12963957
0.13247462
0.1310703
0.13325663
0.12985472
0.12925644
0.13215025
0.13421662
0.12987441
0.13187678
0.13017263
0.12802763
0.12683624
0.13182287
0.13365878
0.12956852
0.13260542
0.13103497
0.12785786
0.13066977
0.1279083
0.13021688
0.13126704
0.13123713
0.13008697
0.12777439
0.13265945
0.13102403
0.12854087
0.12954085
0.12998344
0.13039485
0.12907782
0.12751044
0.13003615
0.13151902
0.126523
0.12730297
0.12838735
0.12919287
0.13011537
0.12682821
0.12645668
0.12571168
0.1287322
0.13028334
0.12758797
0.13589044
0.12746884
0.13157481
0.12901527
0.1309989
0.13032115
0.12862274
0.12892814
0.12979217
0.12950575
0.1290318
0.13069132
0.12925543
0.12791656
0.13074376
0.12897398
0.12919413
0.12852184
0.13003068
0.12749618
0.12601279
0.12914908
0.128648
0.12708196
0.13446239
0.12851903
0.12872888
0.12789822
0.13021736
0.12759835
0.1299898
0.13253593
0.12870875
0.13153283
0.12805627
0.13022561
0.12784374
0.13092881
0.1289052
0.1263721
0.12994228
0.12942663
0.12954538
0.12789048
0.13291442
0.13025287
0.13052005
0.12892659
0.12945151
0.12945996
0.12821512
0.12937768
0.12973675
0.13076818
0.1273877
0.12687346
0.12793179
0.13325934
0.12706047
0.13002355
0.12983562
0.12902297
0.13064224
0.12959965
0.13134257
0.12725303
0.12731442
0.12915517
0.131097
0.12962516
0.13131462
0.12806039
0.12727995
0.12955151
0.13120176
0.12940264
0.12930487
0.12968504
0.12910478
0.13046539
0.12792748
0.12947379
0.13527633
0.12788843
0.13432178
0.130591
0.12860316
0.12875855
0.12845998
0.12843804
0.13342862
0.13310868
0.13020524
0.12921976
0.12923853
0.12936217
0.1285965
0.12858409
0.12855512
0.12851031
0.12852095
0.12755306
0.12734203
0.1299129
0.12767929
0.1259357
0.13000523
0.12912989
0.12916361
0.13010883
0.13098781
0.13267367
0.12741856
0.13181587
0.12648247
0.1279528
0.12874544
0.1302509
0.12970492
0.13045709
0.12785842
0.1279428
0.12966801
0.12566844
0.12661043
0.12805395
0.12800062
0.1293591
0.12871751
0.13198517
0.1371577
0.12868667
0.13092095
0.12762535
0.13023284
0.1284919
0.1293429
0.12865426
0.13020241
0.12899387
0.12851392
0.13103603
0.12752351
0.12830949
0.1283592
0.12967348
0.12917823
0.12804402
0.12805839
0.12744808
0.1295164
0.12966575
0.12728265
0.1295702
0.12952983
0.1290423
0.1286591
0.13085674
0.12851264
0.1289902
0.12980801
0.127875
0.13090622
0.12985449
0.13088585
0.13101362
0.13255236
0.13036305
0.12876832
0.12939349
0.13041252
0.13399644
0.1338268
0.1316125
0.12993024
0.13098437
0.12763228
0.13462226
0.12792695
0.12789889
0.12826122
0.12807006
0.13072357
0.12977372
0.12987138
0.1276804
0.12906624
0.12748593
0.13534777
0.12989812
0.12695704
0.13025257
0.12967862
0.13504454
0.12945716
0.12944669
0.13144642
0.12837747
0.13429861
0.13134395
0.12864976
0.12884131
0.12836677
0.13236588
0.12674452
0.12786226
0.12673135
0.12958814
0.12442287
0.12871401
0.12623508
0.1271509
0.1322276
0.12673749
0.12892911
0.12952262
0.12585811
0.12679073
0.12699889
0.12661771
0.12793031
0.12567982
0.12662779
0.12795766
0.12709022
0.12667078
0.12788577
0.12714846
0.12884961
0.12660582
0.1272081
0.12693483
0.12574558
0.12725839
0.1287105
0.12550974
0.12644881
0.13093774
0.12578003
0.13171878
0.12612678
0.12758231
0.1270566
0.12778866
0.12789573
0.12747063
0.1263397
0.12649876
0.1281062
0.1287133
0.12667234
0.12679829
0.12753816
0.1266988
0.12831293
0.12948543
0.12707943
0.13067381
0.12801164
0.12657323
0.12945256
0.12819314
0.13011491
0.12711675
0.12914293
0.12793197
0.1272562
0.12508614
0.12739931
0.12499432
0.12964144
0.12678684
0.12907764
0.12738885
0.12548067
0.122901455
0.12730002
0.1291132
0.12603046
0.12903583
0.1275184
0.12465743
0.13030995
0.13306922
0.124655366
0.12596996
0.12902239
0.13010906
0.13451038
0.12817085
0.12637904
0.12809
0.12561883
0.12650493
0.12529357
0.12980986
0.12737137
0.12690511
0.12385928
0.1261304
0.12688942
0.13062148
0.12493826
0.12800626
0.12575376
0.12800969
0.12680241
0.12622786
0.12693384
0.1285795
0.12628219
0.12886196
0.13009909
0.1273317
0.13439023
0.1273182
0.12557487
0.12444762
0.12532255
0.12575446
0.12749141
0.12503898
0.12329414
0.12615131
0.12670039
0.12678234
0.12906834
0.12550716
0.1255771
0.12592328
0.12411714
0.1277217
0.12847486
0.12609017
0.12532169
0.12647134
0.12350406
0.13192837
0.12805419
0.12558933
0.12569213
0.12612663
0.1268726
0.12505819
0.123998895
0.123870775
0.123095125
0.124780454
0.12528571
0.12433498
0.12553301
0.12517339
0.12754302
0.1285749
0.12507825
0.12424234
0.124143586
0.12498288
0.12419516
0.12298087
0.124080844
0.12579818
0.12266801
0.12806942
0.12524746
0.12488317
0.12416526
0.12512605
0.12762591
0.12495613
0.12460975
0.12476128
0.12597111
0.12430535
0.12235307
0.1247099
0.12278975
0.12540291
0.121237405
0.12840691
0.12415047
0.12504806
0.12468813
0.124467984
0.1221673
0.12535037
0.12629268
0.12415565
0.12710793
0.12589474
0.12218148
0.124674484
0.1273303
0.12470568
0.12331107
0.12538682
0.12523492
0.12661944
0.12556091
0.12358607
0.12336462
0.12403509
0.123555735
0.12362316
0.12505442
0.12443862
0.12568441
0.123922
0.12757617
0.12276523
0.12628283
0.12399566
0.12406863
0.123869084
0.124740556
0.12716322
0.1257485
0.12640917
0.12656721
0.123898506
0.1234685
0.12453043
0.12821181
0.12580341
0.12291
0.12533851
0.123906136
0.124828175
0.123715706
0.12837493
0.124805406
0.12261004
0.12347732
0.12508526
0.12627256
0.1256805
0.124140054
0.12568793
0.12296423
0.1278844
0.124034315
0.123377666
0.12506568
0.12718783
0.12311004
0.12275613
0.1263365
0.12422437
0.12559071
0.12646267
0.122684605
0.12596545
0.123173185
0.12479328
0.12192486
0.1240791
0.121428795
0.12487647
0.12396605
0.12387582
0.124252774
0.12720118
0.1261006
0.12353868
0.122174144
0.12304226
0.12340354
0.12441008
0.12467032
0.12587562
0.12207081
0.12533517
0.12674327
0.12528342
0.12349117
0.12458916
0.12547444
0.123301215
0.12339919
0.1257496
0.12407162
0.12487735
0.12136224
0.12698427
0.12426084
0.12194453
0.12892635
0.12305596
0.12438489
0.12367389
0.1256848
0.1279978
0.12696408
0.13074821
0.12425994
0.12391115
0.12853822
0.122878894
0.12405118
0.123641625
0.123550974
0.12780415
0.12507422
0.12345458
0.12515785
0.12634665
0.12487184
0.12419736
0.122089684
0.12553437
0.12038552
0.12490949
0.1261415
0.12187533
0.123166755
0.12315768
0.12639108
0.12321939
0.12763195
0.12523347
0.12197354
0.12652765
0.12421087
0.12886533
0.12745279
0.12497142
0.122864634
0.12258295
0.12311585
0.12263195
0.122226015
0.12469003
0.1253173
0.12602656
0.12304653
0.12232116
0.12274874
0.12525672
0.122828215
0.12399017
0.12395525
0.12516046
0.12701833
0.122881226
0.123051
0.12465635
0.12426323
0.12389286
0.12108249
0.12178749
0.123371445
0.12100584
0.12325777
0.12227267
0.121956125
0.12501656
0.12130422
0.12449296
0.124926366
0.12378721
0.12247763
0.12338951
0.1257602
0.12239839
0.12076884
0.12564112
0.12308917
0.12526852
0.122469425
0.12291959
0.12247535
0.122799285
0.12010752
0.12285308
0.12396735
0.12229259
0.122714296
0.12178759
0.12427133
0.12141189
0.12196045
0.123538055
0.12265591
0.12582666
0.12399779
0.12215138
0.12642975
0.123539284
0.12469669
0.12246867
0.1233129
0.124330245
0.12556788
0.120365724
0.12248028
0.12202619
0.12173354
0.12082008
0.12647201
0.124335445
0.12340997
0.124798656
0.12255418
0.12721266
0.12230685
0.12317495
0.12729469
0.12577857
0.122731335
0.1255408
0.1275291
0.12698989
0.122778326
0.121242
0.121020205
0.121799946
0.12677602
0.12163418
0.12343108
0.12322095
0.12180586
0.12371618
0.123845346
0.121031694
0.12259891
0.12024732
0.12057775
0.124058425
0.123094514
0.121948734
0.12386294
0.12305335
0.12573013
0.11927053
0.12113815
0.12404829
0.124559745
0.12152456
0.12269152
0.11985351
0.121001065
0.124444604
0.12496861
0.1242394
0.12626605
0.12535524
0.12150286
0.121495426
0.12278227
0.12226788
0.12488563
0.124080874
0.12242022
0.11981782
0.1266639
0.12291115
0.121568084
0.123438835
0.1220462
0.12570669
0.12262322
0.12105556
0.12338615
0.12497471
0.120913565
0.12072605
0.12283141
0.122177154
0.12102283
0.12224736
0.12279641
0.1210547
0.12227421
0.122119956
0.121427454
0.12179902
0.124582626
0.12348288
0.12231744
0.123174
0.12220173
0.12348745
0.122090854
0.12150318
0.12486242
0.12250442
0.120283574
0.12100659
0.12550204
0.12240063
0.124836564
0.12447128
0.12196349
0.12025322
0.121786855
0.12147844
0.12483158
0.12200668
0.121209845
0.12527029
0.12298228
0.123982266
0.12267456
0.12937553
0.12225857
0.12350474
0.12673742
0.12442676
0.12376309
0.12410257
0.12283754
0.12387405
0.120443515
0.12271766
0.122772515
0.121519744
0.123380356
0.12121754
0.12467223
0.12404903
0.12037857
0.12317592
0.12237521
0.12302553
0.12045179
0.12094293
0.12223645
0.12172583
0.121460855
0.12107379
0.12188055
0.12325095
0.12043827
0.122747585
0.121496804
0.12633385
0.11970714
0.120519206
0.12084912
0.119071014
0.1223827
0.12196699
0.12443551
0.123000674
0.12021803
0.12224187
0.12066194
0.122199856
0.120347545
0.12081338
0.12104444
0.12145312
0.120527185
0.11893351
0.120365724
0.12056056
0.12145852
0.120894484
0.122133486
0.12093288
0.122705005
0.11879756
0.1211687
0.12036239
0.119542204
0.12311207
0.1207828
0.123315215
0.12106143
0.12009321
0.124942414
0.1232187
0.120697975
0.12125051
0.12137023
0.11959647
0.12048602
0.12430347
0.12011534
0.11862575
0.123027265
0.12259007
0.122925036
0.122978516
0.124388054
0.11971647
0.12254739
0.11986051
0.118928164
0.11933463
0.12282548
0.11894464
0.11801549
0.11858001
0.11779839
0.12053958
0.119878605
0.120433725
0.118982375
0.12081569
0.121296875
0.118858874
0.11968423
0.118975334
0.119310275
0.12275664
0.120932825
0.12042859
0.12025
0.11919176
0.11985634
0.12577051
0.11889642
0.11901643
0.121338174
0.119906895
0.12032647
0.12014245
0.11993673
0.122523844
0.11770568
0.11893996
0.11991775
0.11788615
0.11951439
0.12116154
0.12078982
0.121165276
0.122962855
0.11965195
0.1185201
0.12166015
0.1233081
0.119046055
0.12260371
0.119196855
0.11934443
0.12272076
0.118510455
0.11847411
0.11987468
0.11781166
0.11739922
0.11737946
0.118673205
0.119375825
0.119576246
0.121972576
0.11853672
0.12192513
0.12000569
0.123150975
0.12164049
0.12095424
0.12368857
0.11868466
0.11964539
0.124281585
0.122097366
0.11875733
0.12199568
0.118791774
0.11738201
0.11787911
0.122174144
0.12128784
0.12495752
0.11860629
0.119778104
0.117324464
0.12096139
0.12050923
0.1182984
0.118627444
0.11770084
0.12221179
0.125669
0.1200731
0.116869785
0.11958846
0.122495025
0.119924024
0.11928993
0.12065615
0.122484006
0.1207155
0.12136635
0.1182919
0.11931927
0.119959585
0.11544635
0.11690185
0.11744595
0.11906987
0.11809857
0.11830957
0.11868173
0.12222084
0.11888785
0.11802302
0.11673561
0.118114576
0.11973613
0.1208442
0.11841194
0.118793696
0.11858734
0.12105172
0.11911217
0.12012858
0.117746405
0.11948552
0.12080393
0.12256714
0.11968228
0.118831575
0.11800695
0.11691878
0.11850777
0.12256805
0.11930668
0.11816194
0.123411275
0.118139446
0.12140126
0.12051728
0.12039745
0.11837281
0.123019576
0.117986254
0.1185352
0.11838262
0.12128268
0.12514903
0.11891536
0.11851336
0.12069358
0.1203126
0.12135239
0.12121411
0.12342408
0.12002809
0.11873412
0.119331114
0.12217399
0.12448834
0.118210524
0.12111805
0.11836824
0.12095443
0.119074784
0.119621485
0.11772498
0.12164882
0.11790364
0.118214175
0.118233405
0.12012309
0.11915503
0.12015338
0.120395884
0.12125579
0.11919752
0.119325146
0.1202719
0.11780793
0.11839289
0.12018887
0.124777414
0.117697805
0.1267594
0.11808736
0.12036497
0.120366976
0.11802094
0.11748878
0.11966789
0.11798636
0.11697106
0.11793231
0.11711477
0.117853954
0.11931862
0.11863257
0.11959034
0.12009531
0.120611906
0.119831435
0.118344806
0.11862796
0.11935191
0.118439436
0.11693207
0.120037675
0.12031975
0.11871339
0.120266765
0.12015875
0.120247364
0.11947137
0.11790598
0.118039735
0.11826196
0.122182705
0.11830239
0.120668285
0.11815586
0.11852734
0.12103525
0.12081727
0.119610935
0.120247856
0.11751529
0.11923664
0.121807136
0.11963787
0.11961629
0.12000845
0.1228876
0.119678356
0.120402664
0.12017128
0.11976467
0.1188394
0.11822251
0.11749096
0.11803186
0.117958345
0.11938949
0.12115309
0.12051858
0.119275406
0.12441436
0.120070554
0.11983129
0.12360649
0.11712269
0.122050054
0.117487125
0.12003017
0.12088721
0.11600768
0.11874091
0.11886049
0.12130563
0.11926895
0.12190657
0.11973813
0.11894191
0.11967436
0.11733747
0.11806138
0.12026427
0.118426256
0.117888704
0.11594581
0.11819848
0.11719834
0.1176584
0.11592931
0.11559625
0.11750809
0.117299035
0.11863259
0.11692872
0.117468424
0.11920534
0.118828
0.11458246
0.12138328
0.11702539
0.11694889
0.118542306
0.11649525
0.1187385
0.11509946
0.11845601
0.11823871
0.11905658
0.11649667
0.11727537
0.11807369
0.11850021
0.11932691
0.12065828
0.11988268
0.11817869
0.115996845
0.117640704
0.12099848
0.11624962
0.11769332
0.12143903
0.11784103
0.120049775
0.11853096
0.117032334
0.116732426
0.11627055
0.11866111
0.11648917
0.119572915
0.11850857
0.11676464
0.1176065
0.11541102
0.117597595
0.11948314
0.11538062
0.11962912
0.11640056
0.12195323
0.116206855
0.117199
0.11588015
0.116048895
0.11637156
0.12135032
0.1170558
0.11905183
0.118776366
0.1183686
0.117619656
0.11744216
0.11528132
0.117436856
0.11819805
0.11554581
0.11560406
0.11728935
0.119877204
0.117903315
0.115807846
0.116042726
0.115618
0.11862663
0.11840583
0.11543655
0.11553825
0.11586246
0.115634926
0.118041076
0.116793476
0.118777245
0.117708184
0.11682833
0.12088184
0.11913239
0.11844144
0.11659822
0.117180265
0.11661321
0.11585446
0.11641979
0.11999735
0.12006623
0.1168996
0.11966766
0.11582204
0.11534791
0.116243795
0.11906082
0.115849316
0.11842406
0.116608694
0.11542604
0.11548399
0.11698981
0.116407536
0.11834069
0.11709562
0.116283
0.11812201
0.11502974
0.11832519
0.11891612
0.11826876
0.116070576
0.11391908
0.11778964
0.114795215
0.113985695
0.11422306
0.12045645
0.117424436
0.119149245
0.11543332
0.11768128
0.11907497
0.116041034
0.11636645
0.11727182
0.1161295
0.1196622
0.11892117
0.11740868
0.11776686
0.116656765
0.11878442
0.11838734
0.11843918
0.117720544
0.11854932
0.11712392
0.11714223
0.11719118
0.11564704
0.11475123
0.1193504
0.1158939
0.11632782
0.11796076
0.11679232
0.11563835
0.119647436
0.11498971
0.11520948
0.11408144
0.117667116
0.115879565
0.11762107
0.11491917
0.1139307
0.11687798
0.11397556
0.117247105
0.11751709
0.11661512
0.11720379
0.115908995
0.11782779
0.1166306
0.11585046
0.116726406
0.11417652
0.114135936
0.11543147
0.11821412
0.11496911
0.11570882
0.116356835
0.11489894
0.11567615
0.113421686
0.11598018
0.11814369
0.120616995
0.116722345
0.11591369
0.11431767
0.11633925
0.11635698
0.11716484
0.116907805
0.117157266
0.11603008
0.118207395
0.11451553
0.11686574
0.11764746
0.11803217
0.115750805
0.11757484
0.11519142
0.11361939
0.116281696
0.11866474
0.11839277
0.11771561
0.11753599
0.11337141
0.11371935
0.11195213
0.11474084
0.11808044
0.11423935
0.11423637
0.11916531
0.11759284
0.11459955
0.11632085
0.11598044
0.11476396
0.112213366
0.11421706
0.11588674
0.11751619
0.11780321
0.11745977
0.11801459
0.11514966
0.11777414
0.11327704
0.11552313
0.11652036
0.11628951
0.1121957
0.11989204
0.11456647
0.116519205
0.114077464
0.11378587
0.11549214
0.11555953
0.11396451
0.11697751
0.115844324
0.11570198
0.1172259
0.11578431
0.1165938
0.11721044
0.11578808
0.11588691
0.11743762
0.11562885
0.11942259
0.11938115
0.120941766
0.115906626
0.11459178
0.115737826
0.113939546
0.12024192
0.11409044
0.11795045
0.11805128
0.11592492
0.11889976
0.116569825
0.115278736
0.114241906
0.11387468
0.1138258
0.113418885
0.11318287
0.11475497
0.11348587
0.114850074
0.11356783
0.11440032
0.11416837
0.11728947
0.11598868
0.114931434
0.11643564
0.11331718
0.11548326
0.114958525
0.114063606
0.11380741
0.114949465
0.1184843
0.11699872
0.11421243
0.11727996
0.11527309
0.11436749
0.118006274
0.11562437
0.11467004
0.11437862
0.1134577
0.11371314
0.11401309
0.113553934
0.11464371
0.11723811
0.11576277
0.114543244
0.11391088
0.11463181
0.112487614
0.11586014
0.11745545
0.11535326
0.11330622
0.11630308
0.11369435
0.117453344
0.116491176
0.113143705
0.1125801
0.11552814
0.116726175
0.11584633
0.11446495
0.11553334
0.11527854
0.116192654
0.1142683
0.11687017
0.114719436
0.11763247
0.11370991
0.11432309
0.11465586
0.11529733
0.115877725
0.114981644
0.11644068
0.1183964
0.11624338
0.12174788
0.11348288
0.11262201
0.11400146
0.11781037
0.1144028
0.114408776
0.11653804
0.116332605
0.11637125
0.115568444
0.11970468
0.11515524
0.113932885
0.120194234
0.11545574
0.11759747
0.11564465
0.11565547
0.11507331
0.116362534
0.11500543
0.114888884
0.1147005
0.12223558
0.11600259
0.11643775
0.114126354
0.11488394
0.115458556
0.115696624
0.114836745
0.11471858
0.115593694
0.11600367
0.11545779
0.11492364
0.11463693
0.11537266
0.11472812
0.119985186
0.115373656
0.1162114
0.11393713
0.11947049
0.11462404
0.116937496
0.11541904
0.11594251
0.115594536
0.11449072
0.11558803
0.114327155
0.11278738
0.11546329
0.1149583
0.11777397
0.113175794
0.11362387
0.11576584
0.11283861
0.11471201
0.11428985
0.1139064
0.112970285
0.116618656
0.11236382
0.11581116
0.113989696
0.11423992
0.11070388
0.11262628
0.11514118
0.111661375
0.1129026
0.11474957
0.11187478
0.1140428
0.113467626
0.11397782
0.11409685
0.113636136
0.112421356
0.11190762
0.111633874
0.114033125
0.11775256
0.1116091
0.11310839
0.112754636
0.11233749
0.112739265
0.11353652
0.1127012
0.115219705
0.115856685
0.11465649
0.11523788
0.11252819
0.11281448
0.111988895
0.110961385
0.1146714
0.11254749
0.113842346
0.11521858
0.11750149
0.11366748
0.11530016
0.111684866
0.11323251
0.11864707
0.114841215
0.11249127
0.11203836
0.11057293
0.11194214
0.114376746
0.11312188
0.11659169
0.11448126
0.11423394
0.11265493
0.111968726
0.113511495
0.11280538
0.11253737
0.11258545
0.11316672
0.11586257
0.11277311
0.113532774
0.112532586
0.11370487
0.11457318
0.114660956
0.11344167
0.11173509
0.11215188
0.113100186
0.11630613
0.11357164
0.11465837
0.11344541
0.11141299
0.11291974
0.11418033
0.114225194
0.11373833
0.114330485
0.115098745
0.11349837
0.11277242
0.11111356
0.11152132
0.111587316
0.1141425
0.11520359
0.11105622
0.112477385
0.11303716
0.11525671
0.112412944
0.11128121
0.11100479
0.11402422
0.11330081
0.11156256
0.11443247
0.11257811
0.11329912
0.113970116
0.11288024
0.11628257
0.11509598
0.112435825
0.11221921
0.11452759
0.113849476
0.1129303
0.11426987
0.112498924
0.11458441
0.11300313
0.11440107
0.11278985
0.11354828
0.116888046
0.11402434
0.112796515
0.113286026
0.113424204
0.11388868
0.11418664
0.112488516
0.112436526
0.114249356
0.11196701
0.112746894
0.113392845
0.111530416
0.11296435
0.11592523
0.11465632
0.11200281
0.11339747
0.11359226
0.111822635
0.11323825
0.1169441
0.11226426
0.11519727
0.112371445
0.1127519
0.11234538
0.11440588
0.11217761
0.11398171
0.11512083
0.115270145
0.11471383
0.11576993
0.111420095
0.111634694
0.112149894
0.111099206
0.11612882
0.11137362
0.11449938
0.11526185
0.11244233
0.1142511
0.11138757
0.11278902
0.11104211
0.11332357
0.11036115
0.11180792
0.110186666
0.11454864
0.1140283
0.114041924
0.1152975
0.11336499
0.113297574
0.11349285
0.11138867
0.11349164
0.11264384
0.11116817
0.11127578
0.11140625
0.11041635
0.11278922
0.11251323
0.1118578
0.113015346
0.11146013
0.11176425
0.11305219
0.11200536
0.1107459
0.110907614
0.11019593
0.10943686
0.11152094
0.11074551
0.1111731
0.11278015
0.11089928
0.11518478
0.109486625
0.1131039
0.11247367
0.10928173
0.11277542
0.11158505
0.11314284
0.110090606
0.11195674
0.1113184
0.11208671
0.11292302
0.1118208
0.10993681
0.11195297
0.11481819
0.11117619
0.1118319
0.113434665
0.11223271
0.10988698
0.1134065
0.11157847
0.11130264
0.11098412
0.11680465
0.11711334
0.111836225
0.11199693
0.1117869
0.11694573
0.111275196
0.11106121
0.11197053
0.11469088
0.111174755
0.11605176
0.11325363
0.11061119
0.11358618
0.11428087
0.11320819
0.11192415
0.11183699
0.11622127
0.1155234
0.11198499
0.117149554
0.113042355
0.11464577
0.11224187
0.11161931
0.11622979
0.11267265
0.113449454
0.1131988
0.11195055
0.11411554
0.11533803
0.11003374
0.1105682
0.11423909
0.10882127
0.10901799
0.110868484
0.10957408
0.11049018
0.10990802
0.11334292
0.11043805
0.1105766
0.11224115
0.11078694
0.10944616
0.11396243
0.10875233
0.1117956
0.11041443
0.109733306
0.11088658
0.11105097
0.10957149
0.11378034
0.10936625
0.108410664
0.11116836
0.11108836
0.11499928
0.11272897
0.110179015
0.11081822
0.1123863
0.109648325
0.11027115
0.113670945
0.1120077
0.109660976
0.11077056
0.109894
0.113890216
0.108496025
0.11015044
0.111746036
0.110612124
0.113137856
0.11124486
0.11127097
0.109411076
0.11109055
0.10981097
0.10888877
0.10856246
0.11096645
0.10961165
0.11182877
0.11259509
0.111531414
0.11520109
0.11067448
0.11047507
0.10943582
0.10980814
0.10848967
0.10810024
0.11213282
0.11226156
0.11108909
0.11107638
0.10923343
0.11077006
0.112451255
0.11085952
0.10925598
0.110112816
0.11007889
0.11137956
0.10888508
0.11584309
0.11202683
0.11096336
0.10983828
0.10995782
0.10991372
0.11216619
0.10776301
0.1138873
0.10922835
0.11205068
0.11123487
0.10902085
0.109848216
0.11121031
0.10904067
0.1132882
0.11430125
0.11109743
0.11299799
0.10989973
0.11122769
0.1081489
0.112883136
0.11042692
0.111536875
0.11245502
0.11104203
0.11068534
0.10935912
0.110224195
0.11113061
0.11040555
0.11295606
0.11290442
0.11137277
0.111021824
0.109925166
0.11083029
0.110432886
0.11023285
0.10954106
0.112311915
0.11122175
0.11017831
0.11103064
0.114126705
0.109703325
0.11117181
0.10989201
0.112397276
0.11290142
0.11152528
0.11068243
0.113299124
0.10930056
0.10973976
0.112053216
0.11197456
0.11031884
0.112844154
0.11118358
0.11049031
0.11252478
0.10968405
0.11409696
0.11336593
0.11387641
0.113201275
0.11058693
0.11144591
0.1098485
0.11373168
0.10994763
0.110536136
0.10896259
0.111798435
0.11267818
0.11418749
0.10956057
0.10834779
0.108495705
0.1115602
0.10952292
0.11005116
0.10957755