20 197.83 0.05 197.88 0.094 19 47 0.42 0.0 
40 195.78 -0.12 195.66 0.146 39 111 0.86 0.01 
60 195.66 -0.26 195.4 0.177 59 173 1.29 0.01 
80 193.49 -0.37 193.13 0.227 77 241 1.69 0.01 
100 191.88 -0.58 191.3 0.254 97 320 2.13 0.02 
120 190.65 -0.76 189.89 0.303 116 389 2.54 0.02 
140 189.59 -0.97 188.62 0.335 134 472 2.94 0.02 
160 188.34 -1.13 187.21 0.359 153 543 3.36 0.03 
180 187.02 -1.3 185.72 0.386 171 632 3.75 0.03 
200 185.74 -1.34 184.4 0.399 187 725 4.1 0.04 
220 184.59 -1.55 183.05 0.424 204 793 4.47 0.04 
240 183.76 -1.74 182.02 0.444 222 879 4.87 0.04 
260 182.76 -1.89 180.87 0.466 237 965 5.2 0.05 
280 181.95 -1.95 180.0 0.48 253 1038 5.55 0.05 
300 180.94 -2.22 178.72 0.502 271 1127 5.94 0.06 
320 179.93 -2.46 177.47 0.526 289 1217 6.34 0.06 
340 179.71 -2.67 177.05 0.544 308 1315 6.75 0.07 
360 178.22 -2.72 175.5 0.559 325 1416 7.13 0.07 
380 176.86 -2.86 174.0 0.574 342 1506 7.5 0.07 
400 176.79 -3.06 173.73 0.58 357 1612 7.83 0.08 
420 175.68 -3.15 172.53 0.588 372 1702 8.16 0.08 
440 175.02 -3.3 171.72 0.61 386 1805 8.46 0.09 
460 174.5 -3.38 171.12 0.617 402 1897 8.82 0.09 
480 172.81 -3.55 169.26 0.629 420 2015 9.21 0.1 
500 172.56 -3.7 168.85 0.636 437 2151 9.58 0.11 
520 172.03 -3.76 168.27 0.646 452 2263 9.91 0.11 
540 171.56 -3.8 167.76 0.658 464 2370 10.18 0.12 
560 170.9 -3.8 167.1 0.669 483 2489 10.59 0.12 
580 168.95 -3.63 165.32 0.677 500 2591 10.96 0.13 
600 168.53 -3.72 164.81 0.685 515 2718 11.29 0.14 
620 167.43 -3.74 163.69 0.693 533 2840 11.69 0.14 
640 166.55 -3.76 162.79 0.697 550 2961 12.06 0.15 
660 166.1 -3.92 162.18 0.702 565 3076 12.39 0.15 
680 164.91 -3.85 161.06 0.712 583 3174 12.79 0.16 
700 163.94 -3.82 160.12 0.72 598 3292 13.11 0.16 
720 163.29 -3.91 159.38 0.731 615 3400 13.49 0.17 
740 162.87 -3.94 158.94 0.732 629 3545 13.79 0.18 
760 161.32 -3.89 157.43 0.741 646 3683 14.17 0.18 
780 160.4 -3.86 156.54 0.746 660 3798 14.47 0.19 
800 159.57 -3.79 155.78 0.751 673 3917 14.76 0.19 
820 158.98 -3.96 155.02 0.756 687 4060 15.07 0.2 
840 158.66 -4.01 154.64 0.754 703 4187 15.42 0.21 
860 158.56 -4.04 154.52 0.761 715 4324 15.68 0.22 
880 157.85 -4.07 153.78 0.767 731 4472 16.03 0.22 
900 157.04 -4.11 152.93 0.767 746 4605 16.36 0.23 
920 156.91 -4.17 152.74 0.775 758 4740 16.62 0.24 
940 155.9 -4.07 151.82 0.778 773 4886 16.95 0.24 
960 155.51 -4.07 151.44 0.779 789 5029 17.3 0.25 
980 155.12 -4.03 151.09 0.784 806 5171 17.68 0.26 
1000 155.19 -4.17 151.02 0.785 820 5317 17.98 0.26 
1020 154.49 -4.2 150.29 0.786 833 5474 18.27 0.27 
1040 154.32 -4.23 150.09 0.791 847 5625 18.57 0.28 
1060 153.05 -4.08 148.96 0.795 862 5765 18.9 0.29 
1080 152.38 -4.08 148.3 0.798 875 5897 19.19 0.29 
1100 152.01 -4.02 148.0 0.8 885 6064 19.41 0.3 
1120 151.16 -4.0 147.15 0.803 899 6227 19.71 0.31 
1140 150.57 -3.99 146.59 0.805 912 6365 20.0 0.32 
1160 150.0 -3.92 146.08 0.807 923 6517 20.24 0.32 
1180 149.97 -3.98 145.99 0.807 935 6671 20.5 0.33 
1200 149.99 -4.01 145.98 0.81 951 6806 20.86 0.34 
1220 149.28 -4.01 145.27 0.814 965 6957 21.16 0.35 
1240 148.29 -3.89 144.4 0.817 978 7090 21.45 0.35 
1260 148.2 -3.92 144.28 0.819 991 7259 21.73 0.36 
1280 148.06 -3.91 144.15 0.821 1003 7405 22.0 0.37 
1300 146.79 -3.89 142.9 0.823 1018 7541 22.32 0.37 
1320 146.76 -3.78 142.98 0.822 1032 7672 22.63 0.38 
1340 146.4 -3.83 142.57 0.826 1048 7822 22.98 0.39 
1360 145.88 -3.78 142.1 0.828 1063 7979 23.31 0.4 
1380 145.27 -3.76 141.51 0.83 1076 8129 23.6 0.4 
1400 145.27 -3.76 141.52 0.829 1088 8276 23.86 0.41 
1420 145.39 -3.81 141.57 0.831 1102 8413 24.17 0.42 
1440 144.61 -3.76 140.85 0.832 1116 8569 24.47 0.43 
1460 144.3 -3.73 140.57 0.834 1126 8729 24.69 0.43 
1480 143.36 -3.69 139.67 0.835 1136 8882 24.91 0.44 
1500 143.12 -3.65 139.46 0.836 1150 9043 25.22 0.45 
1520 142.58 -3.67 138.91 0.839 1166 9189 25.57 0.46 
1540 143.03 -3.67 139.36 0.84 1176 9346 25.79 0.46 
1560 142.99 -3.67 139.32 0.841 1188 9505 26.05 0.47 
1580 142.0 -3.58 138.42 0.844 1202 9671 26.36 0.48 
1600 141.71 -3.55 138.16 0.845 1215 9846 26.64 0.49 
1620 141.71 -3.56 138.15 0.846 1230 10014 26.97 0.5 
1640 140.97 -3.49 137.48 0.848 1244 10180 27.28 0.51 
1660 140.59 -3.49 137.1 0.848 1258 10333 27.59 0.51 
1680 140.24 -3.43 136.8 0.85 1272 10469 27.89 0.52 
1700 140.04 -3.38 136.66 0.852 1287 10615 28.22 0.53 
1720 139.48 -3.33 136.16 0.851 1298 10756 28.46 0.53 
1740 139.06 -3.33 135.73 0.852 1309 10928 28.71 0.54 
1760 138.85 -3.38 135.46 0.852 1319 11115 28.93 0.55 
1780 138.46 -3.39 135.07 0.855 1330 11289 29.17 0.56 
1800 138.48 -3.37 135.11 0.859 1340 11484 29.39 0.57 
1820 138.11 -3.37 134.74 0.857 1350 11635 29.61 0.58 
1840 138.05 -3.34 134.7 0.86 1366 11807 29.96 0.59 
1860 137.33 -3.36 133.97 0.86 1380 11977 30.26 0.6 
1880 137.23 -3.22 134.01 0.861 1389 12125 30.46 0.6 
1900 137.25 -3.16 134.09 0.862 1398 12256 30.66 0.61 
1920 136.83 -3.04 133.79 0.863 1409 12417 30.9 0.62 
1940 136.48 -3.0 133.48 0.863 1420 12582 31.14 0.63 
1960 135.75 -2.92 132.83 0.865 1431 12757 31.38 0.63 
1980 135.28 -2.92 132.36 0.865 1443 12922 31.64 0.64 
2000 135.23 -2.91 132.32 0.866 1455 13085 31.91 0.65 
2020 135.02 -2.88 132.14 0.867 1464 13262 32.11 0.66 
2040 135.03 -2.84 132.2 0.867 1475 13417 32.35 0.67 
2060 134.92 -2.83 132.09 0.869 1483 13582 32.52 0.68 
2080 134.0 -2.73 131.27 0.87 1494 13757 32.76 0.68 
2100 134.2 -2.63 131.57 0.869 1508 13920 33.07 0.69 
2120 133.7 -2.53 131.17 0.87 1518 14072 33.29 0.7 
2140 133.25 -2.49 130.76 0.872 1531 14244 33.57 0.71 
2160 133.34 -2.45 130.89 0.873 1539 14420 33.75 0.72 
2180 132.27 -2.39 129.89 0.874 1545 14602 33.88 0.73 
2200 132.51 -2.34 130.17 0.874 1560 14770 34.21 0.73 
2220 132.27 -2.36 129.91 0.875 1569 14933 34.41 0.74 
2240 131.48 -2.26 129.22 0.876 1580 15115 34.65 0.75 
2260 131.88 -2.26 129.63 0.876 1591 15291 34.89 0.76 
2280 131.35 -2.2 129.16 0.877 1604 15454 35.18 0.77 
2300 130.87 -2.11 128.76 0.878 1615 15619 35.42 0.78 
2320 130.24 -2.03 128.21 0.878 1625 15779 35.64 0.78 
2340 130.49 -1.98 128.51 0.879 1636 15967 35.88 0.79 
2360 129.94 -2.0 127.94 0.879 1648 16136 36.14 0.8 
2380 129.71 -1.91 127.8 0.88 1657 16314 36.34 0.81 
2400 129.45 -1.77 127.68 0.881 1665 16489 36.51 0.82 
2420 129.15 -1.84 127.31 0.882 1677 16664 36.78 0.83 
2440 129.19 -1.81 127.38 0.882 1686 16834 36.97 0.84 
2460 128.46 -1.74 126.72 0.883 1699 16997 37.26 0.85 
2480 128.61 -1.66 126.95 0.883 1708 17199 37.46 0.86 
2500 127.47 -1.58 125.9 0.884 1721 17371 37.74 0.86 
2520 127.62 -1.49 126.13 0.885 1731 17541 37.96 0.87 
2540 127.32 -1.44 125.88 0.885 1737 17718 38.09 0.88 
2560 126.97 -1.38 125.59 0.886 1747 17906 38.31 0.89 
2580 126.49 -1.33 125.16 0.886 1760 18087 38.6 0.9 
2600 126.39 -1.36 125.03 0.886 1769 18277 38.79 0.91 
2620 126.56 -1.29 125.27 0.886 1776 18460 38.95 0.92 
2640 125.77 -1.2 124.58 0.887 1790 18641 39.25 0.93 
2660 125.21 -1.18 124.04 0.888 1798 18811 39.43 0.94 
2680 125.5 -1.12 124.38 0.889 1809 18993 39.67 0.94 
2700 124.99 -1.03 123.97 0.89 1820 19170 39.91 0.95 
2720 124.45 -0.93 123.52 0.89 1828 19349 40.09 0.96 
2740 124.74 -0.9 123.84 0.89 1837 19528 40.29 0.97 
2760 124.66 -0.93 123.73 0.89 1846 19696 40.48 0.98 
2780 124.2 -0.8 123.39 0.891 1854 19861 40.66 0.99 
2800 124.01 -0.67 123.33 0.892 1869 20034 40.99 1.0 
2820 123.85 -0.6 123.25 0.893 1880 20208 41.23 1.0 
2840 123.47 -0.51 122.97 0.893 1890 20396 41.45 1.01 
2860 122.93 -0.42 122.5 0.893 1898 20570 41.62 1.02 
2880 122.74 -0.38 122.35 0.893 1906 20739 41.8 1.03 
2900 122.98 -0.35 122.62 0.894 1917 20889 42.04 1.04 
2920 122.25 -0.22 122.03 0.894 1928 21053 42.28 1.05 
2940 121.92 -0.15 121.77 0.896 1940 21210 42.54 1.05 
2960 121.54 -0.06 121.48 0.897 1946 21397 42.68 1.06 
2980 121.12 -0.01 121.11 0.898 1953 21567 42.83 1.07 
3000 121.28 0.02 121.3 0.897 1963 21737 43.05 1.08 
3020 121.03 0.1 121.12 0.897 1974 21897 43.29 1.09 
3040 120.46 0.13 120.58 0.897 1978 22083 43.38 1.1 
3060 120.4 0.12 120.52 0.898 1986 22267 43.55 1.11 
3080 120.25 0.21 120.47 0.9 1993 22473 43.71 1.12 
