
0.06412706
0.061658796
0.052685924
0.05476016
0.05296754
0.05679368
0.05589643
0.05243936
0.051722422
0.051572356
0.05047857
0.048270125
0.049555577
0.049632132
0.047822233
0.048233293
0.04541927
0.047145374
0.043779414
0.044411127
0.044810664
0.043925993
0.045227975
0.044027764
0.04377108
0.043043736
0.04374695
0.048257526
0.042053986
0.042262644
0.042819425
0.04139733
0.04215724
0.04273971
0.04045711
0.04081978
0.041471
0.04073368
0.039574433
0.039418794
0.039468456
0.040419854
0.040294822
0.03994819
0.039424457
0.03986033
0.038592253
0.039622586
0.03842457
0.040424448
0.039441183
0.040850166
0.038867906
0.038559336
0.037675146
0.03778303
0.03956208
0.038462542
0.037442543
0.0383801
0.038438387
0.037374705
0.036841683
0.038260926
0.037660994
0.03694601
0.037181545
0.03736903
0.037237465
0.03843509
0.036960676
0.03613137
0.03611456
0.03691529
0.037350744
0.03593919
0.035934083
0.037895184
0.03533781
0.035639722
0.035788786
0.0354226
0.035156056
0.035666715
0.03511497
0.03442439
0.035033204
0.034377832
0.035282973
0.03679653
0.03589783
0.035182167
0.033973757
0.035829503
0.0355142
0.034222204
0.033386175
0.03418803
0.033251125
0.032801084
0.033254847
0.03325245
0.032907955
0.036485944
0.03530173
0.03426146
0.035410993
0.033560757
0.033615373
0.033803526
0.032403205
0.032565597
0.03259396
0.03532598
0.03388542
0.032557476
0.032617915
0.0321157
0.031652447
0.03213215
0.03206801
0.03204201
0.031873014
0.03194482
0.03325877
0.03161564
0.03135025
0.031346284
0.031749833
0.031065272
0.031013096
0.031114604
0.031307127
0.03033855
0.031965483
0.030828433
0.03079039
0.030327542
0.029896121
0.031044297
0.030469716
0.030007351
0.030624146
0.030406991
0.030660352
0.030071184
0.029802632
0.029874612
0.030504342
0.0294987
0.030553948
0.029332735
0.02944274
0.03057914
0.030350419
0.029366871
0.029592099
0.030093987
0.028949454
0.029797593
0.029772995
0.029305434
0.029518003
0.028969465
0.02928633
0.028724888
0.028493857
0.029200718
0.029157786
0.028563008
0.028481716
0.028363125
0.02846389
0.02875085
0.029320464
0.02847488
0.028022941
0.02925587
0.02845647
0.028262742
0.028598033
0.028560264
0.027743679
0.028829193
0.02779474
0.02967049
0.027981542
0.027939206
0.028498664
0.027144307
0.028012536
0.02781562
0.027711969
0.027449124
0.027418517
0.02779202
0.027638832
0.02698449
0.028025925
0.027257325
0.027418252
0.027898166
0.027652763
0.028022517
0.027069608
0.02713652
0.026820004
0.027588248
0.028256347
0.02756092
0.027190385
0.027892346
0.026766045
0.027223632
0.027048826
0.02789967
0.026975302
0.029327203
0.026781859
0.026472466
0.026276955
0.026576389
0.026626017
0.025551058
0.025653383
0.026970634
0.026407097
0.026654141
0.026642565
0.026074609
0.026483068
0.026288979
0.025752127
0.025789494
0.025255801
0.026403788
0.025520839
0.025968954
0.025815925
0.025689814
0.025144592
0.026005875
0.024814354
0.026231274
0.025837399
0.025066856
0.025030315
0.026487805
0.025554707
0.025448186
0.024665445
0.024826124
0.024941256
0.02491078
0.025553148
0.025369817
0.025748389
0.025365824
0.02552571
0.024946205
0.024494922
0.024793955
0.024461864
0.024662053
0.02438275
0.025224494
0.024049487
0.024020946
0.024714252
0.024564384
0.024250206
0.024781127
0.024286319
0.024579754
0.02411646
0.024651824
0.02530198
0.024915185
0.024453653
0.02393288
0.02426222
0.023862522
0.024261856
0.024198938
0.023805683
0.024310084
0.023970006
0.024227474
0.02380087
0.023360593
0.023939624
0.023815634
0.023754908
0.024055654
0.023993526
0.023807412
0.023969594
0.024346996
0.023731694
0.024475787
0.02459369
0.023780383
0.02376478
0.023004219
0.023436503
0.023713391
0.023066899
0.024159124
0.023464106
0.023569921
0.023578139
0.023762707
0.022567812
0.022954281
0.023471674
0.022491507
0.022884572
0.023441866
0.023113802
0.02246124
0.022864053
0.022769988
0.023189608
0.022448873
0.022201812
0.021960432
0.021996053
0.02240071
0.022080561
0.023632713
0.021991039
0.022584325
0.022052232
0.02240033
0.0222228
0.02207533
0.022529148
0.022797985
0.021982454
0.021606825
0.022315938
0.022180878
0.021915447
0.023469422
0.021872291
0.02155574
0.021853771
0.021465613
0.021952784
0.021882378
0.02113422
0.021021752
0.021864524
0.02122768
0.021404821
0.021610968
0.021333093
0.02141949
0.021173438
0.021407548
0.02104078
0.021272397
0.020734789
0.02126502
0.021138752
0.021128647
0.021483699
0.021531433
0.021349452
0.021296177
0.021321602
0.022026362
0.021332936
0.021028783
0.02169203
0.020233987
0.020752052
0.021071216
0.020799972
0.021140859
0.021026246
0.020929465
0.020163983
0.020345071
0.020635996
0.020503322
0.020783866
0.020230623
0.020031502
0.019864267
0.020192591
0.020859612
0.020821169
0.019986881
0.020770688
0.020347618
0.020625282
0.020406783
0.020891862
0.02062757
0.020284152
0.020366143
0.020000149
0.020033818
0.01991949
0.020713072
0.019986028
0.02047714
0.02019209
0.020942416
0.0195904
0.01987758
0.020192832
0.020009449
0.01978798
0.019902267
0.020603843
0.0198588
0.019774044
0.020267481
0.0202092
0.020045433
0.02010681
0.01966125
0.020347394
0.020152597
0.020183807
0.02024849
0.019948395
0.019657385
0.019840987
0.01982147
0.019595196
0.01906216
0.019423913
0.019185254
0.019820474
0.01905549
0.019024996
0.01962993
0.01996329
0.019352822
0.02002901
0.01905296
0.019420987
0.019385258
0.019403664
0.019021606
0.01903213
0.019126562
0.018522512
0.018893609
0.018866127
0.018557677
0.018762993
0.019000143
0.018884845
0.018958338
0.018544529
0.019048925
0.018901091
0.01919962
0.018695539
0.018255787
0.019105619
0.018785423
0.018523987
0.0187173
0.019180771
0.019112885
0.018699244
0.018739017
0.018676497
0.019556355
0.018784774
0.019113645
0.018852975
0.018425183
0.018391408
0.018193742
0.018520812
0.018309966
0.018538713
0.018576443
0.018241053
0.018566905
0.018222518
0.018357746
0.018994393
0.01859271
0.017799681
0.018466614
0.017558165
0.018527213
0.017941358
0.018372292
0.017940143
0.01811514
0.017852912
0.01837972
0.01853159
0.01819591
0.018374693
0.017888417
0.01769742
0.018547047
0.01759842
0.018369041
0.01786584
0.017504197
0.017779954
0.017664123
0.017830161
0.01811295
0.017720958
0.01771566
0.017353542
0.018855168
0.017364692
0.017740944
0.017902281
0.0174606
0.017443724
0.017602937
0.018169736
0.017821446
0.017514987
0.017563824
0.017407803
0.017738046
0.01716615
0.017343167
0.01755624
0.017183078
0.017517714
0.01747363
0.016954536
0.01716808
0.017362766
0.01719082
0.017319744
0.01770178
0.01714042
0.016812006
0.016889501
0.01778177
0.017120648
0.017245924
0.017011683
0.017104104
0.016732357
0.016773319
0.016990297
0.017198171
0.016861517
0.017052084
0.016676689
0.016794847
0.016533067
0.016355954
0.016645115
0.016409127
0.016910251
0.016729023
0.016440073
0.016864814
0.017210396
0.016531082
0.016737495
0.01720212
0.016561517
0.016457465
0.01675927
0.01637656
0.017147854
0.016789407
0.016494468
0.016654272
0.016868992
0.01675738
0.016480438
0.016284894
0.016741145
0.016617648
0.016441239
0.016169904
0.016229963
0.016203742
0.016067475
0.016118774
0.016294332
0.01662584
0.016397001
0.016445579
0.01613617
0.016417572
0.015862567
0.016515177
0.01636251
0.016417952
0.01590696
0.016349051
0.015811795
0.015705468
0.015732758
0.015879083
0.01622647
0.015870977
0.015917554
0.016483681
0.016126458
0.015780162
0.01613446
0.015733039
0.015963849
0.016492771
0.015729722
0.01600241
0.016127434
0.01596169
0.015671548
0.015629802
0.016214281
0.015673375
0.015519671
0.016003905
0.015936181
0.015494556
0.015914416
0.015684662
0.015569488
0.015328318
0.016128272
0.016314719
0.015706362
0.01547783
0.015420731
0.0155113535
0.016123338
0.0154356975
0.015590362
0.01566005
0.015260557
0.015540022
0.015354744
0.015418005
0.015455206
0.015500212
0.01500807
0.015097243
0.015417786
0.015328029
0.015014518
0.01536164
0.015392077
0.01492333
0.015378506
0.015405906
0.015156048
0.016584303
0.016109036
0.01584481
0.015038925
0.0151312975
0.016997295
0.0151311895
0.015324034
0.01566437
0.014908774
0.015262762
0.015324673
0.015175646
0.014945916
0.015256272
0.0155701805
0.015054326
0.0152285285
0.015190772
0.014909957
0.015309497
0.015074626
0.015548414
0.01498385
0.01483867
0.014809532
0.01498933
0.014841315
0.015325144
0.014637712
0.015024533
0.014731544
0.01476193
0.014691257
0.014991302
0.014521059
0.01452694
0.014657154
0.014908401
0.014636049
0.014638775
0.014561037
0.014474685
0.014793362
0.014800092
0.014528518
0.014402483
0.014706364
0.014694766
0.014626614
0.014319304
0.0146949915
0.014478423
0.014486204
0.014423625
0.014928733
0.014182281
0.014913226
0.0140274465
0.014136414
0.014558004
0.014447559
0.014543524
0.014708812
0.014362603
0.014192892
0.014236595
0.014464068
0.014173988
0.0144277215
0.014276876
0.01417467
0.014523108
0.014378556
0.014060326
0.014320638
0.013878741
0.014529199
0.014062194
0.013823723
0.014095673
0.014368956
0.014044505
0.0138204945
0.0145379435
0.013952221
0.014093388
0.014134038
0.014360735
0.0139809
0.013936185
0.013885361
0.014104664
0.014084946
0.014303941
0.014041764
0.014167454
0.013741798
0.01398716
0.0140862595
0.013942029
0.013688654
0.014226248
0.013698492
0.013533245
0.013832513
0.013826963
0.013730455
0.014190811
0.013853395
0.013967476
0.013309708
0.013352259
0.0137419775
0.013616031
0.013518723
0.013533253
0.013751092
0.013769499
0.01445775
0.013825007
0.013678331
0.013436529
0.013663499
0.013784124
0.0134756835
0.013860509
0.013502122
0.013662603
0.013491423
0.013653133
0.01362481
0.013454472
0.013539928
0.013710235
0.013247065
0.013305548
0.013536281
0.013736997
0.013360953
0.013474322
0.012843659
0.012948097
0.012900433
0.0130612375
0.013230117
0.013008384
0.013124152
0.013293695
0.012784961
0.013129456
0.013127218
0.013041138
0.013126261
0.013132686
0.013799106
0.013702535
0.013293157
0.013346296
0.012943068
0.012870347
0.012965656
0.013313979
0.013026506
0.013063375
0.013109188
0.013270875
0.013050349
0.013178303
0.013426667
0.013185582
0.013180867
0.012898446
0.013622202
0.013342537
0.0130521525
0.012992046
0.0127741555
0.012693318
0.01294474
0.012833563
0.01263249
0.013320913
0.013060438
0.013474552
0.012841365
0.01280568
0.013075392
0.01275836
0.012845005
0.012599851
0.012717324
0.012940836
0.012665615
0.0125918435
0.0129434215
0.013217675
0.012799438
0.012815491
0.012528917
0.013160219
0.012727008
0.012662834
0.012983843
0.012589415
0.01289673
0.012635666
0.012612224
0.01274982
0.012645164
0.012439802
0.012952516
0.012758093
0.012648224
0.012376191
0.012634925
0.012756888
0.012725315
0.012627536
0.012278626
0.012740099
0.012865982
0.012526152
0.012970967
0.012440282
0.012764828
0.012669443
0.012294965
0.012151646
0.012498963
0.012699525
0.012352455
0.012826597
0.012434735
0.0127231795
0.012743056
0.012293249
0.012191398
0.012054557
0.012493267
0.012247709
0.012291369
0.012353758
0.012218592
0.0119996015
0.012261243
0.012314375
0.012344172
0.012183495
0.012044919
0.012261881
0.012485028
0.012269752
0.012153669
0.012596978
0.012202713
0.012185578
0.012028866
0.011853798
0.0119990455
0.01181637
0.01236999
0.0122388275
0.012194259
0.01212
0.012302745
0.012334833
0.011922853
0.01223463
0.012129894
0.01185772
0.012137267
0.011871157
0.011971266
0.011853706
0.012140944
0.011962143
0.011883145
0.012251721
0.012100033
0.01207546
0.011867398
0.0119398795
0.011822424
0.01169962
0.011929396
0.011757444
0.011995136
0.01203715
0.011816061
0.012188186
0.012087573
0.01195994
0.011965079
0.012229403
0.011955756
0.012246701
0.011891575
0.012556443
0.0119005535
0.011713133
0.011801039
0.012087963
0.011799236
0.012083426
0.011854941
0.011991079
0.011833411
0.0116568925
0.011809467
0.011928115
0.011917047
0.011671642
0.011563412
0.011610758
0.011622064
0.0116957305
0.011762558
0.011510925
0.011606347
0.011805362
0.012211582
0.011436814
0.011775689
0.011639994
0.011613621
0.011777612
0.011485488
0.011543799
0.011550902
0.011591775
0.011587401
0.011868452
0.012044334
0.011722215
0.011902439
0.011572696
0.011560302
0.011736685
0.011398239
0.011581476
0.011357905
0.011651064
0.011436212
0.011414031
0.011739087
0.011530567
0.01142057
0.011569189
0.01130197
0.011374559
0.011518635
0.011607026
0.0117366435
0.011860609
0.011319758
0.011871378
0.011344319
0.011384899
0.011407725
0.011394842
0.011417238
0.011562193
0.011410011
0.011235486
0.011632444
0.011742636
0.011442162
0.011258903
0.011301428
0.011062837
0.011393426
0.011259312
0.011239941
0.011489401
0.011279549
0.011558857
0.011199632
0.011161288
0.011252193
0.011429263
0.010893895
0.01122259
0.011299236
0.011051116
0.011045042
0.011256773
0.011171474
0.011826291
0.011501251
0.011271835
0.011312868
0.01154896
0.011301637
0.01110132
0.0111180395
0.011353697
0.011048353
0.010904668
0.0115098115
0.011262443
0.011401918
0.011240087
0.011347245
0.011410448
0.011092372
0.011531734
0.011174555
0.010990865
0.011369778
0.011241912
0.0112617025
0.010970143
0.011156453
0.0110153835
0.010888169
0.010896164
0.011325127
0.011135787
0.010939111
0.010874854
0.011076488
0.010955863
0.011103659
0.011189679
0.011082518
0.010886719
0.011235587
0.011080056
0.010989969
0.011029296
0.011030581
0.01108061
0.010787318
0.010836186
0.0110580325
0.010936954
0.010819608
0.010788728
0.010921327
0.011190497
0.010907114
0.011381596
0.010700044
0.010807141
0.010835155
0.011226444
0.011117275
0.011239629
0.0106808115
0.010859607
0.010778719
0.010926822
0.0109968325
0.011174259
0.010798692
0.010749641
0.010732862
0.010729141
0.010771493
0.010746578
0.011041749
0.010930405
0.010773796
0.01097111
0.010860611
0.010883262
0.010653336
0.010946208
0.011012014
0.011015411
0.010972627
0.01080111
0.011055837
0.010587257
0.010840679
0.010789227
0.010778311
0.010739495
0.010690418
0.010744784
0.011149204
0.010762402
0.010820768
0.010489037
0.010611556
0.010667904
0.010586599
0.01054866
0.01071026
0.010575452
0.01056658
0.010713507
0.010514574
0.010545345
0.0106883375
0.01087731
0.0108140465
0.010440735
0.010899544
0.010714428
0.010574351
0.0108449645
0.0106027275
0.010834402
0.010519957
0.010911063
0.010490653
0.010596289
0.0105843535
0.010574126
0.010423253
0.010541433
0.010696213
0.010492006
0.010437343
0.010532695
0.010416779
0.010570921
0.010679555
0.010474106
0.010757436
0.01068541
0.010339993
0.010607963
0.010297505
0.010784038
0.0107073765
0.010243551
0.01044949
0.010635223
0.010287491
0.010383114
0.011399295
0.010555259
0.0104146255
0.010265927
0.010337553
0.010346438
0.010728122
0.010468159
0.01047771
0.010793166
0.010336548
0.010130602
0.01048659
0.010362536
0.011192253
0.010656032
0.010529911
0.0102675315
0.010216694
0.010898449
0.010767564
0.01012769
0.010270469
0.010149688
0.010251235
0.0103959
0.009998456
0.010147264
0.01020789
0.010037196
0.010569812
0.010445975
0.010317238
0.010020835
0.010511196
0.010393764
0.009952418
0.010274481
0.010198911
0.01023006
0.0100594815
0.010098536
0.010142447
0.010043255
0.010088256
0.010265969
0.010453432
0.010041511
0.010006204
0.010171195
0.010389837
0.010020189
0.010166878
0.010155231
0.010429963
0.0100049395
0.010037086
0.010320208
0.010414697
0.010338387
0.010204474
0.010068503
0.010260514
0.0102571035
0.01021272
0.010337071
0.010158804
0.0099270735
0.010136541
0.010108755
0.010179702
0.010089663
0.010448105
0.0101865735
0.010098564
0.01042848
0.00998852
0.009925345
0.010312189
0.010446628
0.009962657
0.010101227
0.010089857
0.0100577995
0.009877529
0.009754027
0.009908925
0.0102995075
0.010201553
0.010046476
0.010039836
0.010195528
0.010003916
0.010021461
0.010031098
0.009776748
0.009979484
0.010119319
0.010170188
0.010049395
0.009820981
0.009866277
0.009658009
0.009950894
0.0099124415
0.010010167
0.010020404
0.009701747
0.009912805
0.010162175
0.010030437
0.009898567
0.009955943
0.010363415
0.009864522
0.010126131
0.010011118
0.009922708
0.009741655
0.010143211
0.010028741
0.0100115165
0.009901658
0.010299115
0.010011414
0.010253271
0.009903479
0.009909572
0.0098817125
0.009688335
0.010007361
0.009925954
0.009760305
0.009933856
0.009832186
0.00981301
0.009752897
0.009776314
0.0100553315
0.009656442
0.009608028
0.009782038
0.009737287
0.009922535
0.009858658
0.009928758
0.009663258
0.00952654
0.009440103
0.009710254
0.009811982
0.009640062
0.009831711
0.009945284
0.009595896
0.0096896
0.009617185
0.0096821925
0.009835684
0.009522417
0.009870267
0.009389551
0.009633399
0.009658521
0.0097230775
0.00940981
0.009418213
0.009474856
0.009765838
0.009507665
0.009637004
0.009577049
0.009429814
0.0094469795
0.0092881415
0.009563554
0.009466808
0.009764824
0.0095430305
0.009517661
0.009648606
0.0095533095
0.009876071
0.009575881
0.009352283
0.0098866625
0.0097251525
0.009372492
0.00944731
0.009304853
0.009750061
0.009772228
0.009699425
0.009385367
0.009554017
0.009688522
0.00947154
0.009586628
0.009665914
0.009408231
0.009428926
0.009608381
0.009468596
0.009346898
0.009412785
0.009560893
0.009658352
0.00956582
0.00964054
0.0092888195
0.009462443
0.00937235
0.009214843
0.009616851
0.00986423
0.009596299
0.009407109
0.009414539
0.009536113
0.009582296
0.009566933
0.009451929
0.009300425
0.009778685
0.009295169
0.009575556
0.00940515
0.009490652
0.009578178
0.009404386
0.009289121
0.009246839
0.009799721
0.009796878
0.00936925
0.009483866
0.009223014
0.0095756
0.009381429
0.009490701
0.009436879
0.009375135
0.009476321
0.009051643
0.009406506
0.009457249
0.009486487
0.009319205
0.009530575
0.00926407
0.009536577
0.009548583
0.009363256
0.009477926
0.009349229
0.00948483
0.009067909
0.009383236
0.009425353
0.009372775
0.0095798625
0.009334944
0.009291599
0.009315616
0.009082742
0.009279269
0.009615026
0.009237777
0.009257361
0.009209198
0.009454586
0.0095279915
0.009118756
0.009454515
0.009410967
0.009228953
0.00923974
0.009341317
0.009399508
0.00906311
0.009236393
0.00912243
0.009405584
0.009166257
0.00926626
0.00913346
0.009308549
0.009331419
0.009144693
0.009099836
0.009219227
0.009277725
0.009006616
0.009090679
0.009091526
0.0094437795
0.009357342
0.009228139
0.00924964
0.009201092
0.009369538
0.009461787
0.0091588395
0.009367995
0.009160169
0.009001188
0.00915852
0.0090394
0.009041553
0.009370833
0.009063977
0.009028031
0.00912356
0.009151586
0.008858459
0.008862619
0.008963848
0.009084389
0.009236067
0.009388319
0.009249625
0.009384828
0.009047573
0.00922657
0.009323893
0.009430692
0.008904381
0.008992594
0.00884309
0.0089637395
0.008888179
0.009089956
0.0089766495
0.008895286
0.008680948
0.008813876
0.008925906
0.008935852
0.009071544
0.0088251885
0.008951551
0.008998357
0.009145383
0.008802196
0.008968212
0.009049732
0.009322389
0.009004999
0.009190674
0.009269462
0.0092659
0.008986172
0.009245106
0.009072916
0.009222031
0.00900184
0.00891255
0.0092714
0.008904449
0.009022559
0.00910599
0.008883187
0.009106753
0.009255099
0.009030505
0.009282724
0.008736742
0.00907631
0.009017235
0.008853144
0.008980448
0.008812443
0.009041231
0.009399106
0.009253071
0.008945932
0.008690059
0.008718341
0.008992166
0.008761013
0.009328211
0.009109521
0.008858218
0.008861845
0.009282901
0.009027484
0.00876401
0.008787182
0.008761263
0.008811185
0.008765689
0.008852343
0.009052682
0.009104291
0.008776486
0.009444515
0.008777561
0.008870931
0.008898629
0.008750801
0.008555903
0.008835186
0.009198867
0.008711612
0.008831412
0.008593303
0.00880031
0.009036423
0.008754102
0.008789289
0.008956973
0.008873359
0.008951494
0.008619172
0.008926649
0.008727089
0.009459082
0.008928861
0.008879775
0.008766538
0.008710691
0.008546818
0.008775811
0.008905344
0.008595384
0.008939493
0.00865943
0.0085146455
0.008941553
0.008799257
0.008506283
0.008835003
0.008715887
0.008804579
0.008737024
0.0085498905
0.00856074
0.008689193
0.008584204
0.008751465
0.008751146
0.00862234
0.008569968
0.008763381
0.008652642
0.008487335
0.008665121
0.008540272
0.008570586
0.008417754
0.0085650785
0.0086031845
0.008681522
0.00853397
0.008671627
0.008702777
0.008730401
0.008501321
0.008742522
0.008620504
0.008875954
0.008840574
0.008740536
0.008388895
0.008434455
0.008564538
0.008496104
0.008651419
0.008575168
0.00872935
0.00841287
0.008825704
0.00880522
0.008433519
0.008694623
0.008582271
0.008849126
0.008630712
0.008538279
0.008527443
0.0085268775
0.008505744
0.009086343
0.008599313
0.008552367
0.0085699065
0.008512862
0.008770535
0.008408019
0.009237301
0.008677486
0.008354865
0.008585836
0.008634425
0.00854114
0.0086462945
0.009116088
0.008420991
0.008370423
0.0085653905
0.008589127
0.008501552
0.008851496
0.008734863
0.008602841
0.008420313
0.008334282
0.008469025
0.008484104
0.008568243
0.008458986
0.008280453
0.008395064
0.008328989
0.008362353
0.008747177
0.008809981
0.008558032
0.00842099
0.008458676
0.008583572
0.008573064
0.008484536
0.008642129
0.008208201
0.00842931
0.0084406
0.008656122
0.008475131
0.008522702
0.008430871
0.00843367
0.008545115
0.008455142
0.008196273
0.008469015
0.008418837
0.008510232
0.008364486
0.008389103
0.008303267
0.008793454
0.0084741805
0.008308503
0.008515884
0.008432736
0.008258648
0.0083404975
0.008432852
0.008590999
0.008284782
0.008325525
0.008447284
0.0084360065
0.008389666
0.00808213
0.008169767
0.00823973
0.008208758
0.008337837
0.008425043
0.008634856
0.0083582485
0.0082872
0.008236662
0.008391843
0.008352846
0.008321388
0.008256098
0.008535912
0.008339004
0.008333392
0.00851312
0.008376598
0.008266898
0.008335802
0.008568816
0.008101097
0.008103421
0.00815835
0.0081931865
0.008332491
0.008267339
0.00843718
0.008261886
0.008017431
0.008458975
0.008100506
0.008120963
0.008106783
0.00818114
0.008366791
0.008239763
0.008522551
0.008529089
0.008051237
0.008259492
0.008308259
0.008071662
0.007958624
0.008246342
0.0080770925
0.008149674
0.008173764
0.00819788
0.00806933
0.008039421
0.008245887
0.008435287
0.008415655
0.008558601
0.008301036
0.008251041
0.008221162
0.008336709
0.008102373
0.00809065
0.008065731
0.008063578
0.008098608
0.008042719
0.0081298975
0.0082748635
0.00826805
0.007923548
0.008132814
0.00830678
0.008235344
0.0083130775
0.008637769
0.008646772
0.008351256
0.00819664
0.008526465
0.008342466
0.00799542
0.008533104
0.00834093
0.0081508355
0.008208868
0.0081373295
0.008062381
0.008319644
0.008073878
0.0079326015
0.00811773
0.0079322755
0.008309472
0.008016108
0.008086027
0.007891904
0.007969483
0.008263774
0.008269993
0.00816826
0.00797913
0.008159301
0.0081555825
0.008134898
0.008113989
0.008253508
0.008217883
0.0080650905
0.008056447
0.008368265
0.008047291
0.008134841
0.008091669
0.00816894
0.008303854
0.008311895
0.008228903
0.008329395
0.00812377
0.008074927
0.008103153
0.00810808
0.0079207225
0.0083800135
0.007807568
0.008284037
0.008154425
0.008144705
0.007854734
0.008408526
0.008141164
0.00815265
0.008331442
0.007810459
0.008162372
0.008416428
0.008058684
0.008081315
0.007952104
0.008354411
0.008306932
0.0081624575
0.008077253
0.008047176
0.007952695
0.007862438
0.007822371
0.008191649
0.008283799
0.0082674
0.008198917
0.007913658
0.007955489
0.007966884
0.008048967
0.008272468
0.007904144
0.007896128
0.00806978
0.007811794
0.007923078
0.007975351
0.00801309
0.007975797
0.007995843
0.008217358
0.007890314
0.008019422
0.008011526
0.0078487275
0.007907537
0.008165943
0.008010472
0.00804795
0.008240382
0.007931109
0.0080495365
0.0077745076
0.007931085
0.007784194
0.008199578
0.00777726
0.0081712445
0.007918188
0.007823758
0.008074322
0.008280596
0.007949782
0.007843106
0.007784424
0.008043714
0.008187711
0.00796537
0.007911337
0.007820266
0.0078103687
0.007821595
0.007719517
0.0078694085
0.007787491
0.008144966
0.007835974
0.007828014
0.007966397
0.008311902
0.008128486
0.0076861624
0.0076685925
0.008100225
0.00761942
0.007657586
0.007701889
0.007888681
0.007889973
0.007815591
0.007864908
0.00787804
0.008087915
0.007647164
0.007598958
0.0077147335
0.0077075027
0.007624098
0.0077863354
0.0077012074
0.007719532
0.00786171
0.007765899
0.0076423
0.007832804
0.00760875
0.008064885
0.0079379715
0.008116269
0.007863957
0.0078128865
0.008238697
0.007911021
0.007701438
0.0077157775
0.0076953787
0.008003584
0.0079025775
0.007635304
0.0077298325
0.0076482617
0.0077618896
0.007552133
0.007482245
0.0076978058
0.007907952
0.007816069
0.0076743914
0.0076346355
0.007984383
0.007876548
0.007670062
0.0077497726
0.0076502822
0.007665152
0.007753179
0.0077723376
0.007941125
0.00760815
0.007772423
0.007970616
0.0076612476
0.007957816
0.0074186535
0.0077004237
0.007743014
0.007784395
0.007834384
0.007819096
0.0077533727
0.0077191056
0.008119538
0.007918915
0.007563849
0.007896058
0.007966392
0.007525325
0.007892477
0.007821541
0.0077177095
0.007911789
0.0076632113
0.007674072
0.0075673917
0.0077239205
0.0076470627
0.0077266283
0.0081448965
0.007778886
0.0076682246
0.007743823
0.007933366
0.007886013
0.0074514304
0.007653029
0.007653585
0.007720521
0.007641984
0.007607689
0.00784019
0.007858679
0.0078089046
0.0076044896
0.0076176426
0.007743663
0.007896426
0.007607486
0.007577759
0.007727295
0.007990649
0.007531561
0.0075682444
0.007957034
0.0077384603
0.0079815695
0.007661301
0.0075942995
0.0077507957
0.0076577812
0.007751474
0.0076090987
0.0075361216
0.007610501
0.007643133
0.007609899
0.007509012
0.0076352656
0.007662846
0.0075431564
0.007547152
0.00748565
0.0076020756
0.007647657
0.007590036
0.007753995
0.0074841
0.0075403056
0.007536016
0.0076819602
0.0077278735
0.00754356
0.0076936707
0.007506817
0.007716165
0.0075361044
0.0076468624
0.0075450363
0.0074932585
0.0075043477
0.007690931
0.0075249486
0.007651432
0.0076555866
0.0073619382
0.007692758
0.0074625234
0.0074307076
0.007652328
0.007807779
0.007724189
0.0075618816
0.0076693823
0.0076121674
0.007805437
0.0076013906
0.0075543243
0.0073740147
0.0075615505
0.007446676
0.0076027894
0.007577977
0.0075252876
0.007650804
0.007259217
0.0075436705
0.007501592
0.0079415245
0.00769573
0.0077517163
0.0074893963
0.00753512
0.007496455
0.0074641276
0.007475829
0.007424974
0.0075297034
0.007697849
0.0074698287
0.007360091
0.007673003
0.00758893
0.007989251
0.0077018873
0.0074055837
0.0074707395
0.007679828
0.007440771
0.007341256
0.007734014
0.0075712027
0.007559442
0.0076520373
0.0073814667
0.0076114987
0.0073373686
0.0074523897
0.007379274
0.0074185003
0.007865144
0.0074013993
0.007348463
0.00741952
0.00750082
0.007684772
0.0072557502
0.0074514253
0.007434166
0.0074469578
0.0075416137
0.0074626207
0.007392093
0.00739618
0.0073395474
0.007454158
0.0075482405
0.007395958
0.0075474847
0.0073393406
0.0075156577
0.0076383464
0.007277728
0.0075047356
0.007411629
0.007322062
0.007829276
0.0076299985
0.00725773
0.007366774
0.0076255207
0.007405511
0.007280277
0.0073651606
0.0072793155
0.0073876153
0.0072708228
0.0075241625
0.007424836
0.0074048936
0.0074020466
0.0073190294
0.007126539
0.007432503
0.0074363626
0.007293452
0.0072928625
0.007264222
0.007403901
0.0073166653
0.0071795597
0.0073122145
0.007296584
0.007270467
0.0071877725
0.0070539126
0.007264878
0.007457083
0.0073359306
0.007326982
0.0073151127
0.007355284
0.0073567177
0.007307988
0.007435491
0.0071495203
0.007139288
0.007314989
0.0072166226
0.007485266
0.0073969187
0.007507943
0.0072880755
0.0073977336
0.0075411275
0.007334195
0.007197394
0.0073995017
0.007545116
0.007155252
0.007231333
0.007275738
0.007325288
0.0075238007
0.007173641
0.0072124847
0.0073038302
0.0072070877
0.007998933
0.0071234857
0.0072143045
0.0072081797
0.0073378067
0.0072847498
0.007417869
0.007456556
0.0073334714
0.00720274
0.0071361554
0.007137671
0.007113596
0.007301619
0.0072782286
0.007193389
0.007144869
0.0072417064
0.0073876823
0.0073264334
0.007335996
0.007158225
0.007322614
0.0071057146
0.0071894918
0.007262325
0.007160874
0.007145025
0.007420276
0.007327622
0.0073990515
0.007081931
0.0073046954
0.00744782
0.007569611
0.007362749
0.0072999387
0.007368689
0.0074008293
0.007225606
0.007065528
0.0070896824
0.0073592276
0.0070979563
0.007299056
0.0073775803
0.007298663
0.007253997
0.0073237605
0.007327334
0.0071967547
0.0073234052
0.007052866
0.0072993464
0.0071849083
0.0074956315
0.0072122207
0.0071747093
0.007201695
0.00736802
0.0071546296
0.0070870165
0.0076290136
0.0071690804
0.007079143
0.007173609
0.0073055844
0.00736523
0.0073192404
0.007076201
0.007196267
0.007343839
0.0077772452
0.007127636
0.007138198
0.0073963827
0.007040908
0.0072105187
0.0071405666
0.0071987845
0.0071597435
0.007187949
0.007123892
0.007306232
0.006962589
0.007197214
0.0070404937
0.006921482
0.0071525583
0.0070052897
0.006977792
0.0069095776
0.0075433943
0.0071181236
0.0070775184
0.007068696
0.00709703
0.007244693
0.0072034756
0.0069769896
0.007150497
0.007133813
0.0070644678
0.007212904
0.007062129
0.007134757
0.007055527
0.0073257247
0.007058064
0.0069935457
0.0070359106
0.0070932903
0.0070802714
0.0069300686
0.0070832334
0.0071288436
0.0072778882
0.0071386993
0.0071829744
0.0069937464
0.007097321
0.007237666
0.007220769
0.007383612
0.0069840862
0.0074268244
0.007077307
0.006951254
0.007095263
0.0070994194
0.0068911514
0.007096898
0.007227262
0.0070499107
0.007284909
0.007077227
0.006944402
0.0072032427
0.0070978105
0.0070045344
0.007245286
0.00713361
0.0071482672
0.007688854
0.007202753
0.007138021
0.0069828313
0.0070781345
0.0071571167
0.0071176463
0.007076493
0.006961828
0.007001197
0.0069466
0.0069588874
0.0070443335
0.006985441
0.0068479036
0.0070870644
0.0070404704
0.0072435616
0.007074553
0.0069789467
0.007135888
0.0071980003
0.0071259704
0.0069004176
0.0070881434
0.0069286157
0.007243999
0.007174749
0.0069519584
0.0069425944
0.007121031
0.007017369
0.0070395786
0.007188543
0.006885226
0.0071455683
0.007055155
0.007024217
0.006947517
0.0070607765
0.0072012013
0.0071162237
0.007084161
0.006972499
0.0069513917
0.0069421767
0.0071221017
0.0069715357
0.0068148626
0.0069551375
0.006906198
0.0069933073
0.0070340172
0.0069231656
0.006933256
0.007114672
0.0069760024
0.0067938147
0.007033628
0.007054507
0.0070101656
0.007045887
0.0072402162
0.0067500197
0.006985184
0.006833826
0.007255247
0.0070155417
0.006946244
0.007114757
0.0069467667
0.0069305436
0.006849601
0.006794378
0.006875833
0.006921006
0.0072254967
0.0068810876
0.006883605
0.0069481106
0.006879994
0.0068159024
0.0067947656
0.0071624713
0.0070083365
0.0069620465
0.0069481195
0.0068743476
0.0070120106
0.0070299283
0.006940033
0.0067895227
0.0067471196
0.0071160863
0.006810865
0.0068279114
0.006948552
0.0068246047
0.0069638668
0.0068808356
0.0069605242
0.0069630956
0.006968799
0.0069295727
0.0069992132
0.006955611
0.0068113892
0.0068194307
0.007255135
0.007098245
0.00692555
0.0068304357
0.0071187047
0.0068105613
0.006750829
0.00681582
0.006917732
0.0069279587
0.007201244
0.00693598
0.006973139
0.0071438206
0.006946594
0.0071181795
0.0070119617
0.0068297135
0.0067942804
0.0068873083
0.006986845
0.0068703257
0.0071359053
0.006816875
0.007044847
0.0068436265
0.0070729544
0.0067256894
0.006915373
0.0066840034
0.007031943
0.006842457
0.006914788
0.0068282112
0.006951782
0.0070995647
0.0067804265
0.0068667145
0.0069018933
0.006728387
0.0066738212
0.0069334256
0.006923746
0.0067945705
0.0066544088
0.0068977
0.0066200956
0.006751465
0.0066855885
0.006814795
0.006756714
0.0067184577
0.006804817
0.006876697
0.0066834097
0.0067333668
0.0071648955
0.006877762
0.00687853
0.0068305223
0.0065486985
0.0068601007
0.0068546743
0.006751524
0.0069680237
0.0068087075
0.00684165
0.0065992433
0.0070067495
0.006679493
0.0068523632
0.0067354846
0.0066102413
0.006778105
0.0067526805
0.0066693597
0.00669333
0.0067785657
0.0069950107
0.0067698313
0.006847679
0.0067149713
0.0067031626
0.0066699204
0.006697881
0.007080799
0.00670817
0.0068327105
0.006760741
0.006790757
0.006677755
0.0068512405
0.0067519154
0.0068077967
0.0067528193
0.006702422
0.006900727
0.006891977
0.0067282566
0.0068206415
0.0067450004
0.006766362
0.006688819
0.006694819
0.006559753
0.006915869
0.0066297427
0.0066053104
0.0066840164
0.0066511338
0.0068750004
0.0068109743
0.0067937667
0.007045049
0.006703049
0.0066162
0.007060033
0.006834468
0.0068350383
0.0067261695
0.0066819256
0.0067280987
0.006661552
0.0067948583
0.0066572735
0.0065964963
0.0066619925
0.0066661364
0.006950504
0.006654721
0.00698988
0.006670776
0.0068545346
0.00690297
0.0066972123
0.0069411746
0.0067253546
0.006755418
0.0069006747
0.006669457
0.006828554
0.0067925733
0.006642902
0.0066464352
0.0066505526
0.006750092
0.006568002
0.006591296
0.0065546976
0.0065302905
0.0065656034
0.0066845557
0.0068186917
0.0068082456
0.0068909107
0.006718147
0.006600776
0.0066134892
0.006693669
0.0068215653
0.006754269
0.006790331
0.0066900766
0.006629911
0.0067153038
0.006783551
0.0066481554
0.00653347
0.0065245163
0.0066611064
0.0066101593
0.0066677034
0.006765666
0.0067567476
0.0067996974
0.0066224597
0.00677498
0.0067406544
0.006885952
0.006588109
0.0065296744
0.006553401
0.006652913
0.0067660757
0.006901139
0.0065145167
0.006969017
0.0066851196
0.006441887
0.006515795
0.0066109705
0.0065107476
0.006733109
0.006476907
0.006664657
0.0068068374
0.006480561
0.0064652013
0.006670762
0.0067345896
0.006876412
0.0065812482
0.006528108
0.0065182536
0.006503885
0.006807369
0.0065013887
0.0065951734
0.0068950434
0.006473566
0.0065235463
0.006439731
0.0067104977
0.006542973
0.0064611733
0.0067922967
0.006449509
0.006500932
0.0065678493
0.006493495
0.006467375
0.0063336426
0.0064666425
0.006481973
0.0064814184
0.006485685
0.006491594
0.0065467213
0.006696596
0.006727718
0.0065733837
0.00641329
0.006594698
0.006485124
0.0067285327
0.006793917
0.0064702216
0.006613429
0.0064393305
0.0065097553
0.006808829
0.0066040833
0.0065728524
0.0065880334
0.006484846
0.006720929
0.006488122
0.0066574374
0.0065051815
0.00656799
0.0065927273
0.0065779863
0.0064858124
0.0065360568
0.006496149
0.006524597
0.006674153
0.0068601207
0.0064479285
0.0066037388
0.0069574295
0.0065473975
0.0065403255
0.006441529
0.0064790538
0.0064162477
0.0066520236
0.0065393313
0.0062629166
0.0063889846
0.006467609
0.006454846
0.006574842
0.0064066323
0.006545784
0.006540791
0.006381194
0.006369997
0.00640431
0.0065494888
0.006506452
0.0064559295
0.006350335
0.00652646
0.006628464
0.0063603194
0.0066965995
0.006703837
0.0065798294
0.0063675893
0.006605668
0.0064725396
0.0065350495
0.0064874836
0.006320488
0.006446894
0.006651251
0.0065453355
0.0064031677
0.0063857334
0.0066797026
0.006280563
0.0065740496
0.006338177
0.0064867325
0.0062606414
0.006305776
0.0063757855
0.006276942
0.00629204
0.006485338
0.006259092
0.0064937384
0.006402411
0.006581171
0.006373127
0.0065818625
0.00646091
0.006525823
0.006557061
0.006479354
0.006762492
0.006362511
0.006454483
0.006471897
0.006524667
0.0066648796
0.0062766597
0.00640063
0.0063685216
0.006490685
0.0063864994
0.0064549344
0.0066111707
0.0065269046
0.0064085787
0.0065047164
0.006364365
0.0063708625
0.0064229933
0.0064566745
0.0068347016
0.0065592634
0.006435025
0.0063722627
0.0065221433
0.006449675
0.0063485447
0.0064871004
0.0063860677
0.0066077807
0.0066278707
0.006469085
0.0065790745
0.006418837
0.0065097953
0.0063594794
0.0062976573
0.0064679356
0.0063618077
0.006478264
0.0063089384
0.0063418807
0.0063885227
0.0066695716
0.006562176
0.0065636644
0.006566537
0.006332166
0.0063626724
0.006700548
0.006345776
0.0063145226
0.006413466
0.006421847
0.006346652
0.00630116
0.006226946
0.006641829
0.006444541
0.006389276
0.006720966
0.006277366
0.0063486304
0.00642785
0.0064545805
0.0066218697
0.0064145783
0.006415796
0.0063975896
0.006381506
0.0062295706
0.0062614977
0.0062044067
0.006424792
0.0062929075
0.006437666
0.006299659
0.0064597
0.006366601
0.0063944105
0.006330866
0.00621497
0.0063396576
0.0062582153
0.0065097148
0.006484132
0.0063673323
0.0065018716
0.006305398
0.0063187364
0.006371346
0.0062997164
0.0065478436
0.0062878146
0.0064211865
0.0063709645
0.0064068865
0.006317547
0.0064805476
0.0061945566
0.0063291877
0.0062194983
0.0065047643
0.006574997
0.0062180664
0.0062925234
0.006474461
0.0064636506
0.0062637273
0.0066624573
0.006576851
0.0064122966
0.0062954077
0.0062787314
0.0062393174
0.0063443524
0.0063262735
0.006311992
0.006411996
0.0061921356
0.0063932925
0.006387193
0.0062432676
0.006316458
0.0062156497
0.0062022605
0.006238361
0.0063569495
0.0064795194
0.006246776
0.00665067
0.00663217
0.0062459838
0.006153341
0.0063832174
0.006265479
0.0062199784
0.006315329
0.0063259536
0.0062281187
0.0062312195
0.0062771225
0.006218532
0.006094929
0.006194774
0.006384558
0.0061882837
0.006204657
0.006302701
0.0063194283
0.0062565417
0.0061857905
0.0065295734
0.0061632516
0.006172804
0.0062840907
0.0063934103
0.0062334966
0.006139128
0.006405535
0.0062152282
0.00625391
0.00645674
0.00652322
0.0063324543
0.006261523
0.006399073
0.006225315
0.006095511
0.006378226
0.006197105
0.006269026
0.0061852518
0.0063845776
0.006271081
0.0064306003
0.006195503
0.0062011243
0.00622458
0.006187136
0.0065223454
0.006332512
0.006210132
0.006353767
0.006461338
0.0061826
0.0063139624
0.006318081
0.0062311166
0.0060984264
0.00665692
0.006196145
0.0061790966
0.006182827
0.0062739756
0.0061205826
0.006121613
0.0062907934
0.0061104265
0.0061334134
0.006428461
0.006379465
0.006775615
0.006140786
0.0061870785
0.0063403794
0.0063892887
0.0062677846
0.006057615
0.0064649256
0.0061174333
0.006294377
0.0063044354
0.006137982
0.006408546
0.006207678
0.0062277494
0.0061587356
0.00635495
0.006118778
0.0063757366
0.0061616027
0.006127779
0.006173438
0.0060329693
0.0062227054
0.006256901
0.006294167
0.0063817934
0.006191586
0.0061733034
0.0061032907
0.006072359
0.0061099124
0.0063107926
0.0060488204
0.0063294456
0.0061389734
0.0061830296
0.0061411513
0.006075801
0.006282366
0.006057565
0.0059958166
0.0061910143
0.0061494093
0.006128315
0.0061966176
0.00628474
0.006067085
0.006168797
0.00597617
0.0062043425
0.0062617715
0.0062112357
0.0061504445
0.0062207263
0.0062400964
0.0060473885