20 194.86 -0.28 194.58 0.092 19 112 0.42 0.01 
40 192.53 -0.39 192.14 0.149 37 247 0.81 0.01 
60 189.72 -0.2 189.52 0.223 57 372 1.25 0.02 
80 187.0 -0.32 186.67 0.279 77 508 1.69 0.03 
100 184.71 -0.2 184.52 0.327 96 660 2.11 0.03 
120 182.27 -0.15 182.12 0.363 116 799 2.54 0.04 
140 179.65 -0.23 179.42 0.406 136 957 2.98 0.05 
160 176.78 -0.17 176.61 0.44 154 1097 3.38 0.05 
180 174.55 -0.01 174.55 0.47 174 1275 3.82 0.06 
200 172.54 0.3 172.84 0.496 192 1434 4.21 0.07 
220 170.03 0.52 170.55 0.53 211 1586 4.63 0.08 
240 168.14 0.7 168.85 0.552 229 1766 5.02 0.09 
260 166.41 0.79 167.2 0.578 246 1943 5.39 0.1 
280 163.52 1.06 164.58 0.596 265 2156 5.81 0.11 
300 162.74 1.05 163.79 0.608 282 2339 6.18 0.12 
320 159.63 1.32 160.95 0.627 300 2535 6.58 0.13 
340 158.78 1.51 160.29 0.637 316 2741 6.93 0.14 
360 156.58 1.68 158.26 0.651 333 2958 7.3 0.15 
380 153.44 1.87 155.3 0.66 350 3144 7.68 0.16 
400 152.34 2.02 154.35 0.675 366 3376 8.03 0.17 
420 151.45 2.26 153.71 0.687 381 3582 8.36 0.18 
440 149.61 2.55 152.16 0.701 398 3773 8.73 0.19 
460 148.8 2.68 151.48 0.708 416 3991 9.12 0.2 
480 147.48 2.99 150.46 0.719 431 4230 9.45 0.21 
500 144.95 3.35 148.3 0.726 448 4478 9.82 0.22 
520 144.09 3.63 147.72 0.733 468 4706 10.26 0.23 
540 142.52 3.91 146.44 0.739 486 4923 10.66 0.24 
560 141.41 4.29 145.69 0.754 505 5128 11.07 0.26 
580 139.26 4.65 143.91 0.758 521 5396 11.43 0.27 
600 138.35 4.91 143.25 0.762 528 5623 11.58 0.28 
620 136.95 5.1 142.05 0.765 543 5873 11.91 0.29 
640 135.49 5.52 141.01 0.772 560 6144 12.28 0.31 
660 133.82 5.81 139.63 0.774 576 6390 12.63 0.32 
680 132.4 6.13 138.53 0.779 595 6645 13.05 0.33 
700 130.99 6.4 137.39 0.787 611 6909 13.4 0.34 
720 130.29 6.69 136.97 0.793 626 7121 13.73 0.35 
740 128.86 6.95 135.81 0.796 645 7379 14.14 0.37 
760 128.01 7.26 135.27 0.803 661 7652 14.5 0.38 
780 126.37 7.57 133.94 0.807 674 7911 14.78 0.39 
800 125.61 7.85 133.46 0.806 688 8176 15.09 0.41 
820 123.87 8.25 132.12 0.813 705 8414 15.46 0.42 
840 122.98 8.61 131.59 0.816 718 8692 15.75 0.43 
860 121.7 8.95 130.66 0.819 734 8963 16.1 0.45 
880 121.15 9.28 130.44 0.82 749 9247 16.43 0.46 
900 119.74 9.62 129.36 0.82 767 9496 16.82 0.47 
920 119.1 10.06 129.16 0.825 783 9778 17.17 0.49 
940 117.69 10.5 128.18 0.828 798 10056 17.5 0.5 
960 115.99 10.8 126.79 0.829 812 10370 17.81 0.52 
980 115.87 11.13 127.0 0.833 826 10610 18.11 0.53 
1000 115.0 11.48 126.47 0.834 841 10884 18.44 0.54 
1020 113.37 11.9 125.27 0.836 858 11157 18.82 0.55 
1040 112.05 12.36 124.41 0.838 874 11422 19.17 0.57 
1060 110.83 12.75 123.58 0.841 889 11705 19.5 0.58 
1080 110.14 13.13 123.27 0.843 904 11990 19.82 0.6 
1100 109.01 13.48 122.49 0.843 919 12286 20.15 0.61 
1120 107.79 13.9 121.7 0.846 933 12590 20.46 0.63 
1140 106.52 14.29 120.81 0.848 947 12837 20.77 0.64 
1160 105.95 14.64 120.58 0.852 962 13063 21.1 0.65 
1180 106.09 15.02 121.12 0.855 980 13341 21.49 0.66 
1200 104.78 15.37 120.15 0.857 998 13589 21.89 0.68 
1220 103.79 15.75 119.54 0.857 1012 13865 22.19 0.69 
1240 102.44 16.17 118.61 0.86 1026 14114 22.5 0.7 
1260 101.43 16.62 118.06 0.86 1039 14424 22.79 0.72 
1280 100.16 17.06 117.21 0.861 1053 14703 23.09 0.73 
1300 99.6 17.44 117.04 0.862 1068 14995 23.42 0.75 
1320 99.33 17.82 117.15 0.863 1081 15256 23.71 0.76 
1340 97.98 18.18 116.16 0.866 1098 15536 24.08 0.77 
1360 97.15 18.59 115.74 0.866 1114 15819 24.43 0.79 
1380 96.75 19.01 115.76 0.869 1129 16087 24.76 0.8 
1400 95.91 19.39 115.3 0.867 1142 16349 25.04 0.81 
1420 94.91 19.87 114.78 0.869 1157 16631 25.37 0.83 
1440 93.44 20.31 113.75 0.871 1172 16932 25.7 0.84 
1460 92.27 20.7 112.97 0.872 1189 17230 26.07 0.86 
1480 91.87 21.08 112.95 0.872 1204 17498 26.4 0.87 
1500 91.14 21.49 112.63 0.874 1220 17778 26.75 0.88 
1520 90.14 21.82 111.96 0.875 1235 18057 27.08 0.9 
1540 89.24 22.19 111.43 0.876 1248 18343 27.37 0.91 
1560 88.75 22.66 111.41 0.878 1265 18602 27.74 0.93 
1580 87.78 23.1 110.87 0.879 1280 18869 28.07 0.94 
1600 87.25 23.46 110.7 0.879 1293 19153 28.36 0.95 
1620 86.32 23.9 110.22 0.88 1306 19448 28.64 0.97 
1640 85.71 24.35 110.07 0.882 1321 19734 28.97 0.98 
1660 85.09 24.73 109.82 0.881 1336 20008 29.3 0.99 
1680 83.75 25.26 109.0 0.884 1351 20294 29.63 1.01 
1700 83.56 25.56 109.11 0.884 1362 20582 29.87 1.02 
1720 83.11 25.88 108.99 0.885 1374 20859 30.13 1.04 
1740 81.34 26.39 107.73 0.886 1389 21084 30.46 1.05 
1760 81.37 26.77 108.14 0.886 1398 21400 30.66 1.06 
1780 81.46 27.22 108.69 0.886 1411 21708 30.94 1.08 
1800 80.48 27.63 108.1 0.887 1425 21968 31.25 1.09 
1820 79.62 27.99 107.61 0.887 1438 22257 31.54 1.11 
1840 78.67 28.46 107.13 0.889 1454 22543 31.89 1.12 
1860 78.63 28.95 107.58 0.889 1465 22840 32.13 1.14 
1880 76.71 29.45 106.16 0.893 1480 23120 32.46 1.15 
1900 76.81 29.94 106.74 0.893 1488 23434 32.63 1.17 
1920 76.53 30.36 106.89 0.892 1499 23739 32.87 1.18 
1940 75.67 30.88 106.55 0.893 1510 24018 33.11 1.19 
1960 74.55 31.3 105.85 0.895 1524 24304 33.42 1.21 
1980 73.72 31.78 105.5 0.895 1535 24590 33.66 1.22 
2000 73.71 32.26 105.98 0.894 1547 24864 33.93 1.24 
2020 72.26 32.66 104.92 0.896 1562 25108 34.25 1.25 
2040 71.59 33.04 104.63 0.897 1576 25381 34.56 1.26 
2060 70.87 33.43 104.3 0.899 1584 25682 34.74 1.28 
2080 70.07 33.82 103.89 0.9 1596 25979 35.0 1.29 
