
0.4902557
0.48586348
0.53978455
0.48407322
0.45091742
0.4348582
0.42018825
0.4258375
0.41468093
0.42738053
0.39951307
0.39591756
0.3885766
0.40064952
0.3947593
0.38210043
0.38499478
0.3876338
0.3874484
0.3893069
0.3850778
0.39277276
0.36785513
0.37571457
0.38237822
0.37330133
0.36495286
0.36765215
0.36890227
0.39019617
0.37272343
0.3845687
0.38354394
0.37579143
0.35836118
0.35420957
0.34837538
0.35617837
0.3539466
0.34860253
0.35878167
0.35271186
0.34567025
0.34901932
0.3440854
0.33919376
0.34418058
0.35121858
0.34754482
0.3359833
0.33947316
0.33023345
0.33492133
0.34614974
0.33461604
0.3342462
0.33286116
0.3317489
0.3365866
0.34709904
0.3316249
0.3310534
0.32819328
0.3363387
0.33334836
0.32041034
0.32329133
0.3214536
0.31683144
0.311771
0.3152157
0.3135281
0.31541947
0.31006858
0.31135607
0.30761716
0.30793673
0.30863267
0.29926643
0.3024876
0.306491
0.30136913
0.29463476
0.30502763
0.31512323
0.3037578
0.2999282
0.30369332
0.306765
0.29730314
0.30010816
0.29256535
0.28749114
0.28954735
0.28536302
0.28733987
0.28445205
0.2842374
0.28836906
0.2776928
0.27943265
0.28498033
0.28077394
0.29179144
0.28197172
0.27906948
0.29052934
0.27484792
0.28538057
0.27432516
0.27545625
0.2812724
0.2710978
0.26903746
0.27161473
0.27665818
0.27194577
0.27436134
0.2760594
0.28107178
0.27262425
0.2776566
0.27349135
0.26801598
0.267292
0.27434856
0.26200455
0.26676545
0.25983375
0.27553898
0.25846577
0.2595391
0.26075336
0.2567162
0.25910714
0.2588672
0.2610071
0.2649808
0.26320976
0.2748373
0.25896767
0.25529456
0.26675653
0.25271833
0.25157613
0.2534793
0.25255096
0.25849244
0.24661638
0.25984305
0.2489164
0.24772254
0.24315189
0.24952286
0.2575171
0.24510947
0.24562958
0.2481162
0.24820524
0.25173447
0.25113183
0.25066334
0.24426496
0.24456377
0.24260037
0.24327503
0.23869216
0.2392163
0.24520133
0.24533431
0.2410142
0.23756288
0.24475473
0.2374833
0.24290818
0.24270234
0.23634353
0.24144451
0.23789379
0.2341194
0.23825791
0.23863539
0.23127075
0.2337403
0.22730024
0.23660798
0.23466569
0.23559442
0.23655741
0.2265437
0.22822718
0.23579769
0.22957903
0.23339303
0.2278876
0.23376776
0.22090556
0.22949152
0.22426118
0.2246917
0.2320488
0.22791092
0.22251138
0.22592363
0.22641924
0.22430664
0.22477004
0.22357203
0.22094725
0.21751137
0.21864174
0.2146781
0.21938808
0.22374442
0.21749191
0.21930443
0.21411887
0.21609065
0.21822993
0.2222716
0.21772927
0.21104757
0.21357483
0.2171757
0.21795315
0.21369734
0.2121408
0.21231085
0.21412557
0.21341479
0.21299726
0.20727578
0.20726123
0.21172746
0.20615518
0.21115917
0.21536645
0.20955193
0.20845069
0.20420203
0.2060222
0.20728156
0.20886749
0.20491183
0.20796987
0.21304932
0.2078018
0.20548297
0.20672184
0.2084403
0.20774566
0.20664722
0.20205256
0.20397392
0.20134768
0.2030715
0.19761318
0.20148206
0.20164296
0.20139855
0.20297533
0.19700995
0.20056668
0.19931334
0.20113976
0.19796027
0.20069632
0.1956576
0.19688594
0.19776323
0.19323385
0.19887951
0.20281556
0.19765912
0.19816896
0.19467117
0.19155689
0.19974683
0.18894072
0.19610165
0.19330896
0.18907876
0.19381896
0.19399725
0.18767956
0.19431558
0.18625244
0.1860614
0.1876528
0.19841875
0.18814562
0.1864756
0.18581495
0.18425053
0.18903571
0.18433371
0.18531503
0.19551183
0.19123253
0.18148555
0.18720908
0.19095084
0.18191464
0.18432796
0.18658093
0.18585593
0.18413058
0.18610504
0.18611364
0.180317
0.18244292
0.18210709
0.18204813
0.18165666
0.18421026
0.17843787
0.1840723
0.17895803
0.18202163
0.1843524
0.17643224
0.17874905
0.18154486
0.18172526
0.17721933
0.17983699
0.17728159
0.18140556
0.179332
0.1800716
0.17538047
0.17878632
0.17971586
0.17938656
0.17861725
0.17786029
0.1814114
0.19277978
0.18349776
0.1791533
0.1810505
0.17607734
0.17414029
0.17555065
0.1765484
0.17550384
0.17731681
0.18489902
0.17187317
0.17394504
0.176616
0.17363846
0.17922693
0.17547078
0.1721211
0.17273988
0.17160581
0.17523201
0.17943943
0.17624807
0.16677953
0.17341737
0.174874
0.17118143
0.17074619
0.17199011
0.17280501
0.17053036
0.17313285
0.1713948
0.17339239
0.17126288
0.17291583
0.16889462
0.16809954
0.17540216
0.16787577
0.1726371
0.16553836
0.16594723
0.16524924
0.17050874
0.17034397
0.1689282
0.16730109
0.16913801
0.1685327
0.1657193
0.16730972
0.16545321
0.16684811
0.16235282
0.16128542
0.1653568
0.16384037
0.16290528
0.16514058
0.15935552
0.16433594
0.1641202
0.16119367
0.16381973
0.15942712
0.16233924
0.16577297
0.16189949
0.16151258
0.160866
0.16284336
0.16096966
0.16092674
0.15870303
0.16145644
0.16390689
0.15796202
0.16247931
0.15952489
0.16918826
0.16099744
0.16197756
0.16055222
0.1658258
0.16052039
0.16303152
0.15932025
0.15933755
0.16576394
0.15621565
0.15969211
0.16017196
0.15567763
0.16010647
0.15533292
0.15898935
0.16513067
0.15478078
0.160331
0.15979567
0.15549016
0.15395342
0.15441254
0.15585023
0.15644678
0.15239409
0.15654872
0.16044416
0.1559449
0.15154459
0.15480149
0.15809098
0.15323642
0.15402111
0.15638514
0.15314655
0.15190943
0.15618567
0.15117118
0.15548965
0.15609334
0.1527379
0.15120442
0.15263204
0.15717152
0.15050961
0.15286501
0.15238771
0.1511187
0.15111938
0.15105715
0.1483583
0.14893128
0.14938034
0.15597452
0.15321846
0.14953132
0.15226658
0.14743435
0.14937316
0.1495467
0.15297906
0.14629282
0.15067796
0.14731604
0.14633836
0.14700346
0.1487653
0.14914754
0.1503523
0.14634663
0.14774902
0.15142448
0.14885265
0.14928599
0.15297669
0.14760672
0.1463558
0.14918056
0.1494846
0.14949231
0.14841722
0.14684303
0.1499966
0.14640692
0.14913103
0.14756745
0.15109295
0.14768367
0.14485593
0.14386155
0.14701878
0.14915414
0.14769867
0.1447436
0.1471568
0.14542335
0.14419563
0.14484386
0.14708695
0.14330962
0.15146813
0.14522083
0.15081438
0.15076162
0.1454387
0.14334852
0.14141774
0.14882308
0.14374861
0.14616531
0.14333369
0.14453393
0.14467378
0.1463154
0.14712192
0.14342815
0.143967
0.14157057
0.1416464
0.14172137
0.1420587
0.14008018
0.13975109
0.14489001
0.14427592
0.14314012
0.14170045
0.1461052
0.1414323
0.13838
0.1401497
0.14997186
0.14098106
0.13941146
0.14335196
0.14459963
0.14219266
0.13987485
0.14217499
0.1385374
0.14242007
0.1372989
0.14430295
0.14719889
0.13581397
0.13973172
0.13695067
0.13582088
0.13900942
0.1368271
0.13725878
0.13688096
0.13643157
0.13809298
0.1390179
0.137892
0.13837305
0.13772923
0.13768269
0.13659205
0.13605388
0.13637868
0.14091931
0.13538449
0.13911276
0.13988255
0.13615236
0.13616814
0.13643532
0.13869293
0.13596985
0.1374157
0.13322279
0.13742831
0.13259153
0.1369518
0.13682978
0.13192268
0.13488455
0.13579257
0.13673435
0.13641894
0.13632496
0.13485971
0.13599572
0.13393682
0.13524264
0.13534008
0.14012644
0.1359477
0.13653769
0.13328731
0.13250075
0.13454208
0.13104157
0.1334337
0.13488002
0.13265087
0.13067569
0.1295912
0.12976623
0.1397811
0.13339306
0.13082924
0.13196224
0.13361523
0.13586609
0.13901919
0.13322088
0.13434818
0.13139418
0.13848738
0.13615152
0.13408224
0.13356686
0.13280751
0.13498774
0.13310829
0.1345203
0.13055235
0.13287027
0.13315535
0.12924272
0.1341864
0.1317106
0.12945677
0.13169882
0.1284433
0.13070002
0.13260299
0.12988344
0.13056768
0.129872
0.12775293
0.12866282
0.13275269
0.12920667
0.12619655
0.12702136
0.12745507
0.12748566
0.12808912
0.129182
0.12821692
0.13189062
0.12873708
0.12764992
0.12952898
0.12693283
0.13035479
0.1293225
0.12951744
0.12976693
0.13129605
0.12968446
0.128066
0.12740968
0.12662889
0.12763648
0.12571913
0.1258208
0.12711819
0.12742415
0.12467279
0.12796108
0.12620547
0.12805745
0.12985614
0.12795094
0.12504138
0.124936655
0.12681442
0.12875111
0.12657991
0.12742606
0.12516484
0.1263573
0.12716125
0.12554371
0.12580912
0.12592039
0.12697679
0.12747246
0.125167
0.12259477
0.1251462
0.12445671
0.122291535
0.12609836
0.12276825
0.12786339
0.12684967
0.125496
0.12447426
0.12367211
0.124545164
0.12553668
0.12940392
0.1234531
0.122578226
0.1224636
0.12369042
0.12432176
0.12496876
0.1244738
0.12709256
0.12419488
0.12662748
0.12571193
0.12402239
0.12382219
0.12421263
0.1238887
0.12561445
0.12735273
0.12260119
0.122251526
0.12616071
0.12505294
0.12401148
0.12153321
0.12131633
0.1283871
0.12286605
0.12741922
0.12388841
0.12297715
0.12058599
0.122537605
0.12215753
0.12259609
0.12110275
0.11981099
0.11830381
0.12452709
0.12215974
0.120992765
0.12003699
0.11904857
0.1192497
0.12441698
0.12198914
0.12500201
0.121089384
0.119532354
0.121916905
0.121525116
0.12179624
0.12167882
0.1228683
0.12054982
0.11726078
0.12071405
0.12321069
0.1201027
0.11903372
0.11996376
0.11899395
0.11797092
0.119117014
0.12006319
0.119772784
0.12137743
0.118029416
0.118340135
0.117353685
0.12120366
0.11912871
0.119591616
0.119626515
0.11893159
0.11959695
0.11751444
0.117971174
0.11734289
0.11778908
0.118248515
0.117004745
0.120674856
0.118006736
0.11639666
0.117708
0.116939634
0.11735007
0.118204705
0.11751245
0.11584176
0.11937422
0.11663513
0.11918465
0.12098897
0.12009919
0.11793377
0.11850049
0.11961519
0.11887023
0.11880984
0.11971919
0.114072874
0.1150371
0.117961645
0.11534011
0.116112344
0.11365089
0.12161521
0.11486164
0.11639431
0.11627108
0.11679658
0.119271435
0.115652226
0.118863545
0.11836628
0.118238844
0.11847068
0.11928857
0.11662482
0.11656374
0.11884504
0.1145749
0.116314895
0.11553099
0.115183264
0.11729809
0.11458842
0.11322871
0.11227107
0.11412082
0.11409281
0.113406196
0.11710593
0.11683746
0.11527861
0.119373456
0.11478538
0.12546393
0.11387699
0.11628784
0.11480952
0.11779504
0.11549279
0.112246566
0.11638547
0.1184707
0.11342516
0.11502907
0.11337113
0.116890274
0.11569821
0.11680453
0.11297201
0.11249669
0.11401725
0.11649344
0.114879355
0.1184552
0.110851176
0.11263328
0.116075
0.113153756
0.11344487
0.11128755
0.118254445
0.111966655
0.11541945
0.11400343
0.11208166
0.11558972
0.1146701
0.11370202
0.112236306
0.11422896
0.113966435
0.11243321
0.11265678
0.11093635
0.111504525
0.11541438
0.11016638
0.11222543
0.112425715
0.11245468
0.1128215
0.11535099
0.11133534
0.11183627
0.1109017
0.111392565
0.11088953
0.11084841
0.113197654
0.10992546
0.11039643
0.11182088
0.110205136
0.10949462
0.11268299
0.11294897
0.10957402
0.10827378
0.11239529
0.11072067
0.110771425
0.10966208
0.112475306
0.11260203
0.11286205
0.11150743
0.111540936
0.1107344
0.11124859
0.110761374
0.11126896
0.109056726
0.1114418
0.112092406
0.11054876
0.11156334
0.11128495
0.112471156
0.11038114
0.10885259
0.10850987
0.109218545
0.10895566
0.10904871
0.10873063
0.11128394
0.110619426
0.11084254
0.1099635
0.11011875
0.10957584
0.10884232
0.107528456
0.10951565
0.108998805
0.11341642
0.108394824
0.10796202
0.10652598
0.10734568
0.10854766
0.10877834
0.10931201
0.108814314
0.10959732
0.10889517
0.11133164
0.108483024
0.10839766
0.11151914
0.11289335
0.10827051
0.108140856
0.11144931
0.109673515
0.10813151
0.10727794
0.10888525
0.107709914
0.10909313
0.109028235
0.10609353
0.106226616
0.1082589
0.10682859
0.10743753
0.10740187
0.10621842
0.10612787
0.10687252
0.10736393
0.10760916
0.11207001
0.108576454
0.105059914
0.1072344
0.104393564
0.10568007
0.109451614
0.1074785
0.106593706
0.105951965
0.10536206
0.10771206
0.10735762
0.107257366
0.10717546
0.104747586
0.10815292
0.10367407
0.10654463
0.10626868
0.10836195
0.108567335
0.10628026
0.106467314
0.10613216
0.106500454
0.10922799
0.10976945
0.105926506
0.1046311
0.10499879
0.107640356
0.10327499
0.10868376
0.104590744
0.108866215
0.106966734
0.10586057
0.108036235
0.103499785
0.107245915
0.10719514
0.10607142
0.10561711
0.10570452
0.1049391
0.104640074
0.104975455
0.106548525
0.10451857
0.10674767
0.10601096
0.105926655
0.10379708
0.11044123
0.10455899
0.105576
0.10746092
0.10706075
0.10665627
0.10414773
0.10731381
0.1049351
0.10248065
0.10477897
0.110069744
0.107796274
0.10342728
0.10406897
0.1036266
0.106839746
0.10556502
0.103836566
0.10516896
0.10522159
0.103136934
0.10143424
0.10177418
0.10790377
0.10397996
0.10434206
0.10361423
0.10354959
0.10711617
0.10455833
0.10430364
0.103400916
0.10261159
0.1042466
0.10478193
0.10332665
0.10311303
0.103778616
0.10609831
0.10834948
0.10346541
0.10276102
0.10310993
0.1028746
0.10716104
0.10251723
0.10258044
0.103258744
0.10369823
0.10132779
0.1009085
0.10303213
0.10164438
0.10339632
0.103772834
0.10487009
0.10092183
0.1039913
0.10293274
0.10130187
0.103435084
0.100262225
0.101770364
0.10307593
0.10218315
0.1028028
0.102392845
0.10112226
0.10400256
0.10138644
0.10263476
0.10052131
0.10296589
0.10576593
0.100801185
0.1037176
0.10195712
0.09991637
0.10258843
0.10193985
0.10335353
0.10505982
0.1029536
0.10096982
0.103612974
0.10143073
0.1020335
0.09945927
0.10254816
0.1003303
0.09862218
0.099125795
0.103166915
0.10491351
0.101281315
0.10240823
0.10480762
0.10122092
0.10046583
0.10021988
0.10141392
0.10160709
0.101591095
0.101969704
0.100271985
0.10289963
0.09977015
0.1032283
0.10052632
0.101102225
0.102956064
0.10228189
0.09752827
0.10373116
0.100498095
0.101856396
0.101545714
0.101702124
0.1000971
0.10154356
0.09836482
0.099657014
0.09922477
0.103646
0.10249049
0.0977815
0.09764557
0.09901843
0.099742755
0.09881518
0.099685974
0.102255344
0.09900042
0.100142136
0.10091411
0.100291565
0.104505286
0.10047543
0.096776634
0.10117421
0.09998161
0.09976224
0.0987265
0.10025284
0.0988528
0.10082398
0.09981687
0.09861117
0.09885919
0.09914743
0.1046241
0.09687442
0.10112736
0.10154589
0.09862158
0.097485855
0.0985427
0.1002929
0.09991831
0.10107492
0.09939032
0.10074577
0.102389775
0.099759325
0.10187229
0.098940454
0.098138325
0.09672875
0.09642154
0.09641126
0.09949808
0.10395177
0.0998933
0.09931207
0.099240445
0.09927445
0.09635063
0.098823056
0.09851596
0.09616239
0.09919838
0.09893374
0.10026476
0.099924274
0.09915089
0.1019969
0.09890803
0.09887316
0.09925395
0.098327085
0.10048081
0.09771346
0.09773408
0.09838203
0.09804079
0.09907047
0.098386556
0.09826901
0.098676905
0.09799167
0.097693406
0.09636472
0.09977338
0.09643528
0.09666965
0.09785503
0.096429184
0.09767454
0.09775122
0.09826242
0.09832156
0.09593461
0.09758165
0.09838614
0.10282365
0.09661653
0.096273325
0.095950745
0.09830707
0.09966382
0.098387554
0.09825838
0.094595045
0.09764193
0.09817574
0.09755119
0.09638861
0.09937794
0.09743923
0.09462444
0.095176116
0.093592905
0.09618184
0.09608571
0.09547633
0.09683232
0.09601283
0.09641497
0.09656264
0.095366344
0.09734423
0.09656869
0.09696123
0.09653037
0.09567057
0.09571832
0.09696948
0.09585989
0.09800929
0.09905175
0.09450446
0.10095421
0.0961942
0.09679422
0.09637186
0.09681518
0.09576839
0.09636945
0.094893895
0.09700582
0.0986994
0.09487834
0.09858508
0.09582193
0.09583621
0.099247254
0.096360356
0.097966075
0.09303294
0.0976553
0.09558548
0.096353024
0.09533266
0.09401067
0.09482372
0.09623842
0.09766587
0.09452399
0.0955132
0.096746616
0.096161515
0.09607652
0.095403
0.09613184
0.095817305
0.09657115
0.09238368
0.10002986
0.095863685
0.09403139
0.09607142
0.097530074
0.09537166
0.09749943
0.095498666
0.09667515
0.09901645
0.09507109
0.09198326
0.09545674
0.09385697
0.09350514
0.093789026
0.09301644
0.09290007
0.093963645
0.09424692
0.091547854
0.09478665
0.09207865
0.09481456
0.09418007
0.091220394
0.09309249
0.09452533
0.09368483
0.09478467
0.0930881
0.09305365
0.09268676
0.09419485
0.09512032
0.09365951
0.09544163
0.096874356
0.09474031
0.09235367
0.09523185
0.09399414
0.09551531
0.09229322
0.093731776
0.091917686
0.09388742
0.09326388
0.091529556
0.09336086
0.09094765
0.09478884
0.09469645
0.09105833
0.09258939
0.09499364
0.090922736
0.09262892
0.09129912
0.09265088
0.092815176
0.0952748
0.092441946
0.091896474
0.09357794
0.09295174
0.09312379
0.0913515
0.091119096
0.0932446
0.09220971
0.09039923
0.094812356
0.09237921
0.092515975
0.094030276
0.09183356
0.093967155
0.09385379
0.09339015
0.095133714
0.09437443
0.09599023
0.09312767
0.09179792
0.09314938
0.0911131
0.09267325
0.09401488
0.091005035
0.09214366
0.09124802
0.09281855
0.090445645
0.09351955
0.09103395
0.091048904
0.091072164
0.09713649
0.0922822
0.092676416
0.09044482
0.093237504
0.09319222
0.09183649
0.09102482
0.09786691
0.09161016
0.091835015
0.0938457
0.09278159
0.09109266
0.09236702
0.08933245
0.09082964
0.091133624
0.09347742
0.091586374
0.09342519
0.09453831
0.09128319
0.09405978
0.09193616
0.09073903
0.09297242
0.09278395
0.09311439
0.09199894
0.08915268
0.0916344
0.09269834
0.091604166
0.090801425
0.09169863
0.08955883
0.092139184
0.09547876
0.09065459
0.09149615
0.09156833
0.09031955
0.09268703
0.091358095
0.090146035
0.0934844
0.08874706
0.08887667
0.08979303
0.09158218
0.0907766
0.09226226
0.09109288
0.0891413
0.08867947
0.0889847
0.08970028
0.090938844
0.08989973
0.087129004
0.08926657
0.088244066
0.091786474
0.08858713
0.08841398
0.08827762
0.0917259
0.09043333
0.09004257
0.08979421
0.090091534
0.08998096
0.0938169
0.08867086
0.0902395
0.08953355
0.09341608
0.091324404
0.089478694
0.089348406
0.09114925
0.08940464
0.090730585
0.08915892
0.09608635
0.09045247
0.08947573
0.08817527
0.09308405
0.09185899
0.088097155
0.088722445
0.09049891
0.08761121
0.08881527
0.08854485
0.08890284
0.08909969
0.087455355
0.08979229
0.09009011
0.08754956
0.08835813
0.08819269
0.08778286
0.08959346
0.08829837
0.091019705
0.08840232
0.08874642
0.08597728
0.08661748
0.09116601
0.08758634
0.08935977
0.08937004
0.08905462
0.090203725
0.08705981
0.090205625
0.09156594
0.08778254
0.08657617
0.08841927
0.08911448
0.08862666
0.088727415
0.08602365
0.088100836
0.08792087
0.08803777
0.08751383
0.08862534
0.08837721
0.08659431
0.09185315
0.08677209
0.08782137
0.08779002
0.08942533
0.09052
0.08613111
0.08982468
0.08949078
0.08977629
0.08604586
0.087008715
0.08838352
0.08890164
0.08731099
0.08708947
0.08729763
0.0865482
0.08769145
0.08853634
0.08976232
0.088802606
0.09019143
0.08693885
0.087692276
0.08654923
0.08853174
0.0868119
0.08997873
0.08746883
0.0866496
0.08694699
0.08474315
0.08500309
0.08764157
0.085809305
0.08840112
0.086459324
0.088348664
0.0875102
0.08917844
0.08586209
0.088077955
0.0852397
0.09082641
0.08838657
0.085869245
0.0855328
0.08521336
0.08821121
0.08735903
0.08721456
0.08623811
0.08731648
0.086506404
0.08503952
0.0872368
0.08855736
0.08831578
0.08744688
0.0897963
0.08489381
0.087592795
0.087471016
0.08943397
0.085467115
0.08623781
0.08923794
0.08640912
0.08611755
0.0840627
0.08504927
0.08563632
0.0881287
0.08804562
0.087415695
0.08577045
0.08573502
0.086838625
0.08386265
0.08507224
0.08438719
0.084587686
0.087538555
0.086482815
0.089079306
0.087531365
0.08545776
0.08499258
0.08742787
0.08529214
0.08640462
0.0854125
0.08421271
0.088159986
0.08576182
0.09109653
0.08554361
0.08812346
0.08698215
0.08673391
0.08828333
0.08701192
0.08632965
0.08679667
0.085701965
0.08454329
0.084010534
0.088188194
0.085688956
0.08819332
0.08723121
0.08509677
0.08657154
0.084696785
0.08547125
0.085155234
0.08579206
0.085131906
0.08483154
0.08432148
0.08416703
0.084451176
0.083583884
0.084082164
0.08289936
0.08562824
0.0836856
0.08272531
0.08512484
0.08360294
0.0853715
0.08760969
0.083852574
0.08497447
0.08324184
0.086167775
0.08558591
0.08518574
0.08660543
0.084227115
0.08637609
0.08359384
0.08380279
0.08531037
0.08758844
0.08389947
0.0839467
0.08436462
0.083499044
0.08431868
0.08444119
0.0827717
0.08520299
0.08521038
0.0845134
0.08487943
0.08449366
0.086964145
0.08393695
0.08559929
0.08383424
0.083938584
0.08680051
0.08535528
0.08493338
0.08494103
0.082939975
0.08337001
0.08270666
0.08476234
0.08186732
0.08478577
0.08364545
0.08321794
0.083334185
0.08404486
0.08483394
0.08582738
0.08666482
0.082576394
0.08289626
0.08255296
0.0817546
0.082814604
0.08302864
0.08622029
0.08400428
0.08458269
0.08295963
0.08396678
0.08347289
0.08408359
0.0828855
0.08311721
0.082853556
0.08406204
0.08320871
0.08353337
0.081788525
0.08414985
0.083230555
0.08184496
0.08205001
0.083771385
0.08329207
0.08207507
0.083962955
0.08212654
0.085214004
0.082096905
0.08303545
0.08370282
0.08135143
0.08196657
0.08432929
0.08096108
0.083114445
0.082847156
0.082706794
0.082892776
0.082160875
0.08284195
0.08178426
0.08367008
0.08117008
0.08233218
0.08294217
0.081611596
0.08316203
0.08335625
0.08254892
0.082169086
0.081465155
0.08307351
0.08226981
0.08627426
0.08304386
0.08264266
0.08315911
0.083440304
0.082164496
0.0823834
0.08104409
0.08225298
0.08270383
0.081667654
0.082536265
0.08467426
0.08245903
0.083585426
0.08122984
0.0834153
0.08147478
0.08010057
0.08187069
0.080904424
0.08282705
0.082419634
0.08311278
0.0824365
0.08025019
0.08088208
0.08237788
0.08191505
0.080801785
0.080807075
0.082841694
0.08146751
0.08140432
0.08127856
0.08273046
0.08610493
0.08168624
0.081484355
0.0816613
0.082035795
0.08283876
0.08256265
0.08206333
0.0836073
0.08146287
0.081821464
0.08139529
0.08197205
0.082988285
0.084406346
0.08243498
0.080805995
0.08293517
0.0825413
0.080490686
0.08483451
0.082660064
0.08020575
0.08375871
0.08254407
0.08885399
0.080850296
0.08158145
0.0874372
0.081391394
0.08143015
0.08041369
0.08147931
0.08071669
0.082885824
0.08247296
0.07984687
0.082886875
0.08101334
0.079938225
0.08205698
0.083353706
0.08103484
0.08131824
0.0803111
0.08041996
0.08206922
0.08361088
0.081800155
0.08013947
0.08000919
0.08135892
0.08046454
0.07934885
0.08083367
0.08076514
0.08095263
0.08179881
0.07986281
0.07966775
0.0814404
0.08039615
0.08339003
0.08036345
0.08008672
0.08112132
0.08094653
0.08092092
0.08020957
0.083812244
0.084020264
0.08287784
0.08074857
0.08075954
0.079748206
0.081370585
0.078418694
0.07809828
0.08048174
0.079996005
0.07859124
0.079558216
0.07958763
0.08003343
0.081396066
0.07933568
0.081684984
0.079269364
0.08110079
0.079447724
0.079470724
0.079091996
0.07847497
0.080928564
0.08103497
0.07916515
0.08142674
0.07944386
0.07994698
0.08186977
0.080358446
0.07826591
0.081220366
0.082154706
0.080505714
0.08082962
0.079882585
0.07905955
0.07956252
0.07970424
0.07861876
0.07898336
0.08089698
0.078583345
0.07910055
0.07941734
0.07906465
0.07959927
0.08134724
0.07821477
0.07948536
0.08124657
0.08031159
0.07963517
0.07764065
0.08035375
0.08071304
0.07918946
0.078439556
0.08034228
0.079093166
0.07747074
0.08187415
0.080071226
0.08163874
0.07865349
0.07963471
0.079544306
0.07878916
0.079324
0.07924319
0.08005151
0.077767424
0.07867348
0.078265846
0.081266515
0.0769381
0.0778403
0.078916445
0.07930838
0.07898449
0.07888225
0.07934067
0.07953752
0.07705567
0.07743226
0.08071668
0.077203594
0.080875084
0.07748958
0.07771194
0.078909904
0.07760389
0.079722695
0.082303055
0.08093166
0.07935524
0.07902839
0.07901141
0.08159343
0.07833652
0.07923827
0.07850638
0.07836152
0.080552146
0.078790165
0.08192906
0.080633655
0.07995708
0.07942639
0.07708215
0.077974096
0.07833025
0.07708158
0.07771337
0.07942323
0.07786967
0.0773624
0.07869101
0.07980576
0.07642724
0.07961566
0.07963846
0.07942631
0.07972121
0.080502935
0.077298984
0.078116454
0.07816835
0.07900021
0.07752944
0.07742843
0.07901006
0.077054314
0.07662224
0.07961279
0.07824204
0.07701876
0.07611683
0.075911656
0.076183684
0.07639306
0.07907905
0.07639696
0.0772119
0.07934493
0.07662651
0.07930168
0.07764122
0.07684889
0.07694601
0.077758506
0.07815783
0.078321524
0.07694747
0.07795434
0.0781119
0.07847722
0.08098792
0.07790245
0.07934656
0.07759243
0.07733338
0.07669281
0.077198096
0.0758039
0.07689152
0.07776634
0.079158224
0.07769593
0.07752378
0.0775402
0.076639034
0.079448625
0.077486925
0.07642623
0.07806287
0.07863127
0.076557904
0.07721625
0.08000805
0.076637834
0.07673414
0.07870064
0.07595056
0.07734046
0.0776692
0.076715015
0.08202515
0.07732324
0.07583945
0.077440955
0.07598518
0.078113034
0.07664523
0.0776817
0.078727834
0.07672217
0.07571835
0.07843472
0.07637813
0.07736598
0.07721835
0.07545464
0.07763641
0.07643753
0.07671589
0.076191574
0.07791419
0.07551087
0.076711446
0.07738146
0.07874081
0.074983306
0.07590528
0.07617188
0.0765592
0.07651654
0.07571449
0.07587038
0.07701084
0.07638351
0.080003664
0.07591247
0.07748049
0.0780818
0.07858644
0.07668179