20 196.59 0.19 196.78 0.059 15 39 0.33 0.0 
40 194.63 0.97 195.6 0.075 29 87 0.64 0.0 
60 192.75 1.32 194.07 0.113 42 135 0.92 0.01 
80 190.8 1.51 192.3 0.129 58 184 1.27 0.01 
100 188.95 2.0 190.95 0.173 70 240 1.54 0.01 
120 186.69 2.34 189.03 0.201 84 286 1.84 0.01 
140 186.34 2.55 188.89 0.226 97 332 2.13 0.02 
160 184.32 2.93 187.25 0.257 113 382 2.48 0.02 
180 183.58 3.29 186.87 0.278 127 434 2.79 0.02 
200 182.42 3.66 186.08 0.298 136 503 2.98 0.03 
220 181.39 4.06 185.45 0.31 148 559 3.25 0.03 
240 180.43 4.28 184.71 0.33 157 615 3.44 0.03 
260 179.24 4.66 183.9 0.348 170 672 3.73 0.03 
280 177.55 5.13 182.68 0.368 184 722 4.04 0.04 
300 176.52 5.49 182.01 0.383 196 779 4.3 0.04 
320 175.03 5.9 180.93 0.383 208 839 4.56 0.04 
340 173.29 6.21 179.5 0.42 219 892 4.8 0.04 
360 172.19 6.52 178.71 0.434 234 949 5.13 0.05 
380 171.01 6.95 177.96 0.433 249 1009 5.46 0.05 
400 170.36 7.28 177.64 0.451 261 1064 5.72 0.05 
420 169.29 7.71 177.01 0.467 270 1118 5.92 0.06 
440 167.66 8.09 175.75 0.485 283 1175 6.21 0.06 
460 166.96 8.64 175.61 0.493 298 1234 6.54 0.06 
480 166.0 9.0 175.0 0.5 312 1297 6.84 0.06 
500 164.79 9.46 174.25 0.519 325 1354 7.13 0.07 
520 163.1 9.91 173.01 0.525 338 1399 7.41 0.07 
540 161.6 10.31 171.91 0.538 349 1467 7.65 0.07 
560 161.27 10.86 172.13 0.538 361 1530 7.92 0.08 
580 159.12 11.31 170.43 0.554 372 1597 8.16 0.08 
600 157.16 11.71 168.87 0.561 383 1657 8.4 0.08 
620 156.96 11.99 168.95 0.56 395 1720 8.66 0.09 
640 156.28 12.53 168.81 0.573 410 1789 8.99 0.09 
660 155.06 12.97 168.03 0.575 418 1851 9.17 0.09 
680 153.56 13.44 167.0 0.582 428 1922 9.39 0.1 
700 153.0 14.12 167.12 0.586 437 1986 9.58 0.1 
720 151.71 14.63 166.35 0.593 451 2057 9.89 0.1 
740 151.59 15.28 166.88 0.595 461 2126 10.11 0.11 
760 150.59 15.73 166.32 0.616 473 2184 10.37 0.11 
780 148.59 16.21 164.8 0.625 486 2243 10.66 0.11 
800 147.86 16.75 164.61 0.625 496 2306 10.88 0.11 
820 147.71 17.35 165.06 0.629 507 2383 11.12 0.12 
840 146.81 17.97 164.79 0.635 518 2448 11.36 0.12 
860 145.56 18.46 164.03 0.643 532 2510 11.67 0.12 
880 144.43 18.72 163.15 0.653 542 2571 11.89 0.13 
900 143.06 19.25 162.31 0.656 552 2637 12.11 0.13 
920 143.52 19.91 163.43 0.657 560 2708 12.28 0.13 
940 141.98 20.55 162.52 0.668 567 2787 12.43 0.14 
960 141.06 21.17 162.23 0.671 579 2848 12.7 0.14 
980 139.85 21.81 161.66 0.676 586 2920 12.85 0.15 
1000 139.29 22.45 161.74 0.681 596 2996 13.07 0.15 
1020 138.36 23.16 161.52 0.681 609 3068 13.36 0.15 
1040 137.82 23.7 161.52 0.682 616 3142 13.51 0.16 
1060 136.77 24.25 161.02 0.685 624 3214 13.68 0.16 
1080 135.21 24.98 160.19 0.691 635 3282 13.93 0.16 
1100 135.06 25.44 160.5 0.696 645 3352 14.14 0.17 
1120 133.83 25.91 159.74 0.696 659 3414 14.45 0.17 
1140 133.13 26.56 159.69 0.702 671 3488 14.71 0.17 
1160 132.13 27.06 159.19 0.708 680 3559 14.91 0.18 
1180 131.18 27.63 158.81 0.713 688 3632 15.09 0.18 
1200 130.54 28.27 158.81 0.714 698 3709 15.31 0.18 
1220 129.83 28.84 158.66 0.712 707 3792 15.5 0.19 
1240 129.75 29.45 159.2 0.714 714 3866 15.66 0.19 
1260 129.37 29.92 159.29 0.718 721 3952 15.81 0.2 
1280 128.17 30.47 158.63 0.722 727 4034 15.94 0.2 
1300 127.18 31.16 158.34 0.727 738 4115 16.18 0.2 
1320 126.08 31.77 157.85 0.729 747 4209 16.38 0.21 
1340 126.05 32.4 158.45 0.731 756 4279 16.58 0.21 
1360 124.31 32.99 157.3 0.729 767 4356 16.82 0.22 
1380 123.66 33.6 157.26 0.734 778 4440 17.06 0.22 
1400 123.94 34.25 158.19 0.733 786 4522 17.24 0.22 
1420 122.36 35.0 157.36 0.738 797 4595 17.48 0.23 
1440 121.2 35.54 156.74 0.74 809 4678 17.74 0.23 
1460 120.58 36.2 156.78 0.743 819 4755 17.96 0.24 
1480 119.8 36.84 156.64 0.744 831 4836 18.22 0.24 
1500 119.39 37.45 156.84 0.748 838 4918 18.38 0.24 
1520 118.43 38.16 156.59 0.75 848 4988 18.6 0.25 
1540 117.76 38.69 156.45 0.751 856 5066 18.77 0.25 
1560 116.06 39.2 155.25 0.755 865 5138 18.97 0.26 
1580 114.98 39.92 154.9 0.757 873 5224 19.14 0.26 
1600 114.85 40.53 155.38 0.756 880 5307 19.3 0.26 
1620 114.05 41.17 155.21 0.761 888 5383 19.47 0.27 
1640 114.05 41.77 155.82 0.762 897 5472 19.67 0.27 
1660 113.04 42.34 155.38 0.768 906 5557 19.87 0.28 
1680 112.27 43.03 155.3 0.768 913 5641 20.02 0.28 
1700 111.31 43.76 155.07 0.774 924 5721 20.26 0.28 
1720 110.68 44.44 155.12 0.775 934 5800 20.48 0.29 
1740 109.98 45.21 155.19 0.775 943 5887 20.68 0.29 
1760 108.82 45.82 154.64 0.781 950 5979 20.83 0.3 
1780 108.6 46.65 155.25 0.781 956 6061 20.96 0.3 
1800 108.01 47.2 155.2 0.784 962 6141 21.1 0.31 
1820 107.33 47.81 155.14 0.784 974 6213 21.36 0.31 
1840 106.37 48.46 154.83 0.786 981 6299 21.51 0.31 
1860 105.53 49.09 154.61 0.787 987 6382 21.64 0.32 
1880 104.91 49.74 154.64 0.788 997 6457 21.86 0.32 
1900 104.93 50.34 155.27 0.789 1005 6549 22.04 0.33 
1920 103.99 51.04 155.03 0.788 1013 6633 22.21 0.33 
1940 103.27 51.74 155.01 0.793 1021 6718 22.39 0.33 
1960 102.6 52.31 154.91 0.791 1030 6798 22.59 0.34 
1980 102.2 53.08 155.28 0.79 1039 6879 22.79 0.34 
2000 101.98 53.7 155.68 0.79 1047 6953 22.96 0.35 
2020 101.67 54.38 156.05 0.795 1058 7036 23.2 0.35 
2040 100.64 55.03 155.67 0.795 1068 7119 23.42 0.35 
2060 99.28 55.65 154.92 0.797 1080 7195 23.68 0.36 
2080 98.49 56.36 154.85 0.803 1090 7274 23.9 0.36 
2100 97.66 57.08 154.74 0.801 1100 7353 24.12 0.37 
2120 97.16 57.76 154.92 0.8 1109 7437 24.32 0.37 
2140 96.67 58.44 155.11 0.806 1119 7515 24.54 0.37 
2160 95.67 59.02 154.69 0.806 1128 7606 24.74 0.38 
2180 94.96 59.69 154.65 0.808 1135 7695 24.89 0.38 
2200 94.21 60.33 154.54 0.806 1145 7784 25.11 0.39 
2220 93.56 60.89 154.45 0.809 1154 7864 25.31 0.39 
2240 93.26 61.61 154.87 0.813 1164 7948 25.53 0.4 
2260 92.05 62.14 154.19 0.812 1172 8026 25.7 0.4 
2280 92.19 62.81 155.0 0.815 1178 8111 25.83 0.4 
2300 91.89 63.51 155.4 0.813 1189 8197 26.07 0.41 
2320 90.61 64.15 154.76 0.816 1199 8274 26.29 0.41 
2340 89.8 64.86 154.66 0.817 1207 8356 26.47 0.42 
2360 90.06 65.44 155.5 0.818 1213 8440 26.6 0.42 
2380 89.31 66.01 155.32 0.817 1219 8516 26.73 0.42 
2400 88.98 66.76 155.75 0.818 1228 8612 26.93 0.43 
2420 88.38 67.48 155.86 0.819 1234 8703 27.06 0.43 
2440 87.69 68.17 155.86 0.821 1239 8792 27.17 0.44 
2460 88.02 68.85 156.87 0.82 1248 8864 27.37 0.44 
2480 86.67 69.49 156.16 0.823 1259 8952 27.61 0.45 
2500 86.41 70.18 156.59 0.824 1265 9044 27.74 0.45 
2520 85.45 70.78 156.23 0.823 1275 9135 27.96 0.45 
2540 84.81 71.43 156.24 0.824 1281 9223 28.09 0.46 
2560 83.7 72.1 155.81 0.826 1287 9310 28.22 0.46 
2580 83.37 72.62 155.98 0.826 1296 9388 28.42 0.47 
2600 82.77 73.27 156.04 0.828 1303 9469 28.57 0.47 
2620 82.29 73.83 156.13 0.829 1309 9544 28.71 0.47 
2640 81.85 74.52 156.37 0.829 1318 9634 28.9 0.48 
2660 81.12 75.15 156.27 0.83 1325 9717 29.06 0.48 
2680 80.35 75.8 156.15 0.832 1335 9805 29.28 0.49 
2700 79.67 76.42 156.09 0.831 1344 9889 29.47 0.49 
2720 78.8 77.1 155.9 0.831 1350 9980 29.61 0.5 
2740 78.53 77.78 156.31 0.832 1353 10072 29.67 0.5 
2760 77.95 78.3 156.25 0.833 1359 10139 29.8 0.5 
2780 77.51 79.05 156.56 0.833 1369 10229 30.02 0.51 
2800 77.0 79.73 156.73 0.834 1376 10312 30.18 0.51 
2820 76.11 80.42 156.52 0.834 1384 10394 30.35 0.52 
2840 75.42 81.04 156.47 0.837 1389 10488 30.46 0.52 
2860 74.8 81.74 156.54 0.836 1399 10574 30.68 0.53 
2880 74.26 82.39 156.65 0.837 1408 10668 30.88 0.53 
2900 73.7 82.9 156.6 0.838 1416 10751 31.05 0.53 
2920 73.1 83.5 156.6 0.84 1425 10843 31.25 0.54 
2940 72.44 84.06 156.5 0.842 1433 10923 31.43 0.54 
2960 72.24 84.71 156.95 0.841 1438 11016 31.54 0.55 
2980 71.58 85.37 156.95 0.839 1444 11100 31.67 0.55 
3000 70.89 86.06 156.95 0.84 1449 11178 31.78 0.56 
3020 70.59 86.69 157.28 0.841 1454 11270 31.89 0.56 
3040 70.4 87.26 157.66 0.842 1461 11352 32.04 0.56 
3060 69.88 87.86 157.74 0.843 1467 11440 32.17 0.57 
3080 69.34 88.52 157.86 0.843 1476 11526 32.37 0.57 
3100 69.41 89.12 158.54 0.845 1483 11614 32.52 0.58 
3120 68.56 89.83 158.38 0.846 1488 11698 32.63 0.58 
3140 67.4 90.46 157.86 0.847 1496 11785 32.81 0.59 
3160 66.75 91.17 157.91 0.849 1503 11880 32.96 0.59 
3180 65.96 91.86 157.82 0.849 1511 11969 33.14 0.6 
3200 65.4 92.49 157.89 0.85 1518 12057 33.29 0.6 
3220 64.98 93.15 158.12 0.851 1524 12138 33.42 0.6 
3240 64.74 93.83 158.57 0.853 1533 12222 33.62 0.61 
3260 64.49 94.53 159.02 0.852 1538 12313 33.73 0.61 
3280 63.92 95.22 159.14 0.853 1540 12408 33.77 0.62 
3300 63.49 95.8 159.3 0.852 1547 12494 33.93 0.62 
3320 62.45 96.48 158.93 0.852 1554 12579 34.08 0.63 
3340 62.27 97.15 159.41 0.853 1563 12667 34.28 0.63 
3360 62.05 97.8 159.85 0.852 1571 12751 34.45 0.63 
3380 61.26 98.57 159.83 0.856 1581 12832 34.67 0.64 
3400 60.23 99.23 159.46 0.858 1586 12920 34.78 0.64 
3420 59.66 99.92 159.58 0.855 1591 13009 34.89 0.65 
3440 59.0 100.51 159.51 0.856 1594 13097 34.96 0.65 
3460 58.8 101.22 160.02 0.857 1598 13183 35.04 0.66 
3480 58.08 101.76 159.84 0.859 1608 13265 35.26 0.66 
3500 57.88 102.41 160.29 0.857 1617 13357 35.46 0.66 
3520 57.79 102.92 160.71 0.858 1624 13451 35.61 0.67 
3540 57.36 103.59 160.96 0.859 1630 13541 35.75 0.67 
3560 57.2 104.26 161.46 0.858 1634 13632 35.83 0.68 
3580 56.76 104.89 161.66 0.857 1637 13731 35.9 0.68 
3600 56.13 105.58 161.72 0.855 1640 13825 35.96 0.69 
3620 55.26 106.29 161.55 0.86 1646 13906 36.1 0.69 
3640 54.63 106.92 161.55 0.863 1652 13982 36.23 0.7 
3660 54.13 107.61 161.75 0.864 1658 14075 36.36 0.7 
3680 53.67 108.29 161.96 0.863 1664 14162 36.49 0.7 
3700 52.94 109.05 161.98 0.86 1671 14249 36.64 0.71 
3720 52.73 109.79 162.52 0.862 1676 14345 36.75 0.71 
3740 52.06 110.47 162.53 0.865 1681 14445 36.86 0.72 
3760 51.53 111.31 162.83 0.864 1688 14532 37.02 0.72 
3780 50.22 111.92 162.14 0.865 1693 14619 37.13 0.73 
3800 49.81 112.66 162.47 0.865 1697 14705 37.21 0.73 
3820 49.59 113.37 162.96 0.864 1701 14805 37.3 0.74 
3840 49.03 113.97 162.99 0.866 1707 14893 37.43 0.74 
3860 48.41 114.62 163.03 0.868 1712 14980 37.54 0.74 
3880 47.47 115.33 162.8 0.87 1717 15066 37.65 0.75 
3900 46.99 116.08 163.07 0.869 1724 15155 37.81 0.75 
3920 46.56 116.79 163.35 0.869 1731 15247 37.96 0.76 
3940 46.26 117.5 163.76 0.869 1736 15341 38.07 0.76 
3960 45.52 118.28 163.79 0.87 1737 15433 38.09 0.77 
3980 45.58 118.91 164.49 0.87 1744 15523 38.25 0.77 
4000 44.94 119.59 164.52 0.869 1751 15611 38.4 0.78 
4020 44.79 120.23 165.03 0.868 1754 15696 38.46 0.78 
4040 44.53 120.93 165.46 0.869 1759 15794 38.57 0.79 
4060 44.28 121.58 165.86 0.869 1765 15880 38.71 0.79 
4080 43.74 122.32 166.06 0.87 1772 15970 38.86 0.79 
4100 43.48 123.0 166.48 0.872 1779 16069 39.01 0.8 
4120 42.89 123.82 166.71 0.872 1784 16166 39.12 0.8 
4140 42.48 124.63 167.11 0.873 1787 16258 39.19 0.81 
4160 42.2 125.36 167.55 0.872 1790 16348 39.25 0.81 
4180 41.82 126.17 167.99 0.872 1792 16440 39.3 0.82 
4200 41.06 126.83 167.89 0.873 1796 16524 39.39 0.82 
4220 40.07 127.58 167.65 0.874 1802 16609 39.52 0.83 
4240 39.54 128.21 167.75 0.874 1805 16690 39.58 0.83 
4260 39.06 128.9 167.96 0.875 1806 16787 39.61 0.83 
4280 38.31 129.61 167.92 0.876 1811 16874 39.71 0.84 
4300 37.41 130.35 167.76 0.875 1814 16962 39.78 0.84 
4320 37.37 131.0 168.37 0.873 1820 17042 39.91 0.85 
4340 37.31 131.61 168.91 0.873 1824 17122 40.0 0.85 
4360 36.83 132.32 169.15 0.874 1828 17199 40.09 0.86 
4380 36.67 133.06 169.73 0.875 1833 17282 40.2 0.86 
4400 35.99 133.69 169.68 0.876 1839 17362 40.33 0.86 
4420 35.46 134.43 169.88 0.876 1844 17455 40.44 0.87 
4440 34.81 135.07 169.88 0.874 1850 17548 40.57 0.87 
4460 34.28 135.8 170.08 0.877 1853 17644 40.64 0.88 
4480 33.73 136.53 170.26 0.878 1853 17733 40.64 0.88 
4500 33.86 137.2 171.06 0.877 1857 17831 40.72 0.89 
4520 33.3 137.99 171.29 0.878 1863 17920 40.86 0.89 
4540 32.54 138.69 171.23 0.877 1868 18011 40.96 0.9 
4560 32.47 139.3 171.77 0.877 1874 18108 41.1 0.9 
4580 31.56 139.95 171.51 0.878 1878 18197 41.18 0.9 
4600 31.61 140.64 172.25 0.879 1882 18289 41.27 0.91 
4620 30.91 141.3 172.21 0.88 1889 18382 41.43 0.91 
4640 30.83 141.92 172.75 0.881 1894 18468 41.54 0.92 
4660 29.7 142.59 172.28 0.882 1903 18550 41.73 0.92 
4680 29.48 143.28 172.76 0.881 1906 18640 41.8 0.93 
4700 28.95 143.93 172.87 0.881 1911 18725 41.91 0.93 
4720 28.91 144.55 173.46 0.879 1916 18809 42.02 0.94 
4740 28.06 145.15 173.22 0.878 1922 18894 42.15 0.94 
4760 27.64 145.85 173.49 0.88 1926 18984 42.24 0.94 
4780 27.37 146.47 173.84 0.883 1931 19082 42.35 0.95 
4800 26.85 147.21 174.06 0.882 1934 19179 42.41 0.95 
4820 26.22 147.86 174.08 0.881 1938 19268 42.5 0.96 
4840 26.11 148.61 174.72 0.881 1944 19362 42.63 0.96 
4860 25.86 149.23 175.09 0.881 1950 19450 42.76 0.97 
4880 24.77 149.8 174.57 0.883 1959 19533 42.96 0.97 
4900 24.68 150.53 175.21 0.885 1962 19620 43.03 0.98 
4920 24.47 151.29 175.76 0.886 1963 19713 43.05 0.98 
4940 23.74 151.98 175.73 0.886 1969 19803 43.18 0.98 
4960 23.58 152.66 176.24 0.886 1972 19904 43.25 0.99 
4980 23.0 153.26 176.26 0.886 1977 19996 43.36 0.99 
5000 22.72 153.99 176.71 0.883 1979 20087 43.4 1.0 
5020 22.54 154.68 177.22 0.885 1982 20170 43.46 1.0 
5040 22.02 155.34 177.36 0.886 1986 20262 43.55 1.01 
5060 21.19 156.09 177.28 0.888 1991 20344 43.66 1.01 
5080 20.54 156.74 177.28 0.888 1996 20432 43.77 1.02 
5100 19.73 157.41 177.14 0.888 2003 20520 43.93 1.02 
5120 20.12 158.03 178.15 0.887 2008 20616 44.04 1.03 
5140 19.79 158.78 178.57 0.888 2009 20708 44.06 1.03 
5160 18.89 159.36 178.24 0.89 2014 20805 44.17 1.03 
5180 18.12 160.13 178.25 0.891 2019 20898 44.28 1.04 
5200 18.45 160.84 179.29 0.889 2021 20986 44.32 1.04 
5220 18.1 161.5 179.6 0.89 2025 21073 44.41 1.05 
5240 17.86 162.24 180.1 0.889 2028 21162 44.47 1.05 
5260 17.34 162.88 180.22 0.888 2031 21250 44.54 1.06 
5280 16.86 163.59 180.45 0.888 2037 21335 44.67 1.06 
5300 16.54 164.25 180.79 0.89 2040 21421 44.74 1.07 
