20 356.39 0.17 356.56 0.063 19 55 0.08 0.0 
40 352.83 0.62 353.44 0.143 39 126 0.16 0.0 
60 347.79 1.13 348.92 0.236 59 190 0.24 0.0 
80 342.55 1.79 344.34 0.312 76 267 0.31 0.0 
100 339.24 2.22 341.46 0.389 96 348 0.39 0.0 
120 336.05 2.71 338.76 0.447 113 427 0.46 0.0 
140 332.36 3.43 335.79 0.485 132 532 0.54 0.0 
160 328.34 4.02 332.36 0.522 152 621 0.62 0.01 
180 326.76 4.58 331.34 0.545 170 722 0.69 0.01 
200 323.53 5.27 328.8 0.564 188 840 0.77 0.01 
220 322.34 5.78 328.12 0.589 205 960 0.84 0.01 
240 318.08 6.28 324.37 0.615 223 1066 0.91 0.01 
260 316.75 6.81 323.56 0.637 240 1196 0.98 0.01 
280 314.97 7.42 322.38 0.649 258 1347 1.05 0.01 
300 311.3 8.15 319.45 0.668 274 1483 1.12 0.01 
320 308.81 8.69 317.5 0.673 288 1619 1.17 0.01 
340 305.27 9.35 314.62 0.703 308 1718 1.26 0.02 
360 300.94 9.94 310.88 0.721 325 1855 1.32 0.02 
380 298.9 10.59 309.49 0.733 341 2001 1.39 0.02 
400 299.29 11.33 310.63 0.738 357 2177 1.46 0.02 
420 296.16 11.94 308.1 0.75 374 2346 1.52 0.02 
440 294.59 12.54 307.13 0.755 389 2509 1.59 0.02 
460 291.66 13.19 304.85 0.761 405 2654 1.65 0.02 
480 290.1 14.01 304.11 0.771 419 2809 1.71 0.03 
500 289.56 14.5 304.06 0.778 431 2946 1.76 0.03 
520 288.22 14.97 303.19 0.783 447 3097 1.82 0.03 
540 284.98 15.63 300.62 0.787 464 3301 1.89 0.03 
560 284.7 16.14 300.83 0.795 480 3446 1.96 0.03 
580 281.86 16.73 298.59 0.803 495 3592 2.02 0.03 
600 279.05 17.45 296.51 0.812 508 3754 2.07 0.03 
620 278.42 18.22 296.64 0.818 526 3933 2.14 0.04 
640 276.76 18.93 295.69 0.823 544 4139 2.22 0.04 
660 274.67 19.66 294.33 0.824 557 4359 2.27 0.04 
680 273.08 20.23 293.31 0.829 571 4541 2.33 0.04 
700 271.63 20.81 292.43 0.834 588 4736 2.4 0.04 
720 269.4 21.32 290.72 0.837 604 4942 2.46 0.05 
740 266.31 22.01 288.32 0.842 619 5135 2.52 0.05 
760 265.57 22.75 288.32 0.843 633 5326 2.58 0.05 
780 263.45 23.44 286.9 0.847 646 5529 2.63 0.05 
800 260.39 24.06 284.45 0.851 663 5733 2.7 0.05 
820 259.16 24.67 283.83 0.856 680 5949 2.77 0.05 
840 258.18 25.33 283.52 0.857 696 6180 2.84 0.06 
860 256.59 25.95 282.54 0.862 713 6391 2.91 0.06 
880 255.43 26.61 282.04 0.863 726 6635 2.96 0.06 
900 253.57 27.27 280.84 0.866 741 6876 3.02 0.06 
920 251.39 27.85 279.24 0.868 756 7065 3.08 0.07 
940 249.58 28.47 278.05 0.871 770 7272 3.14 0.07 
960 248.5 29.04 277.54 0.873 787 7467 3.21 0.07 
980 247.02 29.62 276.64 0.875 801 7668 3.27 0.07 
1000 245.23 30.46 275.69 0.876 817 7944 3.33 0.07 
1020 243.51 31.15 274.66 0.877 832 8140 3.39 0.08 
1040 242.3 31.91 274.21 0.88 845 8392 3.44 0.08 
1060 240.95 32.59 273.54 0.881 859 8639 3.5 0.08 
1080 239.59 33.22 272.81 0.88 870 8866 3.55 0.08 
1100 236.92 33.9 270.82 0.884 885 9125 3.61 0.08 
1120 236.81 34.56 271.37 0.886 898 9365 3.66 0.09 
1140 234.61 35.16 269.77 0.887 911 9584 3.71 0.09 
1160 235.22 35.85 271.07 0.886 926 9841 3.77 0.09 
1180 231.88 36.51 268.39 0.889 941 10102 3.84 0.09 
1200 230.82 37.25 268.07 0.89 958 10384 3.91 0.1 
1220 229.4 37.87 267.26 0.893 974 10596 3.97 0.1 
1240 227.35 38.75 266.1 0.893 990 10895 4.04 0.1 
1260 225.55 39.55 265.1 0.894 1006 11145 4.1 0.1 
1280 224.23 40.23 264.46 0.897 1021 11356 4.16 0.1 
1300 222.55 40.92 263.47 0.898 1038 11604 4.23 0.11 
1320 222.69 41.55 264.25 0.898 1054 11895 4.3 0.11 
1340 220.23 42.22 262.46 0.899 1070 12172 4.36 0.11 
1360 218.68 42.92 261.6 0.901 1081 12452 4.41 0.12 
