
0.60355455
0.6232693
0.6003601
0.5689374
0.5935537
0.5549282
0.58609307
0.5785543
0.5856765
0.55969846
0.56794024
0.54577434
0.6490267
0.5857722
0.54806477
0.5395483
0.566883
0.52963316
0.5620523
0.523779
0.5328915
0.5197502
0.51726943
0.5125987
0.5139315
0.5290127
0.53095406
0.50711495
0.5263024
0.50837874
0.5045639
0.50980496
0.5305556
0.5268668
0.5020657
0.51708364
0.5261456
0.5040982
0.49131963
0.5128138
0.49180678
0.47508854
0.5241099
0.51165545
0.48637718
0.46961325
0.47780135
0.47117624
0.4667263
0.47912687
0.4668401
0.46766865
0.4439745
0.45357537
0.44381142
0.44198814
0.4484713
0.44659635
0.43374166
0.4559226
0.42794433
0.4342608
0.44361794
0.4243437
0.43812132
0.42208585
0.42813915
0.42523345
0.42396548
0.4222948
0.41831538
0.42483464
0.41755927
0.42101625
0.40761423
0.40673348
0.4117936
0.4060871
0.4081735
0.40582353
0.39695123
0.4017826
0.40075356
0.40800622
0.3924823
0.4082992
0.39959094
0.40968618
0.3931192
0.3880898
0.39002377
0.379615
0.37835452
0.3797524
0.3796169
0.3752023
0.36774212
0.37426713
0.36466905
0.381025
0.36876327
0.3673674
0.36893114
0.3714835
0.36707005
0.36348104
0.3613594
0.36419278
0.37122452
0.37207416
0.36187947
0.36375093
0.36116862
0.35979372
0.367043
0.3542348
0.36063936
0.35446241
0.35747457
0.3517632
0.34666342
0.34783494
0.34613737
0.34390607
0.35652527
0.33495453
0.36009818
0.35337657
0.3418997
0.35245246
0.34136897
0.34239206
0.34403056
0.3349386
0.34860045
0.34699237
0.340547
0.34065616
0.34128106
0.33948547
0.34171337
0.3278631
0.3313017
0.33865595
0.327976
0.34565493
0.3266975
0.32726267
0.3281502
0.33873782
0.34249708
0.32937014
0.3322144
0.32314223
0.32286975
0.32576525
0.32089934
0.32796744
0.31831667
0.3157216
0.3265601
0.32739764
0.317972
0.3246432
0.3268164
0.3226081
0.32395914
0.32209697
0.3242931
0.31606722
0.3267818
0.31863293
0.32652578
0.31565177
0.3164938
0.31852323
0.3131084
0.3114577
0.30686218
0.30457675
0.3212704
0.3134264
0.31008175
0.31045854
0.29549107
0.30843872
0.29910555
0.2988908
0.3064823
0.29734316
0.2995887
0.30284032
0.29918954
0.3096369
0.29986683
0.29606956
0.29782155
0.29494995
0.30497465
0.30377853
0.30509293
0.30896842
0.29675245
0.3065474
0.29540265
0.28774044
0.30733413
0.30438894
0.31341985
0.2904211
0.2984474
0.29007626
0.30078256
0.29795435
0.28840673
0.28865877
0.29185703
0.28436905
0.29602805
0.28510138
0.28357306
0.28281596
0.30293885
0.2797009
0.28437242
0.28442183
0.28091192
0.27714247
0.27986416
0.275412
0.28331074
0.2780989
0.28049597
0.2746726
0.28390637
0.282
0.28038448
0.27547586
0.27565303
0.27906114
0.2818656
0.276265
0.27977157
0.27603242
0.2769766
0.27763107
0.27441257
0.2770756
0.27278188
0.27377498
0.27303058
0.27024937
0.27022174
0.27589554
0.2751354
0.26929814
0.26608187
0.27037367
0.27456948
0.2691358
0.26892272
0.2672643
0.27570075
0.26464558
0.27931336
0.26871797
0.26362386
0.26448983
0.2639362
0.26608866
0.25923732
0.25947705
0.2581773
0.26002723
0.25804174
0.2638904
0.2574966
0.2653227
0.25604853
0.2686326
0.2582938
0.26066557
0.2552546
0.25311536
0.26162702
0.25764462
0.25690416
0.25792527
0.2531102
0.25975013
0.25972077
0.25532058
0.26907334
0.2594824
0.25007865
0.252144
0.2520458
0.26427314
0.25315502
0.2530081
0.2543543
0.2512556
0.24903505
0.24905582
0.24886188
0.2534761
0.24744153
0.24541605
0.25341633
0.248409
0.25518757
0.25680405
0.24909462
0.24639168
0.2444008
0.247718
0.24510752
0.24592467
0.24913482
0.25228566
0.24584424
0.24485745
0.24750657
0.25148353
0.24487467
0.24309945
0.25596628
0.25390923
0.24355821
0.24874808
0.2439002
0.24834163
0.24523032
0.24285905
0.24481192
0.2511731
0.24185239
0.24449816
0.24892734
0.25562054
0.24159068
0.23971792
0.24116467
0.24873875
0.242261
0.2452401
0.24833292
0.2394554
0.24073547
0.24251676
0.24445504
0.23816283
0.24579343
0.23635554
0.24245603
0.23924637
0.24137993
0.23638086
0.24008399
0.2372876
0.24569336
0.23360558
0.24300565
0.23858137
0.24543044
0.23501807
0.23764105
0.23629852
0.23097068
0.23635061
0.23620361
0.24501452
0.23328435
0.23272304
0.23101063
0.23182128
0.23191546
0.22759649
0.22675736
0.22752841
0.2264596
0.22786856
0.22999811
0.23155367
0.2263957
0.22691253
0.23557241
0.23229866
0.23366618
0.23179856
0.22716205
0.22339123
0.23135275
0.2237636
0.22098778
0.22626346
0.22373328
0.22515914
0.22825296
0.22828135
0.22272676
0.22683808
0.22793797
0.22557849
0.22575341
0.22591087
0.22545622
0.21982853
0.22059022
0.21793406
0.22283226
0.21626462
0.21587451
0.21821766
0.22449437
0.22544019
0.22453307
0.21698806
0.21743284
0.21358943
0.21612984
0.21778047
0.22376548
0.21651796
0.21716128
0.22106068
0.22150114
0.2146982
0.21385399
0.21466985
0.20973165
0.21288145
0.2093173
0.21353823
0.21737215
0.21921316
0.21570334
0.20924859
0.21609066
0.21084066
0.21235287
0.21130477
0.21141523
0.20862481
0.20647958
0.21608853
0.21044755
0.20976055
0.19997218
0.21428853
0.20762469
0.2077616
0.20578007
0.21269381
0.21766707
0.20616005
0.20977803
0.20964518
0.20998666
0.21209393
0.20745789
0.20146552
0.20477183
0.20446575
0.21795984
0.20093052
0.205269
0.21506982
0.20256329
0.2026344
0.20648591
0.20173234
0.19975542
0.20745954
0.20592374
0.20438136
0.205993
0.19802326
0.19934185
0.20388845
0.19881077
0.20073263
0.20632708
0.20251031
0.20167711
0.20397797
0.20194682
0.20200256
0.20133705
0.20672157
0.19858907
0.19888023
0.20402241
0.19638057
0.19783655
0.19964437
0.20584263
0.20211966
0.20038117
0.19746862
0.19634421
0.1982677
0.20027815
0.2016522
0.20008294
0.19551568
0.19939703
0.20700651
0.19785455
0.20394294
0.20057379
0.20153797
0.20032376
0.19526072
0.19691582
0.19517228
0.20095067
0.19266865
0.19088592
0.19246802
0.20210709
0.19806156
0.19750816
0.19579619
0.19822092
0.1911308
0.20401938
0.19569589
0.19689125
0.19472943
0.19396433
0.20209983
0.1973239
0.1950988
0.19207858
0.19544047
0.19388774
0.20129143
0.19513044
0.1968622
0.19040889
0.19219345
0.19053705
0.19359632
0.19125278
0.19425838
0.18964055
0.19727269
0.19186752
0.18624823
0.18912716
0.19016904
0.19290808
0.19513087
0.1881124
0.19780567
0.19049813
0.19696103
0.18748008
0.19328211
0.19756417
0.19240752
0.18802102
0.18752216
0.19193494
0.19124438
0.18842937
0.18938567
0.18892798
0.19224031
0.19292863
0.18883908
0.18673764
0.18972787
0.19098799
0.19059436
0.18659495
0.18926212
0.19154221
0.19561887
0.18216564
0.18637617
0.1917507
0.19379768
0.1836698
0.18138409
0.1874493
0.18203092
0.18062265
0.1873327
0.18563093
0.18229239
0.18343313
0.18335366
0.1873595
0.18238574
0.18515375
0.1882412
0.18082614
0.19049788
0.18881916
0.17987625
0.184616
0.18136202
0.18461905
0.17795253
0.1827086
0.18339774
0.18738323
0.17792441
0.17990863
0.18229938
0.18107177
0.18041402
0.17760319
0.18063344
0.18162751
0.18730722
0.17835753
0.17975263
0.17870298
0.18000396
0.17964917
0.17660971
0.17648594
0.17788063
0.17924014
0.17751518
0.17603469
0.17388806
0.1785244
0.17553774
0.17617941
0.17587028
0.17564575
0.17649123
0.17915629
0.17791215
0.17546189
0.1750148
0.17367667
0.17499019
0.1699875
0.18338454
0.17761299
0.17789693
0.17636973
0.17240734
0.18291502
0.17087747
0.17203051
0.17899565
0.17052984
0.17276059
0.17637618
0.17547078
0.17418937
0.17687242
0.17483333
0.17166358
0.17113546
0.17260547
0.17223378
0.17031212
0.16994125
0.17090178
0.17124875
0.17194913
0.17041837
0.1762793
0.17698236
0.16966666
0.17373967
0.1710764
0.16918477
0.16770266
0.16590683
0.17211787
0.1668365
0.16693956
0.16828603
0.1661355
0.16438472
0.16993013
0.17192748
0.16579978
0.16764657
0.16390908
0.17000704
0.16657645
0.16455613
0.1679547
0.16669555
0.1689951
0.16773278
0.16370443
0.16490415
0.1638339
0.16554448
0.1719855
0.17551637
0.16452459
0.16521677
0.16385347
0.17143351
0.16612248
0.16426043
0.16707909
0.16198125
0.1667125
0.16451049
0.17394108
0.16144735
0.160731
0.16538683
0.16878192
0.16585654
0.16492468
0.16059184
0.16241774
0.16637613
0.16353077
0.15748665
0.15986407
0.15905567
0.16157162
0.1620146
0.16264349
0.15976125
0.1649806
0.17012458
0.1629409
0.16447541
0.15768832
0.15852003
0.15866022
0.16700628
0.16245562
0.16106361
0.16447878
0.1629005
0.16164424
0.16040775
0.15702829
0.15926357
0.1596924
0.15756403
0.15795122
0.16058461
0.16014251
0.15951876
0.15819427
0.16139543
0.15874076
0.16127491
0.16220959
0.15772521
0.16004601
0.15850289
0.16067336
0.15407969
0.15360463
0.16175964
0.15390109
0.1585165
0.16246624
0.15851872
0.1569545
0.15889943
0.1554493
0.1550082
0.15529376
0.15332463
0.16201778
0.15727346
0.15542631
0.1592992
0.1548419
0.15899138
0.15665624
0.15662307
0.15379642
0.15724427
0.15501072
0.15418059
0.15589267
0.15237004
0.15211038
0.15359366
0.1549327
0.15380535
0.15524149
0.153193
0.15482374
0.15400022
0.1558525
0.14948922
0.15206315
0.15700634
0.15514116
0.14936218
0.15663747
0.1509621
0.15743026
0.1515236
0.15390894
0.1540336
0.15453035
0.15544507
0.14972198
0.1516569
0.1518293
0.15579191
0.1615771
0.16877724
0.1546718
0.15526184
0.149627
0.15025651
0.15315996
0.14878647
0.14799042
0.1532924
0.1501193
0.1509818
0.15254582
0.15663375
0.15060109
0.15033576
0.14832927
0.14954239
0.15322477
0.14871958
0.15104151
0.1519104
0.15060528
0.15404546
0.14783417
0.15007229
0.14703608
0.14929393
0.15117481
0.14852296
0.15040831
0.15186684
0.14696622
0.14785604
0.148214
0.1482543
0.14651203
0.14816418
0.14747028
0.14860547
0.14811274
0.14931063
0.14950392
0.14705358
0.14571965
0.15190257
0.1469642
0.14713594
0.14451058
0.14483227
0.14878683
0.14486353
0.14680691
0.14393313
0.14724503
0.1476297
0.14571129
0.14917682
0.14445096
0.1430461
0.14672348
0.14624299
0.14448759
0.15275009
0.14897989
0.14424288
0.14274745
0.1498275
0.14815858
0.14708431
0.14277723
0.14478216
0.14557345
0.14442806
0.14556612
0.14447796
0.14552096
0.14670186
0.1480187
0.14144385
0.1424631
0.14272325
0.14054522
0.14607057
0.14266948
0.1427556
0.14389811
0.14707275
0.14288038
0.14714272
0.14801738
0.14569859
0.14479938
0.14385122
0.14223802
0.14153574
0.14234237
0.14019975
0.1423886
0.14592761
0.14185877
0.13958931
0.14005616
0.14540206
0.14282091
0.14533293
0.14473355
0.14333309
0.14497778
0.15062171
0.14096127
0.14177848
0.14314814
0.1424098
0.14274468
0.14205572
0.14080289
0.14485057
0.13859636
0.14581843
0.13858618
0.14049578
0.13950695
0.14343221
0.14450611
0.13967311
0.14224213
0.14606026
0.14499994
0.14225957
0.14122939
0.14171277
0.14625126
0.14222495
0.14065729
0.14468725
0.15336818
0.14455417
0.14733139
0.14284046
0.14046365
0.14260808
0.14418031
0.14707726
0.13886435
0.14078732
0.14236173
0.14025894
0.14249331
0.13759044
0.14173722
0.13800581
0.13948078
0.13760173
0.1401927
0.13878758
0.1434102
0.14074922
0.14340702
0.14127232
0.13798305
0.13962695
0.1392072
0.13805504
0.14086704
0.14071232
0.14115249
0.1386267
0.13395675
0.13565698
0.13668582
0.1389984
0.13773514
0.14106539
0.13819495
0.1344947
0.144311
0.13986239
0.13673164
0.13937575
0.1366418
0.13627441
0.1379302
0.13855639
0.1449667
0.13527906
0.13881138
0.13655417
0.13618717
0.14107588
0.13652764
0.13816896
0.13715954
0.13948105
0.13617164
0.14117652
0.13811274
0.13534206
0.13395153
0.13574497
0.13433518
0.14496683
0.13577677
0.14112441
0.1330245
0.13532296
0.13638103
0.13567276
0.13426588
0.1368291
0.13575438
0.13561435
0.1381622
0.13654576
0.13825144
0.13133739
0.13815428
0.14118402
0.13891876
0.13414666
0.1327003
0.13520315
0.13708562
0.13292596
0.13943554
0.13915478
0.13486978
0.13674565
0.13455418
0.13359703
0.13834584
0.1333792
0.13338183
0.1341472
0.13342497
0.13401361
0.13531546
0.13024916
0.1332732
0.13757901
0.13189358
0.13516608
0.13368233
0.13375457
0.1359574
0.13193177
0.13170509
0.13118745
0.13453451
0.13226916
0.13299647
0.12976791
0.13303222
0.13277934
0.13967012
0.13560468
0.13457099
0.13203949
0.13213973
0.13038822
0.1316451
0.12836884
0.13114701
0.13141564
0.1305557
0.13377161
0.13149981
0.132229
0.13169767
0.13310781
0.12967008
0.13273431
0.13182122
0.13345173
0.13290639
0.12885047
0.13152987
0.13045986
0.12933035
0.1344429
0.13140799
0.12878107
0.12913167
0.13130951
0.12826134
0.12892003
0.13406442
0.12909345
0.13080539
0.12977701
0.1316566
0.12825626
0.12872732
0.13145183
0.12908477
0.1305335
0.12808958
0.13420855
0.13084248
0.12994236
0.13168831
0.1331489
0.12952048
0.1295333
0.1301991
0.13158232
0.1335414
0.13247801
0.12934072
0.13103184
0.13335149
0.12949641
0.12793721
0.12951128
0.12812357
0.14114967
0.13331787
0.13093679
0.13344547
0.12943347
0.13054499
0.13251086
0.12893897
0.1307847
0.133367
0.12760712
0.12888077
0.13256025
0.12779437
0.13017702
0.12959483
0.12610132
0.12867782
0.13097076
0.13138802
0.13236973
0.12852876
0.129674
0.1301989
0.13012129
0.13198313
0.1324623
0.13244952
0.1283222
0.12849718
0.12861754
0.1303726
0.13051358
0.12864427
0.13245703
0.12813257
0.1296342
0.12902977
0.12918283
0.12976676
0.13008574
0.13377006
0.12812369
0.13026813
0.12962371
0.1322114
0.12596327
0.12712361
0.1285695
0.1292035
0.1272769
0.13062692
0.12812033
0.13997644
0.12952672
0.12525591
0.12518495
0.1321705
0.1260083
0.13045159
0.12403538
0.12723401
0.12737873
0.12904422
0.1250021
0.12651427
0.12615408
0.13059752
0.12660597
0.12670903
0.12639402
0.12503685
0.13020669
0.12559934
0.12649235
0.13144231
0.13567345
0.12984824
0.13100882
0.12619428
0.12783545
0.13346632
0.12961675
0.12416934
0.12968802
0.12696524
0.12741698
0.12768126
0.12706888
0.13055332
0.12364022
0.12558152
0.13120912
0.12373375
0.12796012
0.1257875
0.12495712
0.12474009
0.12650406
0.12395543
0.12256073
0.12489389
0.13063748
0.123980016
0.12589529
0.12535319
0.12412062
0.12705924
0.12549219
0.12323679
0.12344622
0.12675552
0.12450643
0.123107314
0.12506387
0.12973022
0.12594384
0.12675765
0.12676142
0.12220578
0.12707885
0.12745057
0.12763196
0.12737821
0.1240979
0.124642365
0.12554027
0.124622576
0.121110216
0.12009704
0.124811724
0.122147456
0.122491926
0.12333415
0.12093075
0.12696621
0.12549774
0.12796418
0.124027155
0.122100875
0.12598717
0.12655385
0.12335612
0.12408063
0.1224896
0.12268318
0.12596254
0.1256126
0.12257549
0.12807633
0.1221061
0.12076113
0.123341024
0.124856025
0.12270885
0.12010884
0.124780156
0.12240845
0.11985681
0.12721324
0.121752426
0.12185591
0.12451776
0.12851459
0.11957177
0.122508444
0.12384096
0.1262867
0.12546206
0.12508343
0.124282174
0.12007624
0.12501676
0.12094164
0.11757234
0.12091336
0.11946659
0.12181217
0.11905966
0.12007231
0.11971638
0.119656034
0.122114666
0.12170675
0.11946077
0.12253031
0.12508656
0.120225
0.12447437
0.11980835
0.121120885
0.11762882
0.11787547
0.12051304
0.119716726
0.119607516
0.120514095
0.12035728
0.12469001
0.1216415
0.11968657
0.12048499
0.12054113
0.12398277
0.11957143
0.12081792
0.12303003
0.12194726
0.11905728
0.12445999
0.11985389
0.12485556
0.11887047
0.11883765
0.12106561
0.116779275
0.12067791
0.12255318
0.124836795
0.12055298
0.119320646
0.124801114
0.12382192
0.12670875
0.119119726
0.12006845
0.1169149
0.1207592
0.11936726
0.117129534
0.11766055