20 195.96 -0.15 195.81 0.089 19 64 0.42 0.0 
40 194.29 -0.84 193.45 0.153 39 159 0.86 0.01 
60 192.03 -1.06 190.97 0.217 58 244 1.27 0.01 
80 190.07 -1.34 188.73 0.267 78 340 1.71 0.02 
100 188.9 -1.74 187.16 0.295 96 445 2.11 0.02 
120 187.49 -1.72 185.77 0.333 114 547 2.5 0.03 
140 185.98 -2.11 183.87 0.365 134 665 2.94 0.03 
160 183.79 -2.11 181.69 0.406 153 761 3.36 0.04 
180 181.61 -2.17 179.45 0.427 171 868 3.75 0.04 
200 180.9 -2.2 178.7 0.45 186 982 4.08 0.05 
220 177.96 -2.32 175.64 0.476 205 1111 4.5 0.06 
240 176.33 -2.4 173.93 0.502 221 1230 4.85 0.06 
260 175.29 -2.48 172.81 0.524 240 1354 5.26 0.07 
280 173.96 -2.66 171.3 0.54 260 1470 5.7 0.07 
300 172.19 -2.69 169.51 0.566 279 1617 6.12 0.08 
320 171.51 -2.9 168.61 0.588 294 1737 6.45 0.09 
340 170.38 -2.93 167.45 0.6 314 1880 6.89 0.09 
360 169.07 -2.88 166.19 0.611 334 2011 7.32 0.1 
380 167.61 -2.93 164.69 0.634 350 2132 7.68 0.11 
400 166.03 -3.0 163.03 0.644 367 2272 8.05 0.11 
420 164.68 -3.09 161.58 0.655 387 2431 8.49 0.12 
440 162.76 -3.06 159.69 0.669 401 2576 8.79 0.13 
460 160.67 -3.0 157.68 0.681 418 2715 9.17 0.14 
480 160.01 -3.07 156.95 0.69 435 2875 9.54 0.14 
500 158.88 -3.19 155.69 0.694 452 3025 9.91 0.15 
520 158.42 -3.3 155.12 0.705 468 3179 10.26 0.16 
540 158.03 -3.23 154.8 0.709 485 3377 10.64 0.17 
560 156.08 -3.23 152.85 0.722 504 3530 11.05 0.18 
580 155.22 -3.18 152.04 0.729 521 3678 11.43 0.18 
600 153.81 -3.13 150.69 0.736 539 3858 11.82 0.19 
620 152.78 -3.17 149.61 0.741 556 4016 12.19 0.2 
640 152.44 -3.2 149.23 0.744 570 4183 12.5 0.21 
660 151.47 -3.17 148.3 0.754 586 4353 12.85 0.22 
680 150.33 -3.03 147.31 0.757 599 4514 13.14 0.22 
700 149.17 -2.97 146.21 0.763 616 4719 13.51 0.23 
720 149.13 -3.0 146.13 0.774 632 4904 13.86 0.24 
740 148.4 -2.9 145.51 0.776 648 5077 14.21 0.25 
760 146.96 -2.77 144.18 0.776 665 5239 14.58 0.26 
780 146.24 -2.69 143.55 0.784 680 5397 14.91 0.27 
800 145.2 -2.62 142.58 0.786 697 5623 15.29 0.28 
820 145.0 -2.46 142.53 0.792 710 5816 15.57 0.29 
840 144.4 -2.26 142.15 0.796 727 6003 15.94 0.3 
860 143.46 -2.18 141.28 0.798 739 6177 16.21 0.31 
880 143.19 -2.2 141.0 0.8 753 6402 16.51 0.32 
900 142.16 -2.03 140.12 0.805 769 6570 16.86 0.33 
920 141.33 -1.8 139.52 0.81 782 6763 17.15 0.34 
940 140.29 -1.68 138.61 0.812 798 6989 17.5 0.35 
960 139.38 -1.6 137.78 0.814 811 7198 17.79 0.36 
980 138.7 -1.43 137.28 0.815 826 7403 18.11 0.37 
1000 138.19 -1.33 136.85 0.817 842 7610 18.46 0.38 
1020 137.38 -1.23 136.16 0.819 859 7831 18.84 0.39 
1040 136.78 -1.22 135.56 0.821 868 8028 19.04 0.4 
1060 136.5 -1.04 135.46 0.825 884 8219 19.39 0.41 
1080 135.6 -0.91 134.69 0.829 898 8394 19.69 0.42 
1100 134.97 -0.98 134.0 0.83 911 8595 19.98 0.43 
1120 134.51 -0.85 133.66 0.834 927 8797 20.33 0.44 
1140 133.84 -0.65 133.19 0.838 943 8989 20.68 0.45 
1160 133.24 -0.56 132.68 0.84 960 9179 21.05 0.46 
1180 133.11 -0.5 132.6 0.84 972 9391 21.32 0.47 
1200 132.8 -0.37 132.44 0.843 986 9586 21.62 0.48 
1220 132.54 -0.29 132.25 0.842 998 9797 21.89 0.49 
1240 131.48 -0.11 131.37 0.843 1015 10017 22.26 0.5 
1260 130.71 0.07 130.78 0.844 1031 10205 22.61 0.51 
1280 129.23 0.19 129.41 0.847 1046 10419 22.94 0.52 
1300 129.38 0.36 129.73 0.848 1060 10605 23.25 0.53 
1320 128.32 0.56 128.88 0.85 1078 10810 23.64 0.54 
1340 127.13 0.7 127.83 0.852 1093 11029 23.97 0.55 
1360 126.87 0.83 127.71 0.853 1105 11242 24.23 0.56 
1380 126.57 0.95 127.52 0.855 1119 11460 24.54 0.57 
1400 126.86 1.06 127.91 0.856 1130 11669 24.78 0.58 
1420 125.62 1.25 126.86 0.858 1142 11893 25.04 0.59 
1440 124.83 1.43 126.26 0.858 1153 12133 25.29 0.6 
1460 124.33 1.61 125.95 0.86 1167 12340 25.59 0.61 
1480 123.51 1.68 125.19 0.861 1181 12555 25.9 0.62 
1500 123.5 1.79 125.29 0.862 1193 12776 26.16 0.64 
1520 122.81 1.97 124.78 0.862 1210 12991 26.54 0.65 
1540 122.1 2.23 124.33 0.865 1229 13194 26.95 0.66 
1560 121.7 2.41 124.11 0.866 1240 13409 27.19 0.67 
1580 121.0 2.56 123.57 0.868 1255 13604 27.52 0.68 
1600 120.53 2.67 123.2 0.87 1268 13831 27.81 0.69 
1620 120.09 2.81 122.9 0.87 1279 14038 28.05 0.7 
1640 119.47 2.97 122.44 0.871 1292 14250 28.33 0.71 
1660 118.69 3.18 121.87 0.871 1307 14466 28.66 0.72 
1680 117.9 3.34 121.24 0.873 1319 14685 28.93 0.73 
1700 117.73 3.47 121.21 0.874 1325 14893 29.06 0.74 
1720 117.2 3.63 120.82 0.875 1340 15097 29.39 0.75 
1740 116.85 3.76 120.61 0.877 1354 15303 29.69 0.76 
1760 116.53 3.87 120.4 0.877 1366 15535 29.96 0.77 
1780 115.96 4.07 120.03 0.878 1382 15741 30.31 0.78 
1800 115.52 4.23 119.75 0.878 1391 15988 30.5 0.8 
1820 114.92 4.41 119.34 0.879 1401 16224 30.72 0.81 
1840 114.42 4.54 118.96 0.88 1415 16456 31.03 0.82 
1860 113.65 4.69 118.35 0.881 1427 16678 31.29 0.83 
1880 113.3 4.82 118.11 0.882 1441 16904 31.6 0.84 
1900 113.18 5.02 118.2 0.882 1451 17157 31.82 0.85 
1920 112.82 5.21 118.03 0.883 1461 17358 32.04 0.86 
1940 112.21 5.47 117.68 0.884 1475 17551 32.35 0.87 
1960 112.1 5.59 117.69 0.884 1485 17779 32.57 0.88 
1980 111.78 5.76 117.54 0.885 1496 18002 32.81 0.9 
2000 111.39 5.94 117.33 0.885 1508 18223 33.07 0.91 
2020 110.26 6.12 116.39 0.887 1519 18458 33.31 0.92 
2040 110.19 6.24 116.43 0.886 1530 18682 33.55 0.93 
2060 109.4 6.46 115.86 0.889 1543 18888 33.84 0.94 
2080 108.85 6.66 115.51 0.891 1553 19116 34.06 0.95 
2100 108.64 6.86 115.5 0.891 1565 19351 34.32 0.96 
2120 108.4 7.03 115.43 0.892 1578 19583 34.61 0.97 
2140 107.46 7.26 114.72 0.891 1590 19835 34.87 0.99 
2160 107.12 7.43 114.56 0.89 1602 20050 35.13 1.0 
2180 107.34 7.6 114.93 0.893 1616 20255 35.44 1.01 
2200 106.75 7.79 114.54 0.895 1628 20480 35.7 1.02 
2220 106.2 7.99 114.2 0.895 1635 20709 35.86 1.03 
2240 106.44 8.13 114.57 0.894 1643 20931 36.03 1.04 
2260 105.95 8.32 114.27 0.896 1655 21128 36.29 1.05 
2280 104.83 8.57 113.41 0.897 1670 21330 36.62 1.06 
2300 104.4 8.69 113.08 0.897 1681 21549 36.86 1.07 
2320 104.77 8.8 113.57 0.896 1690 21781 37.06 1.08 
2340 103.86 9.01 112.88 0.897 1701 21981 37.3 1.09 
2360 103.01 9.18 112.19 0.899 1711 22208 37.52 1.1 
2380 103.27 9.29 112.56 0.899 1723 22440 37.79 1.12 
2400 102.93 9.49 112.42 0.899 1732 22682 37.98 1.13 
2420 102.43 9.69 112.12 0.901 1744 22902 38.25 1.14 
