
0.17183606
0.16223612
0.15553844
0.15714844
0.14865461
0.1535972
0.1452842
0.13978572
0.14271152
0.14416389
0.15237099
0.13356099
0.13131464
0.1305571
0.1306324
0.12697418
0.12990183
0.12679641
0.13052207
0.12626308
0.13273576
0.12583072
0.12723045
0.12349543
0.12547691
0.12513728
0.12168686
0.12336452
0.12358223
0.12070195
0.11905355
0.12299407
0.12165523
0.11944272
0.11661757
0.11562659
0.117396906
0.117616534
0.11781618
0.11504799
0.117041215
0.115225345
0.11672987
0.11654288
0.11726671
0.11284702
0.1122551
0.11395834
0.11273561
0.11255181
0.11027215
0.11636878
0.11471564
0.11392884
0.11693762
0.111247905
0.110010415
0.11355679
0.11566028
0.109218314
0.114559695
0.10868947
0.10857951
0.10880286
0.106961206
0.10874284
0.10732891
0.11002819
0.10544464
0.106380075
0.10794801
0.10488104
0.10623883
0.10678206
0.10401617
0.103243336
0.10730632
0.10939163
0.102801695
0.108851425
0.102860376
0.10370308
0.10172805
0.102655984
0.1023162
0.10226305
0.09986132
0.1026833
0.102773376
0.099597104
0.10098873
0.09841007
0.100431345
0.100414746
0.09715771
0.0993872
0.09974796
0.09774584
0.096359566
0.09570688
0.09552031
0.096443415
0.09589678
0.09462445
0.09638365
0.0943264
0.091928326
0.09532083
0.09583966
0.09348153
0.09485309
0.09608461
0.0978687
0.093077675
0.093738504
0.095830895
0.100248426
0.09416066
0.094466195
0.09238153
0.09124085
0.09103189
0.0898743
0.08908424
0.08984567
0.090847924
0.0911145
0.09096296
0.09261974
0.08952857
0.08948737
0.089167595
0.090211555
0.08924902
0.08699372
0.08783209
0.08649173
0.08682336
0.088921785
0.08759872
0.08709464
0.089664765
0.08911921
0.08693307
0.08631895
0.08617382
0.08759132
0.08703627
0.086612105
0.086643726
0.08538264
0.086464606
0.0851876
0.08546867
0.08527511
0.08580064
0.08509721
0.083304614
0.083351426
0.08651017
0.08120126
0.086337835
0.0827832
0.08299336
0.08280332
0.081277914
0.08278547
0.0810544
0.081325784
0.08040094
0.080695815
0.08043443
0.084181584
0.081638955
0.08150053
0.08029965
0.080660455
0.08209509
0.079987675
0.079857945
0.08194675
0.08194065
0.07774669
0.079646826
0.078996405
0.07827451
0.07950788
0.0780331
0.07720175
0.07719612
0.07849528
0.07792671
0.07726637
0.07655925
0.077260144
0.07740648
0.07537322
0.07581684
0.07471678
0.077149615
0.0762356
0.07615454
0.076222114
0.0758218
0.07522659
0.07507123
0.07498817
0.07365099
0.07529934
0.074780874
0.07361838
0.074619696
0.07409409
0.07676972
0.07499519
0.0738698
0.073874444
0.07413873
0.07403939
0.07443503
0.07388482
0.07332992
0.072784826
0.07184884
0.071325
0.0730706
0.07472958
0.07130426
0.07128498
0.071536526
0.07207873
0.075083055
0.07398381
0.071873195
0.07025461
0.074388854
0.071665734
0.07206396
0.07205433
0.07109086
0.07084317
0.072594576
0.069565356
0.07228076
0.07178945
0.0714617
0.072182186
0.07249344
0.071372546
0.06944237
0.06846213
0.07027421
0.06945856
0.06881471
0.0691394
0.07106391
0.069986515
0.06745124
0.06809274
0.06895673
0.066695355
0.06813866
0.06774106
0.06947223
0.06581898
0.06627432
0.06763915
0.065776005
0.0661966
0.06598907
0.066290066
0.066907786
0.06624711
0.06567067
0.06491247
0.06622093
0.06632225
0.071043864
0.066732794
0.07011613
0.06523678
0.06694569
0.06493586
0.06644081
0.06523454
0.06576695
0.06512023
0.06518962
0.064853646
0.06589785
0.064491875
0.06556295
0.064776115
0.06413882
0.06551719
0.065005556
0.06487139
0.06399492
0.062336262
0.06447334
0.062148195
0.08148064
0.06353423
0.06333248
0.06255267
0.06555611
0.06333218
0.061672933
0.06307083
0.06313946
0.0639552
0.06166293
0.062891774
0.061537474
0.061672892
0.06107182
0.06253339
0.06124481
0.061670024
0.06340442
0.059948552
0.061616078
0.059948362
0.061647978
0.061656002
0.062241476
0.05973851
0.06055674
0.060148314
0.061323628
0.059794188
0.061896984
0.060976174
0.05995114
0.060517173
0.06095886
0.061653566
0.058801997
0.061628226
0.058281105
0.058582645
0.059557904
0.059505794
0.06258591
0.0597096
0.060111
0.058558796
0.058323998
0.060348492
0.059362687
0.057824414
0.058842644
0.05800684
0.058058906
0.058976036
0.060160734
0.058747
0.05946328
0.058242273
0.05907499
0.057303764
0.059005015
0.057543293
0.05758215
0.05851086
0.057945073
0.05813681
0.060106467
0.05887463
0.05983706
0.058708735
0.057649925
0.058263615
0.05633581
0.05760634
0.056972906
0.057991616
0.05857553
0.057546306
0.058540344
0.056513496
0.05755016
0.055937488
0.05661106
0.055100847
0.05512207
0.05488358
0.055996977
0.05479033
0.055189673
0.056621313
0.05586486
0.05898918
0.055896014
0.05485059
0.057170767
0.05617731
0.056311917
0.056673504
0.054756325
0.05517179
0.055782065
0.055173766
0.05636205
0.05717808
0.054786123
0.05461687
0.054675218
0.056410085
0.054419227
0.05455607
0.05520081
0.05386696
0.053860787
0.054352377
0.05539776
0.054616887
0.055445425
0.052999515
0.053238347
0.05237958
0.053379845
0.05312719
0.05351506
0.05425475
0.05417382
0.054396175
0.052327134
0.05318566
0.052086953
0.053157955
0.053283095
0.05209591
0.052894406
0.05353141
0.05216926
0.05255473
0.052270874
0.053531792
0.05205428
0.05351657
0.05368714
0.052140754
0.052450627
0.05262139
0.05372199
0.05205259
0.053048354
0.05339225
0.051593173
0.05128005
0.05114029
0.051213603
0.05354547
0.05155126
0.052992493
0.051167082
0.053744834
0.051814564
0.051175248
0.050536368
0.05036755
0.05197169
0.050696105
0.050432272
0.049917594
0.052184507
0.049749892
0.051026266
0.051009532
0.051276132
0.050817914
0.050238132
0.05088383
0.050198693
0.050488774
0.05098934
0.05094788
0.04924621
0.048688266
0.050171904
0.049748003
0.04908826
0.049548794
0.049915347
0.04865726
0.049411856
0.04897606
0.048302613
0.04935164
0.04991367
0.049026128
0.049070034
0.04931324
0.04955674
0.048317026
0.048901714
0.048633706
0.04806783
0.0492948
0.04874694
0.049718272
0.048889674
0.04951429
0.047193542
0.0478672
0.04857534
0.04882881
0.048436213
0.047830272
0.047274437
0.048772294
0.049196362
0.049512856
0.047454227
0.047205392
0.04771981
0.047042396
0.046764556
0.048056748
0.047141064
0.048599765
0.047052693
0.047458246
0.045832843
0.047548376
0.046869665
0.04669641
0.04582217
0.047229234
0.04625832
0.047671992
0.04655859
0.047410317
0.04661035
0.047853146
0.046884354
0.0457729
0.047319125
0.04744668
0.045820296
0.047523797
0.0462692
0.0469937
0.04576876
0.046297558
0.047208894
0.046035085
0.045939412
0.045701377
0.045596812
0.046165
0.04630532
0.046496395
0.045723826
0.045097403
0.044773567
0.04601491
0.044735372
0.04441297
0.04587097
0.045378134
0.04469191
0.045244318
0.04544925
0.04610376
0.04562454
0.045237258
0.045392755
0.04694411
0.045867857
0.04480336
0.045498636
0.04444899
0.044247072
0.045014437
0.045327112
0.04406203
0.046764683
0.044384483
0.044619966
0.044967573
0.04363203
0.044495866
0.04551903
0.044413794
0.043754064
0.04454655
0.04476477
0.043896355
0.04441773
0.044617794
0.04369251
0.043850467
0.043931674
0.044508487
0.04437841
0.045073565
0.0439948
0.04291016
0.042766415
0.043879725
0.0438227
0.043902237
0.04296437
0.044147708
0.04343696
0.044481467
0.043927804
0.047195464
0.043641437
0.042443022
0.044102516
0.042188786
0.043013234
0.042900953
0.04238133
0.04349941
0.04356213
0.04320196
0.043533087
0.043006502
0.043620735
0.04429497
0.04254107
0.043194626
0.04288528
0.045285005
0.043845966
0.043066937
0.043023784
0.044220608
0.04210431
0.042963963
0.042074762
0.043464586
0.042876136
0.04340495
0.042313807
0.0423787
0.04272032
0.042173967
0.041577455
0.041960586
0.04132453
0.04132786
0.042242564
0.0412244
0.041910958
0.041810684
0.042390283
0.041486252
0.04126518
0.041775335
0.040788442
0.041465793
0.04070811
0.0409281
0.042314526
0.04144538
0.0417391
0.041921884
0.04274227
0.04177906
0.042502034
0.041373152
0.041362356
0.043454673
0.041775834
0.04128216
0.04039413
0.040838905
0.042484425
0.040518317
0.04146781
0.040884532
0.0403406
0.04102999
0.04069836
0.040314063
0.041133504
0.0403597
0.04058876
0.040970046
0.039962616
0.040292926
0.041201994
0.039377984
0.04058705
0.040151715
0.04149377
0.040205814
0.040313907
0.040038507
0.040146884
0.040703837
0.040550902
0.040162362
0.040426426
0.040132552
0.040517684
0.039455533
0.03973914
0.040301777
0.039407182
0.03971189
0.039591152
0.038789682
0.040350012
0.039392937
0.038937572
0.03958456
0.03893408
0.039931476
0.03971758
0.040604375
0.039561395
0.041077457
0.0392552
0.038909003
0.03922253
0.03871668
0.039186355
0.03902216
0.03872896
0.039073788
0.038710393
0.039204985
0.039980374
0.039713856
0.03964514
0.038600802
0.039886497
0.0392642
0.03930647
0.038544875
0.039523687
0.039244153
0.038045645
0.03933246
0.038515825
0.03873465
0.038841154
0.038452953
0.038491495
0.0385263
0.037735168
0.038483474
0.03787194
0.039712995
0.039449405
0.03882214
0.038253646
0.037873704
0.038060863
0.039464734
0.038590897
0.038057733
0.03812189
0.038090955
0.037419833
0.037713658
0.03796526
0.037889462
0.039159145
0.03743788
0.038172662
0.037873525
0.037624132
0.03824846
0.039544422
0.038388524
0.037557364
0.037681222
0.037917614
0.03754311
0.038688824
0.037274033
0.03805253
0.03789203
0.03894158
0.037246726
0.03824498
0.03721855
0.037365858
0.037618328
0.037228335
0.03792776
0.036835328
0.037337948
0.037958242
0.037642807
0.037803415
0.039068203
0.03696739
0.037157126
0.036930718
0.03737472
0.037447937
0.03661487
0.037516765
0.038096577
0.037307758
0.036702022
0.03694869
0.03631659
0.038046148
0.03635391
0.036790896
0.03600539
0.036996335
0.037054602
0.037653543
0.03743872
0.037854087
0.036403187
0.037343726
0.036267582
0.03721085
0.036906026
0.037105765
0.036068782
0.035985637
0.036555156
0.036419705
0.036000736
0.035487883
0.03693304
0.037150938
0.03634953
0.03722205
0.036052547
0.036043376
0.03539114
0.0372182
0.03615624
0.03720965
0.03700106
0.037093125
0.035584014
0.03563183
0.035760585
0.035164017
0.035530686
0.03621007
0.036215384
0.03652725
0.035719406
0.03787312
0.036768716
0.035077244
0.035921153
0.03508115
0.03527875
0.0354867
0.035819877
0.036378644
0.036092892
0.03575419
0.03542718
0.0361061
0.03584662
0.035237048
0.03514922
0.037375547
0.035394438
0.0366921
0.035828486
0.035832558
0.036246743
0.03643988
0.035722326
0.03640409
0.03556203
0.035334375
0.035699904
0.035612054
0.03480541
0.03480385
0.03537184
0.035807315
0.03722117
0.03410219
0.03516388
0.034733284
0.035508245
0.036132403
0.03497838
0.035618737
0.036382955
0.035784837
0.03482519
0.03557896
0.035616793
0.034758847
0.035875216
0.03563859
0.03451495
0.033988178
0.03575053
0.03449443
0.03547534
0.035786673
0.034731757
0.034316618
0.034757093
0.035138343
0.0341119
0.034207653
0.033498578
0.034944303
0.034337573
0.034718707
0.03472915
0.034474526
0.03338194
0.03396633
0.033888046
0.033453275
0.033329986
0.03378654
0.03405373
0.035523936
0.033689424
0.033492763
0.03396943
0.034457013
0.03341473
0.033734012
0.034636192
0.034432754
0.03328494
0.035427187
0.034707345
0.033081543
0.03335272
0.03326069
0.033569638
0.03394947
0.03421704
0.033926014
0.033607338
0.033640973
0.03326844
0.03347008
0.03443503
0.03588669
0.034441937
0.033117514
0.032725368
0.033787098
0.034039248
0.03365575
0.03374018
0.033415966
0.03364893
0.032700676
0.033110388
0.03335222
0.03342959
0.033468604
0.032563794
0.033480022
0.03296828
0.03390086
0.033857875
0.03366006
0.03390113
0.033573885
0.033992276
0.033197634
0.033950232
0.033577286
0.033975378
0.033797603
0.03255428
0.032934304
0.03231151
0.0328534
0.03275686
0.033650644
0.033418804
0.03364916
0.0337119
0.03474769
0.032825768
0.034246527
0.032832865
0.033976518
0.03282972
0.03472927
0.033216823
0.033368316
0.032441698
0.032923568
0.033292122
0.033979826
0.033145882
0.033766665
0.03287429
0.031811975
0.032528847
0.0336949
0.032437205
0.03276766
0.032860078
0.03184004
0.033415925
0.033315618
0.032880872
0.03277917
0.032085035
0.032803807
0.03201767
0.032696404
0.034753885
0.03318963
0.032190323
0.031891983
0.032476183
0.03208781
0.032348443
0.033582006
0.032189686
0.031798992
0.03236376
0.03209392
0.03217808
0.03267565
0.031806998
0.031396084
0.03159671
0.03244489
0.032213904
0.031845298
0.031931583
0.03302227
0.031972833
0.03201437
0.032373674
0.03144209
0.0317577
0.031221228
0.03120086
0.03190031
0.03190128
0.031230226
0.0314585
0.033158887
0.031316098
0.031694416
0.0313492
0.032078512
0.031976704
0.03176558
0.031420916
0.03209008
0.031266537
0.031549692
0.031677015
0.03169634
0.031085564
0.033467896
0.031734437
0.031467915
0.03202373
0.031327877
0.031732023
0.032896165
0.03251497
0.03160611
0.031033553
0.031931695
0.03182092
0.0320963
0.030899232
0.031242246
0.032216184
0.030927673
0.03173966
0.032581262
0.031324245
0.03280961
0.030485336
0.031201793
0.031599835
0.030698905
0.031109776
0.030683294
0.030269124
0.031127853
0.0316216
0.031162886
0.031871688
0.030513613
0.031647652
0.030909777
0.031147372
0.03193766
0.03090055
0.03143545
0.03177126
0.031263947
0.03125745
0.031423975
0.030945458
0.03195705
0.031018829
0.030494202
0.030228032
0.030972747
0.03077415
0.0304516
0.030569853
0.0305029
0.030593116
0.030747537
0.030127356
0.030249378
0.031056691
0.030406425
0.030632319
0.031185215
0.030997278
0.030878823
0.031183556
0.031811684
0.03164291
0.03167778
0.030550689
0.03063075
0.030672884
0.030645123
0.031172613
0.030090574
0.030990638
0.030593386
0.030398311
0.030555354
0.031299368
0.030105352
0.029831422
0.0305466
0.030317536
0.030474167
0.03018754
0.030035714
0.030361518
0.029780714
0.03051789
0.030418037
0.0303694
0.029633125
0.029624261
0.029929396
0.030250741
0.030265832
0.030892357
0.029919293
0.030209837
0.030071687
0.030639675
0.030236408
0.030091029
0.030159583
0.02942717
0.030245952
0.029951341
0.030119114
0.029392203
0.030005712
0.029914413
0.029592624
0.031514592
0.029908732
0.029727317
0.029910231
0.030070363
0.029987168
0.029581688
0.029415999
0.029833743
0.029346878
0.029485976
0.029083079
0.029903106
0.029599259
0.030161606
0.028940331
0.029493872
0.02920013
0.029901905
0.030780317
0.029772315
0.029567145
0.030154092
0.030139098
0.029243324
0.028975375
0.029445762
0.028727785
0.029445516
0.03021548
0.029412024
0.029321399
0.028852873
0.029174984
0.029119171
0.02883907
0.0290186
0.029467572
0.029975401
0.030173708
0.0299919
0.029301224
0.028922578
0.029423054
0.029203407
0.029759128
0.029654307
0.02919966
0.028884547
0.029459435
0.029436084
0.028835606
0.02962951
0.029894289
0.029108606
0.029396126
0.029566584
0.030168407
0.030633213
0.029130358
0.028956067
0.029370459
0.028368622
0.028573671
0.028915733
0.029205179
0.029332813
0.029964993
0.028629031
0.02849381
0.028514009
0.0288504
0.028698428
0.028684406
0.029442253
0.02859144
0.028635705
0.028704321
0.029485147
0.02857179
0.028964823
0.03039994
0.03039117
0.030041259
0.028275965
0.02961275
0.02847409
0.028560448
0.02920647
0.028310213
0.028760256
0.028957762
0.028690856
0.030135997
0.029770719
0.028850822
0.028901609
0.028980406
0.029766412
0.028945118
0.028608048
0.028898295
0.028100947
0.027965441
0.028807504
0.028174266
0.028417485
0.028435003
0.027887737
0.030079175
0.028679153
0.028943596
0.028402431
0.02929126
0.028652923
0.029876245
0.029199786
0.028796807
0.028524775
0.029598562
0.028136168
0.029639501
0.030040922
0.02947218
0.028916067
0.02805206
0.028627947
0.028257873
0.027497793
0.029091895
0.029031362
0.028249547
0.028399682
0.027965428
0.028323151
0.028402304
0.028088177
0.027515233
0.027753446
0.027925806
0.028387168
0.028684204
0.027955629
0.02820609
0.027800621
0.028227499
0.028732462
0.027956098
0.02724905
0.027613122
0.029717086
0.027979424
0.027639177
0.029374307
0.028349424
0.027942
0.027675012
0.027904987
0.027752705
0.027351754
0.027533947
0.02765707
0.028894173
0.027562328
0.028047083
0.027873872
0.027615203
0.029273858
0.028653841
0.028242193
0.02795056
0.027940515
0.028162468
0.02842177
0.028874999
0.028926823
0.02776792
0.02747465
0.02700304
0.028652927
0.02866432
0.027038718
0.028085232
0.027939014
0.027435958
0.028632045
0.027742786
0.02802146
0.028669227
0.027737377
0.027331568
0.027408347
0.02746514
0.027865492
0.027061598
0.027058434
0.027551148
0.027263004
0.027898112
0.027296942
0.026869195
0.02770962
0.027165424
0.027393386
0.028156416
0.027364204
0.027451778
0.027014121
0.027191874
0.027264157
0.027385885
0.026847243
0.027443605
0.027479595
0.026997104
0.02707909
0.027783547
0.027941687
0.027735204
0.027587269
0.027347462
0.026957294
0.027306825
0.027604524
0.027574945
0.0278187
0.02723322
0.027543947
0.027154457
0.02694851
0.027658692
0.027750561
0.027611721
0.028411025
0.027332023
0.027063834
0.027240383
0.027105277
0.027175317
0.027359579
0.026425062
0.02649741
0.026721178
0.027504068
0.027620448
0.027291074
0.027345842
0.027012274
0.027036672
0.027143372
0.027690612
0.026837833
0.026857076
0.026583668
0.026941651
0.026509903
0.027352715
0.026827622
0.026878932
0.026762336
0.026781682
0.027106544
0.026446339
0.026473312
0.027235113
0.026871135
0.026048671
0.027266001
0.028518924
0.026595272
0.026071344
0.026676185
0.027007012
0.026177177
0.027269978
0.026576139
0.026278488
0.026362829
0.027146222
0.027986884
0.027148731
0.026703982
0.02654228
0.026597328
0.026409853
0.02670048
0.026381968
0.027693821
0.026288245
0.027208954
0.026623042
0.027549045
0.027568694
0.027174728
0.026859779
0.02626281
0.026835347
0.026319806
0.026028307
0.026433628
0.02638552
0.026802748
0.026411442
0.026744584
0.026542526
0.026655491
0.026730109
0.026322257
0.026248034
0.02591931
0.02621353
0.026660822
0.026311316
0.026261158
0.026617924
0.026735645
0.026527643
0.027236158
0.026950274
0.025741301
0.02744814
0.026085619
0.026097313
0.025661813
0.027546413
0.025599731
0.026168674
0.026191507
0.025936445
0.02601699
0.026103096
0.025581455
0.025773883
0.026215687
0.026515989
0.026436038
0.026554873
0.02658149
0.026665049
0.026115566
0.025889857
0.026994357
0.026334502
0.025801819
0.026412435
0.02639836
0.025893714
0.02649491
0.026276942
0.026422072
0.026739229
0.02634829
0.026514728
0.025875237
0.026008133
0.026572227
0.026161307
0.0260569
0.02528199
0.026250176
0.026190406
0.027443228
0.026101196
0.025800528
0.02585319
0.026863614
0.025719337
0.026463192
0.025204126
0.02584111
0.025261072
0.025458518
0.0256878
0.025996858
0.026282236
0.025781509
0.026017621
0.025490977
0.026029868
0.025371578
0.025549755
0.025675818
0.025807083
0.025780212
0.026034176
0.0260961
0.027617615
0.026077531
0.026523571
0.025245557
0.025516175
0.026255775
0.025836319
0.025542067
0.026288705
0.025557073
0.02625841
0.02637447
0.025989644
0.025215212
0.025511999
0.02515457
0.02543734
0.025413455
0.02543571
0.0259623
0.025996095
0.025151392
0.025459522
0.025542228
0.024876771
0.025120417
0.025162846
0.024731843
0.026164593
0.026655316
0.026469683
0.025372138
0.0259098
0.024795098
0.024663357
0.026335
0.025439242
0.024647353
0.02532823
0.024743406
0.02589576
0.025575984
0.025499627
0.025541263
0.02473127
0.02507247
0.025326112
0.024665909
0.025255665
0.025949012
0.025849456
0.025073322
0.025351454
0.026348768
0.024905017
0.025588475
0.024461001
0.026946269
0.024738425
0.02502517
0.024385327
0.025087759
0.025449254
0.024987321
0.024905296
0.025392499
0.025977135
0.02507497
0.024810767
0.024492363
0.024633525
0.024294328
0.024925875
0.024492266
0.02616925
0.024472425
0.025170838
0.025590513
0.024660021
0.025818449
0.024639668
0.02482644
0.02474135
0.024823612
0.024837578
0.024582965
0.024880681
0.025314962
0.024973093
0.024535479
0.025127279
0.024611609
0.025275256
0.025540126
0.02464773
0.02503427
0.024850555
0.02486213
0.024476163
0.024770051
0.024378048
0.024488095
0.025356343
0.025031332
0.025260817
0.02467187
0.024573684
0.02458744
0.024654344
0.02497938
0.024783527
0.024662873
0.024108734
0.024554603
0.02443824
0.024808532
0.024194224
0.024688179
0.024427649
0.024237897
0.025292052
0.024831275
0.024194393
0.024490079
0.024121435
0.025761
0.024673179
0.025354771
0.025285853
0.02452529
0.025239617
0.024157746
0.025086977
0.024533946
0.024640704
0.024885051
0.024671238
0.024135113
0.024246493
0.024266066
0.024165658
0.024876563
0.02457446
0.023979232
0.024512276
0.02428182
0.02483301
0.024500206
0.024077473
0.025153156
0.024234092
0.02450416
0.024307633
0.024517462
0.023967978
0.023957653
0.023942716
0.024212308
0.024521058
0.024124596
0.024514157
0.024962537
0.024500655
0.02517851
0.025391882
0.024009407
0.02413576
0.024334708
0.024378581
0.024657726
0.023710739
0.024201533
0.02459404
0.024047354
0.024171658
0.023583455
0.024490926
0.024199674
0.024239201
0.024077548
0.024984665
0.024137678
0.023817474
0.024735488
0.024125738
0.024736414
0.02381301
0.024780255
0.024458498
0.023905111
0.023903204
0.02430308
0.02354824
0.023736427
0.024151776
0.02372341
0.023663098
0.023439236
0.024191547
0.02398092
0.024218021
0.023754867
0.024045723
0.024199389
0.024754817
0.024746506
0.025077343
0.024297707
0.024124928
0.023805331
0.024156656
0.024255987
0.0239176
0.02420783
0.024477879
0.023970375
0.024489004
0.023921086
0.023969604
0.024523765
0.024697436
0.023928965
0.023725346
0.02378493
0.023572883
0.023368543
0.02369511
0.023618173
0.023556698
0.023228884
0.024827061
0.02388704
0.02401725
0.023878723
0.02368087
0.024141753
0.02431113
0.023468874
0.024789546
0.023455702
0.023730371
0.023643913
0.023922255
0.02438501
0.023636203
0.023300545
0.024957722
0.02330906
0.023616545
0.023650337
0.02394798
0.023789184
0.022897728
0.023553243
0.023418272
0.023187766
0.023549568
0.023405433
0.023490634
0.024158053
0.023711378
0.023924671
0.023760647
0.02314877
0.02376
0.023865782
0.02499374
0.023249201
0.024224672
0.02410957
0.02343398
0.023153841
0.023308255
0.023445498
0.023594733
0.0233589
0.024550423
0.023110801
0.024066364
0.023803143
0.022901038
0.02363119
0.023328708
0.023918947
0.023994423
0.024334919
0.023383763
0.023319602
0.023482483
0.0238586
0.024001079
0.023571577
0.023270117
0.023550538
0.022972912
0.022885382
0.02322432
0.023161545
0.022907887
0.023493389
0.02352255
0.023174617
0.023106892
0.023265267
0.02370889
0.023306305
0.023827123
0.023431648
0.0232823
0.023234043
0.023037298
0.023486026
0.023804637
0.023158576
0.02366528
0.023546716
0.023402063
0.023461359
0.023491008
0.022569034
0.022711618
0.023995718
0.023512874
0.023243869
0.023847204
0.023480393
0.023540894
0.023313092
0.023267003
0.024512898
0.023022443
0.023718793
0.022853957
0.024953691
0.023726499
0.023398945
0.0228464
0.023190998
0.023161352
0.023035113
0.023588711
0.023570329
0.023121564
0.02367107
0.023295587
0.02379454
0.02365518
0.022652727
0.02305527
0.022918973
0.024104748
0.02383185
0.02308211
0.023401726
0.023196403
0.023853298
0.023481386
0.023689793
0.022756321
0.02310136
0.022589352
0.023317026
0.023891203
0.02313373
0.023705615
0.023202566
0.023330076
0.022663904
0.023708874
0.02325211
0.02239515
0.023498584
0.02289824
0.022518726
0.022900691
0.022513038
0.023570042
0.023299234
0.022965733
0.023471376
0.023202421
0.023226958
0.022614347
0.022422934
0.022923639
0.02288404
0.023618529
0.023371102
0.022546425
0.022852032
0.022997795
0.023201521
0.022793688
0.023144973
0.02234736
0.022881877
0.022823464
0.023264846
0.022246521
0.022738466
0.023606842
0.02306653
0.02304756
0.022952778
0.022744438
0.022123808
0.022934025
0.022779936
0.022812176
0.022516863
0.022674618
0.023373796
0.022637306
0.022848282
0.0222898
0.022496438
0.022481747
0.023381794
0.023140036
0.023021478
0.023380924
0.02294519
0.02304473
0.022654401
0.022332652
0.02287805
0.02312253
0.023441326
0.022876445
0.022995753
0.022985253
0.022525713
0.022819951
0.023581546
0.02256662
0.022774933
0.022941528
0.022815922
0.023089057
0.0226071
0.023207078
0.022816626
0.022251507
0.022918385
0.022956986
0.023592595
0.02302259
0.023061901
0.023267567
0.022463027
0.022673357
0.022318192
0.022459397
0.022099843
0.023067985
0.022095287
0.02205959
0.02203288
0.022378659
0.022685088
0.022361828
0.022211906
0.022504786
0.023088152
0.023275563
0.022293366
0.022809096
0.022414932
0.02228739
0.022144066
0.022747789
0.02211825
0.022321938
0.022763088
0.022979194
0.022965053
0.022965433
0.02202052
0.022433309
0.022461992
0.022412239
0.022309506
0.022209281
0.022697644
0.022359528
0.022662565
0.022139989
0.023014499
0.022083843
0.021640861
0.022847641
0.022197343
0.022558741
0.022571996
0.02218587
0.0220919
0.021874562
0.022495478
0.022898395
0.022017082
0.023545872
0.022436354
0.022138732
0.023113191
0.022653466
0.022009205
0.022195451
0.022703918
0.021951588
0.022223178
0.022183983
0.022095943
0.022282664
0.021962876
0.022879405
0.021653114
0.022344926
0.02306883
0.021918785
0.022049338
0.022376923
0.022594037
0.022234922
0.02148694
0.021628805
0.021938981
0.02260079
0.023355108
0.02161775
0.022221627
0.02228681
0.022093771
0.021921549
0.022068271
0.022374183
0.021559713
0.021917982
0.021887096
0.021667983
0.022308797
0.02231096
0.02184856
0.02274756
0.021795306
0.022363309
0.021903306
0.022206476
0.022093695
0.02189059
0.021881763
0.022113219
0.021539181
0.02211983
0.021993166
0.02219381
0.022074558
0.021774068
0.021157635
0.021809027
0.022242535
0.022294141
0.021864984
0.021735193
0.021592174
0.022419984
0.022738498
0.021856248
0.022039605
0.021588137
0.02244776
0.022025952
0.021430163
0.022307508
0.0220549
0.021465154
0.021858964
0.0215131
0.02210039
0.021772359
0.022199186
0.021667132
0.021462804
0.021926796
0.02142122
0.023008974
0.022136373
0.022026177
0.021847153
0.022532487
0.021931248
0.0221237
0.022017762
0.022308754
0.021678992
0.02152686
0.0223231
0.02216334
0.02173998
0.02158643
0.0218636
0.021993794
0.022015328
0.021473587
0.021322867
0.023123214
0.021469336
0.02221753
0.02146345
0.021173334
0.021451147
0.02151577
0.021270681
0.02136624
0.021408642
0.021294039
0.021654679
0.021626398
0.022147056
0.02166834
0.022599762
0.021762272
0.022122987
0.021113196
0.02124183
0.021183467
0.02173621
0.021813523
0.021666849
0.021532299
0.021531004
0.021068335
0.021580877
0.021526292
0.021422708
0.021186851
0.02143104
0.02219443
0.02092747
0.021617025
0.02157571
0.021263553
0.021310525
0.021298483
0.021594612
0.021490058
0.021233745
0.021924483
0.020750692
0.021098439
0.021524679
0.022310598
0.021600239
0.021272017
0.020986833
0.021410752
0.020689884
0.021616897
0.020983936
0.021927208
0.021236701
0.020909661
0.02067157
0.02074767
0.020974027
0.021615535
0.02135401
0.02070278
0.022684092
0.021447243
0.021719854
0.02137372
0.021807805
0.020805722
0.022172522
0.021128187
0.021780679
0.021520693
0.021190902
0.021115871
0.021641342
0.021550426
0.021241056
0.02140166
0.021581437
0.020950036
0.021801425
0.021613736
0.021586869
0.021350838
0.021209776
0.021241022
0.021236874
0.021207638
0.021409515
0.02140855
0.021385936
0.02183711
0.021438858
0.02189293
0.021489562
0.021500941
0.021349477
0.021254083
0.021046132
0.021182537
0.02092925
0.02107429
0.021398522
0.021348359
0.021788105
0.021406628
0.02209388
0.021513356
0.021722931
0.021418188
0.020912714
0.021670585
0.02246319
0.020664748
0.020857682
0.020927554
0.021108128
0.0206804
0.02059044
0.021000946
0.020928286
0.020905603
0.021381877
0.021224014
0.021170108
0.02131131
0.020961935
0.021054717
0.021002624
0.021220746
0.020996079
0.022128306
0.021198478
0.02057657
0.02078857
0.020814586
0.020988924
0.021228176
0.020793654
0.021790685
0.021287361
0.020867243
0.020900689
0.020794043
0.020786464
0.02041753
0.020620253
0.020848582
0.021169767
0.020810826
0.020581294
0.021832073
0.020664126
0.021407293
0.021272888
0.021198675
0.02152491
0.021011086
0.021146722
0.02119195
0.020564433
0.020774836
0.020752879
0.020878343
0.020857818
0.020933632
0.020984555
0.022040805
0.020895729
0.02079739
0.020886585
0.02067942
0.020923812
0.021033
0.0215022
0.020730022
0.02080338
0.02241527
0.02092608
0.021300815
0.020740023
0.021230262
0.02069993
0.020796511
0.020706715
0.020651372
0.021452656
0.020635402
0.020836104
0.020841533
0.02131125
0.020583803
0.021125795
0.021038882
0.020791126
0.020626642
0.020444723
0.020575281
0.020770488
0.020411737
0.020826679
0.020888494
0.020865966
0.020452704
0.020980863
0.020368451
0.021197138
0.021502078
0.020562671
0.020745048
0.019941915
0.020651348
0.020359963
0.020436738
0.020934416
0.020586932
0.020441435
0.02050644
0.020332074
0.020754466
0.02103013
0.021080408
0.020728644
0.021042902
0.02050721
0.020133832
0.021157017
0.020852251
0.020781947
0.02058739
0.021066712
0.020777194
0.02042393
0.02163842
0.021535488
0.02124186
0.020712424
0.020804385
0.020744393
0.020233395
0.021007828
0.020566313
0.020517768
0.020336974
0.020993358
0.020631615
0.020715902
0.020781705
0.021019524
0.020562882
0.020440038
0.021089673
0.020387739
0.020588156
0.02040753