20 197.67 -0.31 197.35 0.062 17 24 0.37 0.0 
40 196.45 -0.89 195.56 0.089 32 50 0.7 0.0 
60 195.61 -1.06 194.55 0.109 51 79 1.12 0.0 
80 194.29 -1.25 193.04 0.142 64 108 1.4 0.01 
100 194.27 -1.96 192.31 0.171 76 141 1.67 0.01 
120 192.77 -1.96 190.81 0.205 92 174 2.02 0.01 
140 192.23 -2.27 189.96 0.219 104 211 2.28 0.01 
160 191.1 -2.55 188.56 0.239 117 248 2.57 0.01 
180 190.46 -2.81 187.65 0.265 130 278 2.85 0.01 
200 189.98 -3.26 186.71 0.263 141 312 3.09 0.02 
220 188.87 -3.41 185.46 0.296 154 344 3.38 0.02 
240 188.58 -3.65 184.93 0.309 169 380 3.71 0.02 
260 187.61 -3.97 183.64 0.328 178 411 3.9 0.02 
280 186.04 -4.27 181.77 0.336 191 443 4.19 0.02 
300 184.66 -4.56 180.1 0.356 203 480 4.45 0.02 
320 184.41 -4.73 179.67 0.375 210 511 4.61 0.03 
340 183.96 -5.02 178.94 0.384 224 548 4.91 0.03 
360 183.69 -5.31 178.38 0.389 235 587 5.15 0.03 
380 182.09 -5.5 176.59 0.404 248 619 5.44 0.03 
400 181.73 -5.85 175.87 0.416 262 655 5.75 0.03 
420 181.49 -5.94 175.55 0.425 276 690 6.05 0.03 
440 180.74 -6.1 174.64 0.437 289 726 6.34 0.04 
460 180.37 -6.27 174.11 0.451 300 762 6.58 0.04 
480 179.61 -6.38 173.23 0.46 313 799 6.86 0.04 
500 178.53 -6.76 171.78 0.471 327 839 7.17 0.04 
520 178.35 -7.02 171.34 0.481 341 875 7.48 0.04 
540 178.17 -7.19 170.98 0.489 351 919 7.7 0.05 
560 176.75 -7.38 169.38 0.498 360 959 7.89 0.05 
580 176.03 -7.64 168.38 0.501 372 999 8.16 0.05 
600 174.82 -7.93 166.9 0.515 386 1039 8.46 0.05 
620 174.54 -8.11 166.43 0.527 397 1075 8.71 0.05 
640 174.75 -8.15 166.6 0.531 406 1118 8.9 0.06 
660 173.66 -8.25 165.41 0.539 419 1156 9.19 0.06 
680 173.38 -8.29 165.09 0.555 431 1190 9.45 0.06 
700 172.33 -8.34 163.99 0.563 444 1235 9.74 0.06 
720 172.34 -8.46 163.87 0.569 455 1276 9.98 0.06 
740 171.3 -8.64 162.67 0.57 469 1318 10.29 0.07 
760 170.41 -8.78 161.63 0.578 480 1355 10.53 0.07 
780 170.53 -8.97 161.56 0.58 491 1396 10.77 0.07 
800 169.65 -9.17 160.48 0.597 501 1440 10.99 0.07 
820 169.04 -9.27 159.78 0.598 512 1477 11.23 0.07 
840 168.26 -9.3 158.96 0.605 519 1522 11.38 0.08 
860 168.72 -9.58 159.14 0.609 533 1563 11.69 0.08 
880 167.32 -9.86 157.46 0.613 541 1611 11.86 0.08 
900 167.1 -10.15 156.95 0.622 548 1654 12.02 0.08 
920 166.24 -10.24 156.0 0.63 562 1698 12.32 0.08 
940 165.46 -10.37 155.09 0.634 571 1738 12.52 0.09 
960 165.37 -10.45 154.93 0.637 583 1780 12.79 0.09 
980 164.35 -10.31 154.04 0.64 589 1824 12.92 0.09 
1000 164.19 -10.47 153.73 0.648 599 1868 13.14 0.09 
1020 163.65 -10.47 153.18 0.65 610 1908 13.38 0.09 
1040 163.28 -10.54 152.74 0.655 623 1950 13.66 0.1 
1060 163.31 -10.57 152.75 0.66 632 1995 13.86 0.1 
1080 162.03 -10.58 151.44 0.671 646 2039 14.17 0.1 
1100 161.61 -10.69 150.92 0.674 655 2083 14.36 0.1 
1120 161.51 -10.84 150.67 0.677 663 2132 14.54 0.11 
1140 161.22 -10.94 150.28 0.676 672 2175 14.74 0.11 
1160 160.75 -11.08 149.67 0.686 677 2222 14.85 0.11 
1180 160.6 -11.13 149.47 0.691 690 2269 15.13 0.11 
1200 160.22 -11.05 149.18 0.698 699 2316 15.33 0.12 
1220 160.26 -11.13 149.13 0.7 708 2364 15.53 0.12 
1240 159.97 -11.11 148.86 0.697 722 2408 15.83 0.12 
1260 159.21 -11.09 148.12 0.703 730 2455 16.01 0.12 
1280 158.74 -11.13 147.61 0.704 736 2506 16.14 0.12 
1300 158.25 -11.04 147.21 0.707 752 2555 16.49 0.13 
1320 157.71 -11.17 146.54 0.715 761 2599 16.69 0.13 
1340 157.59 -11.12 146.46 0.715 772 2650 16.93 0.13 
1360 156.87 -11.06 145.81 0.718 781 2696 17.13 0.13 
1380 156.75 -11.07 145.68 0.719 792 2746 17.37 0.14 
1400 156.16 -11.06 145.09 0.72 799 2793 17.52 0.14 
1420 155.82 -11.07 144.75 0.726 806 2838 17.68 0.14 
1440 155.28 -11.1 144.19 0.728 812 2897 17.81 0.14 
1460 154.98 -10.98 143.99 0.73 824 2951 18.07 0.15 
1480 155.11 -10.99 144.12 0.733 833 2993 18.27 0.15 
1500 154.14 -11.06 143.07 0.732 841 3046 18.44 0.15 
1520 153.29 -11.07 142.22 0.74 857 3098 18.79 0.15 
1540 153.18 -11.19 141.99 0.741 866 3150 18.99 0.16 
1560 152.75 -11.21 141.54 0.743 872 3201 19.12 0.16 
1580 152.01 -11.25 140.76 0.746 882 3245 19.34 0.16 
1600 151.44 -11.27 140.17 0.745 886 3295 19.43 0.16 
1620 151.33 -11.11 140.22 0.75 894 3341 19.61 0.17 
1640 151.35 -11.12 140.24 0.753 900 3393 19.74 0.17 
1660 150.78 -11.03 139.74 0.752 906 3442 19.87 0.17 
1680 150.73 -11.13 139.6 0.756 915 3498 20.07 0.17 
1700 150.71 -11.15 139.56 0.756 923 3556 20.24 0.18 
1720 150.4 -11.05 139.35 0.755 930 3607 20.39 0.18 
1740 149.9 -11.06 138.84 0.76 942 3656 20.66 0.18 
1760 149.19 -11.01 138.18 0.762 949 3700 20.81 0.18 
1780 148.51 -11.05 137.46 0.763 957 3751 20.99 0.19 
1800 148.14 -10.96 137.18 0.764 970 3796 21.27 0.19 
1820 147.76 -11.04 136.72 0.768 980 3852 21.49 0.19 
1840 147.67 -11.05 136.63 0.769 988 3907 21.67 0.19 
1860 147.95 -11.08 136.87 0.771 996 3961 21.84 0.2 
1880 147.37 -10.96 136.41 0.774 1003 4015 22.0 0.2 
1900 146.89 -11.05 135.84 0.776 1008 4073 22.11 0.2 
1920 146.57 -11.14 135.43 0.772 1013 4128 22.21 0.21 
1940 146.14 -11.21 134.94 0.777 1018 4184 22.32 0.21 
1960 145.71 -11.13 134.57 0.78 1028 4233 22.54 0.21 
1980 146.27 -11.13 135.14 0.78 1034 4284 22.68 0.21 
2000 145.91 -11.1 134.81 0.78 1039 4334 22.79 0.22 
2020 144.72 -11.05 133.67 0.779 1047 4382 22.96 0.22 
2040 144.8 -11.14 133.66 0.781 1056 4439 23.16 0.22 
2060 144.33 -11.09 133.24 0.785 1065 4497 23.36 0.22 
2080 144.19 -11.04 133.15 0.787 1075 4551 23.57 0.23 
2100 143.66 -10.97 132.69 0.79 1084 4604 23.77 0.23 
2120 143.04 -10.96 132.08 0.792 1094 4651 23.99 0.23 
2140 142.89 -10.94 131.95 0.79 1101 4703 24.14 0.23 
2160 143.1 -10.92 132.18 0.79 1105 4762 24.23 0.24 
2180 142.73 -10.91 131.81 0.794 1113 4817 24.41 0.24 
2200 142.24 -10.87 131.37 0.797 1121 4869 24.58 0.24 
2220 142.0 -10.69 131.3 0.795 1127 4924 24.71 0.24 
2240 141.33 -10.67 130.66 0.797 1135 4979 24.89 0.25 
2260 140.9 -10.67 130.23 0.798 1148 5037 25.18 0.25 
2280 140.32 -10.49 129.83 0.799 1156 5092 25.35 0.25 
2300 140.21 -10.39 129.82 0.798 1161 5149 25.46 0.26 
2320 139.55 -10.35 129.19 0.798 1170 5204 25.66 0.26 
2340 139.98 -10.4 129.58 0.801 1177 5255 25.81 0.26 
2360 140.28 -10.37 129.91 0.803 1184 5310 25.96 0.26 
2380 139.61 -10.33 129.29 0.805 1189 5366 26.07 0.27 
2400 139.04 -10.24 128.8 0.808 1199 5420 26.29 0.27 
2420 139.34 -10.18 129.15 0.807 1207 5479 26.47 0.27 
2440 138.52 -10.09 128.43 0.809 1217 5531 26.69 0.28 
2460 138.53 -9.93 128.6 0.809 1223 5591 26.82 0.28 
2480 138.22 -9.83 128.39 0.809 1228 5642 26.93 0.28 
2500 138.03 -9.73 128.3 0.81 1236 5697 27.11 0.28 
2520 137.67 -9.72 127.95 0.812 1244 5753 27.28 0.29 
2540 137.49 -9.66 127.83 0.813 1250 5812 27.41 0.29 
2560 137.46 -9.62 127.84 0.813 1256 5876 27.54 0.29 
2580 137.28 -9.63 127.65 0.813 1266 5928 27.76 0.29 
2600 136.86 -9.43 127.43 0.814 1280 5975 28.07 0.3 
2620 136.79 -9.35 127.44 0.816 1287 6036 28.22 0.3 
2640 135.98 -9.31 126.67 0.814 1291 6090 28.31 0.3 
2660 135.42 -9.28 126.14 0.817 1296 6144 28.42 0.31 
2680 135.64 -9.31 126.33 0.818 1301 6201 28.53 0.31 
2700 135.55 -9.31 126.24 0.82 1308 6261 28.68 0.31 
2720 134.74 -9.14 125.6 0.82 1316 6315 28.86 0.31 
2740 134.69 -9.03 125.67 0.823 1322 6371 28.99 0.32 
2760 134.8 -9.05 125.75 0.822 1328 6429 29.12 0.32 
2780 134.74 -9.13 125.61 0.822 1334 6490 29.25 0.32 
2800 134.35 -9.08 125.27 0.822 1344 6543 29.47 0.33 
2820 133.76 -8.98 124.78 0.822 1352 6586 29.65 0.33 
2840 133.54 -8.93 124.61 0.826 1362 6640 29.87 0.33 
2860 133.82 -8.84 124.98 0.825 1374 6692 30.13 0.33 
2880 132.9 -8.73 124.17 0.829 1383 6743 30.33 0.34 
2900 132.75 -8.68 124.07 0.828 1390 6801 30.48 0.34 
2920 132.61 -8.62 123.99 0.83 1398 6856 30.66 0.34 
2940 131.4 -8.48 122.92 0.828 1400 6919 30.7 0.34 
2960 131.12 -8.42 122.7 0.831 1409 6975 30.9 0.35 
2980 130.74 -8.38 122.36 0.833 1417 7033 31.07 0.35 
3000 130.51 -8.28 122.23 0.835 1422 7087 31.18 0.35 
3020 130.84 -8.24 122.6 0.836 1428 7149 31.32 0.36 
3040 130.56 -8.27 122.28 0.836 1433 7206 31.43 0.36 
3060 130.79 -8.19 122.6 0.837 1438 7264 31.54 0.36 
3080 129.86 -7.99 121.87 0.837 1448 7315 31.75 0.36 
3100 129.78 -7.95 121.84 0.838 1455 7377 31.91 0.37 
3120 129.3 -7.82 121.48 0.837 1464 7439 32.11 0.37 
3140 129.5 -7.8 121.7 0.84 1471 7505 32.26 0.37 
3160 129.08 -7.74 121.34 0.838 1482 7556 32.5 0.38 
3180 128.87 -7.68 121.19 0.84 1488 7604 32.63 0.38 
3200 128.49 -7.62 120.87 0.841 1492 7660 32.72 0.38 
3220 128.26 -7.6 120.66 0.841 1498 7723 32.85 0.38 
3240 128.41 -7.52 120.9 0.842 1504 7781 32.98 0.39 
3260 128.04 -7.42 120.62 0.839 1507 7836 33.05 0.39 
3280 127.84 -7.4 120.44 0.843 1514 7897 33.2 0.39 
3300 127.16 -7.32 119.84 0.842 1519 7958 33.31 0.4 
3320 126.7 -7.2 119.49 0.844 1526 8006 33.46 0.4 
3340 127.41 -7.14 120.27 0.843 1532 8065 33.6 0.4 
3360 127.16 -7.0 120.15 0.844 1539 8125 33.75 0.4 
3380 126.66 -6.94 119.71 0.846 1549 8179 33.97 0.41 
3400 126.65 -6.87 119.77 0.845 1554 8237 34.08 0.41 
3420 126.2 -6.81 119.39 0.848 1558 8296 34.17 0.41 
3440 126.2 -6.64 119.56 0.847 1562 8351 34.25 0.42 
3460 125.71 -6.58 119.12 0.846 1563 8411 34.28 0.42 
3480 125.51 -6.61 118.9 0.845 1571 8473 34.45 0.42 
3500 125.34 -6.51 118.83 0.846 1578 8527 34.61 0.42 
3520 125.26 -6.48 118.78 0.846 1582 8589 34.69 0.43 
3540 124.83 -6.37 118.46 0.849 1586 8650 34.78 0.43 
3560 124.31 -6.38 117.93 0.85 1590 8708 34.87 0.43 
3580 123.8 -6.3 117.5 0.85 1594 8764 34.96 0.44 
3600 123.77 -6.27 117.49 0.849 1601 8823 35.11 0.44 
3620 123.91 -6.22 117.69 0.851 1607 8880 35.24 0.44 
3640 123.8 -6.06 117.74 0.851 1609 8943 35.29 0.44 
3660 123.69 -6.04 117.65 0.851 1613 9015 35.37 0.45 
3680 123.84 -5.89 117.94 0.852 1617 9082 35.46 0.45 
3700 123.57 -5.78 117.79 0.853 1622 9141 35.57 0.45 
3720 122.69 -5.7 116.99 0.852 1626 9209 35.66 0.46 
3740 122.89 -5.61 117.27 0.852 1634 9269 35.83 0.46 
3760 122.2 -5.47 116.72 0.853 1646 9320 36.1 0.46 
3780 122.55 -5.35 117.2 0.855 1650 9376 36.18 0.47 
3800 122.49 -5.28 117.21 0.856 1655 9441 36.29 0.47 
3820 122.34 -5.1 117.24 0.857 1661 9501 36.43 0.47 
3840 122.16 -4.88 117.28 0.856 1669 9553 36.6 0.48 
3860 121.7 -4.82 116.87 0.857 1673 9617 36.69 0.48 
3880 121.52 -4.69 116.83 0.858 1678 9667 36.8 0.48 
3900 120.92 -4.62 116.29 0.858 1683 9731 36.91 0.48 
3920 121.23 -4.5 116.73 0.859 1690 9782 37.06 0.49 
3940 120.57 -4.42 116.15 0.86 1694 9836 37.15 0.49 
3960 120.61 -4.24 116.37 0.856 1705 9884 37.39 0.49 
3980 120.41 -4.16 116.25 0.856 1709 9936 37.48 0.49 
4000 119.87 -4.08 115.8 0.856 1716 9998 37.63 0.5 
4020 119.74 -3.99 115.75 0.857 1722 10050 37.76 0.5 
4040 119.74 -3.91 115.83 0.86 1728 10111 37.89 0.5 
4060 119.3 -3.92 115.39 0.861 1732 10171 37.98 0.51 
4080 119.08 -3.85 115.23 0.861 1736 10229 38.07 0.51 
4100 119.47 -3.77 115.7 0.863 1738 10290 38.11 0.51 
4120 119.28 -3.57 115.71 0.863 1743 10348 38.22 0.51 
4140 119.06 -3.45 115.61 0.864 1751 10409 38.4 0.52 
4160 118.84 -3.28 115.57 0.864 1756 10470 38.51 0.52 
4180 118.59 -3.12 115.47 0.864 1760 10533 38.6 0.52 
4200 118.12 -3.07 115.05 0.864 1765 10587 38.71 0.53 
4220 118.06 -3.03 115.03 0.865 1767 10646 38.75 0.53 
4240 117.59 -3.01 114.59 0.865 1771 10710 38.84 0.53 
4260 117.77 -2.95 114.82 0.866 1774 10773 38.9 0.54 
4280 117.77 -2.84 114.93 0.866 1777 10834 38.97 0.54 
4300 117.21 -2.69 114.52 0.868 1785 10892 39.14 0.54 
4320 117.18 -2.47 114.71 0.868 1787 10944 39.19 0.54 
4340 116.52 -2.36 114.16 0.867 1792 11007 39.3 0.55 
4360 116.55 -2.27 114.29 0.866 1795 11066 39.36 0.55 
4380 116.08 -2.21 113.87 0.868 1802 11125 39.52 0.55 
4400 116.07 -2.14 113.93 0.869 1804 11183 39.56 0.56 
4420 115.67 -1.99 113.68 0.87 1809 11238 39.67 0.56 
4440 115.24 -1.91 113.33 0.871 1818 11295 39.87 0.56 
4460 115.74 -1.9 113.84 0.871 1824 11356 40.0 0.56 
4480 115.48 -1.76 113.72 0.871 1831 11416 40.15 0.57 
4500 115.03 -1.69 113.34 0.871 1834 11487 40.22 0.57 
4520 115.02 -1.59 113.43 0.871 1843 11548 40.42 0.57 
4540 114.71 -1.55 113.16 0.871 1848 11611 40.53 0.58 
4560 114.75 -1.49 113.26 0.872 1852 11673 40.61 0.58 
4580 114.51 -1.29 113.23 0.873 1858 11731 40.75 0.58 
4600 114.05 -1.11 112.94 0.874 1867 11781 40.94 0.59 
4620 113.82 -0.99 112.82 0.871 1872 11840 41.05 0.59 
4640 113.27 -0.9 112.37 0.872 1875 11895 41.12 0.59 
4660 112.66 -0.88 111.78 0.873 1878 11955 41.18 0.59 
4680 113.2 -0.88 112.32 0.874 1881 12018 41.25 0.6 
4700 113.77 -0.81 112.96 0.876 1887 12066 41.38 0.6 
4720 113.28 -0.71 112.56 0.876 1891 12125 41.47 0.6 
4740 112.97 -0.6 112.37 0.877 1896 12187 41.58 0.61 
4760 112.85 -0.52 112.34 0.877 1903 12247 41.73 0.61 
4780 112.74 -0.32 112.42 0.878 1909 12305 41.86 0.61 
4800 112.62 -0.18 112.45 0.877 1913 12363 41.95 0.61 
4820 112.54 0.05 112.59 0.877 1917 12429 42.04 0.62 
4840 112.33 0.19 112.52 0.877 1925 12485 42.21 0.62 
4860 111.79 0.3 112.1 0.878 1930 12542 42.32 0.62 
4880 112.02 0.39 112.4 0.878 1937 12602 42.48 0.63 
4900 111.25 0.47 111.72 0.878 1943 12658 42.61 0.63 
4920 111.04 0.62 111.66 0.878 1946 12726 42.68 0.63 
4940 111.14 0.75 111.9 0.877 1950 12789 42.76 0.64 
4960 110.32 0.88 111.2 0.877 1954 12846 42.85 0.64 
4980 110.8 0.94 111.74 0.878 1955 12906 42.87 0.64 
5000 110.99 1.14 112.13 0.879 1956 12972 42.89 0.65 
5020 110.82 1.31 112.13 0.88 1958 13036 42.94 0.65 
5040 110.87 1.43 112.3 0.88 1963 13099 43.05 0.65 
5060 110.56 1.59 112.15 0.881 1969 13152 43.18 0.65 
