
0.17855603
0.16019663
0.16306934
0.14901759
0.14550906
0.15310921
0.14550528
0.14555247
0.13890396
0.1425615
0.13277373
0.13197392
0.1333739
0.13315277
0.13301556
0.13115922
0.13411875
0.15383653
0.13258052
0.12899806
0.13011332
0.13298187
0.1276921
0.13097315
0.13357337
0.1285599
0.12623727
0.12645358
0.12624729
0.1296728
0.12830825
0.12521753
0.12803133
0.12697586
0.12625565
0.12700322
0.1234398
0.12395755
0.121845104
0.1234303
0.1257623
0.12002307
0.1182363
0.121580705
0.12253632
0.12136092
0.11876817
0.11928105
0.11879231
0.12351058
0.121642485
0.1199863
0.11857956
0.11808941
0.12581721
0.117935576
0.12113502
0.11652432
0.11854745
0.11836553
0.12034135
0.11831133
0.11747712
0.117889136
0.11766171
0.12354172
0.11656489
0.11688943
0.114902206
0.11648006
0.11838689
0.116256654
0.11268711
0.11714812
0.11560296
0.11291727
0.117758594
0.11614015
0.11559366
0.113894485
0.11353224
0.11206532
0.11243055
0.114786394
0.11156218
0.11864625
0.11630213
0.12178076
0.111590795
0.10873246
0.11120291
0.10900901
0.10888698
0.111375414
0.11145815
0.11311571
0.10708713
0.111806825
0.1159394
0.107204296
0.10760308
0.11160222
0.10740506
0.111826435
0.10878406
0.11150327
0.10927689
0.10943359
0.109779365
0.10997307
0.106738456
0.113281354
0.109329365
0.110848494
0.10817047
0.109981194
0.107054256
0.10676022
0.105882615
0.104746126
0.10746591
0.10816624
0.107018076
0.10370169
0.10520381
0.105131604
0.107045114
0.10320489
0.103000075
0.10617641
0.10441686
0.10447917
0.10379841
0.10447647
0.104624666
0.10541258
0.10384008
0.10122858
0.10430721
0.10477901
0.10400155
0.10562662
0.10475601
0.10453669
0.10201929
0.102912806
0.10256606
0.10464443
0.10234974
0.10066563
0.099250205
0.10025144
0.101951115
0.102591716
0.10218507
0.1013992
0.10314069
0.099491335
0.102024905
0.10155332
0.103129975
0.099642195
0.09985336
0.09962694
0.10210265
0.09984106
0.09970515
0.09982075
0.09919928
0.10033085
0.09824255
0.096326575
0.096555285
0.10070461
0.10065842
0.098181546
0.0972555
0.094892316
0.09797231
0.096476845
0.097679414
0.09807832
0.099090286
0.09906862
0.09949152
0.09594057
0.09711958
0.097067855
0.097777285
0.098142676
0.095993444
0.09726276
0.097308405
0.10176149
0.09692111
0.09815601
0.09543045
0.0971971
0.09438897
0.0979871
0.094552174
0.09824606
0.09264948
0.09480951
0.09301035
0.09402535
0.0938886
0.09501453
0.093591556
0.09609615
0.09617953
0.09296791
0.09255204
0.097753346
0.09499552
0.09326212
0.09208029
0.09468704
0.096631385
0.09685321
0.09463589
0.091667
0.09489987
0.09366303
0.092047065
0.09371162
0.093955845
0.09122448
0.09555112
0.093383856
0.09185016
0.089924105
0.09649229
0.09232618
0.09238411
0.09211593
0.089731164
0.092522494
0.09159368
0.08993009
0.09039129
0.093871616
0.09583464
0.09514659
0.09034591
0.09140969
0.09216148
0.08855919
0.089648865
0.08902744
0.08947449
0.090256356
0.089828074
0.089941904
0.090564474
0.089537464
0.09116782
0.089401305
0.088848315
0.08922739
0.089197114
0.08879073
0.08842365
0.092745885
0.09031494
0.08922404
0.087137856
0.091793895
0.08696433
0.08957355
0.08937008
0.087719284
0.08743685
0.08758207
0.08589473
0.09026822
0.08893549
0.0856916
0.087160885
0.08854228
0.08714911
0.08639132
0.08469038
0.08651773
0.08677974
0.08599464
0.085349545
0.087471865
0.08691881
0.08661759
0.08633378
0.085840054
0.08711559
0.08323541
0.08472406
0.085268505
0.084805116
0.086862184
0.08474002
0.08636514
0.090800166
0.085785806
0.085062854
0.0853064
0.0855237
0.08515781
0.08422043
0.08409576
0.0848223
0.08709109
0.083513595
0.08507297
0.08649455
0.086637564
0.08427746
0.08359963
0.08378472
0.08671445
0.08686204
0.084629335
0.0838042
0.08377239
0.08312933
0.0849374
0.08557482
0.08267411
0.08233028
0.082646064
0.083878815
0.085058115
0.08350536
0.08180816
0.08708612
0.08286345
0.0839049
0.08363619
0.08273487
0.08092799
0.08346714
0.084811665
0.082382716
0.08296137
0.08346971
0.08311192
0.08271855
0.082021184
0.0837022
0.08254961
0.08091607
0.08023444
0.08200366
0.08110138
0.08117459
0.080620304
0.082251824
0.08094259
0.08094051
0.08035976
0.080818474
0.08168541
0.07959805
0.07988971
0.08016783
0.081102006
0.08213467
0.0800578
0.07965116
0.08151023
0.079687655
0.08010757
0.07929735
0.07849676
0.07911432
0.079973735
0.08068859
0.07953177
0.07958927
0.080518864
0.079429746
0.07918826
0.07994634
0.079575285
0.08176498
0.07820963
0.07990723
0.078127146
0.07960898
0.07971338
0.07966171
0.08029131
0.07921892
0.08024495
0.07826137
0.077886365
0.076997474
0.077525936
0.07763454
0.077434905
0.078594156
0.07872543
0.07829524
0.07958017
0.07923453
0.08063954
0.07859591
0.078025594
0.079517275
0.07999131
0.077344276
0.07885721
0.077275135
0.077762336
0.07756596
0.080858655
0.07658533
0.078138806
0.077659495
0.07782174
0.080477595
0.07849914
0.07657432
0.07584518
0.07629015
0.07529443
0.07532014
0.077066466
0.0764293
0.07534003
0.07714806
0.076726444
0.07624263
0.0761971
0.07572291
0.07570819
0.0758587
0.07660551
0.080873385
0.0765522
0.075779386
0.07771931
0.07726083
0.0755406
0.07354212
0.077169575
0.07549871
0.077245936
0.07481794
0.07716524
0.07711458
0.076784275
0.07604129
0.07621343
0.07587725
0.07410395
0.075288646
0.07581343
0.0749343
0.07609652
0.07312392
0.07489628
0.07425577
0.07556336
0.07383643
0.07286745
0.074337326
0.0724013
0.0750994
0.07279656
0.07351666
0.07179682
0.07324957
0.073696405
0.07383152
0.07351634
0.07333052
0.073451184
0.07516628
0.07631746
0.07617933
0.07426496
0.08005392
0.07471208
0.07287912
0.07306379
0.075239785
0.073791325
0.0728299
0.07346066
0.07241157
0.072252415
0.073146075
0.0745444
0.07328338
0.073058434
0.07466965
0.073520616
0.07459121
0.07198889
0.07278187
0.07286947
0.072793216
0.07114508
0.07027983
0.07185669
0.076008536
0.0724325
0.07041417
0.07131496
0.07058203
0.071969084
0.072705805
0.07088065
0.07244196
0.07202947
0.07036247
0.07132806
0.07160839
0.07127242
0.07004776
0.07199078
0.070399806
0.07310179
0.0697557
0.07297364
0.07128059
0.06976296
0.07033012
0.0704519
0.07235137
0.0703313
0.06982133
0.07056178
0.06915399
0.071094915
0.07249567
0.070262656
0.07144311
0.07050703
0.07058311
0.069889545
0.07032337
0.070220575
0.06862159
0.06845497
0.07133123
0.06899847
0.06828579
0.06979452
0.06978879
0.06876771
0.06741345
0.070494585
0.068339005
0.06928798
0.06880592
0.06954274
0.068661906
0.069747135
0.067823425
0.067545146
0.06885222
0.06905882
0.06965905
0.06813032
0.06975379
0.06808932
0.06805808
0.068757854
0.068693995
0.068099156
0.06832907
0.067600206
0.07107412
0.06820078
0.06788572
0.068253614
0.07092905
0.0679668
0.06916084
0.06755089
0.06715049
0.06669544
0.068177104
0.06799743
0.06714419
0.06775747
0.0688327
0.06825624
0.06800239
0.069736175
0.06772949
0.06741239
0.06747685
0.0675378
0.06607415
0.06954542
0.06821017
0.06922427
0.06684826
0.06819777
0.067331515
0.06963357
0.067494445
0.07084831
0.06876726
0.067048855
0.067669734
0.06780091
0.06826029
0.06876105
0.0697846
0.06629592
0.06732211
0.06673924
0.06652807
0.0685708
0.06701929
0.06634677
0.06851734
0.065225296
0.06652659
0.06582974
0.06564961
0.06684967
0.06646404
0.06584091
0.06533988
0.06779631
0.06595644
0.06611976
0.06564042
0.06489235
0.065660276
0.0665234
0.06660149
0.0666534
0.066353865
0.06794125
0.06718293
0.0692044
0.06712672
0.06565428
0.06655048
0.06580844
0.06633603
0.064562686
0.06604721
0.065420635
0.06376773
0.06541921
0.06403071
0.06468239
0.06484324
0.0648722
0.06468112
0.064770184
0.066055626
0.066929266
0.066612415
0.06570858
0.06693055
0.06763729
0.064723745
0.06488217
0.06500482
0.06675996
0.06515357
0.06582966
0.06304048
0.06645968
0.064802766
0.06326925
0.06450386
0.06367219
0.06327583
0.063169986
0.06422891
0.06403497
0.06340511
0.063179694
0.06387906
0.06463855
0.06666516
0.06316933
0.063550435
0.06365043
0.063952155
0.06190551
0.062765166
0.062172122
0.063610226
0.062242985
0.06411037
0.06475267
0.062162615
0.06279436
0.06261512
0.06293453
0.062349964
0.06413392
0.0628634
0.060593408
0.06248195
0.06217132
0.061218042
0.06370041
0.06269029
0.06281621
0.06311072
0.062212285
0.061333485
0.063491434
0.06299455
0.061719183
0.061471246
0.06128846
0.062721334
0.061406806
0.06132118
0.062147025
0.061364
0.062073383
0.06212393
0.06132121
0.061985087
0.06116402
0.06064815
0.060197487
0.061625138
0.06190909
0.0637327
0.06207669
0.06146335
0.06263344
0.06083782
0.06058823
0.06047059
0.06112975
0.06275307
0.060162462
0.06118128
0.060554575
0.060292654
0.0606308
0.060429733
0.06018737
0.059814397
0.058812466
0.06064143
0.06018476
0.061436057
0.060281213
0.059868775
0.060734633
0.06325352
0.061113916
0.062415678
0.06136368
0.059952207
0.059440233
0.05995321
0.06032588
0.06036829
0.059700508
0.060839087
0.06120168
0.059916973
0.060598172
0.061931565
0.05879592
0.05970544
0.060647532
0.060655605
0.059788685
0.060752418
0.058525823
0.05914038
0.059379935
0.05957716
0.059757706
0.059918396
0.0604806
0.06046451
0.05899257
0.060324226
0.05953607
0.05891695
0.058713228
0.059903905
0.059684735
0.058431406
0.058524873
0.059358265
0.058358297
0.059393845
0.058930833
0.060272243
0.059955142
0.059308693
0.061304588
0.060363438
0.058934294
0.060254082
0.058589123
0.057670638
0.058612496
0.061391138
0.058248464
0.059999187
0.058772963
0.05885113
0.06066831
0.05891639
0.057957206
0.05939892
0.058875825
0.058788773
0.058649562
0.058149047
0.058662377
0.059303377
0.058560967
0.05946827
0.05843816
0.05786007
0.05838125
0.05814674
0.058455586
0.05775716
0.058411226
0.05870097
0.058332197
0.059947688
0.058569334
0.058336806
0.060825408
0.060278658
0.05834224
0.057496954
0.058251325
0.0578602
0.05833275
0.057222005
0.057121336
0.058362104
0.05841815
0.058822215
0.057689425
0.05793145
0.05891838
0.05826295
0.059613854
0.058288448
0.059681058
0.057499237
0.059703734
0.056330938
0.05838497
0.059102476
0.058572926
0.058363438
0.05610616
0.056445573
0.05776312
0.059659027
0.056187604
0.057730984
0.056319494
0.056991734
0.057694655
0.05834691
0.056974225
0.056082234
0.05881726
0.05762291
0.05710286
0.060202986
0.05868568
0.05814712
0.056256276
0.056930985
0.05736715
0.05686199
0.05577024
0.05603244
0.05666194
0.0561257
0.057180908
0.056830052
0.056422234
0.05533719
0.055237632
0.055130143
0.054661583
0.055363994
0.055114906
0.058346927
0.055398908
0.05581544
0.05640969
0.057159528
0.056676753
0.056110125
0.05564754
0.05498309
0.056480102
0.05489389
0.055776328
0.054868314
0.05618485
0.056240283
0.054497104
0.05588141
0.055233285
0.05466866
0.05392952
0.055490986
0.055039205
0.05627249
0.05511365
0.056037888
0.055278946
0.054422565
0.056179237
0.056397982
0.0556083
0.05567294
0.05793725
0.054528203
0.05444358
0.05528728
0.055553388
0.054283902
0.054380313
0.055463966
0.05685229
0.05508796
0.05483337
0.056044973
0.05534144
0.05409313
0.054796364
0.055025097
0.054391783
0.055313338
0.053949337
0.05518686
0.05563572
0.05537917
0.053817302
0.0540858
0.055657197
0.053806752
0.054480635
0.055013664
0.053641703
0.055086777
0.05461071
0.054334536
0.054609135
0.053252917
0.054294106
0.054581326
0.055297237
0.055058945
0.054041848
0.05251554
0.052840672
0.053638592
0.054746646
0.05366858
0.055828106
0.054292552
0.053384114
0.05319361
0.055300497
0.054977544
0.055038955
0.051592313
0.05301616
0.053133193
0.05284493
0.053038616
0.054169677
0.054001413
0.053044412
0.05389708
0.053232513
0.05235307
0.05319914
0.054799024
0.05195475
0.05245107
0.054276377
0.05334131
0.05359913
0.05214783
0.052169275
0.053262584
0.053390514
0.052541368
0.052514166
0.052431416
0.053401906
0.052512668
0.05198921
0.05156523
0.05282229
0.054216262
0.05180976
0.052141186
0.052534856
0.05192727
0.05315895
0.053640425
0.052707054
0.052448213
0.055348612
0.052669965
0.052236907
0.054193627
0.05266105
0.05305056
0.05114696
0.053622115
0.05293584
0.051542964
0.052368928
0.05336869
0.051910054
0.052473634
0.052682485
0.052170657
0.052155394
0.05163543
0.05175888
0.05204096
0.051651865
0.051384795
0.052167825
0.051072866
0.051835805
0.054100644
0.055216745
0.052789122
0.05214991
0.052662507
0.05137424
0.051793434
0.05230144
0.052549515
0.051147815
0.051359296
0.053328425
0.052070145
0.051010896
0.05223618
0.051661402
0.051410582
0.05156621
0.053426247
0.05135092
0.05177492
0.052034363
0.05123763
0.051000558
0.050266758
0.051750146
0.051508717
0.050102968
0.050709173
0.05041179
0.050258566
0.050524045
0.04983809
0.050970696
0.051542215
0.051400617
0.05115053
0.052093692
0.051278774
0.04949298
0.051255368
0.051047195
0.05178536
0.052691
0.051820043
0.05238369
0.051320303
0.050635062
0.051101595
0.050732885
0.050373677
0.05074417
0.049380936
0.050418124
0.05027467
0.0495545
0.050866995
0.051575482
0.050060093
0.049032312
0.049692247
0.051551778
0.049471997
0.050976355
0.050057575
0.05082355
0.05009723
0.05021252
0.04920139
0.05051699
0.05022691
0.04879289
0.04989154
0.050237425
0.05143311
0.05044146
0.04978995
0.050161727
0.05063921
0.048997354
0.05235728
0.049571734
0.049642123
0.048699416
0.049482543
0.049578846
0.04948177
0.04975847
0.04982803
0.049331684
0.04888368
0.05076397
0.049783695
0.05051944
0.05047581
0.050924122
0.04935651
0.049924117
0.050405
0.05090305
0.05019118
0.050127234
0.051244125
0.05157802
0.050023306
0.051478587
0.05056461
0.050331462
0.048890132
0.04798203
0.050179373
0.04967458
0.0492808
0.048797753
0.048588954
0.05009654
0.048386328
0.04894846
0.05093439
0.04931489
0.049456425
0.05037596
0.049042344
0.048439305
0.048178803
0.04805788
0.04976249
0.048455052
0.04878291
0.04979529
0.049391657
0.048149873
0.049055737
0.04946337
0.049890608
0.048762944
0.048201762
0.047656626
0.048676856
0.04698737
0.048114806
0.04880828
0.050062444
0.048018806
0.04913969
0.048637632
0.048024993
0.04815336
0.04776352
0.04731311
0.049380664
0.047547456
0.04799622
0.047672894
0.048335876
0.04847712
0.048155524
0.04959255
0.047443185
0.047932588
0.04727107
0.048383165
0.04713069
0.048298668
0.04812554
0.0477406
0.047331233
0.046952214
0.046113346
0.047506087
0.04681117
0.047090158
0.046996713
0.046884216
0.047715195
0.047033187
0.051033888
0.04767354
0.04697159
0.046749055
0.04690339
0.04782736
0.049016945
0.049219664
0.049777422
0.04846212
0.04808589
0.047462568
0.046403054
0.046833027
0.047635008
0.047072463
0.046465546
0.0477603
0.047668096
0.047560852
0.04652263
0.047095925
0.046812564
0.047669843
0.046198353
0.047509786
0.04793695
0.04637472
0.048506416
0.04823603
0.046799183
0.04636752
0.04721441
0.045983944
0.048701443
0.045982532
0.046889164
0.046506945
0.047258068
0.04798878
0.047944892
0.04752274
0.047102615
0.046785124
0.04734332
0.050375003
0.045870073
0.04716673
0.04586351
0.048494227
0.04678584
0.04653713
0.046377633
0.047365252
0.04666108
0.049523298
0.04636446
0.045906816
0.04581094
0.046313364
0.04573257
0.045516558
0.046343043
0.04591881
0.046334315
0.04645132
0.046811268
0.04656011
0.046534706
0.04598179
0.0460765
0.04647513
0.045763846
0.045448314
0.045643784
0.045936085
0.04530872
0.046364293
0.04493464
0.045069333
0.0469197
0.044960883
0.047140073
0.04659402
0.045599636
0.046129797
0.046509817
0.04550852
0.0460851
0.045736745
0.04652286
0.046492837
0.045843203
0.045196146
0.046170108
0.04533331
0.04569393
0.04588498
0.044171788
0.044658806
0.045483444
0.045225695
0.04643568
0.046317074
0.044916246
0.045327302
0.043972462
0.045194697
0.045615353
0.04450152
0.04525539
0.045379918
0.045463495
0.04530035
0.04574822
0.04496538
0.045741986
0.045272205
0.045661043
0.04467461
0.046222366
0.04542067
0.045270476
0.04488585
0.044097982
0.04430337
0.045824826
0.04445954
0.044777505
0.04563875
0.045521546
0.045510575
0.046510965
0.044742923
0.045942772
0.044035446
0.0457623
0.044167023
0.044835526
0.046017375
0.045029484
0.044643376
0.045165475
0.04430262
0.044671096
0.044392668
0.044957772
0.045421965
0.0444473
0.044200707
0.044877168
0.046099786
0.043666955
0.045127492
0.043812595
0.044248093
0.043916408
0.048546106
0.044798464
0.045077823
0.044120956
0.043824382
0.044195563
0.044207565
0.04387839
0.044119988
0.04386356
0.045417972
0.04457517
0.04433634
0.04444947
0.04378103
0.044024456
0.044971053
0.04466705
0.044819206
0.04574945
0.044884775
0.04438982
0.04444222
0.04486449
0.044960603
0.044333156
0.04462597
0.043698717
0.043663148
0.044946942
0.044811387
0.04545165
0.0433908
0.043906722
0.04329601
0.044572882
0.044080976
0.044079017
0.04406457
0.044962034
0.045516774
0.04493045
0.044443116
0.045181163
0.043513782
0.044253577
0.045483485
0.044650905
0.04457391
0.044027705
0.043421626
0.043200843
0.04351303
0.044187937
0.043201156
0.04389739
0.043953624
0.043512683
0.04365049
0.042813532
0.042626224
0.042614434
0.043182928
0.04427549
0.043332014
0.042548466
0.04375092
0.045026597
0.042368434
0.042816587
0.0430313
0.04389805
0.043991476
0.043664232
0.044128567
0.043649934
0.042662427
0.043359984
0.043244302
0.0452638
0.043332163
0.042938642
0.042475082
0.04312594
0.04288881
0.042687397
0.043792024
0.043983374
0.04466653
0.04371216
0.042985223
0.04290208
0.04303382
0.042782508
0.04394264
0.042733587
0.04467733
0.044540245
0.044721603
0.042542998
0.04294344
0.04339267
0.043752216
0.043485407
0.043579057
0.04263556
0.04379068
0.04218535
0.04383249
0.042359665
0.042935893
0.042157
0.043387502
0.042516146
0.04342275
0.042869426
0.042732872
0.04257728
0.04299485
0.042843483
0.043134693
0.04255204
0.043154437
0.04363575
0.041994072
0.042969536
0.042514715
0.042573694
0.042717174
0.04249077
0.04300531
0.04367592
0.043222062
0.043157488
0.04311001
0.042318918
0.04355967
0.042405378
0.042564057
0.043809365
0.04135444
0.04326024
0.04254456
0.04179097
0.042155452
0.04199661
0.041921522
0.043861657
0.041703764
0.04211123
0.041188482
0.04230832
0.042323787
0.04230231
0.04253714
0.042335756
0.041721042
0.04215623
0.04099323
0.04254914
0.042748287
0.041998185
0.04136947
0.04269215
0.04239177
0.04115707
0.04161428
0.04124597
0.041974604
0.04116745
0.041937802
0.04226563
0.041622944
0.041498948
0.041009013
0.042364735
0.041695762
0.041865677
0.041381802
0.04114315
0.041550327
0.041245222
0.0413721
0.04271998
0.0410547
0.041953363
0.04127417
0.041377194
0.041569967
0.04183506
0.041065693
0.04157767
0.04155857
0.04234452
0.041708108
0.04241445
0.04245365
0.04222715
0.0423202
0.041661184
0.04249524
0.042661168
0.04131811
0.041285105
0.040844012
0.041658964
0.041715298
0.04140519
0.041515276
0.042220913
0.040657315
0.04195791
0.041925754
0.041954055
0.04157159
0.042164955
0.04276303
0.0412486
0.04202688
0.041313946
0.041085307
0.041433014
0.043212082
0.041317787
0.041335773
0.041348822
0.041535955
0.04151137
0.04222322
0.041565664
0.041549884
0.04083286
0.041101195
0.04253269
0.041697126
0.041031778
0.04152
0.04079349
0.041498017
0.040441014
0.041666068
0.041332424
0.042017106
0.042059045
0.04169566
0.040530708
0.041719284
0.041997086
0.041003216
0.040352304
0.040746316
0.040524177
0.04058186
0.040698405
0.040652096
0.041463736
0.041460205
0.041286375
0.041295618
0.040024284
0.040796313
0.040547363
0.041732293
0.040694896
0.040983595
0.041396618
0.041585863
0.041310456
0.041572727
0.041119177
0.04029065
0.040710572
0.04170319
0.041597355
0.040383197
0.040982787
0.041223284
0.04086535
0.041026935
0.04013941
0.041014273
0.040903978
0.04099879
0.04078978
0.040772967
0.0402757
0.0416991
0.041561574
0.040956087
0.04078153
0.041032292
0.040578026
0.04063561
0.040844172
0.041643173
0.040432148
0.03979525
0.040399943
0.039797008
0.040157605
0.039747678
0.04077408
0.040929347
0.039546136
0.04060422
0.040381685
0.040649284
0.03970489
0.04018129
0.03949631
0.039913587
0.039270785
0.03948385
0.039858826
0.04006711
0.04059535
0.040039636
0.04051959
0.03911716
0.039437454
0.0410557
0.039618764
0.03930992
0.03952378
0.039850306
0.039908692
0.03920973
0.039357707
0.040048495
0.039636172
0.04032603
0.03982546
0.039220892
0.039607674
0.040447768
0.039768737
0.03927229
0.03999881
0.039751973
0.040474087
0.039470483
0.041423842
0.040814843
0.040462337
0.039854746
0.0391061
0.041343212
0.040244352
0.039896943
0.03884148
0.039555464
0.038464446
0.04021793
0.039282795
0.039802752
0.040214263
0.039504386
0.03996
0.03988807
0.039098024
0.038694892
0.040231545
0.03927477
0.039062418
0.040322706
0.039989624
0.039304674
0.039542858
0.03907745
0.039881237
0.03915786
0.039135817
0.039208684
0.039714962
0.039477915
0.040744882
0.03956121
0.039839767
0.03971954
0.039328203
0.039605547
0.039881658
0.03890205
0.038578883
0.04020903
0.03944105
0.03843146
0.039405845
0.04050888
0.03804934
0.04000325
0.0395671
0.038556296
0.039762527
0.03937048
0.038798552
0.039785374
0.039330427
0.03888695
0.038560417
0.039331563
0.03773247
0.040053017
0.03852426
0.039181788
0.038461808
0.03978304
0.039104518
0.038524035
0.03809708
0.03815142
0.04026667
0.03884145
0.038789447
0.038877476
0.038389478
0.0397243
0.038627822
0.038062286
0.03871328
0.03923539
0.03964476
0.038672063
0.039599624
0.038668726
0.03855552
0.03827351
0.037825365
0.038029682
0.038776267
0.039229892
0.03774433
0.039948914
0.038881756
0.040074233
0.039305873
0.039227206
0.038429864
0.038611222
0.03824079
0.038560044
0.03855029
0.03904883
0.038070455
0.03858639
0.038028345
0.038331695
0.038096644
0.03919829
0.037997376
0.038343452
0.03724972
0.038573805
0.03806776
0.038079012
0.038326703
0.038384657
0.03829078
0.03828447
0.03857531
0.038288437
0.038565036
0.038356286
0.038963944
0.037828997
0.03798421
0.038437285
0.037838344
0.037862018
0.03789862
0.037943814
0.03867978
0.037941553
0.037951432
0.038045637
0.037880633
0.03783184
0.03785274
0.037300676
0.038035184
0.037308946
0.03807959
0.03812926
0.038223475
0.038666293
0.037416734
0.037640706
0.038364217
0.037170734
0.037479877
0.037742794
0.036895525
0.03840391
0.03733474
0.03883058
0.037602343
0.03761865
0.03680262
0.037096076
0.038898673
0.037465304
0.039278373
0.036996536
0.037061237
0.03779996
0.038361195
0.037682913
0.0369064
0.03794475
0.037771158
0.037351504
0.038621053
0.038341295
0.037615743
0.037800916
0.0376706
0.037174355
0.03739138
0.03804168
0.037221316
0.03720721
0.03701423
0.037110552
0.037523612
0.03732928
0.03724236
0.038018435
0.037218533
0.037517827
0.0375038
0.038304742
0.03860207
0.037846386
0.03766631
0.037344526
0.03749536
0.036880456
0.038579326
0.038568806
0.03715127
0.03696859
0.037573703
0.03820284
0.03712201
0.036874875
0.037669525
0.036987167
0.0369627
0.03636135
0.036717795
0.037176248
0.03768952
0.036516093
0.037885576
0.036723867
0.03682781
0.037413318
0.037592728
0.036322847
0.03716895
0.036613088
0.036678627
0.03705907
0.036170136
0.03658647
0.037976347
0.037119456
0.036540575
0.037381656
0.03758748
0.03672524
0.03691085
0.036471613
0.0365878
0.03686472
0.036445927
0.03720061
0.037422735
0.03755394
0.036327183
0.036646727
0.03765816
0.036862433
0.03637808
0.036904324
0.037183918
0.037345234
0.036491893
0.037329238
0.036070626
0.036710527
0.036805164
0.036308244
0.03708836
0.036247034
0.037338335
0.036137726
0.036898512
0.03570818
0.03670948
0.036822416
0.035759464
0.035980128
0.037295565
0.036240913
0.036895216
0.036855996
0.036121577
0.037448358
0.03678958
0.036732357
0.03712533
0.036613815
0.036888927
0.037137102
0.037330326
0.03724749
0.036759187
0.037269767
0.036815297
0.036536384
0.036594782
0.035896536
0.036732882
0.036559884
0.03664367
0.03692417
0.036794856
0.036299516
0.03696094
0.0361064
0.037037905
0.03630084
0.037120804
0.03627827
0.036116347
0.036542967
0.037473027
0.035710365
0.03630731
0.03624707
0.036224294
0.035573866
0.036100235
0.036455702
0.036670126
0.03681355
0.03610499
0.03602922
0.035775457
0.036010455
0.036450896
0.035967182
0.036027752
0.035792433
0.035499215
0.03668682
0.036423653
0.035642616
0.035703856
0.036522638
0.03554043
0.035482038
0.035632733
0.036775053
0.03682424
0.035492226
0.036140516
0.035420835
0.03607814
0.036472496
0.036195632
0.035619743
0.03533069
0.03554264
0.03654295
0.03573808
0.035339367
0.036356136
0.036999833
0.035260875
0.03577199
0.03627346
0.036827065
0.037011985
0.035801586
0.036822505
0.03596182
0.035151012
0.03565489
0.035460763
0.036482718
0.035973117
0.036051854
0.03616049
0.03634182
0.03598692
0.036194794
0.0355689
0.035366304
0.03693467
0.03600814
0.03670367
0.035831887
0.034957897
0.035905167
0.03653946
0.035558023
0.036075782
0.036398243
0.035936106
0.03514749
0.035883117
0.035437673
0.036710758
0.03639714
0.036606386
0.036059354
0.03528947
0.035452433
0.03589596
0.03549721
0.03629976
0.035648033
0.035513133
0.035820335
0.035788458
0.03515424
0.03585821
0.03507446
0.036311295
0.035509758
0.03622204
0.03523601
0.035527416
0.03572338
0.035658393
0.035725858
0.034895062
0.03481784
0.034936868
0.03503293
0.034340687
0.03506633
0.035278562
0.03464197
0.035057243
0.0355396
0.035621464
0.035731327
0.03609025
0.034977227
0.035770837
0.03592878
0.035249952
0.035540894
0.036354266
0.036020804
0.035324797
0.034797233
0.035196744
0.03548317
0.036056343
0.034718633
0.034613285
0.034503434
0.035178065
0.035392966
0.034780778
0.03527679
0.034836717
0.035139855
0.03496942
0.03526052
0.035021514
0.035315618
0.034485597
0.034882303
0.03427319
0.034645107
0.034424383
0.034977287
0.035465043
0.03482306
0.03508297
0.0349523
0.03513553
0.034958
0.035051916
0.035382256
0.0356118
0.03532925
0.034595642
0.03430206
0.034580752
0.03485178
0.034959756
0.035261605
0.037102535
0.035476357
0.035087876
0.03577388
0.034157045
0.034038983
0.03580878
0.034922354
0.0344236
0.0348241
0.034758296
0.034171805
0.034682825
0.034381617
0.034367237
0.034894135
0.035793275
0.03480508
0.03383005
0.035279144
0.03505699
0.035304323
0.035115156
0.03473761
0.037416454
0.034397017
0.034806054
0.035335988
0.0346335
0.035262093
0.03544762
0.035008773
0.034365885
0.034635924
0.03495273
0.03396008
0.03420353
0.034248926
0.035322674
0.034343123
0.03471991
0.033800278
0.035070438
0.03472232
0.035025496
0.03477932
0.03634647
0.035451192
0.03413616
0.034271326
0.034134418
0.035134446
0.034602594
0.03438138
0.035554133
0.03424085
0.0344671
0.034366176
0.034052692
0.034127396
0.03490298
0.03456849
0.034496985
0.03403595
0.034504272
0.034310218
0.034414094
0.034927428
0.03400473
0.03373487
0.034858715
0.03413961
0.034460824
0.033884507
0.033951957
0.03460249
0.033757623
0.035166718
0.033937756
0.03441953
0.033903733
0.033985216
0.03316099
0.034053553
0.03449177
0.034334294
0.034341536
0.033809632
0.03436423
0.034615587
0.034298774
0.033408117
0.034519996
0.03417461
0.033648632
0.033530023
0.03325622
0.033618107
0.034086846
0.0342428
0.033396292
0.033909038
0.03335308
0.033618357
0.034101456
0.033715688
0.034010388
0.034400128
0.03398243
0.033288147
0.033402104
0.034800757
0.034133248
0.033934392
0.033427496
0.033928443
0.034907352
0.03313413
0.033755314
0.033464815
0.033660095
0.034257617
0.03409894
0.034300316
0.03423216
0.033656046
0.03349869
0.03460835
0.033582494
0.033658624
0.033905808
0.03330142
0.03424695
0.033741534
0.033254705
0.034742106
0.033500213
0.03376856
0.034748934
0.034377515
0.03402858
0.033137403
0.033017814
0.0333063
0.0340104
0.034084395
0.032843392
0.03329545
0.033931512
0.03338432
0.03328292
0.03299783
0.03351154
0.033615913
0.033049516
0.033824485
0.034261964
0.033698298
0.034295402
0.033069756
0.032771587
0.033388212
0.0337466
0.033500034
0.03350235
0.03279929
0.033337053
0.033496663
0.033465613
0.03356101
0.033104535
0.033313904
0.03427605
0.0335773
0.033167005
0.032846075
0.03282916
0.03311517
0.03291191
0.032845773
0.033269417
0.03372812
0.033694495
0.032877885
0.033117957
0.03259692
0.03325475
0.03313706
0.033699155
0.033242602
0.03293348
0.032923605
0.034535404
0.03302249
0.034016725
0.033633716
0.032790594
0.03436816
0.032547697
0.033095896
0.033727184
0.034478173
0.033330128
0.033251796
0.033463262
0.03345762
0.03336717
0.032781895
0.033171292
0.033197027
0.032600105
0.033049166
0.033212192
0.033048417
0.033079837
0.03389483
0.033447884
0.033261977
0.032647263
0.0326467
0.03296128
0.032588195
0.032166414
0.034122173
0.03248944
0.03321334
0.03235644
0.033156317
0.031787857
0.03266092
0.032860775
0.032973796
0.032129057
0.03313602
0.032675963
0.032884017
0.032728765
0.03331956
0.032144234
0.032819983
0.032547913
0.033238422
0.032567427
0.03313969
0.03285011
0.03240072
0.03248883
0.0328463
0.03332322
0.032280665
0.033110704
0.03323125
0.032813963
0.03238393
0.03273711
0.03241825
0.033137064
0.032133065
0.032182314
0.032579318
0.03321717
0.032307874
0.032967445
0.03280938
0.033734653
0.03223391
0.03210018
0.032580093
0.03221389
0.034311675
0.033010542
0.032285932
0.032019325
0.033582326
0.032323632
0.03228461
0.03221772
0.032451566
0.032379594
0.031801045
0.032268595
0.031987544
0.032380566
0.032284435
0.03258268
0.03203055
0.032609705
0.032634202
0.032454066
0.03217476
0.0316786
0.03268877
0.03310842
0.03226291
0.032928407
0.033170175
0.033320833
0.032580797
0.03271004
0.03237533
0.032093704
0.03260028
0.03255776
0.032611348
0.03299081
0.033722974
0.03263889
0.033599433
0.031687815
0.03265544
0.033232678
0.03259467
0.033131506
0.0328383
0.03201923
0.03234251
0.032596514
0.032635503
0.032600243
0.031754397
0.032220043
0.03213775
0.032011144
0.03199602
0.032204207
0.03271623
0.032617252
0.032597464
0.032033816
0.033738557
0.032225054
0.032842796
0.032031383
0.032432653
0.03259669
0.03283491
0.03175098
0.031929556
0.033355378
0.032214288
0.03204443
0.032176744
0.03196309
0.03205595
0.032461867
0.03203841
0.032148372
0.03249858
0.03187697
0.03185211
0.031917255
0.032236405
0.032189474
0.031927068
0.032106716
0.03202746
0.03224236
0.031570554
0.032645397
0.031194465
0.03206188
0.03262195
0.03220709
0.03296402
0.03173175
0.033217177
0.031496216
0.03143909
0.031912267
0.032946907
0.031845417
0.031924963
0.032009855
0.031912487
0.032283057
0.03183092
0.031515997
0.031491682
0.032458637
0.03228189
0.032034058
0.031732943
0.031972785
0.032193244
0.0314324
0.03130116
0.03215047
0.03178745
0.031861328
0.031876277
0.031666383
0.031471092
0.031316496
0.032401904
0.032332122
0.031681385
0.032085024
0.031908404
0.03375018
0.032590646
0.031383626
0.031850133
0.03169063
0.032046158
0.032022987
0.032849316
0.03158265
0.031842813
0.03197139
0.032274246
0.03222403
0.03178824
0.0314847
0.032213163
0.03200399
0.031635135
0.03208864
0.032096885
0.031318303
0.03189501
0.03192381
0.031527355
0.03161273
0.03190752
0.03195281
0.033253957
0.03198326
0.03158077
0.031989787
0.031586703
0.03215525
0.032466747
0.032615006
0.031891387
0.031915396
0.031788744
0.03233664
0.031765398
0.031528242
0.031633984
0.031555574
0.031924978
0.031750087
0.031642996
0.031699143
0.032516915
0.03213177
0.031505607
0.031802926
0.031609703
0.03183928
0.03198602
0.031195119
0.030946746
0.031166699
0.031703785
0.03147108
0.031852916
0.03162259
0.032922983
0.032030266
0.031570755
0.030937541
0.032446027
0.031824645
0.03166898
0.03311541
0.03175941
0.031788994
0.0317601
0.03228947
0.032301214
0.031036079
0.031978767
0.03187995
0.032578994
0.0318636
0.031537727
0.03168475
0.03174063
0.031447373
0.031031987
0.03144777
0.03132184
0.030724239
0.031818956
0.03257491
0.030992005
0.031904764
0.03119076
0.030776238
0.030895868
0.031850804
0.031670887
0.030794099
0.030995443
0.031822316
0.031037888
0.031230612
0.03088813
0.031087922
0.03052318
0.03234039
0.031793352
0.030563751
0.031216353
0.030716239
0.03185354
0.031635623
0.031218903
0.031088645
0.03219601
0.031555776
0.03227137
0.031052148
0.031010874
0.032195408
0.03181132
0.032155316
0.031477414
0.03164875
0.031149015
0.031387057
0.031387076
0.030717049
0.031031528
0.031274285
0.031050613
0.031652644
0.031456817
0.032000426
0.031232988
0.031443655
0.031179022
0.030628266
0.03052363
0.03097891
0.031363662
0.031884477
0.030931277
0.030558052
0.031993393
0.03093756
0.03069669
0.03167044
0.031750113
0.031185914
0.030853445
0.030829128
0.031201316
0.031150963
0.031332258
0.030904973
0.031210767
0.031273004
0.03167975
0.030834239
0.031118475
0.03134843
0.03139034
0.031473957
0.030984318
0.0308469
0.030632375
0.031279817
0.030364493
0.030921543
0.030307872
0.030487718
0.031024463
0.031430505
0.031157194
0.03172326
0.030425077
0.03161771
0.03171574
0.03091857
0.03095608
0.030847795
0.031195737
0.030644406
0.030926362
0.030374244
0.0313207
0.031075776
0.030562922
0.031102262
0.030317467
0.031092081
0.030705426
0.030455355
0.030770333
0.030821905
0.03086283
0.030925848
0.030691637
0.031004054
0.031429656
0.03141943
0.03153394
0.030572383
0.030920314
0.0306989
0.030831965
0.03078838
0.030617528
0.031164508
0.030704282
0.03189277
0.030690739
0.031073075
0.030986143
0.03185868
0.030693118
0.030596955
0.030987848
0.032170698
0.030808339
0.031066881
0.031131819
0.031138396
0.031018836
0.030393602
0.030773731
0.031204086
0.031409904
0.031205121
0.030471276
0.0310135
0.030700285
0.030777043
0.030785829
0.031967834
0.03084234
0.031388503
0.030680707
0.030928755
0.030318167
0.030452373
0.031136723
0.03045197
0.030984111
0.03161739
0.030790638
0.03030749
0.030859789
0.030128071
0.029717743
0.031189196
0.03061066
0.03057458
0.030531744
0.030715985
0.03071111
0.030464333
0.031102804
0.030527167
0.030838009
0.029795337
0.030447632
0.03083348
0.030248094
0.030175101
0.0316064
0.030340923
0.03000809
0.030147564
0.030085417
0.029991442
0.030164063
0.030216312
0.031624116
0.0314684
0.031198284
0.030601446
0.030411063
0.030881582
0.030308971
0.030647347
0.030962685
0.030404553
0.030375019
0.030062588
0.030511329
0.030629918
0.02994803
0.030405212
0.030184245
0.030508485
0.030207012
0.030167576
0.030743686
0.030594405
0.031803295
0.030770442
0.030453201
0.031104589
0.030651795
0.029727891
0.030588452
0.030098835
0.030470116
0.030167963
0.029885765
0.029633166
0.030422619
0.029975465
0.03010713
0.030356288
0.029810889
0.029768959
0.030563971
0.031252895
0.030197289
0.029759377
0.029799206
0.030122532
0.030320825
0.030583302
0.029869994
0.02999705
0.029977765
0.029494464
0.030242184
0.03038527
0.030039897
0.029809847
0.0303607
0.029967735
0.030032866
0.029851299
0.029690433
0.029809978
0.02969593
0.02990324
0.030255865
0.030420782
0.030024404
0.030183993
0.030155204
0.029950732
0.03033765
0.030056853
0.029945666
0.030188015
0.029412095
0.029846376
0.029284172
0.02964982
0.029408352
0.03106568
0.030355325
0.029499251
0.029901743
0.029599078
0.031306338
0.029189652
0.030483026
0.029542092
0.029866016
0.029705532
0.029458057
0.03042375
0.029359622
0.02957964
0.029652895
0.029770622
0.030183954
0.029576745
0.03004726
0.030035352
0.030827621
0.029958712
0.03007176
0.029017659
0.029737102
0.029990595
0.029572014
0.029355498
0.029710945
0.030938355
0.029377291
0.030026551
0.02942869
0.030480852
0.029986035
0.02980668
0.030161064
0.029793091
0.02978326
0.030102473
0.030304056
0.030142961
0.029991707
0.030634796
0.030535117
0.029872084
0.029898493
0.029757572
0.030767718
0.029433211
0.030379564
0.030350786
0.030779734
0.029672602
0.029334785
0.029539978
0.029877983
0.029655617
0.030028407
0.029663764
0.03093099
0.029769829
0.029790847
0.030120805
0.03040619
0.030140674
0.029400501
0.029497685
0.029086
0.02947121
0.029758902
0.029592298
0.029582402
0.029714966
0.030092822
0.02987003
0.029287493
0.029671166
0.029431932
0.028807707
0.029015945
0.029086012
0.029828882
0.029010983
0.02915774
0.030031992
0.02904718
0.029596783
0.028975658
0.029395571
0.029769188
0.029665105
0.029051816
0.029904999
0.029929752
0.030048052
0.028808344
0.029288892
0.03024737
0.029217077
0.029028539
0.028992506
0.02909276
0.029801805
0.029613623
0.028950026
0.029076288
0.028617272
0.02916144
0.028715461
0.028906528
0.029864183
0.029524246
0.029358383
0.029073779
0.029585201
0.029971864
0.029414149
0.029334877
0.029420055
0.03054449
0.028872464
0.029115923
0.029474098
0.029258022
0.029321382
0.028994098
0.028750492
0.028884571
0.029100245
0.029632794
0.028813314
0.029461147
0.029156461
0.029482165
0.029834555
0.030296229
0.028661124
0.02959446
0.02850427
0.028870964
0.030106349
0.029482594
0.029608225
0.029436989
0.029439567
0.028914439
0.02954917
0.030140175
0.029141577
0.029079232
0.02949834
0.028998861
0.029469235
0.028872954
0.02836952
0.028846147
0.028858515
0.029068967
0.029165052
0.028591532
0.02890759
0.028662283
0.028994203
0.029616103
0.029091857
0.028997172
0.028809072
0.029937586
0.028383143
0.029296618
0.02976256
0.028642282
0.02862882
0.028418852
0.029096855
0.029597843
0.029289713
0.029488519
0.029343182
0.028721351
0.028708817
0.02927003
0.02922682
0.02961389
0.029108133
0.028643282
0.029744167
0.030146098
0.029207677
0.029848162
0.028508442
0.02867097
0.028279565
0.029990902
0.02951094
0.028464887
0.028502738
0.028446104
0.029093288
0.028856948
0.028514044
0.02874554
0.028874096
0.028782822
0.028711446
0.028868543
0.029338667
0.02858855
0.02858659
0.02919019
0.02873798
0.02942257
0.030037459
0.028640559
0.02801516
0.028526457
0.02876713
0.02971091
0.028707642
0.028760657
0.028257878
0.028549349
0.030173974
0.02933429
0.028438617
0.028950647
0.028853927
0.028908866
0.028206715
0.028497001
0.028974805
0.028863681
0.028322894
0.028875297
0.029417757
0.029042032
0.029339658
0.028869495
0.02944485
0.028503545
0.028934117
0.028737867
0.028391303
0.02896975
0.028462464
0.02927528
0.028921474
0.029072471
0.030059412
0.028804507
0.028985983
0.027816046
0.029001761
0.02884362
0.028477168
0.027952146
0.029408075
0.028378902
0.028425332
0.028143018
0.028899569
0.028625367
0.028350692
0.029281188
0.02829593
0.02851962
0.028927295
0.028439468
0.028847096
0.027860273
0.028718017
0.02847827
0.029552406
0.028533036
0.02832331
0.02807016
0.02836186
0.029019132
0.028503237
0.028008817
0.028560165
0.028714975
0.028629187
0.0287478
0.028072745
0.028061047
0.028533455
0.028226594
0.028419139
0.028708892
0.02787118
0.028564677
0.028504604
0.028779132
0.028676089
0.02924286
0.028252752
0.028511036
0.028557338
0.028241016
0.028296411
0.028233843
0.028065525
0.028505698
0.027744887
0.027961288
0.028151838
0.029059185
0.028736439
0.028210282
0.028695691
0.029495504
0.028209055
0.029122455
0.027989965
0.028856857
0.027880259
0.029071363
0.028270615
0.028204301
0.028786615
0.028052555
0.028922249
0.028357537
0.028902102
0.028622508
0.028370997
0.02811815
0.028155917
0.02807891
0.028568357
0.02946144
0.028433861
0.028426087
0.028346045
0.029387893
0.028197242
0.028122803
0.028296039
0.028850172
0.028202392
0.02831458
0.0279332
0.028477436
0.028245002
0.02826616
0.028849024
0.028317798
0.029003853
0.02913355
0.02848927
0.028369587
0.02856694
0.028151268
0.028698236
0.028521683
0.028490478
0.028853241
0.028433947
0.02910228
0.028630838
0.027804624
0.028261378
0.028243007
0.02822985
0.028751487
0.02850841
0.028427254
0.028522445
0.028318781
0.028864954
0.02896615
0.027980514
0.02875682
0.027972773
0.028495688
0.028301885
0.029001817
0.029376013
0.02853915
0.029284282
0.029211245
0.028367218
0.029463511
0.028104803
0.028865602
0.028586611
0.028226344
0.029300388
0.029876364
0.028118286
0.02814631
0.029230686
0.028250583
0.028294563
0.028240329
0.027820235
0.02853576
0.02842147
0.029041056
0.028736547
0.028058054
0.02866097
0.028046751
0.028541818
0.028433213
0.027402233
0.028243573
0.02878276
0.028103579
0.028711213
0.028278586
0.029938996
0.028029883
0.02881541
0.027946299
0.028039014
0.027609495
0.028797595
0.028422987
0.028175248
0.028036583
0.029091205
0.028433831
0.028180372
0.028102662
0.028169177
0.028567325
0.027721936
0.02785986
0.027985796
0.02766689
0.028550206
0.028376022
0.02774549
0.028159916
0.02824734
0.028727237
0.02842732
0.02786664
0.02814763
0.02797281
0.027968207
0.027755769
0.027867967
0.027788967
0.027935814
0.028008793
0.02741694
0.028209979
0.02891793
0.027986977
0.02870353
0.027459374
0.02818983
0.02815553
0.027587568
0.028098328
0.027568437
0.027730884
0.02809065
0.028774282
0.028387902
0.02824448
0.028197395
0.027989434
0.028156407
0.027598096
0.027448973
0.027551763
0.027725205
0.027442947
0.02816731
0.02790225
0.02734362
0.027230376
0.02737892
0.027275708
0.027498303
0.028062874
0.028650392
0.028693035
0.027754478
0.028218037
0.027491095
0.027680894
0.02731868
0.027533632
0.028159333
0.027985845
0.027745636
0.027434755
0.027508605
0.027888177
0.027695695
0.027585749
0.028077643
0.027633103
0.027324522
0.028051622
0.027522849
0.028420338
0.027888002
0.028862955
0.027804794
0.028599652
0.029158723
0.027920816
0.0276474
0.029916467
0.027834488
0.027515518
0.027637806
0.02809754
0.028169535
0.027583709
0.027873509
0.027955722
0.027387088
0.027362736
0.026860084
0.027642742
0.027888112
0.027633058
0.028664485
0.027585274
0.02820438
0.027813694
0.02748036
0.0276832
0.02713232
0.028812457
0.027912628
0.028324071
0.027970796
0.027443469
0.027721535
0.027902517
0.027939552
0.02793303
0.028291548
0.027624423
0.028371098
0.027282553
0.02759577
0.02734173
0.027616533
0.027702088
0.027019555
0.027281545
0.027986856
0.027634516
0.027139898
0.02726247
0.026562892
0.026628083
0.028080123
0.027507877
0.027097559
0.027857846
0.027458144
0.027148345
0.027120942
0.027007965
0.027494922
0.027711477
0.027149707
0.02706373
0.02765249
0.028758658
0.027501825
0.027441882
0.02810525
0.027251929
0.027229141
0.027063573
0.027267061
0.027220257
0.027456352
0.02738066
0.026771754
0.027201386
0.02711087
0.028038625
0.026996216
0.02699865
0.026797615
0.027042648
0.027140474
0.027395988
0.027381273
0.027876034
0.027534572
0.027483024
0.027586576
0.02768939
0.027031094
0.027534267
0.028066624
0.0276883
0.027674321
0.02688731
0.026818622
0.027724212
0.026697919
0.028659683
0.027186459
0.027388882
0.02673395
0.027514936
0.027130364
0.02763235
0.027019419
0.027157541
0.02720843
0.02672945
0.02651663
0.027537765
0.02657249
0.026808085
0.02731614
0.026611116
0.02697051
0.02720312
0.026599383
0.02752596
0.028248385
0.026520004
0.02767568
0.027634114
0.0267168
0.026884893
0.02668645
0.02740433
0.02691006
0.027178932
0.026574219
0.026935045
0.02683301
0.026333706
0.027250454
0.026845537
0.027223768
0.027028626
0.027157832
0.026578315
0.027072605
0.02652343
0.02710266
0.027013972
0.026524812
0.02709271
0.027417049
0.02728877
0.02646083
0.026933765
0.02735424
0.02759154
0.027278477
0.027344842
0.027014893
0.027022872
0.02677443
0.026881808
0.027382586
0.02716014
0.02666368
0.027027892
0.027263146
0.027316457
0.0270043
0.026956445
0.02703384
0.026784368
0.027163733
0.026694946
0.026927747
0.027126135
0.027041968
0.026738191
0.026749562
0.026552783
0.027444344
0.027528213
0.02664419
0.02660983
0.026716305
0.026461566
0.026690964
0.026665252
0.026773902
0.026490062
0.026750702
0.026596563
0.02713734
0.026608983
0.026678711
0.026732298
0.026774261
0.02636557
0.027429854
0.026744662
0.026780963
0.02694748
0.028017523
0.026585827
0.026818272
0.027144501
0.027083963
0.027388103
0.026203785
0.026739033
0.027656619
0.026980463
0.02644766
0.02632802
0.026690826
0.027592853
0.026371233
0.026907463
0.026283834
0.027585424
0.02673392
0.027218094
0.027085502
0.027359758
0.026724074
0.027475117
0.027174288
0.026504776
0.026684191
0.027357075
0.026721956
0.027671898
0.026932456
0.02706612
0.026975097
0.026955161
0.026943225
0.026544861
0.026669836
0.026620371
0.027004967
0.026579907
0.027387813
0.027547361
0.026889145
0.026555024
0.026830832
0.027153382
0.02641235
0.027088584
0.026952071
0.026857844
0.026082294
0.026593808
0.02632615
0.026788844
0.026735477
0.026979882
0.026896117
0.026978752
0.026841536
0.026332498
0.026723161
0.026428018
0.026726995
0.026713016
0.026312307
0.026646886
0.026622757
0.026823903
0.026588222
0.02704214
0.026756564
0.026852764
0.027020443
0.026437404
0.027150773
0.026760332
0.02647502
0.027105825
0.026783643
0.027432969
0.027068462
0.026128639
0.026334107
0.026161999
0.026785089
0.027002914
0.027242629
0.027122611
0.026848618
0.026666287
0.026896833
0.027072024
0.027604977
0.026725026
0.02736453
0.02669053
0.026537197
0.026732532
0.027415633
0.025874592
0.026701499
0.027353337
0.026943399
0.026525399
0.02584974
0.02701632
0.025980193
0.026296273
0.02641849
0.026449654
0.026207352
0.02637076
0.026009396
0.026093032
0.026011836
0.026366647
0.02690459
0.025922555
0.026448306
0.026290013
0.026965912
0.026649347
0.026381727
0.026809834
0.02717098
0.027159939
0.026149282
0.026836345
0.027128924
0.026789093
0.026358683
0.027514473
0.026829386
0.026133787
0.027617753
0.0261174
0.026411658
0.026128555
0.02649248
0.026746923
0.026091283
0.026610808
0.025999168
0.026273943
0.027336381
0.025994642
0.026726868
0.026254497
0.026570959
0.02669804
0.026053723
0.026502116
0.026915975
0.026218617
0.026134772
0.026196484
0.025954204
0.025949622
0.026209135
0.027515676
0.025985895
0.0258473
0.025775736
0.025858317
0.02599438
0.026334444
0.026127253
0.026153374
0.026195198
0.02712143
0.027038937
0.027261415
0.025934715
0.026814206
0.02607175
0.026258271
0.02651988
0.026091116
0.025831847
0.026548192
0.025751444
0.027303366
0.025838332
0.025560116
0.026052881
0.026139284
0.025706045
0.026063332
0.026690837
0.026048083
0.026209505
0.025852129
0.026771797
0.025997166
0.025409479
0.02676694
0.025616392
0.025928553
0.026257027
0.026271785
0.02582338
0.026014255
0.026803814
0.025803039
0.025589896
0.026396498
0.026660327
0.026556764
0.026570102
0.02603715
0.02649447
0.026126351
0.025849637
0.026688386
0.026181458
0.026455132
0.026806265
0.026409337
0.026847314
0.026620993
0.026598789
0.026288552
0.026274007
0.025684405
0.02598835
0.02644426
0.02643367
0.026234712
0.026324239
0.026850678
0.026280537
0.02595683
0.025923697
0.02542699
0.026261928
0.025989382
0.026387896
0.026117729
0.026269067
0.026060224
0.026731586
0.026823102
0.0255865
0.025946919
0.026391637
0.025222935
0.02598239
0.025830565
0.0260826
0.02588259
0.02606952
0.025976975
0.02594629
0.026453577
0.026165843
0.025276922
0.026333602
0.02655074
0.02560253
0.02538788
0.025880957
0.026391882
0.026306376
0.026782786
0.026733242
0.02567071
0.025737667
0.025888124
0.02601581
0.025836399
0.025776878
0.025680851
0.02555002
0.025568767
0.025705716
0.02545607
0.025597572
0.026019795
0.025237855
0.025644306
0.025682678
0.025692755
0.025810493
0.02586792
0.025524821
0.02647639
0.025634447
0.0271318
0.02756664
0.02643945
0.026629195
0.026118081
0.02642874
0.026359795
0.02530323
0.026634175
0.02605534
0.025283193
0.025950273
0.025492951
0.025825711
0.026974527
0.026261294
0.025615007
0.025771333
0.025586696
0.02529444
0.025438303
0.025720242
0.026244096
0.025330829
0.025406318
0.026154028
0.026207238
0.025544565
0.026317365
0.025425224
0.026125686
0.026327223
0.026490325
0.026375992
0.025791388
0.026642594
0.026129343
0.026124889
0.026241321
0.025985954
0.025673416
0.025703896
0.026454259
0.025529979
0.025822867
0.026383517
0.028002251
0.026453266
0.026336798
0.025681717
0.025839228
0.02754338
0.026393216
0.026157325
0.02541239
0.025257045
0.0258121
0.025790308
0.025831962
0.025754718
0.02596256
0.026190484
0.025165355
0.026010647
0.025818694
0.025849093
0.02602783
0.025536314
0.02586741
0.0262023
0.02566098
0.025813853
0.025959117
0.025803667
0.026651356
0.025389303
0.026167965
0.025635548
0.02522057
0.024960136
0.026249303
0.026198901
0.025856819
0.026571766
0.025543384
0.027126022
0.026005836
0.025279319
0.02693257
0.025449853
0.026040304
0.026216794
0.025197424
0.025689948
0.025742864
0.0261722
0.025441626
0.025794294
0.025867868
0.026335146
0.025321586
0.025492838
0.025644977
0.025521541
0.025771055
0.025018634
0.025805239
0.025358448
0.024827864
0.02541515
0.025343716
0.02577505
0.025522208
0.025720378
0.025462192
0.025320018
0.025627822
0.02557317
0.026520928
0.025238946
0.0256679
0.025765229
0.026019365
0.02582588
0.02572286
0.025555199
0.025795912
0.025439695
0.025017494
0.02616654
0.026723241
0.02529507
0.024980044
0.025312176
0.025436368
0.02600356
0.025981883
0.025233988
0.0257816
0.025961963
0.025055544
0.025004055
0.025261113
0.025234628
0.025690407
0.026083933
0.025555981
0.025334585
0.025359323
0.026249556
0.025652187
0.0268162
0.02501809
0.024899937
0.025224963
0.024922768
0.026590647
0.025268346
0.025971288
0.02544003
0.025663827
0.025481949
0.025439443
0.02589556
0.025535587
0.02525608
0.025103536
0.025340676
0.02554793
0.025539031
0.02509028
0.024782319
0.025320873
0.025314236
0.025648631
0.025459854
0.02599229
0.025464376
0.025113853
0.025195858
0.02498431
0.025083924
0.02568651
0.024942344
0.025240254
0.025592363
0.025818348
0.025587667
0.025176546
0.025106657
0.025209146
0.025289988
0.025210878
0.025068317
0.026168197
0.025472116
0.025384437
0.02540201
0.024859931
0.02549079
0.02538852
0.02524993
0.02473988
0.025236366
0.025984287
0.02516593
0.025836593
0.02633305
0.02561999
0.025306832
0.025500689
0.025435468
0.025424305
0.025610497
0.025876993
0.025164504
0.025904665
0.025612062
0.025532013
0.02569841
0.025208384
0.025878655
0.025212955
0.02548092
0.025172675
0.025908943
0.02516171
0.025248386
0.025482902
0.025690028
0.024916526
0.025202278
0.025318036
0.024958728
0.026235513
0.02620981
0.024779433
0.025491372
0.02590446
0.024567716
0.024713824
0.025369026
0.0253253
0.025212398
0.025744906
0.024929812
0.025058346
0.025417816
0.024889648
0.025028266
0.024782928
0.025406351
0.025085175
0.02481475
0.025681593
0.026375342
0.026124261
0.025243366
0.02509357
0.025227724
0.02555244
0.024673954
0.025316164
0.025401363
0.026571091
0.02570248
0.024678145
0.025681159
0.025407523
0.025859749
0.024988666
0.025216183
0.025347507
0.02572664
0.024780821
0.025484124
0.02489807
0.024757985
0.025437273
0.02532239
0.02587845
0.025031256
0.025405822
0.02492549
0.025955644
0.02564922
0.025139904
0.02470671
0.025522137
0.025158793
0.025028436
0.025315475
0.02494652
0.026569135
0.025037305
0.025854435
0.025221456
0.024803385
0.025372317
0.025670359
0.024476245
0.024594393
0.025471494
0.024981245
0.025080299
0.024612384
0.024414767
0.02482526
0.024928706
0.025169546
0.024741385
0.024660312
0.024637923
0.024748676
0.025082113
0.0247379
0.024768367
0.02462017
0.024937514
0.024791574
0.02530515
0.025086084
0.024747346
0.025791796
0.024798987
0.025003325
0.024705162
0.025371727
0.025363658
0.024832943
0.025774343
0.025028199
0.024968531
0.024700258
0.025494816
0.024566779
0.02512512
0.024354452
0.025104182
0.02438435
0.02427946
0.025523921
0.025061548
0.024549095
0.025056195
0.024230711
0.025447255
0.025625724
0.024998048
0.025000503
0.025671516
0.024561582
0.025480473
0.024644453
0.025318854
0.02457912
0.024879873
0.024594411
0.02438406
0.024806716
0.025346309
0.025093222
0.025299639
0.024686355
0.024826923
0.024744475
0.024303345
0.02502176
0.024711624
0.024542412
0.025223121
0.024396932
0.024664253
0.02482035
0.024854029
0.025252094
0.023987047
0.025254965
0.024642443
0.024838315
0.024226978
0.024711184
0.024889044
0.024799459
0.024525339
0.025672639
0.025213294
0.024070749
0.025245138
0.024819842
0.024472514
0.025101619
0.024805188
0.024788495
0.024260199
0.024788354
0.024487924
0.025538966
0.025599042
0.02527713
0.024139095
0.024690393
0.024696011
0.024476964
0.024603028
0.024979059
0.02478805
0.02552497
0.024983576
0.025870739
0.024763975
0.02476201
0.024782278
0.02475245
0.024548577
0.02449781
0.02449171
0.025214506
0.024677394
0.024666065
0.024610167
0.025255442
0.024456078
0.024296138
0.02531234
0.025071533
0.02464741
0.024253042
0.0248296
0.025997834
0.024475297
0.024456266
0.024657572
0.024106568
0.02465685
0.02455172
0.025265692
0.024958545
0.024748648
0.025113247
0.024576763
0.024723355
0.024643809
0.024421623
0.024185669
0.024612956
0.024546271
0.024913898
0.02495076
0.02465447
0.024699533
0.024948185
0.024503399
0.025268376
0.02486635
0.024628006
0.02443377
0.024632605
0.02478636
0.024531847
0.024638744
0.024795074
0.024093548
0.024835026
0.024430212
0.0243516
0.02459028
0.024504801
0.024700647
0.024460128
0.02423476
0.024863493
0.0248643
0.024331283
0.024921814
0.025616527
0.02439019
0.024234451
0.024639133
0.024175908
0.024539726
0.024717951
0.024301289
0.023946194
0.02457961
0.0241633
0.024076123
0.025044972
0.024312768
0.024946181
0.024287302
0.024937466
0.024448914
0.025434025
0.024446383
0.024439516
0.023954054
0.024071148
0.02423001
0.024194434
0.02422924
0.024297955
0.02391161
0.024280366
0.024557235
0.024582753
0.024165582
0.02453123
0.024401095
0.024646087
0.024239527
0.023803037
0.024043316
0.023890479
0.024492232
0.024173036
0.023904232
0.024129273
0.024153613
0.024308762
0.024570221
0.024954876
0.025325252
0.02459322
0.024127813
0.024452979
0.024076317
0.02426895
0.023977865
0.024749847
0.025086965
0.024022454
0.024683774
0.02446974
0.024591194
0.024386603
0.024319684
0.024039667
0.024360174
0.024212968
0.024164809
0.025339387
0.024840923
0.024189843
0.0248157
0.024100196
0.023894913
0.024703203
0.025084933
0.023740694
0.023707747
0.02387769
0.024083328
0.02433461
0.024295773
0.02479175
0.024003832
0.024715215
0.023863992
0.024116356
0.023986368
0.025012929
0.024299717
0.024614362
0.024146397
0.024605464
0.02405021
0.024819663
0.024311062
0.025087386
0.02429842
0.023841782
0.02391059
0.02452349
0.02413356
0.024749774
0.024187502
0.024116354
0.024678906
0.02417446
0.024110148
0.024596568
0.024082625
0.024252156
0.02417185
0.02392452
0.024025245
0.02421711
0.024476608
0.024757186
0.024206262
0.024388589
0.024399946
0.025191123
0.024570642
0.024500439
0.024037464
0.024257986
0.02433706
0.024302544
0.023774365
0.024041107
0.02388976
0.024065137
0.0241519
0.024134807
0.025077939
0.024224719
0.024015518
0.023714071
0.024004595
0.023942713
0.024375051
0.023885053
0.02432976
0.02367138
0.024172729
0.023917127
0.024035843
0.023795946
0.023883635
0.024183584
0.024519518
0.024114499
0.023892684
0.0239745
0.02446119
0.02377631
0.023872592
0.02345819
0.024487052
0.023650395
0.023726946
0.024398426
0.023666384
0.024007294
0.023524396
0.02414422
0.024305448
0.023932526
0.023888974
0.023541141
0.0237658
0.024511896
0.02485647
0.023848174
0.023736509
0.023876663
0.023966635
0.02463407
0.024537237
0.024434956
0.02387576
0.02387698
0.02399486
0.024353817
0.024429763
0.02459031
0.02472777
0.0239803
0.024700653
0.023853319
0.025456116
0.02368152
0.023594791
0.024336668
0.023746014
0.023983689
0.024041124
0.024226239
0.023522375
0.024012424
0.024117462
0.023805732
0.023508597
0.023570914
0.02310996
0.023299526
0.02420156
0.023589619
0.023576843
0.023704173
0.023950577
0.0237091
0.0236699
0.024403336
0.024077715
0.023822086
0.023820492
0.02415013
0.024200879
0.023657313
0.023803707
0.023804748
0.024526397
0.023929698
0.024210833
0.02444789
0.024130445
0.024284663
0.024149124
0.023567613
0.024916308
0.023641674
0.024190871
0.024368199
0.023723984
0.023938337
0.023945218
0.02425114
0.023733042
0.023698103
0.023682216
0.023924122
0.023949435
0.02367709
0.024569694
0.024851661
0.0241772
0.023830878
0.023824379
0.023823943
0.023640515
0.024035249
0.024176652
0.024424648
0.024112927
0.02413126
0.023728134
0.023966203
0.024296312
0.024021273
0.024612246
0.02432059
0.024125915
0.02423575
0.023937969
0.024250444
0.02376296
0.02396829
0.023600435
0.024104929
0.023213321
0.023262316
0.02415979
0.023464676
0.023761947
0.02419284
0.023431074
0.023737641
0.023425031
0.02475215
0.024257742
0.023874313
0.023468116
0.024206728
0.02377613
0.02326629
0.02347473
0.02360096
0.024023598
0.024047084
0.023750829
0.023832422
0.024014853
0.023878753
0.023111986
0.023452815
0.0238478
0.023777159
0.02306
0.023290018
0.024027275
0.02380631
0.02466466
0.023454383
0.023322456
0.023353495
0.023720596
0.02340361
0.023589002
0.023777932
0.024012616
0.02389934
0.024422772
0.023226399
0.023785735
0.02359797
0.023584224
0.023698859
0.023731817
0.02356757
0.0243147
0.023531782
0.023401784
0.023255283
0.023609055
0.023473151
0.023768622
0.023105077
0.02374486
0.02362432
0.023668978
0.024070624
0.02383078
0.02350209
0.024014266
0.024168098
0.023379859
0.023979643
0.023441656
0.023718994
0.024032729
0.023894014
0.02407272
0.0233116
0.023210088
0.024640592
0.024008164
0.023628477
0.023961399
0.02351469
0.02389264
0.023732187
0.023299983
0.023888243
0.023615455
0.023513725
0.023209162
0.02349021
0.02361354
0.024247423
0.023597237
0.02357361
0.02320439
0.023213068
0.023251591
0.023600921
0.023127712
0.023732172
0.02397662
0.023788173
0.023021756
0.023397388
0.023559978
0.023858147
0.023219628
0.023156803
0.023532888
0.024133613
0.02362359
0.023284389
0.023039643
0.024906047
0.023238648
0.023826042
0.02407825
0.02358165
0.023433065
0.023548227
0.02310362
0.022976495
0.023323707
0.02338714
0.02375309
0.024314702
0.023336789
0.023833351
0.02381429
0.023730153
0.023118302
0.023556352
0.023401568
0.023777887
0.02307322
0.023797026
0.023593383
0.02388937
0.023711879
0.023520794
0.024723455
0.023790488
0.023566928
0.022938436
0.023539927
0.02384489
0.023983208
0.023724163
0.023515094
0.023416322
0.023539793
0.023343382
0.02394505
0.023348432
0.023282805
0.023490913
0.023335984
0.023353482
0.023121173
0.02356964
0.023460895
0.02349121
0.02304481
0.024139194
0.023604896
0.023195291
0.02370325
0.02376455
0.023011649
0.023649687
0.023115745
0.023665044
0.024553178
0.023358196
0.023742927
0.023087207
0.023869958
0.023885036
0.023920462
0.023436368
0.02334358
0.02375306
0.02343089
0.023746397
0.023534387
0.02325012
0.023827747
0.023740085
0.023130149
0.023473844
0.022911636
0.02320679
0.02339255
0.023949094
0.02400122
0.022785814
0.023511494
0.02282696
0.023596197
0.023393732
0.022920549
0.02365597
0.02326733
0.023380924
0.023239285
0.023270883
0.022811312
0.02363362
0.02316161
0.023618842
0.023153996
0.023268864
0.023056528
0.023361914
0.023409264
0.024304356
0.024040285
0.023368362
0.024061019
0.023904994
0.02263332
0.023389585
0.023275282
0.023188526
0.022911942
0.023532053
0.023940891
0.023810463
0.023406556
0.023595337
0.02334928
0.024045575
0.023147004
0.022962324
0.02309966
0.023253031
0.023060676
0.023297915
0.023474518
0.023204919
0.023523493
0.023694886
0.023002062
0.023639683
0.023340276
0.022784851
0.023114685
0.023536505
0.023443395
0.022894083
0.023553722
0.022942718
0.023220079
0.02321151
0.023456495
0.02273126
0.023127487
0.02305433
0.023465242
0.023217494
0.022711938
0.022935873
0.023085631
0.02291211
0.023092275
0.023005744
0.022863176
0.02322239
0.023369053
0.023111414
0.022659626
0.023319319
0.023632208
0.022817763
0.023231957
0.02327414
0.023912605
0.02321967
0.02311216
0.023414358
0.0230728
0.02298006
0.023297029
0.023663988
0.02270153
0.023360997
0.023051962
0.023624463
0.023025384
0.023433276
0.024235617
0.022915281
0.023457034
0.023091119
0.02304269
0.02303581
0.023117747
0.023142027
0.02315267
0.023866825
0.023669176
0.02307972
0.02290367
0.023769056
0.023272706
0.023562564
0.023748184
0.023409119
0.023184685
0.023046553
0.023294812
0.023577472
0.023436373
0.023500245
0.02338058
0.023140237
0.023222694
0.023068346
0.023276635
0.023262305
0.023208506
0.022935381
0.02411172
0.023110002
0.023773404
0.023135677
0.023053115
0.022972697
0.0229532
0.02346627
0.023214875
0.02321117
0.023217205
0.02329665
0.023185937
0.02304712
0.022990715
0.023377582
0.023060612
0.02320548
0.0231924
0.023393342
0.023229528
0.023075268
0.023157079
0.023550104
0.022485416
0.023328656
0.022611806
0.022548918
0.022728726
0.022601089
0.02280226
0.022489721
0.022675725
0.02294422
0.02280235
0.023023395
0.022526661
0.022688925
0.022462348
0.023015782
0.02297325
0.02284046
0.02244228
0.023167297
0.022952432
0.022902207
0.022371924
0.022781499
0.023236085
0.022478202
0.022882968
0.022668228
0.023107504
0.023574933
0.023006452
0.023121905
0.023978505
0.022648348
0.022636767
0.022862723
0.02289786
0.02326113
0.02286822
0.022886658
0.023160668
0.023006093
0.023562161
0.023016483
0.022674859
0.023146877
0.022764683
0.022951577
0.0228409
0.022912996
0.023017885
0.023023441
0.02293339
0.023136571
0.023531849
0.022975195
0.022807555
0.022911405
0.023583688
0.022624018
0.022889761
0.02277099
0.02275397
0.023244925
0.022883728
0.023162518
0.022909716