20 197.6 -0.08 197.53 0.077 19 47 0.42 0.0 
40 195.7 -0.07 195.63 0.156 39 103 0.86 0.01 
60 194.01 -0.36 193.65 0.197 59 168 1.29 0.01 
80 193.51 -0.86 192.66 0.239 79 230 1.73 0.01 
100 192.1 -1.08 191.02 0.267 96 301 2.11 0.01 
120 191.9 -1.23 190.68 0.299 115 391 2.52 0.02 
140 190.11 -1.36 188.75 0.329 132 459 2.89 0.02 
160 189.61 -1.56 188.05 0.365 150 528 3.29 0.03 
180 188.42 -1.73 186.69 0.388 166 603 3.64 0.03 
200 185.97 -1.69 184.27 0.412 184 689 4.04 0.03 
220 184.58 -1.89 182.69 0.436 203 766 4.45 0.04 
240 184.03 -2.16 181.87 0.453 219 862 4.8 0.04 
260 183.8 -2.36 181.44 0.473 235 947 5.15 0.05 
280 182.97 -2.45 180.52 0.489 252 1041 5.53 0.05 
300 181.85 -2.44 179.41 0.509 270 1131 5.92 0.06 
320 180.69 -2.58 178.11 0.526 288 1216 6.32 0.06 
340 179.64 -2.59 177.05 0.546 302 1290 6.62 0.06 
360 179.17 -2.85 176.32 0.564 321 1383 7.04 0.07 
380 177.52 -3.03 174.49 0.576 338 1483 7.41 0.07 
400 176.67 -3.08 173.59 0.591 354 1579 7.76 0.08 
420 175.04 -3.27 171.76 0.601 372 1679 8.16 0.08 
440 174.78 -3.37 171.41 0.606 386 1783 8.46 0.09 
460 173.37 -3.4 169.98 0.619 400 1892 8.77 0.09 
480 172.44 -3.49 168.95 0.625 415 1989 9.1 0.1 
500 171.34 -3.74 167.59 0.636 433 2122 9.5 0.11 
520 170.74 -3.75 166.99 0.648 452 2222 9.91 0.11 
540 170.21 -3.86 166.34 0.658 466 2332 10.22 0.12 
560 169.91 -4.08 165.83 0.667 480 2450 10.53 0.12 
580 168.38 -4.12 164.25 0.682 496 2554 10.88 0.13 
600 168.19 -4.19 163.99 0.683 515 2673 11.29 0.13 
620 167.09 -4.15 162.94 0.691 531 2778 11.64 0.14 
640 166.42 -4.18 162.24 0.699 549 2899 12.04 0.14 
660 165.5 -4.24 161.27 0.708 563 3019 12.35 0.15 
680 164.79 -4.26 160.53 0.711 578 3143 12.68 0.16 
700 163.98 -4.33 159.65 0.716 595 3261 13.05 0.16 
720 163.67 -4.4 159.26 0.721 612 3386 13.42 0.17 
740 162.85 -4.36 158.49 0.729 629 3518 13.79 0.17 
760 162.3 -4.47 157.83 0.735 644 3632 14.12 0.18 
780 161.76 -4.52 157.24 0.741 658 3767 14.43 0.19 
800 160.64 -4.41 156.22 0.743 669 3903 14.67 0.19 
820 159.43 -4.32 155.1 0.747 684 4031 15.0 0.2 
840 158.89 -4.31 154.58 0.755 696 4146 15.26 0.21 
860 158.28 -4.33 153.95 0.755 712 4285 15.61 0.21 
880 157.66 -4.38 153.28 0.76 729 4428 15.99 0.22 
900 156.62 -4.34 152.28 0.765 745 4562 16.34 0.23 
920 156.77 -4.33 152.44 0.77 759 4697 16.64 0.23 
940 155.5 -4.26 151.25 0.77 772 4819 16.93 0.24 
960 155.27 -4.3 150.97 0.776 785 4951 17.21 0.25 
980 154.68 -4.31 150.36 0.781 799 5083 17.52 0.25 
1000 154.27 -4.35 149.92 0.787 816 5248 17.89 0.26 
1020 153.71 -4.42 149.3 0.787 828 5391 18.16 0.27 
1040 153.38 -4.38 148.99 0.789 839 5508 18.4 0.27 
1060 152.28 -4.46 147.81 0.796 859 5659 18.84 0.28 
1080 152.32 -4.45 147.87 0.798 871 5776 19.1 0.29 
1100 151.22 -4.5 146.73 0.798 884 5937 19.39 0.3 
1120 151.32 -4.5 146.82 0.803 898 6104 19.69 0.3 
1140 150.82 -4.42 146.4 0.804 914 6227 20.04 0.31 
1160 150.36 -4.46 145.9 0.81 927 6381 20.33 0.32 
1180 149.55 -4.51 145.04 0.81 939 6535 20.59 0.32 
1200 149.62 -4.54 145.07 0.812 950 6717 20.83 0.33 
1220 149.1 -4.64 144.46 0.814 963 6880 21.12 0.34 
1240 148.56 -4.59 143.98 0.817 978 7053 21.45 0.35 
1260 148.07 -4.46 143.6 0.82 992 7204 21.75 0.36 
1280 147.46 -4.45 143.01 0.82 1008 7361 22.11 0.37 
1300 148.07 -4.51 143.56 0.823 1024 7514 22.46 0.37 
1320 147.19 -4.45 142.74 0.826 1039 7653 22.79 0.38 
1340 146.24 -4.43 141.81 0.827 1051 7821 23.05 0.39 
1360 145.56 -4.27 141.3 0.829 1065 7945 23.36 0.4 
1380 145.61 -4.31 141.3 0.827 1079 8101 23.66 0.4 
1400 145.05 -4.26 140.79 0.829 1091 8248 23.93 0.41 
1420 144.49 -4.19 140.3 0.832 1104 8379 24.21 0.42 
1440 144.02 -4.22 139.8 0.831 1115 8550 24.45 0.43 
1460 143.81 -4.19 139.61 0.834 1126 8698 24.69 0.43 
1480 143.65 -4.16 139.49 0.836 1138 8882 24.96 0.44 
1500 142.76 -4.17 138.59 0.839 1153 9049 25.29 0.45 
1520 142.49 -4.18 138.31 0.839 1165 9194 25.55 0.46 
1540 141.57 -4.13 137.43 0.842 1174 9359 25.75 0.47 
1560 141.72 -4.11 137.6 0.844 1187 9511 26.03 0.47 
1580 141.35 -4.15 137.2 0.844 1200 9687 26.32 0.48 
1600 140.91 -4.17 136.74 0.845 1210 9846 26.54 0.49 
1620 140.55 -4.13 136.42 0.847 1222 10018 26.8 0.5 
1640 140.6 -4.13 136.47 0.845 1235 10197 27.08 0.51 
1660 140.15 -4.11 136.04 0.847 1247 10358 27.35 0.52 
1680 139.83 -4.08 135.75 0.849 1258 10529 27.59 0.52 
1700 139.55 -3.99 135.56 0.85 1269 10705 27.83 0.53 
1720 139.4 -3.98 135.42 0.851 1282 10842 28.11 0.54 
1740 139.13 -3.98 135.15 0.853 1296 11016 28.42 0.55 
1760 138.84 -3.95 134.89 0.856 1311 11175 28.75 0.56 
1780 138.56 -3.99 134.57 0.855 1320 11346 28.95 0.56 
1800 138.66 -3.85 134.81 0.856 1333 11516 29.23 0.57 
1820 137.93 -3.75 134.18 0.856 1346 11671 29.52 0.58 
1840 137.72 -3.71 134.02 0.856 1359 11847 29.8 0.59 
1860 137.1 -3.61 133.49 0.859 1369 12007 30.02 0.6 
1880 136.69 -3.6 133.08 0.858 1380 12169 30.26 0.61 
1900 136.37 -3.6 132.77 0.861 1390 12333 30.48 0.61 
1920 136.14 -3.66 132.48 0.864 1400 12511 30.7 0.62 
1940 136.11 -3.61 132.5 0.864 1411 12661 30.94 0.63 
1960 135.39 -3.54 131.85 0.864 1424 12798 31.23 0.64 
1980 135.21 -3.49 131.72 0.863 1433 12954 31.43 0.64 
2000 134.99 -3.48 131.51 0.866 1448 13112 31.75 0.65 
2020 134.29 -3.46 130.83 0.866 1461 13291 32.04 0.66 
2040 134.22 -3.43 130.79 0.868 1467 13451 32.17 0.67 
2060 133.49 -3.37 130.11 0.868 1476 13616 32.37 0.68 
2080 134.0 -3.31 130.7 0.869 1488 13796 32.63 0.69 
2100 133.58 -3.28 130.3 0.87 1497 13975 32.83 0.69 
2120 133.59 -3.26 130.34 0.871 1506 14152 33.03 0.7 
2140 133.04 -3.14 129.9 0.872 1520 14308 33.33 0.71 
2160 133.19 -3.11 130.08 0.872 1532 14487 33.6 0.72 
2180 131.88 -3.02 128.87 0.873 1547 14643 33.93 0.73 
2200 131.67 -3.02 128.65 0.875 1559 14798 34.19 0.74 
2220 131.42 -2.93 128.49 0.875 1570 14977 34.43 0.74 
2240 131.27 -2.91 128.36 0.875 1582 15137 34.69 0.75 
2260 130.72 -2.75 127.96 0.875 1594 15341 34.96 0.76 
2280 130.81 -2.65 128.15 0.877 1604 15505 35.18 0.77 
2300 129.93 -2.61 127.32 0.877 1611 15665 35.33 0.78 
2320 129.75 -2.54 127.21 0.877 1620 15840 35.53 0.79 
2340 129.72 -2.46 127.26 0.877 1633 16000 35.81 0.8 
2360 129.59 -2.42 127.17 0.879 1645 16172 36.07 0.8 
2380 128.95 -2.34 126.6 0.88 1657 16364 36.34 0.81 
2400 128.79 -2.26 126.53 0.882 1664 16524 36.49 0.82 
2420 128.11 -2.24 125.88 0.882 1675 16712 36.73 0.83 
2440 127.59 -2.2 125.39 0.882 1684 16900 36.93 0.84 
2460 127.47 -2.12 125.35 0.882 1696 17069 37.19 0.85 
2480 127.3 -2.04 125.26 0.883 1706 17243 37.41 0.86 
2500 127.45 -2.06 125.39 0.884 1713 17407 37.57 0.87 
2520 127.17 -2.01 125.16 0.885 1718 17563 37.68 0.87 
2540 126.61 -1.94 124.67 0.886 1728 17737 37.89 0.88 
2560 126.42 -1.85 124.57 0.887 1740 17906 38.16 0.89 
2580 126.47 -1.79 124.68 0.887 1748 18063 38.33 0.9 
2600 125.26 -1.73 123.52 0.887 1763 18214 38.66 0.91 
2620 125.65 -1.74 123.92 0.888 1772 18390 38.86 0.91 
2640 124.92 -1.72 123.2 0.888 1782 18568 39.08 0.92 
2660 125.19 -1.68 123.51 0.889 1792 18754 39.3 0.93 
2680 123.84 -1.51 122.33 0.889 1806 18922 39.61 0.94 
2700 123.45 -1.51 121.94 0.889 1819 19112 39.89 0.95 
2720 123.86 -1.5 122.36 0.89 1829 19294 40.11 0.96 
2740 123.74 -1.4 122.34 0.891 1837 19467 40.29 0.97 
2760 122.63 -1.32 121.31 0.892 1847 19632 40.5 0.98 
2780 122.7 -1.28 121.42 0.892 1860 19822 40.79 0.99 
2800 122.94 -1.26 121.69 0.892 1865 20010 40.9 1.0 
2820 122.35 -1.16 121.19 0.892 1876 20182 41.14 1.0 
2840 121.84 -1.07 120.77 0.893 1884 20363 41.32 1.01 
2860 121.98 -1.0 120.99 0.894 1894 20527 41.54 1.02 
2880 121.39 -0.92 120.48 0.896 1905 20708 41.78 1.03 
2900 120.91 -0.83 120.08 0.895 1913 20867 41.95 1.04 
2920 120.81 -0.73 120.07 0.895 1919 21036 42.08 1.05 
2940 119.9 -0.6 119.3 0.895 1929 21183 42.3 1.05 
2960 120.15 -0.57 119.58 0.895 1939 21359 42.52 1.06 
2980 119.55 -0.47 119.08 0.896 1950 21521 42.76 1.07 
3000 119.74 -0.42 119.32 0.897 1956 21700 42.89 1.08 
3020 119.48 -0.34 119.13 0.898 1969 21875 43.18 1.09 
3040 118.73 -0.23 118.5 0.898 1977 22051 43.36 1.1 
3060 118.86 -0.23 118.63 0.899 1986 22227 43.55 1.11 
3080 118.84 -0.18 118.66 0.897 1997 22385 43.79 1.11 
3100 118.29 -0.1 118.19 0.899 2006 22553 43.99 1.12 
3120 118.29 -0.03 118.25 0.9 2013 22739 44.14 1.13 
