20 197.35 -0.27 197.08 0.073 16 24 0.35 0.0 
40 196.69 -0.87 195.82 0.099 32 54 0.7 0.0 
60 195.77 -1.27 194.5 0.122 47 83 1.03 0.0 
80 194.86 -1.86 193.0 0.153 64 114 1.4 0.01 
100 193.56 -2.35 191.2 0.163 76 147 1.67 0.01 
120 193.35 -2.27 191.08 0.187 88 178 1.93 0.01 
140 192.39 -2.45 189.93 0.207 103 206 2.26 0.01 
160 192.58 -2.86 189.72 0.232 117 241 2.57 0.01 
180 191.41 -3.11 188.3 0.256 127 277 2.79 0.01 
200 190.83 -3.22 187.61 0.279 140 308 3.07 0.02 
220 189.26 -3.42 185.84 0.295 150 343 3.29 0.02 
240 187.89 -3.72 184.17 0.319 162 379 3.55 0.02 
260 187.68 -4.04 183.64 0.334 177 412 3.88 0.02 
280 187.18 -4.43 182.74 0.341 189 444 4.14 0.02 
300 186.72 -4.73 181.99 0.352 202 480 4.43 0.02 
320 186.07 -5.21 180.86 0.373 214 514 4.69 0.03 
340 185.29 -5.33 179.96 0.382 227 548 4.98 0.03 
360 184.15 -5.39 178.76 0.393 240 585 5.26 0.03 
380 183.83 -5.53 178.3 0.407 251 623 5.5 0.03 
400 182.9 -5.55 177.35 0.42 266 660 5.83 0.03 
420 181.54 -5.76 175.79 0.435 280 689 6.14 0.03 
440 180.96 -6.02 174.94 0.445 291 724 6.38 0.04 
460 180.73 -6.3 174.43 0.453 302 760 6.62 0.04 
480 179.69 -6.56 173.13 0.466 310 802 6.8 0.04 
500 179.46 -6.8 172.66 0.473 322 839 7.06 0.04 
520 178.96 -7.14 171.82 0.484 337 883 7.39 0.04 
540 179.02 -7.27 171.75 0.494 344 919 7.54 0.05 
560 178.43 -7.47 170.96 0.499 355 957 7.79 0.05 
580 177.76 -7.45 170.3 0.507 370 996 8.11 0.05 
600 177.19 -7.64 169.55 0.518 384 1034 8.42 0.05 
620 176.95 -7.67 169.28 0.519 393 1069 8.62 0.05 
640 175.67 -7.76 167.91 0.53 406 1107 8.9 0.06 
660 175.21 -7.96 167.26 0.541 417 1146 9.14 0.06 
680 174.37 -8.06 166.31 0.552 425 1184 9.32 0.06 
700 174.34 -8.09 166.25 0.556 437 1228 9.58 0.06 
720 174.42 -8.25 166.18 0.557 449 1268 9.85 0.06 
740 173.35 -8.12 165.23 0.568 458 1305 10.04 0.06 
760 172.08 -8.27 163.81 0.575 473 1349 10.37 0.07 
780 171.71 -8.33 163.38 0.581 485 1394 10.64 0.07 
800 170.83 -8.38 162.44 0.586 498 1439 10.92 0.07 
820 170.05 -8.57 161.47 0.593 509 1480 11.16 0.07 
840 169.99 -8.49 161.5 0.6 521 1519 11.43 0.08 
860 168.52 -8.61 159.91 0.607 531 1558 11.64 0.08 
880 167.89 -8.78 159.12 0.613 541 1600 11.86 0.08 
900 167.43 -8.91 158.51 0.617 554 1646 12.15 0.08 
920 166.95 -8.94 158.01 0.626 562 1688 12.32 0.08 
940 165.74 -9.01 156.73 0.63 571 1733 12.52 0.09 
960 165.32 -8.92 156.4 0.64 584 1783 12.81 0.09 
980 165.18 -8.94 156.23 0.647 592 1827 12.98 0.09 
1000 164.19 -9.02 155.17 0.644 601 1871 13.18 0.09 
1020 164.06 -9.11 154.95 0.651 610 1914 13.38 0.1 
1040 163.58 -9.03 154.54 0.66 620 1959 13.6 0.1 
1060 163.15 -8.96 154.19 0.664 632 2006 13.86 0.1 
1080 163.2 -9.04 154.16 0.665 646 2054 14.17 0.1 
1100 162.89 -9.0 153.89 0.669 657 2102 14.41 0.1 
1120 162.94 -9.08 153.86 0.674 665 2149 14.58 0.11 
1140 161.56 -9.22 152.34 0.676 674 2196 14.78 0.11 
1160 161.48 -9.26 152.22 0.675 684 2237 15.0 0.11 
1180 161.79 -9.19 152.59 0.681 697 2277 15.29 0.11 
1200 161.25 -9.24 152.01 0.687 706 2324 15.48 0.12 
1220 160.6 -9.26 151.35 0.689 717 2371 15.72 0.12 
1240 159.62 -9.17 150.45 0.695 725 2418 15.9 0.12 
1260 159.19 -9.21 149.99 0.697 735 2469 16.12 0.12 
1280 158.16 -9.15 149.01 0.704 744 2520 16.32 0.13 
1300 157.73 -9.11 148.63 0.704 751 2574 16.47 0.13 
1320 157.37 -9.08 148.29 0.711 759 2620 16.64 0.13 
1340 157.06 -9.04 148.02 0.713 765 2673 16.78 0.13 
1360 156.45 -9.04 147.41 0.716 774 2721 16.97 0.14 
1380 156.4 -8.97 147.43 0.72 777 2769 17.04 0.14 
1400 155.69 -9.06 146.63 0.725 786 2816 17.24 0.14 
1420 155.78 -9.03 146.75 0.723 798 2865 17.5 0.14 
1440 154.99 -9.04 145.95 0.728 805 2914 17.65 0.14 
1460 154.38 -9.08 145.3 0.73 813 2964 17.83 0.15 
1480 154.11 -9.07 145.04 0.732 819 3017 17.96 0.15 
1500 153.89 -9.09 144.8 0.734 826 3069 18.11 0.15 
1520 152.96 -8.97 143.99 0.736 838 3114 18.38 0.15 
1540 152.37 -9.04 143.34 0.74 847 3169 18.57 0.16 
1560 152.91 -9.11 143.8 0.742 854 3221 18.73 0.16 
1580 152.01 -9.15 142.86 0.744 865 3263 18.97 0.16 
1600 151.78 -9.12 142.65 0.743 874 3313 19.17 0.16 
1620 151.21 -9.21 142.0 0.75 881 3365 19.32 0.17 
1640 150.9 -9.17 141.73 0.752 891 3412 19.54 0.17 
1660 150.55 -9.17 141.38 0.754 903 3460 19.8 0.17 
1680 150.17 -9.25 140.92 0.753 914 3514 20.04 0.17 
1700 150.35 -9.25 141.11 0.756 922 3564 20.22 0.18 
1720 150.19 -9.28 140.9 0.759 928 3616 20.35 0.18 
1740 150.17 -9.3 140.87 0.759 936 3663 20.53 0.18 
1760 149.42 -9.23 140.19 0.76 941 3714 20.64 0.18 
1780 149.24 -9.14 140.1 0.765 949 3764 20.81 0.19 
1800 148.89 -9.15 139.74 0.766 960 3814 21.05 0.19 
1820 147.92 -9.09 138.83 0.767 966 3864 21.18 0.19 
1840 147.33 -9.07 138.26 0.766 976 3911 21.4 0.19 
1860 147.18 -9.14 138.04 0.767 986 3964 21.62 0.2 
1880 146.99 -9.24 137.76 0.77 994 4014 21.8 0.2 
1900 146.44 -9.16 137.28 0.771 1000 4065 21.93 0.2 
1920 146.75 -9.14 137.61 0.775 1009 4121 22.13 0.2 
1940 146.35 -8.98 137.37 0.773 1019 4176 22.35 0.21 
1960 145.37 -9.07 136.3 0.78 1026 4227 22.5 0.21 
1980 145.31 -9.15 136.17 0.781 1034 4285 22.68 0.21 
2000 145.23 -9.12 136.11 0.78 1043 4336 22.87 0.22 
2020 144.51 -8.96 135.54 0.786 1053 4384 23.09 0.22 
2040 144.26 -9.03 135.23 0.789 1060 4433 23.25 0.22 
2060 143.74 -8.97 134.77 0.789 1068 4481 23.42 0.22 
2080 143.59 -9.05 134.53 0.791 1076 4541 23.6 0.23 
2100 143.49 -9.09 134.4 0.791 1082 4603 23.73 0.23 
2120 143.52 -9.09 134.44 0.793 1093 4651 23.97 0.23 
2140 142.97 -9.07 133.9 0.794 1098 4706 24.08 0.23 
2160 142.63 -8.93 133.7 0.794 1105 4761 24.23 0.24 
2180 142.62 -8.87 133.74 0.793 1117 4811 24.5 0.24 
2200 141.88 -8.82 133.06 0.798 1127 4863 24.71 0.24 
2220 141.42 -8.62 132.81 0.798 1137 4916 24.93 0.24 
2240 141.21 -8.6 132.62 0.797 1147 4970 25.15 0.25 
2260 140.64 -8.44 132.2 0.797 1152 5022 25.26 0.25 
2280 140.96 -8.45 132.51 0.802 1160 5076 25.44 0.25 
2300 140.5 -8.4 132.1 0.801 1167 5131 25.59 0.26 
2320 140.1 -8.29 131.8 0.803 1171 5183 25.68 0.26 
2340 139.46 -8.3 131.16 0.801 1174 5244 25.75 0.26 
2360 139.54 -8.41 131.13 0.805 1182 5300 25.92 0.26 
2380 139.5 -8.29 131.21 0.806 1189 5359 26.07 0.27 
2400 139.25 -8.26 130.99 0.805 1194 5415 26.18 0.27 
2420 139.39 -8.17 131.22 0.807 1201 5470 26.34 0.27 
2440 139.08 -8.14 130.93 0.809 1209 5525 26.51 0.27 
2460 138.04 -8.05 129.99 0.808 1221 5577 26.78 0.28 
2480 137.66 -8.01 129.65 0.811 1228 5632 26.93 0.28 
2500 137.8 -8.02 129.78 0.812 1236 5687 27.11 0.28 
2520 137.39 -7.99 129.4 0.814 1245 5741 27.3 0.29 
2540 137.1 -8.07 129.03 0.815 1253 5800 27.48 0.29 
2560 137.01 -7.99 129.02 0.814 1260 5858 27.63 0.29 
2580 136.44 -8.02 128.42 0.815 1269 5915 27.83 0.29 
2600 135.83 -8.01 127.82 0.817 1277 5970 28.0 0.3 
2620 136.29 -8.07 128.23 0.819 1283 6028 28.14 0.3 
2640 135.99 -8.01 127.98 0.819 1288 6089 28.25 0.3 
2660 135.65 -7.9 127.75 0.821 1294 6151 28.38 0.31 
2680 134.85 -7.8 127.05 0.821 1303 6209 28.57 0.31 
2700 135.09 -7.81 127.28 0.823 1307 6265 28.66 0.31 
2720 135.13 -7.83 127.3 0.823 1313 6319 28.79 0.31 
2740 135.2 -7.8 127.41 0.824 1321 6373 28.97 0.32 
2760 134.5 -7.71 126.78 0.825 1329 6418 29.14 0.32 
2780 134.42 -7.67 126.75 0.827 1335 6476 29.28 0.32 
2800 133.65 -7.68 125.97 0.827 1339 6527 29.36 0.32 
2820 133.59 -7.56 126.04 0.828 1354 6578 29.69 0.33 
2840 133.05 -7.42 125.63 0.829 1361 6632 29.85 0.33 
2860 133.44 -7.35 126.09 0.83 1366 6689 29.96 0.33 
2880 132.77 -7.23 125.55 0.83 1373 6751 30.11 0.34 
2900 131.91 -7.24 124.67 0.83 1378 6808 30.22 0.34 
2920 132.15 -7.16 124.98 0.833 1384 6861 30.35 0.34 
2940 132.49 -7.08 125.41 0.833 1388 6917 30.44 0.34 
2960 131.35 -6.94 124.42 0.833 1393 6980 30.55 0.35 
2980 131.77 -6.91 124.86 0.835 1399 7036 30.68 0.35 
3000 131.52 -6.85 124.67 0.836 1410 7085 30.92 0.35 
3020 131.14 -6.83 124.31 0.836 1415 7142 31.03 0.36 
3040 130.73 -6.84 123.88 0.838 1422 7205 31.18 0.36 
3060 130.31 -6.83 123.49 0.837 1433 7265 31.43 0.36 
3080 130.51 -6.85 123.66 0.839 1441 7319 31.6 0.36 
3100 130.0 -6.63 123.37 0.838 1449 7377 31.78 0.37 
3120 129.75 -6.6 123.15 0.838 1459 7437 32.0 0.37 
3140 129.53 -6.59 122.93 0.838 1464 7486 32.11 0.37 
3160 129.28 -6.59 122.69 0.838 1467 7553 32.17 0.38 
3180 129.04 -6.48 122.56 0.838 1476 7615 32.37 0.38 
3200 128.88 -6.47 122.41 0.841 1479 7677 32.43 0.38 
3220 129.26 -6.32 122.94 0.843 1488 7732 32.63 0.38 
3240 128.7 -6.2 122.5 0.843 1495 7792 32.79 0.39 
3260 128.31 -6.07 122.24 0.842 1501 7854 32.92 0.39 
3280 128.57 -6.06 122.51 0.839 1506 7906 33.03 0.39 
3300 127.81 -6.04 121.77 0.843 1512 7964 33.16 0.4 
3320 127.47 -5.82 121.65 0.846 1517 8017 33.27 0.4 
3340 127.41 -5.8 121.61 0.846 1520 8071 33.33 0.4 
3360 126.9 -5.65 121.25 0.846 1526 8130 33.46 0.4 
3380 126.72 -5.62 121.1 0.846 1532 8192 33.6 0.41 
3400 126.76 -5.57 121.2 0.848 1540 8245 33.77 0.41 
3420 126.54 -5.54 121.0 0.848 1547 8304 33.93 0.41 
3440 126.29 -5.41 120.88 0.849 1552 8366 34.04 0.42 
3460 126.12 -5.4 120.72 0.85 1558 8422 34.17 0.42 
3480 125.87 -5.36 120.51 0.849 1562 8479 34.25 0.42 
3500 125.59 -5.33 120.26 0.851 1564 8540 34.3 0.42 
3520 125.6 -5.33 120.27 0.849 1570 8601 34.43 0.43 
3540 125.24 -5.32 119.92 0.848 1576 8663 34.56 0.43 
3560 125.1 -5.19 119.91 0.849 1582 8716 34.69 0.43 
3580 124.51 -5.2 119.31 0.85 1590 8774 34.87 0.44 
3600 124.32 -5.19 119.14 0.853 1594 8830 34.96 0.44 
3620 123.69 -5.09 118.59 0.851 1600 8894 35.09 0.44 
3640 123.63 -5.02 118.6 0.851 1604 8938 35.18 0.44 
3660 123.11 -4.91 118.2 0.854 1613 8993 35.37 0.45 
3680 123.59 -4.85 118.75 0.855 1618 9050 35.48 0.45 
3700 122.94 -4.72 118.22 0.856 1625 9107 35.64 0.45 
3720 122.83 -4.69 118.14 0.857 1634 9168 35.83 0.46 
3740 122.49 -4.66 117.83 0.857 1641 9233 35.99 0.46 
3760 122.7 -4.48 118.21 0.858 1648 9292 36.14 0.46 
3780 121.75 -4.37 117.37 0.859 1655 9349 36.29 0.46 
3800 121.57 -4.29 117.28 0.859 1663 9410 36.47 0.47 
3820 121.45 -4.29 117.16 0.86 1667 9481 36.56 0.47 
3840 121.39 -4.18 117.2 0.86 1673 9539 36.69 0.47 
3860 120.9 -4.16 116.73 0.86 1678 9598 36.8 0.48 
3880 121.03 -4.16 116.87 0.861 1679 9661 36.82 0.48 
3900 120.84 -4.06 116.78 0.861 1685 9714 36.95 0.48 
3920 120.79 -3.99 116.8 0.862 1692 9770 37.11 0.49 
3940 120.51 -3.91 116.6 0.862 1701 9824 37.3 0.49 
3960 119.7 -3.83 115.86 0.861 1706 9880 37.41 0.49 
3980 120.17 -3.82 116.34 0.862 1711 9934 37.52 0.49 
4000 120.32 -3.73 116.6 0.862 1718 9990 37.68 0.5 
4020 120.06 -3.68 116.38 0.863 1725 10049 37.83 0.5 
4040 120.17 -3.61 116.56 0.865 1729 10118 37.92 0.5 
4060 119.94 -3.49 116.44 0.864 1734 10182 38.03 0.51 
4080 119.79 -3.34 116.45 0.865 1737 10236 38.09 0.51 
4100 119.67 -3.27 116.4 0.865 1742 10299 38.2 0.51 
4120 119.89 -3.23 116.66 0.864 1749 10358 38.36 0.52 
4140 119.22 -3.12 116.1 0.867 1755 10418 38.49 0.52 
4160 118.95 -3.03 115.92 0.866 1758 10469 38.55 0.52 
4180 119.0 -2.92 116.08 0.867 1760 10529 38.6 0.52 
4200 119.01 -2.79 116.22 0.867 1763 10597 38.66 0.53 
4220 118.17 -2.7 115.47 0.869 1770 10657 38.82 0.53 
4240 118.01 -2.59 115.41 0.869 1772 10716 38.86 0.53 
4260 118.43 -2.4 116.04 0.868 1776 10774 38.95 0.54 
4280 117.84 -2.31 115.53 0.867 1778 10829 38.99 0.54 
4300 117.79 -2.15 115.64 0.867 1782 10890 39.08 0.54 
4320 117.89 -2.04 115.85 0.868 1787 10946 39.19 0.54 
4340 117.74 -1.91 115.83 0.87 1793 11002 39.32 0.55 
4360 117.13 -1.79 115.34 0.87 1798 11057 39.43 0.55 
4380 117.01 -1.73 115.29 0.87 1804 11128 39.56 0.55 
4400 117.02 -1.69 115.33 0.872 1808 11194 39.65 0.56 
4420 116.65 -1.56 115.09 0.871 1810 11258 39.69 0.56 
4440 116.86 -1.41 115.45 0.87 1815 11319 39.8 0.56 
4460 116.33 -1.29 115.04 0.871 1821 11374 39.93 0.57 
4480 116.13 -1.11 115.03 0.871 1828 11435 40.09 0.57 
4500 115.95 -1.08 114.88 0.872 1831 11488 40.15 0.57 
4520 115.48 -0.95 114.52 0.872 1833 11545 40.2 0.57 
4540 115.51 -0.81 114.7 0.872 1838 11603 40.31 0.58 
4560 114.97 -0.7 114.27 0.874 1842 11667 40.39 0.58 
4580 115.47 -0.63 114.84 0.875 1848 11719 40.53 0.58 
4600 115.0 -0.52 114.49 0.875 1852 11783 40.61 0.59 
4620 114.75 -0.34 114.41 0.874 1860 11840 40.79 0.59 
4640 114.43 -0.29 114.14 0.875 1866 11903 40.92 0.59 
4660 113.77 -0.17 113.6 0.876 1874 11959 41.1 0.59 
4680 114.1 -0.05 114.05 0.876 1876 12015 41.14 0.6 
4700 113.9 0.03 113.93 0.877 1881 12074 41.25 0.6 
4720 113.76 0.08 113.85 0.878 1884 12140 41.32 0.6 
4740 113.28 0.24 113.51 0.878 1890 12214 41.45 0.61 
4760 113.25 0.3 113.54 0.879 1892 12280 41.49 0.61 
4780 113.14 0.43 113.57 0.877 1897 12341 41.6 0.61 
4800 112.92 0.58 113.5 0.879 1904 12392 41.75 0.62 
4820 113.42 0.68 114.1 0.878 1906 12459 41.8 0.62 
4840 112.64 0.87 113.51 0.878 1907 12524 41.82 0.62 
4860 112.29 1.02 113.31 0.879 1910 12586 41.89 0.63 
4880 111.83 1.09 112.92 0.879 1914 12643 41.97 0.63 
4900 111.84 1.22 113.06 0.879 1920 12707 42.11 0.63 
4920 111.74 1.33 113.07 0.882 1925 12774 42.21 0.64 
4940 111.29 1.5 112.79 0.882 1931 12835 42.35 0.64 
4960 110.99 1.59 112.59 0.882 1939 12887 42.52 0.64 
4980 110.79 1.66 112.45 0.882 1944 12948 42.63 0.64 
5000 110.79 1.8 112.59 0.882 1947 13009 42.7 0.65 
5020 110.52 1.99 112.5 0.882 1955 13065 42.87 0.65 
5040 109.81 2.08 111.88 0.882 1958 13130 42.94 0.65 
5060 109.82 2.16 111.97 0.882 1963 13194 43.05 0.66 
5080 110.04 2.19 112.24 0.881 1965 13263 43.09 0.66 
5100 109.71 2.28 111.98 0.883 1970 13324 43.2 0.66 
5120 109.59 2.33 111.92 0.881 1975 13380 43.31 0.67 
5140 109.33 2.41 111.73 0.881 1981 13436 43.44 0.67 
5160 109.09 2.4 111.5 0.882 1987 13495 43.57 0.67 
5180 109.09 2.46 111.55 0.882 1992 13560 43.68 0.67 
5200 108.67 2.56 111.23 0.882 1997 13609 43.79 0.68 
5220 108.84 2.63 111.47 0.883 2003 13674 43.93 0.68 
5240 109.09 2.7 111.79 0.884 2005 13735 43.97 0.68 
5260 108.64 2.8 111.44 0.885 2009 13788 44.06 0.69 
5280 108.37 2.88 111.25 0.884 2013 13850 44.14 0.69 
5300 108.04 2.99 111.04 0.884 2015 13917 44.19 0.69 
5320 108.1 3.1 111.2 0.885 2021 13969 44.32 0.69 
5340 107.42 3.22 110.64 0.886 2025 14036 44.41 0.7 
5360 107.3 3.32 110.62 0.885 2031 14098 44.54 0.7 
5380 106.98 3.46 110.44 0.886 2033 14162 44.58 0.7 
5400 106.95 3.61 110.55 0.886 2036 14225 44.65 0.71 
