20 196.66 -0.04 196.61 0.096 19 86 0.42 0.0 
40 193.13 -0.07 193.06 0.17 39 192 0.86 0.01 
60 190.04 -0.34 189.7 0.221 59 320 1.29 0.02 
80 188.28 -0.53 187.75 0.268 78 457 1.71 0.02 
100 185.59 -0.58 185.01 0.307 98 578 2.15 0.03 
120 183.12 -0.82 182.29 0.352 116 741 2.54 0.04 
140 181.22 -0.88 180.35 0.396 136 879 2.98 0.04 
160 179.34 -1.02 178.32 0.428 156 1007 3.42 0.05 
180 175.85 -0.83 175.03 0.467 173 1123 3.79 0.06 
200 173.73 -0.86 172.87 0.491 190 1277 4.17 0.06 
220 172.11 -0.82 171.29 0.517 208 1389 4.56 0.07 
240 171.17 -0.81 170.35 0.537 228 1565 5.0 0.08 
260 169.06 -0.76 168.29 0.563 245 1740 5.37 0.09 
280 167.77 -0.74 167.03 0.578 260 1912 5.7 0.1 
300 165.06 -0.66 164.4 0.599 279 2058 6.12 0.1 
320 163.82 -0.54 163.28 0.617 296 2239 6.49 0.11 
340 162.21 -0.61 161.59 0.628 312 2426 6.84 0.12 
360 160.87 -0.44 160.43 0.64 329 2589 7.21 0.13 
380 158.91 -0.29 158.62 0.658 345 2772 7.57 0.14 
400 157.73 -0.21 157.52 0.672 362 2970 7.94 0.15 
420 155.1 -0.07 155.03 0.678 381 3157 8.36 0.16 
440 153.71 0.14 153.86 0.695 399 3341 8.75 0.17 
460 151.78 0.35 152.13 0.704 415 3536 9.1 0.18 
480 150.62 0.45 151.07 0.709 433 3751 9.5 0.19 
500 149.15 0.56 149.71 0.723 449 3899 9.85 0.19 
520 147.62 0.67 148.29 0.731 467 4122 10.24 0.2 
540 145.76 0.86 146.61 0.743 487 4327 10.68 0.22 
560 144.69 1.03 145.71 0.744 503 4569 11.03 0.23 
580 143.81 1.19 145.0 0.749 521 4756 11.43 0.24 
600 142.65 1.35 143.99 0.76 536 4975 11.75 0.25 
620 142.47 1.47 143.94 0.76 551 5211 12.08 0.26 
640 140.04 1.78 141.82 0.765 568 5435 12.46 0.27 
660 138.91 2.01 140.91 0.772 585 5664 12.83 0.28 
680 137.52 2.2 139.72 0.779 597 5891 13.09 0.29 
700 137.09 2.45 139.54 0.784 613 6140 13.44 0.31 
720 136.5 2.6 139.11 0.786 629 6357 13.79 0.32 
740 135.14 2.84 137.97 0.79 645 6623 14.14 0.33 
760 134.79 3.09 137.88 0.791 659 6879 14.45 0.34 
780 134.05 3.32 137.37 0.797 676 7112 14.82 0.35 
800 132.5 3.57 136.07 0.804 693 7335 15.2 0.36 
820 131.79 3.8 135.59 0.805 709 7562 15.55 0.38 
840 130.98 4.05 135.03 0.809 723 7808 15.86 0.39 
860 130.37 4.27 134.64 0.813 741 8056 16.25 0.4 
880 129.11 4.59 133.7 0.815 756 8296 16.58 0.41 
900 127.72 4.88 132.61 0.821 767 8497 16.82 0.42 
920 126.31 5.16 131.47 0.823 783 8745 17.17 0.43 
940 125.04 5.48 130.53 0.824 797 9005 17.48 0.45 
960 124.52 5.8 130.32 0.825 812 9232 17.81 0.46 
980 123.9 6.03 129.93 0.828 829 9460 18.18 0.47 
1000 123.55 6.34 129.89 0.831 844 9712 18.51 0.48 
1020 121.87 6.67 128.55 0.834 858 9942 18.82 0.49 
1040 121.31 7.01 128.33 0.835 870 10191 19.08 0.51 
1060 120.9 7.26 128.16 0.836 881 10494 19.32 0.52 
1080 119.43 7.54 126.97 0.837 895 10735 19.63 0.53 
1100 118.28 7.81 126.09 0.841 913 10971 20.02 0.55 
1120 117.95 8.11 126.06 0.84 926 11243 20.31 0.56 
1140 117.11 8.3 125.41 0.843 942 11470 20.66 0.57 
1160 116.64 8.55 125.2 0.845 957 11738 20.99 0.58 
1180 115.75 8.88 124.63 0.846 975 11982 21.38 0.6 
1200 114.75 9.14 123.9 0.85 990 12224 21.71 0.61 
1220 113.97 9.49 123.47 0.852 1005 12460 22.04 0.62 
1240 113.5 9.74 123.24 0.852 1018 12730 22.32 0.63 
1260 111.7 10.03 121.72 0.855 1035 12958 22.7 0.64 
1280 111.37 10.28 121.66 0.856 1049 13202 23.0 0.66 
1300 110.17 10.66 120.83 0.858 1065 13435 23.36 0.67 
1320 110.51 10.93 121.43 0.86 1075 13698 23.57 0.68 
1340 109.68 11.21 120.89 0.861 1090 13961 23.9 0.69 
1360 108.61 11.58 120.19 0.862 1105 14212 24.23 0.71 
1380 107.91 11.8 119.71 0.863 1121 14459 24.58 0.72 
1400 107.11 12.13 119.24 0.865 1134 14750 24.87 0.73 
1420 106.22 12.44 118.65 0.868 1146 15020 25.13 0.75 
1440 105.41 12.77 118.18 0.868 1160 15273 25.44 0.76 
1460 104.54 13.12 117.66 0.869 1175 15533 25.77 0.77 
1480 103.68 13.4 117.08 0.87 1189 15780 26.07 0.78 
1500 103.23 13.7 116.93 0.87 1202 16053 26.36 0.8 
1520 102.91 13.92 116.83 0.872 1217 16299 26.69 0.81 
1540 102.04 14.29 116.33 0.874 1230 16530 26.97 0.82 
1560 101.53 14.63 116.15 0.875 1242 16784 27.24 0.83 
1580 100.94 14.95 115.9 0.875 1257 17032 27.57 0.85 
1600 99.61 15.28 114.89 0.875 1269 17305 27.83 0.86 
1620 98.92 15.56 114.47 0.877 1282 17574 28.11 0.87 
1640 98.49 15.86 114.35 0.879 1298 17832 28.46 0.89 
1660 98.37 16.15 114.52 0.879 1307 18111 28.66 0.9 
1680 97.73 16.55 114.28 0.88 1320 18368 28.95 0.91 
1700 96.6 16.97 113.58 0.881 1334 18657 29.25 0.93 
1720 95.74 17.31 113.06 0.882 1349 18918 29.58 0.94 
1740 95.31 17.67 112.98 0.883 1362 19152 29.87 0.95 
1760 94.68 18.0 112.68 0.884 1375 19430 30.15 0.97 
1780 94.17 18.31 112.48 0.886 1389 19701 30.46 0.98 
1800 93.51 18.61 112.11 0.886 1404 19972 30.79 0.99 
1820 92.77 18.87 111.65 0.887 1417 20245 31.07 1.01 
1840 92.66 19.21 111.87 0.887 1431 20503 31.38 1.02 
1860 91.24 19.52 110.76 0.887 1442 20763 31.62 1.03 
1880 90.79 19.85 110.64 0.89 1449 21053 31.78 1.05 
1900 90.53 20.16 110.68 0.889 1460 21336 32.02 1.06 
1920 90.03 20.46 110.5 0.89 1474 21602 32.32 1.07 
1940 89.28 20.8 110.08 0.891 1486 21890 32.59 1.09 
1960 88.86 21.1 109.96 0.891 1496 22154 32.81 1.1 
1980 87.82 21.46 109.29 0.894 1510 22389 33.11 1.11 
2000 87.08 21.78 108.86 0.895 1523 22642 33.4 1.13 
2020 87.05 22.07 109.12 0.895 1533 22895 33.62 1.14 
2040 87.03 22.45 109.48 0.895 1545 23169 33.88 1.15 
2060 85.77 22.82 108.59 0.896 1561 23433 34.23 1.17 
2080 84.95 23.12 108.07 0.897 1571 23696 34.45 1.18 
2100 84.36 23.54 107.9 0.897 1582 23975 34.69 1.19 
2120 84.02 23.83 107.85 0.897 1595 24253 34.98 1.21 
2140 82.97 24.11 107.08 0.899 1608 24490 35.26 1.22 
2160 82.11 24.45 106.56 0.898 1622 24747 35.57 1.23 
2180 81.84 24.81 106.65 0.898 1634 25028 35.83 1.24 
2200 81.75 25.12 106.87 0.899 1641 25297 35.99 1.26 
2220 80.83 25.48 106.3 0.9 1652 25574 36.23 1.27 
