
0.31320554
0.31025392
0.3040319
0.29019564
0.28281957
0.27966294
0.2819903
0.26642713
0.24931315
0.2493836
0.25052115
0.2467195
0.253419
0.24578784
0.24992928
0.23417032
0.24200276
0.2529829
0.2433114
0.24006599
0.23905401
0.23909788
0.2375079
0.23708068
0.24901673
0.23553577
0.23292436
0.23155116
0.23153947
0.23406473
0.2309687
0.22736748
0.22316082
0.219969
0.22596592
0.22410378
0.22670656
0.22291721
0.22222783
0.21597934
0.21899965
0.2168056
0.23070306
0.22681557
0.21964023
0.21073075
0.21379857
0.21754664
0.21365567
0.20775281
0.20849653
0.20614205
0.2075305
0.21309029
0.2041433
0.20396885
0.21373111
0.20807861
0.19784042
0.20469075
0.20142643
0.19983402
0.19830753
0.1989267
0.20242442
0.2037929
0.20219404
0.19402905
0.19897445
0.19517823
0.19132087
0.19037332
0.1953315
0.19230163
0.19441476
0.19185387
0.19142094
0.19733027
0.19945888
0.18954057
0.19308831
0.1891672
0.19367346
0.19260891
0.19259726
0.18625164
0.19219686
0.18358697
0.18309285
0.18538088
0.18774325
0.17917271
0.18748616
0.18361573
0.18205516
0.18686613
0.17782937
0.18160777
0.17788368
0.17457381
0.17677051
0.1767758
0.17425422
0.17569998
0.17232336
0.17888959
0.17511305
0.17591476
0.17565773
0.17107554
0.17191412
0.1662203
0.16707723
0.16598897
0.16953525
0.17571402
0.1667915
0.16321118
0.16570516
0.16120599
0.16766962
0.16490719
0.16526449
0.16410856
0.16460161
0.1603983
0.16287932
0.16304225
0.16561764
0.16166206
0.16466087
0.16690512
0.16802914
0.16146407
0.16204827
0.16134723
0.16299732
0.16003257
0.16375859
0.15993433
0.1653484
0.1639719
0.15721181
0.1629616
0.15832792
0.15804443
0.15856618
0.15746787
0.15937297
0.1568246
0.15506078
0.15522325
0.15187675
0.15527168
0.15864757
0.15895118
0.15580441
0.15550219
0.1585174
0.15601745
0.15155163
0.15301631
0.1524747
0.15542567
0.15161815
0.14931285
0.15398495
0.15099064
0.15298162
0.1520598
0.1527747
0.1506693
0.14701623
0.16016153
0.14739515
0.15186301
0.14841963
0.14453553
0.14639086
0.14605893
0.14525487
0.1499086
0.1446553
0.14370646
0.1480463
0.1424645
0.14594205
0.14638595
0.14414303
0.14291248
0.14103246
0.14105594
0.14316228
0.14535408
0.14099681
0.13962199
0.14077497
0.1392229
0.14033172
0.14021625
0.14535294
0.13862023
0.14159141
0.1353249
0.13908532
0.1389868
0.1400003
0.13752975
0.13556531
0.138104
0.13798904
0.13508861
0.13602301
0.1377117
0.1369999
0.13700253
0.13578364
0.1380902
0.13533768
0.1323952
0.13364674
0.13749148
0.13592583
0.13697442
0.13486914
0.13297272
0.13196528
0.13499883
0.13545737
0.13484155
0.13398597
0.13198155
0.13327195
0.13481137
0.13337834
0.13158084
0.13593926
0.12969325
0.13194454
0.13184096
0.12943996
0.1307153
0.12861486
0.12992845
0.1266796
0.13824409
0.12924603
0.13276976
0.1273507
0.1276673
0.12566277
0.12643021
0.13029721
0.12985715
0.12786597
0.12805778
0.12607461
0.12582219
0.13068049
0.12730514
0.12419646
0.12534499
0.12469671
0.12250117
0.122630194
0.124918
0.12593786
0.12400462
0.124048695
0.123546176
0.122971125
0.12185648
0.12656812
0.120341554
0.12409221
0.121062025
0.12168056
0.12292327
0.12237268
0.120871834
0.12386225
0.123102546
0.12262041
0.12359583
0.12021578
0.12304548
0.12235893
0.11967084
0.11848642
0.11992082
0.11802341
0.1210956
0.11873128
0.115902916
0.120641276
0.13527586
0.11867954
0.11880412
0.11655707
0.11727358
0.11630012
0.11740612
0.118826374
0.11768132
0.114882156
0.11642747
0.11376157
0.11433527
0.1148574
0.117821164
0.11247114
0.113487236
0.115291335
0.1162123
0.113957636
0.11479253
0.118159845
0.11169665
0.10960546
0.110303655
0.115207724
0.11245568
0.111989975
0.11399554
0.110367514
0.11139863
0.11488658
0.111437425
0.11203611
0.11106229
0.112776466
0.11281465
0.1094143
0.10907537
0.11084731
0.111378245
0.11306267
0.109582886
0.10822498
0.11126321
0.108496085
0.10860327
0.110211425
0.110260054
0.11133852
0.1077724
0.1111982
0.10851701
0.110056765
0.10735353
0.11105373
0.10815982
0.11107492
0.11006834
0.11286032
0.108667314
0.10927021
0.10781553
0.10721085
0.10869173
0.107744984
0.1094532
0.10761894
0.10573929
0.10628163
0.11045625
0.10558685
0.105544046
0.10755838
0.10675737
0.106662415
0.10416619
0.10707264
0.10541233
0.10731254
0.105689354
0.10984202
0.1039538
0.1080505
0.1056952
0.106599286
0.103594534
0.105646916
0.10369504
0.10332907
0.10187952
0.10666159
0.101433836
0.10382462
0.103863865
0.10493739
0.105580896
0.10521087
0.106598966
0.10444001
0.10353386
0.10333078
0.100694515
0.103653535
0.10132168
0.10357553
0.10256337
0.1009953
0.10230329
0.101626426
0.10174611
0.10096183
0.09976359
0.10192831
0.10204229
0.10367198
0.10138126
0.10222887
0.09984416
0.100377515
0.10060295
0.100040615
0.10230889
0.09945497
0.09887156
0.102304876
0.09887667
0.0997803
0.10072029
0.10117662
0.097912356
0.1019854
0.09950409
0.09813796
0.10127683
0.10138958
0.097327225
0.098114714
0.10173702
0.10060853
0.098684214
0.09891272
0.09878711
0.09673081
0.09595649
0.09569429
0.0983252
0.09752852
0.09626571
0.099891156
0.09329571
0.09281281
0.09329255
0.093108475
0.094798364
0.0948774
0.09445047
0.09321354
0.093098976
0.09359216
0.09411514
0.09357535
0.09641189
0.096635714
0.095776744
0.09259794
0.095268115
0.09738061
0.09333649
0.092230104
0.09386276
0.09430783
0.09328994
0.09688669
0.09395786
0.09226691
0.09345775
0.09174882
0.09262486
0.09029915
0.09381785
0.09239516
0.09204893
0.09147329
0.09121849
0.09299925
0.09456747
0.092823915
0.09235046
0.09092168
0.09058467
0.09142134
0.092989534
0.09262798
0.091805205
0.09107264
0.09119041
0.09233961
0.0921555
0.091055535
0.09110474
0.09007492
0.08906549
0.0901638
0.088399865
0.09163487
0.0899989
0.09208879
0.092675194
0.09209479
0.08971599
0.08962803
0.08812714
0.08790911
0.091280356
0.09046887
0.08946396
0.08899593
0.08753513
0.08832324
0.08666969
0.08847818
0.08877261
0.0889077
0.08683341
0.08751922
0.084855884
0.08786874
0.08851763
0.08817196
0.085886754
0.08897729
0.08592397
0.08836575
0.088118546
0.08876807
0.08668475
0.08744348
0.087395415
0.08523448
0.085205086
0.08751919
0.0854309
0.0861363
0.085288666
0.08564278
0.08583153
0.08696802
0.08786795
0.08558435
0.08568819
0.08379157
0.089096546
0.08638949
0.0879234
0.08500121
0.085504055
0.08538126
0.08694794
0.08518146
0.08412752
0.08531889
0.08262318
0.085986055
0.084728405
0.08634141
0.08522214
0.08259506
0.081916794
0.08361656
0.08375766
0.08242759
0.08317137
0.08422725
0.081656665
0.08359581
0.08144032
0.081718646
0.08468682
0.08209945
0.085057124
0.08287442
0.085085705
0.084283575
0.08375173
0.08239833
0.08337998
0.08052881
0.08060447
0.08194143
0.0831145
0.08176493
0.08406817
0.08134375
0.08087723
0.08043579
0.08522403
0.081229664
0.08171615
0.08214119
0.08165854
0.08012478
0.08418632
0.08216226
0.07985625
0.08454631
0.0809938
0.08119667
0.08190031
0.080397926
0.08119281
0.08033981
0.07909519
0.08071358
0.07945504
0.08084486
0.08075352
0.08198716
0.080908835
0.08281645
0.07956479
0.08140484
0.07972168
0.079424135
0.08046178
0.08028432
0.07954282
0.08369248
0.079603106
0.080207385
0.07914158
0.07883403
0.07945721
0.08356267
0.079321735
0.08044535
0.08202246
0.07876232
0.08028571
0.07943067
0.07904244
0.078804344
0.07949306
0.081204206
0.07887999
0.07855147
0.079268746
0.07979279
0.07906351
0.07730875
0.07831691
0.07869906
0.077653416
0.07806005
0.07559464
0.0775791
0.078116074
0.076624654
0.07717881
0.07906687
0.0790414
0.07669675
0.078189366
0.077893205
0.07749784
0.07696285
0.07789127
0.076905966
0.076664135
0.07749925
0.07701586
0.07708429
0.07681935
0.07766074
0.077796035
0.07746077
0.0794898
0.0772394
0.07577011
0.07549997
0.07680748
0.07676714
0.078001685
0.07440844
0.07476456
0.07973564
0.07625308
0.076993905
0.074626684
0.07665287
0.0749521
0.07378658
0.07583684
0.075799294
0.074367635
0.07513744
0.07560008
0.076017216
0.075252794
0.07572532
0.07528683
0.07467273
0.07533938
0.07509407
0.075260036
0.07364015
0.07496133
0.073102124
0.07434884
0.074304424
0.07420693
0.07344415
0.07458954
0.07337176
0.0743487
0.07476616
0.074772336
0.07237879
0.071262054
0.073486365
0.07339643
0.07324113
0.07338291
0.073223986
0.07377239
0.07306597
0.07309991
0.0723866
0.072755575
0.07413556
0.07162966
0.073601305
0.0722411
0.07231612
0.072379276
0.07288783
0.07288157
0.071496494
0.071945034
0.07322939
0.07168209
0.07536965
0.07283392
0.07138911
0.071941845
0.07275445
0.07164692
0.07213568
0.074128784
0.07220879
0.07129435
0.0705242
0.07111814
0.07238393
0.0723826
0.07179535
0.07179133
0.070834786
0.071995355
0.07027573
0.073434316
0.07162526
0.07321437
0.07296108
0.07147279
0.070854194
0.0732177
0.070469655
0.073088855
0.07147708
0.070446014
0.07304461
0.07032398
0.070646666
0.07197727
0.07117594
0.07099908
0.07063111
0.07189889
0.07310246
0.0706541
0.07145007
0.06981056
0.07158539
0.06851784
0.07301542
0.07015402
0.069833905
0.0716131
0.07018507
0.07039888
0.07037745
0.07009424
0.06963143
0.070065655
0.06957972
0.06982518
0.07015005
0.069711156
0.07017964
0.070690356
0.069248155
0.06998795
0.070452355
0.070991404
0.07057524
0.07033209
0.068386175
0.070565425
0.068523034
0.06871027
0.0690222
0.06961205
0.067444354
0.0721298
0.07162008
0.068577535
0.06927356
0.069229014
0.0698371
0.06704872
0.06917293
0.069656275
0.06881352
0.067832574
0.06826765
0.06904431
0.0714713
0.067921646
0.07001888
0.068925045
0.06853085
0.06900409
0.06835382
0.06947899
0.06753904
0.068404615
0.070290014
0.06926575
0.06856823
0.068672344
0.06874458
0.069300696
0.067960665
0.06742524
0.069481775
0.068569474
0.06718594
0.06862253
0.06892653
0.07029984
0.06769851
0.06974436
0.06832477
0.067060046
0.06847767
0.06709404
0.0707045
0.06647239
0.06963463
0.06631051
0.06898868
0.06616681
0.06746212
0.06625747
0.068059474
0.068347186
0.06789704
0.06943666
0.0686602
0.06797158
0.06640633
0.06606264
0.06776283
0.06873313
0.06677891
0.06762825
0.06712271
0.06657845
0.06711252
0.067580886
0.06756673
0.06607559
0.06678592
0.0673479
0.06597715
0.065864734
0.06740906
0.06630069
0.067102626
0.06592793
0.06622932
0.06501831
0.06662272
0.066452675
0.066777304
0.06459958
0.066779755
0.06438785
0.065257855
0.06608102
0.06552363
0.065558225
0.0677826
0.06542554
0.0668369
0.06619237
0.06572404
0.06617288
0.06459134
0.06560271
0.06566654
0.06749565
0.06597692
0.06625441
0.067333154
0.06549675
0.06482326
0.06528881
0.065620616
0.0662634
0.06446415
0.064020306
0.06612411
0.06509574
0.06547286
0.066616066
0.064531
0.064554386
0.06602178
0.06590588
0.06557097
0.06589478
0.06588573
0.06535887
0.06492094
0.06520179
0.063785784
0.06490766
0.06548307
0.064099334
0.06310804
0.066472106
0.06473494
0.064623
0.06464195
0.0643871
0.06391807
0.06312469
0.06442794
0.06512703
0.06560717
0.06245938
0.06428912
0.06453598
0.06401036
0.06315821
0.06587673
0.063544974
0.06622424
0.06380225
0.06552549
0.06509997
0.064020075
0.06630272
0.06384383
0.0636718
0.06398483
0.06423019
0.063387476
0.06440102
0.06352007
0.06448292
0.06353228
0.06300659
0.06206424
0.06212028
0.06513219
0.06347643
0.06268452
0.062478457
0.06357332
0.06304581
0.06301413
0.06312974
0.06273188
0.06306171
0.06368421
0.06314051
0.061480753
0.0627112
0.0625101
0.0628494
0.062115368
0.062119268
0.062516995
0.06329691
0.06259338
0.06351612
0.06318995
0.06513546
0.06332875
0.063647
0.06441555
0.063419715
0.061767247
0.062980115
0.06165332
0.06326814
0.06341776
0.06209219
0.06302268
0.0620129
0.06357245
0.06215142
0.06311426
0.06483503
0.06348438
0.06314356
0.06162536
0.06280922
0.06317019
0.062154766
0.062079087
0.063234664
0.06278478
0.06282433
0.06270733
0.06379564
0.0638996
0.06066532
0.062113922
0.06103891
0.0617816
0.062838405
0.06410446
0.063212864
0.06253473
0.061924104
0.06307849
0.06360051
0.062680684
0.06159726
0.061481558
0.061979704
0.06162199
0.060988918
0.06175538
0.061185252
0.061498195
0.061139088
0.062783964
0.061939523
0.061621472
0.061161343
0.061121605
0.06149218
0.061132647
0.06397538
0.060585797
0.06217832
0.06137842
0.06233346
0.061819427
0.061572663
0.062349416
0.060508717
0.060332596
0.060281802
0.060889546
0.060860977
0.059897218
0.06025009
0.06103918
0.060000867
0.060800668
0.060843345
0.062464867
0.06188696
0.060891643
0.061044585
0.059645172
0.061137546
0.060821887
0.06072536
0.06010442
0.06237503
0.06137215
0.059980784
0.060276497
0.060882237
0.059799984
0.06099866
0.060335107
0.059398845
0.059726853
0.06172664
0.059458576
0.0593979
0.059577573
0.059737008
0.062376548
0.061752934
0.060400054
0.059542447
0.059642337
0.0589379
0.06231538
0.059182
0.059975896
0.061398216
0.061661005
0.05969715
0.06049144
0.059624888
0.059087783
0.059342556
0.059972506
0.0597807
0.05878191
0.058801584
0.059035543
0.05959178
0.059212565
0.06049636
0.06110785
0.06095622
0.061079968
0.06102431
0.06016026
0.059224408
0.058886603
0.05958968
0.06053705
0.05840722
0.059352215
0.0602609
0.059139136
0.05961032
0.06172426
0.05895649
0.05813989
0.059938483
0.05863165
0.059992533
0.057918552
0.06203732
0.058689564
0.058058344
0.057902824
0.06034094
0.057457097
0.05868702
0.05784872
0.05832081
0.057677522
0.058112428
0.058163743
0.058780342
0.057853572
0.05766936
0.057880707
0.057838913
0.056955338
0.05742277
0.05796747
0.058868214
0.056916233
0.05763624
0.05825693
0.058205068
0.05626628
0.058046415
0.05784676
0.0574617
0.058316585
0.057072584
0.05758524
0.058503203
0.058588535
0.057290904
0.05784821
0.058501434
0.05790678
0.057923753
0.058970116
0.057143126
0.060103
0.05667126
0.057560638
0.057130754
0.056579474
0.056862626
0.057770167
0.056982104
0.058850612
0.057429317
0.05659873
0.057035416
0.058255535
0.057717625
0.05808844
0.05635446
0.057521936
0.05751152
0.056799527
0.058764175
0.05762059
0.05871874
0.056445044
0.057676185
0.05777668
0.056351557
0.05569165
0.056278177
0.05753844
0.058303934
0.057727497
0.059191052
0.05754906
0.056334417
0.05734625
0.056856327
0.056208782
0.05792944
0.05763849
0.05634869
0.057448678
0.057517372
0.05669709
0.05583752
0.055507224
0.057011742
0.055880513
0.058055658
0.056729626
0.056451317
0.057539545
0.056583066
0.057152294
0.058226578
0.055949584
0.055707682
0.05525909
0.057152905
0.057045292
0.055402994
0.057720307
0.059613775
0.057410214
0.05701252
0.05605861
0.055498645
0.056370873
0.055767547
0.059552144
0.056291074
0.055976346
0.054945003
0.055261984
0.05590718
0.05625788
0.055925444
0.057225015
0.056083765
0.056662492
0.055936456
0.055415154
0.056820057
0.05607043
0.055051163
0.055741824
0.057476655
0.05663114
0.0574433
0.059896685
0.056412015
0.05570932
0.05608791
0.054797128
0.055690248
0.05466104
0.055069618
0.056252945
0.05541732
0.05445985
0.054832365
0.056130394
0.057122868
0.054061975
0.057525072
0.054535326
0.054151803
0.05617708
0.055818364
0.054718524
0.05501682
0.054222006
0.053868555
0.05531898
0.05825701
0.05692401
0.05530227
0.055136297
0.056248832
0.055468258
0.055436365
0.054953143
0.055337235
0.053929675
0.056242418
0.054989517
0.05485642
0.053841088
0.05512986
0.0553561
0.054528672
0.055359688
0.05563992
0.054897003
0.05460892
0.054070313
0.05522405
0.054736543
0.054544795
0.05557281
0.05754629
0.055909064
0.056122206
0.05584513
0.05460194
0.056802522
0.05458466
0.05631597
0.055371407
0.056066025
0.05477513
0.05476628
0.054808434
0.05480236
0.05549649
0.053847987
0.054241307
0.056231406
0.05396318
0.055068508
0.056349214
0.055004854
0.055397708
0.055115316
0.054016914
0.0549534
0.05369969
0.054172046
0.05425854
0.05486216
0.054307286
0.05468825
0.054113764
0.054013632
0.054725245
0.053458877
0.053590205
0.05429441
0.05473671
0.053359367
0.05315527
0.05331567
0.0540667
0.054109134
0.05371339
0.05483
0.052855354
0.054342497
0.05558441
0.054627407
0.053393073
0.05389283
0.05344211
0.05420194
0.05462476
0.05499391
0.054990888
0.053129412
0.053531997
0.05385743
0.052604146
0.053543296
0.05318515
0.053495612
0.053360514
0.05368932
0.052704208
0.05221291
0.05368014
0.052848518
0.053837314
0.053654067
0.053868495
0.05352204
0.05228211
0.053415164
0.05317548
0.053358704
0.054920428
0.053895082
0.053241424
0.054712944
0.05312595
0.05313532
0.052696664
0.05454412
0.05355285
0.05392861
0.053179566
0.05346027
0.053471673
0.052996594
0.051715672
0.05248051
0.05261019
0.051988773
0.051902864
0.052552547
0.053171713
0.051876795
0.052127045
0.053455763
0.051976543
0.05250109
0.054027427
0.051586904
0.052192178
0.052763868
0.05361512
0.0524065
0.052345894
0.054012645
0.052477412
0.05520172
0.051727276
0.051511917
0.05190279
0.051954318
0.05187227
0.05143064
0.05238598
0.05124542
0.05166649
0.053610034
0.05190814
0.053350493
0.051840067
0.05275755
0.052289497
0.05168537
0.051698126
0.052704774
0.05238369
0.0519156
0.05234073
0.053363256
0.05449412
0.053159993
0.051604535
0.052431308
0.05290755
0.051693294
0.05190425
0.051465962
0.051590964
0.05158002
0.051385667
0.052430104
0.05105978
0.052133262
0.05321663
0.052858643
0.05186678
0.052522868
0.051872954
0.05257578
0.051120058
0.05285812
0.052752793
0.052043345
0.050685268
0.05227499
0.052757215
0.052738097
0.051765017
0.050957378
0.0533016
0.053121116
0.053334977
0.050952226
0.051038943
0.051842723
0.05027034
0.053322226
0.05206504
0.050751142
0.05141067
0.05105621
0.05194195
0.050534517
0.052053485
0.051509637
0.051153876
0.05075593
0.05145446
0.052172463
0.051823895
0.05162664
0.05110333
0.052099627
0.051800888
0.051324766
0.049967274
0.050976325
0.052426696
0.051091935
0.05041942
0.051266808
0.05158625
0.05126515
0.05062931
0.052222427
0.05097183
0.052437197
0.05038745
0.051482446
0.05134294
0.05228005
0.050297868
0.050466042
0.04969071
0.051481638
0.051555537
0.050054044
0.05065723
0.051512975
0.050020054
0.0493911
0.05019411
0.05181623
0.04989704
0.05425364
0.0502612
0.050180692
0.049931828
0.050253246
0.05030489
0.051014777
0.050974164
0.049910877
0.04895514
0.050011493
0.049650077
0.05033205
0.05097232
0.05022374
0.05003439
0.050738275
0.0503616
0.051201254
0.049918592
0.04973439
0.05090062
0.050584156
0.050846327
0.049855795
0.050112166
0.05039608
0.050927557
0.050441425
0.049169738
0.050620653
0.050828896
0.05009512
0.051239606
0.049770895
0.050435584
0.049858976
0.048889253
0.05075597
0.050514836
0.05007327
0.05208359
0.049358588
0.051984947
0.050700217
0.05068372
0.04989023
0.050674137
0.051025145
0.04970811
0.049173858
0.05163212
0.050216157
0.050550103
0.04964082
0.050214455
0.05185027
0.049660668
0.049631283
0.04984399
0.0502585
0.050745066
0.05094609
0.049381312
0.050740454
0.049996424
0.050736748
0.050041106
0.051097307
0.05036337
0.048773266
0.050016984
0.049720094
0.04907478
0.04958461
0.049616788
0.05031745
0.04963273
0.050884385
0.051113337
0.04963719
0.049418695
0.049067456
0.04884158
0.049000815
0.0499316
0.049435865
0.04968115
0.052875362
0.04915417
0.05111964
0.05153374
0.049761105
0.04973222
0.04929456
0.04910031
0.049820766
0.050081726
0.04894919
0.050050758
0.0502331
0.050177567
0.047988188
0.048198838
0.049337808
0.048328962
0.050600212
0.052169967
0.048746396
0.049061716
0.050462168
0.049414806
0.048813287
0.048946787
0.04896612
0.049018405
0.051437978
0.04852697
0.051209453
0.04874732
0.049354482
0.048613496
0.0489818
0.050553355
0.050386854
0.048915043
0.048049245
0.049237404
0.048409846
0.04950299
0.051316813
0.048641767
0.048620936
0.048365906
0.049128875
0.05038411
0.048132442
0.049407683
0.049763437
0.048822965
0.048539817
0.04908722
0.047983777
0.049149074
0.049294338
0.048453853
0.048876956
0.048256326
0.049033716
0.048832998
0.05048479
0.0494698
0.049406525
0.050207958
0.048703387
0.048466522
0.04922672
0.04860534
0.049626786
0.04833395
0.047410622
0.050158966
0.048685025
0.04821737
0.047987368
0.0474664
0.049129732
0.04771376
0.049393702
0.04760986
0.049705133
0.048326526
0.047604907
0.049021803
0.048028167
0.049621154
0.047233723
0.048805088
0.047999073
0.04834915
0.04867503
0.04845389
0.048187688
0.04780683
0.048793864
0.047954854
0.048931718
0.049378633
0.047632974
0.04827592
0.05027485
0.049333412
0.049409296
0.048310228
0.048323482
0.048670825
0.048146114
0.048427865
0.047592487
0.048618734
0.048838295
0.047960807
0.047973797
0.04871257
0.048540644
0.047675755
0.04795611
0.04834383
0.04704168
0.050326396
0.04651482
0.046793357
0.04704337
0.047239903
0.047150303
0.04690875
0.048675273
0.04796629
0.047093533
0.047187872
0.04840725
0.047381174
0.048513107
0.048027627
0.048194855
0.0483333
0.04694141
0.04811704
0.047327813
0.047302414
0.04849785
0.046703987
0.04767492
0.047715608
0.046269078
0.047148336
0.048016313
0.047591157
0.046630867
0.049027942
0.048078567
0.04619892
0.046525855
0.04728578
0.047015026
0.04664304
0.048061244
0.0487504
0.04707444
0.04584299
0.04760786
0.047130074
0.047012635
0.046765734
0.047197707
0.045871235
0.048155993
0.046411913
0.047134265
0.047529094
0.046973463
0.046743296
0.046476983
0.048320487
0.048981447
0.047005054
0.047546618
0.04722379
0.047020223
0.047309883
0.04725654
0.047099292
0.04823483
0.04751021
0.046524532
0.04755808
0.048008643
0.04722809
0.047750674
0.04764042
0.046493597
0.046782024
0.046999928
0.046638288
0.047017287
0.048579726
0.046647727
0.046105646
0.049585298
0.047706094
0.04716156
0.047062814
0.046669602
0.046224833
0.04697561
0.047597222
0.04567359
0.047730993
0.047239453
0.045838095
0.04647434
0.04611946
0.046226017
0.04569781
0.046239283
0.047043145
0.045750108
0.04653904
0.048134066
0.046903357
0.045768503
0.045710895
0.04562887
0.047223683
0.04545504
0.046483476
0.045457784
0.04879864
0.04575746
0.047998253
0.0474951
0.045598947
0.04579821
0.045908645
0.04623272
0.048211616
0.045585234
0.04597884
0.047393408
0.047423158
0.04688749
0.045698088
0.046063133
0.04493661
0.04600294
0.04531807
0.046085373
0.045885924
0.04499225
0.044860307
0.045401506
0.045548968
0.04542523
0.048229363
0.047260296
0.046065222
0.046335552
0.04603545
0.045975313
0.04825456
0.04597061
0.044905476
0.04578085
0.0463629
0.04519011
0.04522234
0.044682372
0.045509804
0.046674337
0.045181315
0.04604848
0.04734808
0.04620044
0.044943143
0.046351086
0.045130793
0.04554059
0.04639659
0.04833841
0.04648856
0.044954862
0.046108715
0.044351775
0.04522951
0.04614778
0.04607593
0.044879925
0.04558584
0.045055635
0.04426836
0.046390112
0.04653938
0.04567993
0.045541007
0.045365725
0.04509523
0.048286553
0.04552407
0.044981536
0.046222948
0.0446066
0.044993106
0.046189852
0.045171708
0.045479964
0.045538623
0.044952795
0.04522386
0.046486277
0.045116577
0.0454611
0.04675719
0.04467625
0.04548116
0.045144044
0.044312663
0.047495294
0.044527188
0.04388326
0.04480607
0.044964954
0.044924077
0.046264824
0.046710283
0.046325818
0.0457277
0.044490624
0.04499005
0.045192283
0.045947634
0.04494025
0.044206325
0.045624655
0.045004416
0.04564202
0.044796403
0.046846747
0.04563217
0.044761494
0.04562225
0.044536177
0.04634741
0.044376537
0.04520842
0.043609433
0.045298517
0.045588274
0.045204367
0.045962296
0.045765325
0.04396203
0.045352094
0.04504104
0.044384927
0.043828823
0.04487506
0.043508127
0.04376838
0.043366034
0.044449165
0.043985996
0.045367435
0.04543186
0.044200655
0.044294674
0.044679124
0.044296883
0.04586572
0.043991506
0.045800574
0.04558459
0.044702012
0.044491246
0.04546744
0.04498611
0.04423854
0.04556063
0.044330463
0.04406265
0.044533417
0.044866867
0.044434667
0.044891085
0.044058595
0.043883126
0.044298332
0.044117883
0.043425776
0.046987493
0.044279233
0.044141766
0.044654362
0.043542262
0.04402042
0.043886125
0.04504564
0.04390765
0.04407999
0.044468895
0.043596607
0.045002237
0.043821894
0.045285456
0.04356139
0.043539014
0.044069692
0.044467255
0.044587523
0.04380704
0.04399142
0.045146465
0.04486481
0.04346128
0.043804877
0.043849304
0.04478045
0.0434438
0.04362321
0.04370685
0.046501618
0.044554904
0.043352593
0.043208268
0.044776864
0.04561048
0.047100224
0.043677706
0.043396577
0.043519504
0.043098595
0.046192724
0.04455344
0.04433202
0.043847248
0.043943815
0.04321406
0.044370037
0.04407166
0.044650078
0.045917183
0.043637503
0.043497674
0.0441398
0.043694228
0.043809883
0.04397886
0.043174654
0.042884033
0.04358056
0.043697108
0.043322038
0.043548524
0.044048313
0.042946145
0.043370955
0.045449007
0.04366294
0.042692024
0.043097943
0.043830626
0.043303676
0.042657822
0.04374753
0.044429354
0.04237292
0.043525197
0.042671457
0.042905096
0.042600255
0.04289211
0.043330513
0.043315955
0.04354925
0.04408873
0.044875644
0.04485933
0.043013386
0.04376208
0.043659486
0.04304319
0.043469977
0.044145145
0.043004893
0.04341055
0.04293264
0.04477596
0.043910358
0.04255948
0.04365888
0.04271912
0.042674936
0.04418169
0.04290332
0.042724233
0.04273125
0.043026328
0.044277888
0.042549744
0.043291762
0.041879814
0.043682337
0.04370122
0.045665085
0.043647923
0.042634793
0.044412892
0.043115538
0.04292684
0.042467594
0.04296875
0.04316919
0.044287797
0.043268256
0.04404401
0.042179834
0.04472997
0.042688813
0.04356497
0.04337233
0.04263454
0.043648608
0.043173544
0.043595802
0.043099537
0.04375619
0.044125658
0.043284792
0.043870352
0.042605586
0.042745516
0.042619806
0.043405496
0.042401005
0.04364348
0.044096712
0.042686418
0.042886242
0.041903466
0.044094622
0.043094035
0.04307172
0.042887647
0.0434007
0.041916844
0.04226676
0.044161912
0.043092277
0.042943276
0.042983565
0.044076778
0.04215081
0.043441925
0.043465566
0.042457808
0.04404898
0.04377407
0.041918416
0.04391343
0.042014934
0.042858295
0.04497922
0.043994125
0.043149114
0.043120563
0.04225012
0.043881334
0.0425639
0.043385457
0.04328739
0.04161406
0.04359125
0.042595316
0.043624017
0.04459956
0.043865375
0.043152858
0.042115085
0.04228094
0.043219734
0.042622287
0.042611912
0.04286614
0.042403616
0.042183574
0.041763667
0.042617127
0.043798763