
0.32190672
0.2980098
0.32221037
0.2907547
0.2748907
0.27149355
0.26780728
0.26440275
0.2479948
0.24887364
0.2528212
0.26094568
0.24012512
0.24284384
0.23798074
0.24071069
0.24123286
0.23559874
0.24219002
0.23635647
0.2380146
0.24318969
0.23730521
0.24701144
0.2377767
0.23793076
0.22845256
0.23062435
0.22409016
0.22654524
0.23430616
0.23492624
0.22379692
0.24232265
0.21761265
0.23140639
0.21712698
0.22118777
0.21880378
0.21923569
0.21128772
0.2165078
0.22043867
0.21627009
0.20788197
0.21038303
0.21270257
0.21203934
0.21024819
0.21262854
0.21254526
0.21390422
0.20917758
0.20351437
0.21068235
0.21549813
0.211747
0.20741095
0.20474039
0.20842822
0.20365979
0.205902
0.20560978
0.19987564
0.2063327
0.20343448
0.20364353
0.19938543
0.20228322
0.19897492
0.19971754
0.1926698
0.20130739
0.18858425
0.19670978
0.191844
0.19121526
0.1872267
0.187647
0.19447495
0.18769924
0.19041759
0.19325688
0.18953633
0.19296819
0.1873795
0.18751664
0.19237755
0.18593305
0.19388166
0.18809608
0.18461801
0.180922
0.18938862
0.17603119
0.17844929
0.1816454
0.18475005
0.17940678
0.17923443
0.18059312
0.17788768
0.17465302
0.17124365
0.17246334
0.17458859
0.17347263
0.17010419
0.16855517
0.17036365
0.16743234
0.16830908
0.16848028
0.17525569
0.16853347
0.16732365
0.17050795
0.16256933
0.1706039
0.16240144
0.16659172
0.17181255
0.16372348
0.16284534
0.1638549
0.16122025
0.16180182
0.16793428
0.16238979
0.16588013
0.16278598
0.16063917
0.16274948
0.16038606
0.16143095
0.16067952
0.15757258
0.15990439
0.15989858
0.15770656
0.16050807
0.15665218
0.16119128
0.15693499
0.1574586
0.15724833
0.16455975
0.1566717
0.15478748
0.1562642
0.15434542
0.15352716
0.15389682
0.15479697
0.1499737
0.1540913
0.15225013
0.15117127
0.14986289
0.15515885
0.15699889
0.14771424
0.15432581
0.15053742
0.15602945
0.14702733
0.15349336
0.14530304
0.14962521
0.15185015
0.15259074
0.15271054
0.15235879
0.1492716
0.14943957
0.14652097
0.14931531
0.14953439
0.14527927
0.14322148
0.14484653
0.14486618
0.144507
0.14208212
0.14894527
0.14414339
0.14449969
0.14313072
0.14291836
0.14272451
0.14178078
0.14224026
0.14614147
0.14246815
0.14435405
0.14351737
0.1444052
0.15711334
0.14236043
0.14362983
0.13595182
0.13629428
0.13667147
0.14116548
0.13947283
0.13732773
0.13480502
0.13585185
0.13469188
0.13320364
0.1348516
0.13649504
0.13475683
0.13478519
0.13863854
0.13572708
0.13722023
0.13590911
0.13208243
0.13470617
0.13491032
0.13267373
0.13479485
0.13130695
0.12954238
0.13249229
0.13234381
0.13145563
0.13308987
0.13138701
0.13453284
0.1346652
0.12724537
0.12911497
0.12820606
0.1294367
0.12752077
0.13130938
0.13197821
0.12880594
0.13040876
0.12752165
0.12928216
0.12774606
0.12771611
0.12640527
0.12769705
0.12672488
0.13417983
0.12749659
0.12635334
0.12833357
0.12724245
0.12608975
0.1264917
0.124821156
0.12501316
0.122258395
0.1259453
0.12938462
0.12331949
0.123493895
0.12338148
0.122820355
0.122587666
0.12312817
0.12279539
0.12488669
0.12464532
0.12521368
0.13117808
0.12499692
0.12558615
0.124021195
0.12578857
0.121790245
0.124724105
0.120901905
0.121871054
0.12037114
0.11885113
0.12023685
0.12107458
0.11776789
0.11991667
0.119113244
0.118184954
0.11544537
0.11783113
0.118199095
0.11632559
0.1231894
0.11953489
0.11821467
0.11974583
0.11701916
0.11706065
0.11654977
0.11665383
0.117834665
0.115626484
0.1170968
0.114899196
0.11558033
0.115549825
0.114278175
0.11368375
0.11612881
0.11735848
0.11517715
0.11484909
0.114365526
0.11751825
0.11364151
0.113199346
0.11550296
0.1175085
0.113187954
0.111075334
0.11426378
0.11299786
0.11272515
0.110653624
0.11167983
0.113130376
0.11031838
0.11154286
0.11337957
0.111362696
0.11112249
0.11457678
0.109104656
0.11029556
0.11176957
0.10838003
0.11053621
0.11160213
0.11027889
0.108783744
0.10888642
0.10670016
0.11029287
0.1105962
0.10948841
0.107810974
0.106811516
0.11032241
0.10891439
0.10840729
0.10929853
0.11070795
0.10828946
0.10710744
0.107055314
0.11015172
0.10855312
0.10709995
0.10699997
0.1079715
0.10351102
0.105092354
0.10860424
0.10710797
0.10544133
0.106016725
0.106096566
0.106918044
0.10563477
0.10540127
0.10478387
0.10510025
0.10489081
0.104953974
0.10257835
0.10722907
0.10745182
0.10527399
0.1019957
0.1042664
0.10137359
0.10336451
0.102214396
0.10802023
0.10335895
0.102169335
0.10406855
0.10217388
0.10284768
0.10232247
0.09881896
0.10240661
0.10455262
0.100905515
0.10207035
0.10459092
0.10420707
0.10698519
0.10017467
0.100181706
0.10327937
0.09994238
0.09962594
0.10128234
0.10216918
0.09895913
0.09863835
0.099237144
0.09971211
0.09958477
0.09960448
0.10578256
0.10107784
0.09962816
0.09911037
0.099522896
0.0971093
0.09924583
0.1001538
0.09792185
0.10096573
0.09936339
0.09975125
0.10087483
0.10188814
0.09965718
0.098374195
0.09866554
0.095765464
0.096161075
0.09735723
0.10182799
0.09798751
0.10097703
0.09556433
0.101470806
0.0971717
0.09530361
0.09641926
0.09687729
0.09985804
0.09733387
0.09763735
0.09746308
0.096889384
0.09494939
0.09625926
0.094933346
0.094614975
0.098905355
0.0956839
0.09324671
0.09336217
0.09693494
0.09397412
0.09477929
0.095435835
0.09384419
0.09438575
0.09412082
0.09395698
0.09230995
0.093646154
0.09439657
0.094068356
0.0923648
0.09267175
0.09498259
0.09652855
0.09362408
0.09321969
0.09272109
0.09326392
0.09078878
0.09105138
0.08963837
0.09110027
0.09357486
0.093653165
0.090664476
0.09277744
0.09233209
0.09117738
0.09116074
0.091627315
0.09241371
0.0922952
0.09187953
0.08853209
0.090264805
0.08970043
0.08974794
0.08835568
0.09144154
0.08740799
0.08928242
0.09015395
0.08917305
0.090523735
0.09028273
0.09302121
0.09254973
0.08876124
0.09151631
0.09158281
0.089775756
0.092148185
0.0920481
0.090008676
0.08903234
0.08819104
0.08953719
0.089248426
0.08864766
0.08923229
0.0886402
0.08993786
0.0887058
0.08791776
0.08743143
0.08690077
0.09008624
0.087406844
0.08723778
0.08790076
0.08560825
0.08518475
0.087399624
0.08993476
0.08691085
0.08544003
0.089890204
0.090081595
0.08809591
0.086206436
0.090844244
0.086448655
0.08527551
0.08659441
0.08677244
0.086317234
0.08881551
0.08702351
0.08744716
0.08319355
0.08746356
0.08587702
0.08434194
0.08626543
0.08569261
0.08427739
0.083865955
0.0860476
0.0838524
0.08331734
0.08416281
0.0828243
0.08434632
0.08787013
0.083786115
0.083276786
0.084049426
0.08520261
0.08201317
0.08252064
0.08248907
0.084147595
0.083748735
0.0824441
0.08248152
0.08371229
0.08464385
0.085070305
0.084253706
0.082799
0.08444498
0.08384662
0.08304349
0.08272855
0.081054755
0.0866421
0.08216725
0.08361393
0.085288435
0.08334922
0.0806742
0.08286439
0.080613084
0.08426242
0.08373819
0.08158034
0.083134115
0.08086599
0.079709984
0.081667185
0.08069773
0.08048432
0.081469335
0.08188613
0.07983702
0.08207161
0.08025918
0.07933624
0.08168106
0.08110855
0.08215607
0.08049346
0.079808086
0.08016927
0.084107384
0.08124412
0.081344716
0.08321985
0.081232294
0.07954323
0.08115778
0.08127022
0.08121656
0.079996414
0.08175965
0.07994893
0.07907715
0.08016015
0.07900008
0.080242835
0.08034814
0.080298916
0.07898007
0.07812814
0.07967823
0.07867285
0.07984493
0.08053601
0.07810325
0.07931911
0.081242345
0.07821909
0.07885009
0.07791049
0.07808694
0.08013476
0.080031246
0.081152335
0.0824443
0.07855207
0.07997387
0.07790521
0.080753915
0.07987459
0.07797453
0.07832229
0.07815913
0.07839954
0.07787444
0.07636226
0.07896077
0.07703215
0.0774853
0.07741034
0.07884402
0.07889443
0.078541085
0.07718774
0.08080976
0.07716823
0.080766164
0.0786092
0.07770634
0.07809152
0.07728305
0.07636676
0.07492321
0.07696459
0.0778592
0.07820869
0.07662635
0.078076415
0.07626056
0.076279454
0.075244695
0.07887433
0.07688817
0.07559504
0.076446265
0.07565899
0.07646327
0.07741335
0.07622157
0.0779578
0.07883047
0.07564645
0.07468498
0.07400688
0.077578396
0.077678554
0.07556498
0.07677099
0.07554208
0.074200585
0.07456654
0.07517867
0.07587081
0.07513843
0.07587769
0.07575922
0.07459206
0.07554593
0.07493645
0.07395987
0.07415882
0.07521493
0.0769083
0.07352577
0.073288746
0.073288254
0.07487709
0.07449294
0.07433066
0.07483315
0.075174786
0.07413159
0.07530555
0.073752284
0.074319884
0.07310652
0.073428124
0.07473525
0.07630096
0.0744539
0.07368049
0.07459847
0.07385237
0.075435445
0.072735555
0.07395589
0.07435079
0.07450738
0.07246313
0.073196314
0.07311171
0.073102206
0.07293418
0.07363641
0.072522685
0.073088385
0.072855696
0.074267335
0.076204926
0.07249702
0.0718281
0.07317416
0.07222531
0.07027611
0.07254702
0.07227428
0.070925966
0.07271444
0.072332315
0.07301979
0.07173369
0.07121984
0.07412512
0.07301357
0.07300584
0.070136756
0.072673686
0.07323578
0.07324611
0.07216245
0.071283825
0.07227896
0.07212062
0.072830364
0.07190381
0.0731386
0.0727136
0.073126525
0.07016488
0.06970743
0.071822956
0.06969613
0.07176157
0.07155216
0.07091945
0.07254808
0.07006373
0.070008315
0.07101978
0.071327984
0.0705157
0.071704015
0.06909244
0.06999297
0.07108947
0.071771376
0.0694539
0.07026633
0.0688655
0.070827045
0.071301974
0.07044686
0.07032079
0.069676034
0.06987205
0.069855824
0.07099185
0.071013704
0.06760202
0.07080289
0.07194915
0.07070121
0.070468366
0.07226791
0.06941207
0.07064983
0.068247005
0.06921115
0.06917078
0.06878126
0.068208724
0.06977832
0.06793501
0.06806505
0.06810289
0.07025457
0.070075125
0.06826439
0.07148885
0.07218837
0.06885145
0.06931991
0.068707764
0.068576135
0.06882173
0.06927382
0.068296276
0.069312856
0.06767548
0.069549374
0.0673275
0.06911293
0.067737795
0.070698485
0.06849712
0.068125315
0.069042906
0.07010512
0.06712288
0.069360435
0.06842984
0.0682834
0.06811407
0.06793948
0.06915228
0.06717686
0.06812716
0.068245694
0.07016804
0.067274526
0.06879807
0.067764364
0.0673669
0.06995769
0.0698054
0.06662631
0.0672955
0.06774277
0.06715201
0.06705705
0.06739496
0.068689995
0.06756273
0.06656039
0.0672897
0.066978045
0.066132575
0.06798611
0.06950666
0.06842537
0.065572746
0.06693176
0.06765319
0.06826343
0.066450074
0.06588046
0.065423906
0.06675409
0.0664325
0.0680018
0.06625178
0.067045294
0.0657274
0.0669747
0.06607594
0.06553721
0.06685445
0.064512186
0.066958435
0.066929355
0.06619375
0.06510021
0.06529352
0.06645133
0.066677295
0.06604047
0.06543022
0.06680627
0.06548812
0.065387994
0.06578597
0.06376829
0.06363261
0.066823356
0.06478836
0.06525658
0.06474559
0.06482273
0.06388297
0.06483718
0.06630806
0.06520376
0.06468273
0.0652646
0.06521441
0.066922136
0.06394351
0.06368033
0.0648818
0.06431114
0.062314298
0.06285844
0.063537575
0.0653555
0.063175604
0.062326234
0.064382054
0.06436796
0.06454144
0.063604705
0.06407818
0.06362738
0.06485917
0.06423826
0.06355689
0.06352283
0.06449326
0.06530988
0.064765856
0.06429375
0.06250151
0.06326043
0.0658599
0.06542417
0.0636078
0.06355753
0.06368089
0.063503735
0.064040944
0.06432641
0.06473514
0.0616927
0.0616959
0.062438812
0.06279736
0.06272823
0.06547475
0.062425442
0.06400212
0.063284166
0.061766617
0.0621413
0.065162785
0.062486876
0.06327356
0.06426221
0.06425276
0.063193135
0.06271753
0.06255364
0.06315787
0.06336227
0.06454843
0.062070776
0.061964132
0.06243944
0.062088773
0.06301326
0.06166839
0.06096157
0.062238313
0.062246475
0.06253229
0.06153177
0.061640628
0.061480124
0.062047742
0.06254304
0.061204925
0.062098555
0.063364364
0.0634743
0.06286678
0.06297185
0.061984714
0.062344097
0.06155446
0.06105897
0.061947282
0.06142574
0.06266746
0.060787685
0.06263651
0.06221648
0.06259608
0.061641682
0.061855268
0.060981467
0.061347906
0.060742762
0.061322786
0.061041433
0.060291577
0.061052516
0.060532786
0.06338936
0.060512416
0.06052449
0.06126231
0.06095999
0.06308244
0.06225172
0.061075974
0.062651746
0.06283677
0.061580475
0.06396096
0.06326993
0.06017213
0.06112512
0.061170977
0.060713224
0.061606653
0.06182361
0.06225825
0.061658524
0.060886636
0.060217757
0.06074624
0.061160762
0.06212371
0.061161984
0.06119491
0.06133157
0.060839336
0.06176252
0.06279399
0.061333306
0.06134657
0.06261156
0.06196564
0.061894212
0.060843438
0.06134699
0.06100127
0.06117266
0.059392124
0.059298065
0.060431644
0.05942713
0.061800182
0.058755696
0.061509214
0.06135548
0.060231104
0.061298598
0.0620339
0.05869004
0.05970503
0.06033546
0.060105287
0.05932667
0.06010784
0.06011289
0.061045397
0.059984677
0.060000066
0.059590284
0.061348043
0.06085239
0.059447564
0.060923636
0.06024554
0.059392553
0.061126284
0.060228102
0.05872893
0.058853667
0.05967645
0.059775118
0.059071425
0.058117516
0.05980326
0.059037603
0.059280884
0.059056383
0.0589575
0.05950502
0.059917614
0.0601428
0.0600592
0.058759265
0.057546653
0.05949021
0.058187645
0.058819484
0.05888979
0.059130173
0.057334177
0.060006533
0.05940811
0.059972584
0.05931206
0.060413763
0.05859496
0.058670346
0.05765728
0.05825073
0.058928493
0.057797004
0.058731657
0.058703013
0.058773484
0.059813358
0.057723526
0.05932346
0.058400933
0.058885716
0.058714423
0.058358815
0.05846214
0.05844296
0.060559135
0.058978457
0.05993547
0.05715043
0.05960803
0.05924616
0.059099168
0.057682604
0.060027912
0.05791461
0.056598045
0.057894073
0.058336917
0.057891786
0.057823583
0.05805381
0.05959247
0.058025654
0.057175953
0.056960043
0.05949785
0.05780164
0.059399854
0.05972893
0.057363763
0.059270523
0.059132583
0.057440214
0.060394946
0.058372807
0.05753603
0.05854273
0.056579098
0.057444304
0.058481902
0.056966666
0.056864105
0.057238754
0.05855342
0.05884488
0.05732616
0.057515204
0.0561041
0.05725177
0.05779242
0.057158414
0.056784775
0.058036022
0.05693962
0.056803722
0.058272127
0.05676808
0.05678065
0.05843969
0.057399005
0.057580695
0.0562027
0.058096666
0.056390613
0.05697019
0.057659708
0.05651876
0.05595968
0.055579495
0.057135127
0.05665801
0.057061467
0.055941463
0.05639857
0.05599608
0.05643203
0.05762731
0.056642618
0.05735112
0.057469316
0.056871977
0.057581056
0.057434175
0.05684401
0.05668697
0.057486095
0.055252317
0.056763865
0.055833656
0.056689274
0.05543556
0.056085955
0.056429554
0.05575644
0.05690709
0.056308653
0.055988356
0.057432376
0.05620749
0.056126673
0.056286797
0.056695867
0.055549033
0.056749646
0.056209616
0.057811778
0.05629611
0.05606738
0.056335732
0.055938993
0.056246422
0.055449784
0.0556697
0.05812771
0.055846784
0.05626505
0.055923954
0.057882275
0.055963267
0.05553963
0.05637267
0.055037856
0.05527258
0.054846086
0.05545275
0.055896252
0.056325525
0.054545883
0.055023104
0.055571977
0.054894913
0.05501795
0.054346923
0.055319015
0.05654598
0.054582007
0.054402024
0.05568928
0.055502575
0.054261096
0.054539572
0.055358835
0.05685949
0.0538953
0.055763073
0.056435592
0.054214798
0.05398199
0.05720449
0.054848526
0.053772192
0.05530938
0.054056812
0.054392006
0.054732334
0.05495648
0.054671515
0.05503842
0.05479209
0.05402134
0.0545228
0.05469163
0.05446798
0.05424079
0.054087065
0.05418056
0.053415284
0.054648127
0.054462653
0.054177184
0.05604766
0.053759072
0.056939095
0.05508589
0.055434763
0.056342315
0.054936104
0.05420718
0.054622967
0.054177683
0.054803826
0.055914707
0.056695152
0.055278026
0.05421757
0.05438212
0.05398692
0.05478439
0.05434166
0.053765755
0.0548297
0.055082
0.05545253
0.05403801
0.055301156
0.053942118
0.055931035
0.055023175
0.05397413
0.054205883
0.054403108
0.054013934
0.0546137
0.054314982
0.054549277
0.05407891
0.054107893
0.05294428
0.056127172
0.05509071
0.054836974
0.05326201
0.05453379
0.05372621
0.05299775
0.054888297
0.053107083
0.05428342
0.054219328
0.054272454
0.054009747
0.05406379
0.053083565
0.054992214
0.054319475
0.054558452
0.0534793
0.05361027
0.05525299
0.05450833
0.054106664
0.053289
0.05320477
0.052126113
0.05354578
0.055158332
0.053989075
0.052330922
0.05544566
0.053516533
0.054288674
0.054209344
0.054142352
0.053687233
0.052443452
0.054114945
0.05315962
0.05297183
0.052964933
0.05401443
0.055011347
0.052443527
0.053053472
0.05394903
0.054329857
0.054280113
0.05347013
0.053740434
0.05484803
0.056896616
0.053146668
0.054863412
0.052628204
0.05244267
0.05253493
0.05385389
0.053122606
0.0545284
0.05409781
0.05345492
0.05307945
0.05204403
0.05282278
0.051762987
0.053094923
0.05437185
0.05475665
0.053098425
0.053108245
0.052543767
0.05238191
0.053360354
0.05240748
0.051811367
0.0542325
0.052124586
0.052312765
0.052550767
0.053210195
0.052605126
0.053635646
0.053654633
0.052721802
0.05240492
0.05573681
0.052553322
0.053892773
0.05364707
0.051777683
0.052986536
0.05179541
0.052451763
0.0551121
0.05234264
0.05297406
0.05190547
0.052376017
0.053408183
0.05149744
0.052675754
0.05214802
0.052733023
0.05300146
0.051123425
0.052461684
0.05159296
0.051785253
0.051491752
0.05154882
0.051940396
0.053058557
0.052335646
0.05269687
0.051559113
0.052097846
0.051428717
0.052446444
0.05337025
0.052909326
0.05247386
0.051385958
0.051287603
0.0518636
0.05432452
0.051996306
0.05351991
0.05159143
0.053234752
0.052913584
0.050950173
0.05197193
0.052302986
0.051390488
0.05047432
0.050595723
0.05075631
0.05063535
0.052241746
0.051080417
0.0522278
0.051942546
0.0515919
0.05047516
0.052257035
0.05211176
0.0517666
0.05099499
0.050067686
0.052151334
0.050277732
0.05184252
0.053181898
0.050736103
0.052240804
0.051582746
0.051189244
0.051780447
0.05251926
0.05206075
0.052436695
0.05070402
0.050897114
0.051921856
0.051659714
0.05115439
0.052077085
0.050883316
0.051070683
0.052289214
0.05202624
0.05376184
0.050438263
0.05233719
0.05254165
0.051189914
0.051011674
0.05018032
0.05138753
0.051684517
0.050486576
0.050303522
0.049870882
0.051654283
0.05063237
0.050934404
0.05105277
0.051404413
0.049637537
0.050361704
0.049718685
0.051142037
0.050393514
0.0509468
0.05067239
0.051571455
0.05147237
0.051702674
0.051346704
0.05101466
0.05173641
0.049505778
0.051888857
0.05108649
0.05106325
0.050438903
0.050039776
0.05071622
0.049091186
0.050765783
0.04974666
0.049592115
0.050718658
0.050738458
0.051215254
0.049927976
0.049730327
0.050236583
0.05056046
0.052726977
0.050684173
0.049101923
0.049599405
0.0498775
0.05081543
0.049310498
0.05035145
0.05116869
0.04974294
0.05088757
0.049985122
0.050113928
0.050418556
0.049575422
0.049845543
0.04993069
0.049476426
0.049143806
0.050716147
0.04953258
0.051337928
0.049388036
0.051023997
0.04948392
0.049429726
0.049861092
0.050760735
0.04963766
0.049329687
0.05047308
0.050433364
0.049831983
0.048984475
0.048718255
0.050920792
0.049151123
0.049579564
0.049790382
0.052578516
0.04958807
0.049707074
0.049740598
0.04947969
0.050085474
0.04910795
0.049300734
0.049417578
0.04935298
0.049733225
0.050196957
0.05034664
0.05057656
0.04954514
0.049283497
0.050148387
0.049604893
0.04915641
0.04920231
0.049297385
0.050548088
0.04947887
0.050774775
0.050459582
0.05084205
0.050246853
0.049355004
0.04940256
0.049335033
0.04932822
0.04974624
0.04891083
0.049594462
0.04889452
0.050282605
0.049649462
0.049094815
0.048606507
0.04918996
0.050297488
0.049313094
0.050247066
0.049271416
0.049433067
0.049546666
0.049981542
0.04898359
0.049314544
0.048592694
0.04981496
0.04847491
0.05048231
0.049161326
0.049977038
0.050247155
0.04860195
0.049032528
0.047677398
0.04763732
0.048201732
0.04957311
0.04950034
0.050330356
0.050192576
0.048815474
0.04916305
0.04949474
0.050035533
0.048075207
0.0489351
0.048510686
0.04868107
0.048718996
0.048100222
0.048413627
0.048532873
0.048696317
0.048963573
0.048944384
0.049021807
0.0481191
0.0517493
0.04932527
0.04904651
0.049116075
0.049000155
0.048640095
0.04785448
0.047648493
0.04779633
0.050262522
0.048144985
0.04908702
0.050516363
0.048791055
0.049196336
0.04936517
0.04822573
0.048405293
0.04817512
0.048001505
0.04710457
0.0479734
0.047875308
0.047830947
0.048701376
0.04757995
0.046863344
0.046970654
0.048013855
0.04804831
0.048626307
0.046972953
0.048380263
0.04928833
0.049081836
0.048702292
0.047452223
0.048329357
0.048888087
0.04814617
0.048211966
0.0481578
0.049121622
0.049757283
0.050484635
0.047253035
0.04820523
0.048444647
0.048169333
0.048557065
0.04877708
0.048373334
0.04896647
0.048334144
0.047367852
0.048219237
0.049218778
0.04903545
0.047783043
0.047538962
0.04895563
0.047668323
0.04859622
0.0486384
0.04879558
0.04839078
0.048205946
0.04802077
0.048238747
0.048061185
0.049618755
0.047086578
0.04681143
0.047328085
0.047579523
0.046920333
0.048194222
0.04820801
0.047500223
0.046801306
0.048030674
0.045998868
0.047905188
0.047947697
0.047418136
0.047436956
0.04905743
0.04632835
0.04700417
0.047168415
0.048422724
0.04730697
0.04824682
0.048289564
0.045780815
0.05004639
0.04802131
0.047381133
0.04685337
0.047267646
0.046636816
0.047280207
0.04842319
0.04731104
0.04841477
0.048529398
0.048329644
0.047395434
0.047782622
0.047447592
0.047024585
0.04800256
0.04660753
0.048029713
0.048316203
0.046522014
0.046523944
0.04748336
0.0483721
0.046531353
0.04868501
0.04644331
0.04745323
0.046070203
0.046424937
0.04594845
0.048338737
0.04694708
0.04692106
0.046693385
0.04954633
0.046669684
0.046007957
0.04790944
0.046805676
0.04815016
0.04605977
0.046226606
0.047604457
0.04843517
0.047405504
0.048276972
0.04635962
0.047539774
0.046126127
0.047443055
0.047490768
0.046645068
0.04746859
0.047253486
0.046791393
0.04657659
0.048108432
0.047688197
0.046062417
0.045730293
0.047716886
0.0477216
0.046571665
0.04689727
0.04645513
0.047017477
0.046316892
0.046417393
0.046964344
0.04664205
0.046653673
0.0475578
0.046856206
0.04750207
0.04609217
0.04695255
0.047959004
0.04699936
0.047490794
0.04595298
0.046356805
0.045814466
0.046442863
0.04565125
0.0464097
0.04743847
0.046812467
0.046119172
0.046759356
0.045837928
0.04561594
0.046109643
0.04870776
0.04668457
0.04688197
0.04627672
0.045878395
0.045571182
0.046973065
0.046893537
0.04779507
0.04576775
0.04625335
0.048694186
0.04572742
0.045588005
0.045179844
0.045195352
0.046533614
0.04723961
0.046036772
0.046608668
0.04586513
0.04573663
0.046698164
0.04729839
0.046426073
0.047439724
0.046970982
0.04625282
0.046291888
0.04594735
0.04623005
0.045796614
0.045720045
0.04581397
0.047391955
0.045317523
0.045498494
0.04583812
0.04490127
0.045570545
0.046345156
0.046888452
0.04538841
0.046223313
0.046051852
0.045979235
0.04597504
0.046652835
0.04612733
0.045856863
0.045673672
0.04573312
0.047674265
0.046366557
0.045745812
0.045694124
0.045041483
0.047525603
0.04583307
0.04592682
0.04435984
0.045670874
0.04697023
0.044645756
0.045488235
0.045551173
0.045361865
0.04612458
0.04572088
0.046517592
0.04527037
0.044794858
0.04570663
0.046032023
0.045775842
0.045738135
0.04545995
0.04499129
0.04475734
0.04485799
0.04560607
0.04505971
0.044705812
0.04513715
0.04666813
0.045641802
0.045510393
0.046925854
0.04588694
0.045637153
0.04460216
0.044456337
0.045342673
0.045130096
0.045278393
0.04498026
0.045702316
0.04526806
0.04497974
0.045922346
0.045392524
0.0458114
0.047136668
0.04478916
0.044868886
0.046406396
0.046093088
0.044949546
0.046243932
0.044942886
0.044981554
0.04679907
0.044842113
0.04497974
0.045811627
0.04566974
0.04657165
0.046092995
0.04424642
0.04551993
0.044835605
0.044569794
0.04607546
0.044616234
0.04395579
0.044741772
0.044257093
0.044336285
0.04558025
0.045365278
0.044388942
0.044310704
0.0443549
0.044175286
0.045173727
0.04406929
0.045040186
0.046407968
0.044966906
0.045039933
0.044930387
0.044420913
0.04587991
0.047037896
0.043559965
0.043609254
0.043824214
0.044845577
0.043649457
0.043863352
0.044364147
0.044931434
0.044453006
0.04531557
0.044811364
0.04486194
0.04462182
0.043954205
0.045220625
0.04502166
0.044214964
0.04373925
0.043275908
0.04476007
0.045406662
0.04464399
0.04511858
0.044367064
0.0432512
0.045270555
0.04410079
0.04407558
0.04423832
0.044822246
0.04376246
0.044537727
0.044198044
0.044320013
0.046298254
0.04602843
0.044523835
0.043432113
0.04369401
0.043354575
0.044325974
0.044872228
0.04478866
0.045230675
0.0436757
0.0442618
0.043217745
0.044077337
0.043719824
0.0441277
0.044010483
0.043782614
0.04554753
0.045244347
0.04339523
0.04311957
0.04429874
0.0447037
0.04322299
0.043323927
0.04301615
0.044800453
0.043830987
0.043243982
0.04421478
0.04479858
0.043982364
0.0444801
0.043503087
0.043415993
0.044577852
0.0442461
0.043846585
0.043466847
0.044341955
0.0438479
0.04352509
0.04318057
0.044524454
0.043754485
0.044077855
0.043868218
0.045784026
0.044798132
0.04343077
0.044104967
0.043738402
0.04600861
0.043589164
0.043652643
0.0433687
0.044371616
0.04419842
0.04410875
0.045221765
0.043228537
0.044202473
0.043965634
0.043789767
0.04316219
0.043319076
0.043979518
0.04417742
0.043409627
0.04338786
0.043916624
0.042844012
0.04385382
0.04363746
0.04315061
0.043781333
0.04324858
0.04355187
0.042568542
0.044215158
0.042277757
0.04344962
0.043646444
0.043275062
0.04496846
0.04395204
0.043462627
0.042758625