
0.67977756
0.68692005
0.76171976
0.6836782
0.63194394
0.6190092
0.5916602
0.59957176
0.59626544
0.58451456
0.586726
0.575099
0.5788907
0.5598644
0.56429064
0.58413523
0.5537604
0.54615307
0.5462814
0.55622447
0.5283638
0.52524626
0.5304576
0.5357799
0.51284224
0.52450633
0.5240013
0.5094121
0.5158224
0.5281621
0.5160362
0.5065027
0.5196889
0.49979818
0.49818775
0.5146565
0.48869464
0.49898055
0.48618203
0.49283785
0.48088732
0.47790423
0.483007
0.48676398
0.4860954
0.5004954
0.47186875
0.49285793
0.4728988
0.483701
0.48484886
0.4632084
0.4889658
0.47155377
0.49093613
0.48356253
0.46664587
0.47205865
0.4660626
0.4670316
0.45022136
0.44940677
0.44825116
0.45075327
0.43839878
0.4441537
0.44760698
0.44768748
0.43582052
0.4440902
0.44645187
0.4417094
0.44236928
0.42615244
0.43572766
0.45215413
0.4344208
0.43455118
0.43445033
0.42171872
0.4279033
0.43425813
0.43673703
0.42037988
0.41597456
0.43958762
0.4139216
0.4172155
0.42248756
0.4103122
0.4157265
0.4200505
0.40658957
0.41702294
0.4284335
0.4339255
0.40042454
0.39416385
0.3949671
0.39777067
0.39925236
0.39133748
0.39642534
0.4003854
0.3877364
0.3853659
0.3942289
0.38792238
0.38343397
0.38737103
0.38244465
0.37723058
0.3876978
0.38522783
0.37892288
0.385204
0.3891974
0.3880439
0.37941492
0.373293
0.37833548
0.37520677
0.3804467
0.36855662
0.37595075
0.37072033
0.36352113
0.3682963
0.36923546
0.37629297
0.37743893
0.3779275
0.35757443
0.36446676
0.36364174
0.36244544
0.36151436
0.3644528
0.36166787
0.35941863
0.37170243
0.36751398
0.36909625
0.3658406
0.36171085
0.37191877
0.35884014
0.36113098
0.36013728
0.35876304
0.36731854
0.35912564
0.3471056
0.3482266
0.34444696
0.3576416
0.34069732
0.3492739
0.3571138
0.34076187
0.34266973
0.35231918
0.33773923
0.34502825
0.34695113
0.338802
0.34382468
0.3399427
0.3409711
0.34296125
0.34858653
0.33379894
0.3350739
0.3314731
0.32987866
0.33104622
0.3280079
0.3371374
0.33033362
0.33597848
0.33494386
0.33285633
0.32425696
0.33176744
0.32946935
0.33818004
0.3255725
0.3233027
0.32712182
0.3326912
0.33244336
0.32790872
0.3253679
0.3287187
0.32400447
0.32227275
0.31786007
0.31863135
0.31833273
0.32154813
0.3164336
0.3153664
0.31860515
0.31956387
0.31674674
0.332596
0.31405976
0.32741162
0.31541017
0.314765
0.32115966
0.32293305
0.31636128
0.3158308
0.3152595
0.31181327
0.3070235
0.30962226
0.31553945
0.31229576
0.31683803
0.31296122
0.3097276
0.30764636
0.30760646
0.3106708
0.3040128
0.30490705
0.30297524
0.30568266
0.3115388
0.3049412
0.31286678
0.3055328
0.30219892
0.30893448
0.3096302
0.30324006
0.30124116
0.3045134
0.29972187
0.30083886
0.2969923
0.30411473
0.29036304
0.29241893
0.30562893
0.29560024
0.29327592
0.29527748
0.2948014
0.28994578
0.29259434
0.30747673
0.29394168
0.30431905
0.29844248
0.2987681
0.2944385
0.30092388
0.2903978
0.29433835
0.29695007
0.29089713
0.29319108
0.28920844
0.28682452
0.292087
0.28890908
0.29071644
0.28522927
0.28647384
0.2942378
0.28541574
0.28586772
0.27883017
0.28273803
0.29110765
0.28304157
0.28462577
0.28116637
0.28368884
0.28216314
0.27980575
0.27565822
0.28826976
0.29171988
0.27882344
0.28044587
0.27466837
0.27969703
0.26952726
0.28274146
0.27711576
0.2733664
0.2756602
0.271943
0.2720021
0.27220857
0.27018675
0.28157637
0.27653524
0.278372
0.27329326
0.26802552
0.2683358
0.26943725
0.27930248
0.28203654
0.27335376
0.26765057
0.2842376
0.2682615
0.26907852
0.26926735
0.27203408
0.26897383
0.26926932
0.27385682
0.2655075
0.26964784
0.2688677
0.27109867
0.2681343
0.26662615
0.26770377
0.26650557
0.2726411
0.26187012
0.26440808
0.2661003
0.26270974
0.26788753
0.26562414
0.26235288
0.26858693
0.26284614
0.2585115
0.25578713
0.26559395
0.2624098
0.2594841
0.25726137
0.25890142
0.25461712
0.26206625
0.2661209
0.26335785
0.26625806
0.26150277
0.2621993
0.25780633
0.2629137
0.2652619
0.25719786
0.25653166
0.25806814
0.25936872
0.25427124
0.2552123
0.25559112
0.2573409
0.25071582
0.2595077
0.25803855
0.25563765
0.2539936
0.25047183
0.256034
0.2521926
0.25463092
0.24952435
0.250068
0.25141388
0.24917772
0.2560912
0.26099893
0.25598574
0.25008363
0.25352046
0.25642547
0.2617855
0.25490665
0.2604683
0.24673416
0.246777
0.24931195
0.24862212
0.2481156
0.24408719
0.24712802
0.24739239
0.25395122
0.2441928
0.25234738
0.24391104
0.24675295
0.25091264
0.24811049
0.24877624
0.24744721
0.25101385
0.24617594
0.24618113
0.24328847
0.25146818
0.24419962
0.24829061
0.25214738
0.24328785
0.24260387
0.24359943
0.23818569
0.23938477
0.24065568
0.24428049
0.23896399
0.23813261
0.24024604
0.24510926
0.2454575
0.23544817
0.24101195
0.23586456
0.23478815
0.2361399
0.2362063
0.24150583
0.2371738
0.23814657
0.23511848
0.24162431
0.23115885
0.23665734
0.23520562
0.23801571
0.23449124
0.23570435
0.23958091
0.23422897
0.23432988
0.23501079
0.23585099
0.24414161
0.2350002
0.23035643
0.23599234
0.22749238
0.22848637
0.23432061
0.23205161
0.23163638
0.23448914
0.23139393
0.22942907
0.23054375
0.22927223
0.23266847
0.23047598
0.2323312
0.23516393
0.23859073
0.23184428
0.2299536
0.23279154
0.23311311
0.23803562
0.23558035
0.22954215
0.2324909
0.22599636
0.22233702
0.22512211
0.22520727
0.23145203
0.22724402
0.22732152
0.22387218
0.23318854
0.2285406
0.22743455
0.22280386
0.22610877
0.22535276
0.2267394
0.22580282
0.22911428
0.22693075
0.22554268
0.22633943
0.23488319
0.22217825
0.22416791
0.2180959
0.22501968
0.21990001
0.2264148
0.22221334
0.22347674
0.22135806
0.22691588
0.22625037
0.22190014
0.22469115
0.21873158
0.22086702
0.2292347
0.21940847
0.23213312
0.22505997
0.22114359
0.21897866
0.22600248
0.22117957
0.23013201
0.23048162
0.22300838
0.22830199
0.22023103
0.22500175
0.21707566
0.22026336
0.22958079
0.21907684
0.21712856
0.21803331
0.22087204
0.22590141
0.21435836
0.21743487
0.21526685
0.21699482
0.22370206
0.21980256
0.22187707
0.21685176
0.21995226
0.21865082
0.21355377
0.2139151
0.22081013
0.21464488
0.21502647
0.2158995
0.21703841
0.22113438
0.21863341
0.22141436
0.21781889
0.22690473
0.2107168
0.21487518
0.21150221
0.21491152
0.21424252
0.2116806
0.21407484
0.21795072
0.21309726
0.21558674
0.21296136
0.21023476
0.215639
0.21567936
0.21465527
0.21472272
0.21415098
0.21654458
0.2193132
0.219626
0.2161255
0.214135
0.21270092
0.21557388
0.21153365
0.2154186
0.2171272
0.21205112
0.21140435
0.21279404
0.20866683
0.21029398
0.21112603
0.21445522
0.21091732
0.20920885
0.21386455
0.20337284
0.20635767
0.20543931
0.20771815
0.21091247
0.20787704
0.20882024
0.20825529
0.20893857
0.20343287
0.20908608
0.20457631
0.20771047
0.20827247
0.20618808
0.21361421
0.20767255
0.21276581
0.20894153
0.2051202
0.20610112
0.20895374
0.20472996
0.21069638
0.20396334
0.20609823
0.2069963
0.20441243
0.20509976
0.20837615
0.20331894
0.204881
0.20061116
0.20702447
0.2037998
0.20278345
0.20606877
0.21143745
0.20367745
0.20121302
0.20416974
0.20128094
0.20350382
0.20215508
0.20733725
0.20537741
0.20638582
0.20746182
0.20852059
0.20358078
0.20221929
0.20391431
0.20393012
0.20088717
0.20563173
0.20361944
0.20416136
0.20819518
0.20129727
0.20353095
0.20015788
0.20514718
0.20385595
0.19880313
0.20589308
0.20377862
0.20457673
0.20300983
0.20281959
0.19960102
0.20706634
0.20222202
0.20670949
0.20130658
0.19934137
0.20040895
0.20238039
0.20329799
0.20260906
0.19820468
0.20165594
0.19839007
0.20676725
0.1991981
0.20023692
0.19866973
0.19589384
0.20025632
0.19760993
0.2015406
0.20638771
0.19720677
0.19774936
0.20286913
0.19778746
0.19993766
0.19706763
0.1960446
0.19986883
0.2022132
0.19863746
0.19584927
0.19684479
0.19715457
0.19378492
0.1977563
0.19512661
0.19530706
0.19069763
0.19853163
0.19477952
0.2031152
0.19467148
0.19382465
0.19976373
0.19310494
0.19473723
0.1996943
0.19949426
0.19634622
0.19276927
0.19922633
0.19272098
0.19788614
0.19249614
0.19442749
0.19772473
0.19388394
0.19194753
0.19973086
0.19951695
0.19356787
0.18989483
0.19284067
0.19788674
0.194343
0.19637689
0.19495603
0.19155203
0.19517332
0.19414766
0.19005077
0.19189353
0.189061
0.18913966
0.19650081
0.18884456
0.20182025
0.18770395
0.19177265
0.1929025
0.19217627
0.18924709
0.19418612
0.19795395
0.19165741
0.18778373
0.18855377
0.19329481
0.19370635
0.19209522
0.19149643
0.18790574
0.19005364
0.1868562
0.19285922
0.19216096
0.18892728
0.18851705
0.1880834
0.19578694
0.18738832
0.1863698
0.19119127
0.19243333
0.18749526
0.19095366
0.19008885
0.18864658
0.19183782
0.18587688
0.18421239
0.1878754
0.19171809
0.18994054
0.1887292
0.1884643
0.18815802
0.18849923
0.18681335
0.18779641
0.18798938
0.1877067
0.18736206
0.18703938
0.18826617
0.19386712
0.18884496
0.18910411
0.18637632
0.18643072
0.18394245
0.18302926
0.18361218
0.18652476
0.19020848
0.18731914
0.19079025
0.18835515
0.1833303
0.18694697
0.19113027
0.18526945
0.18767694
0.18547226
0.18611173
0.18570158
0.19005089
0.18910563
0.19019073
0.18909474
0.19025518
0.1884832
0.18719602
0.18571062
0.18495029
0.18623032
0.1873968
0.18959011
0.18885507
0.18519682
0.18403484
0.18667674
0.18454209
0.18433385
0.1914138
0.18718979
0.185231
0.18348661
0.18555619
0.1928959
0.18794574
0.18522476
0.18784338
0.18345718
0.19360071
0.18697819
0.18504801
0.18262973
0.18315
0.18172786
0.18081108
0.17998509
0.19269884
0.18025692
0.18387944
0.1841572
0.18019186
0.18329261
0.18260929
0.18564403
0.18429391
0.18137346
0.18324097
0.18494368
0.17925207
0.18623966
0.1835274
0.18184328
0.18263043
0.18462421
0.17989342
0.18289624
0.19011998
0.18418197
0.18252327
0.18242891
0.18518226
0.1909904
0.1871217
0.18272503
0.18726946
0.18680117
0.18764825
0.18707627
0.18247873
0.18492019
0.18409158
0.18433855
0.18665245
0.1845433
0.18329783
0.18372864
0.18308955
0.1801027
0.17942046
0.18054749
0.18662918
0.18284231
0.17806028
0.18296127
0.18163943
0.17951976
0.18062487
0.18076493
0.18233205
0.18403682
0.17913437
0.18025748
0.18012208
0.1822771
0.18244813
0.18431136
0.18035871
0.17928652
0.18002969
0.18681742
0.18003835
0.18153554
0.18049847
0.1799097
0.18110457
0.17966168
0.18202281
0.18411122
0.17864437
0.18180272
0.17623395
0.18029746
0.17952761
0.17783464
0.18449628
0.17840338
0.17909378
0.17592248
0.18072776
0.17504795
0.17907332
0.18175906
0.18003401
0.1798644
0.17520303
0.17759888
0.18136291
0.17522225
0.17487276
0.17721158
0.1741737
0.1724974
0.1782263
0.17463155
0.17318727
0.17381477
0.17227344
0.17601953
0.17395878
0.17668195
0.17695087
0.17362928
0.17904879
0.1767123
0.1771715
0.17609622
0.17480144
0.17843637
0.17340958
0.17072153
0.17690597
0.17124136
0.17180264
0.17815134
0.17683402
0.17278774
0.17697495
0.1765795
0.17293775
0.17500407
0.17867619
0.17640406
0.17799838
0.18018308
0.1821877
0.17513077
0.17815901
0.1765416
0.18015695
0.17675352
0.1723769
0.17582253
0.17291766
0.17370072
0.17386602
0.17772701
0.17596045
0.1746184
0.17479073
0.175873
0.17380221
0.17580417
0.17726164
0.17424674
0.17482682
0.17316513
0.17344595
0.17299686
0.17059244
0.17516933
0.17096822
0.17538305
0.17332831
0.17018709
0.17116222
0.16842353
0.17411198
0.1725371
0.17063703
0.17761312
0.17075625
0.17458822
0.1703597
0.1754131
0.1694456
0.17443429
0.17020832
0.18008193
0.16952664
0.17382257
0.1706548
0.17280146
0.16868782
0.1694078
0.17494626
0.17320918
0.174
0.16996308
0.169964
0.17550392
0.1723382
0.17197827
0.17084207
0.1758706
0.17079288
0.17069072
0.17235045
0.16844033
0.17536768
0.17023832
0.17132874
0.17684683
0.1714778
0.17475823
0.16861083
0.1720578
0.17062609
0.17525661
0.17389819
0.17125833
0.16976884
0.17095585
0.16819017
0.17173341
0.17114595
0.16953672
0.17100142
0.17238224
0.16785808
0.16759251
0.16873536
0.1695781
0.16852692
0.1719617
0.17529729
0.17161483
0.1678252
0.16695607
0.17081684
0.168145
0.16768304
0.17243563
0.17411047
0.1718804
0.16908212
0.16730864
0.17089896
0.17004958
0.17022474
0.16854332
0.16881214
0.17124198
0.16610381
0.1660822
0.16928506
0.16809367
0.16575262
0.16614908
0.16853224
0.16854526
0.16736895
0.16701823
0.16449769
0.16683842
0.16425942
0.1642187
0.16934617
0.16284977
0.16453524
0.16469789
0.16640623
0.16638371
0.16993728
0.16229114
0.16366638
0.1688124
0.16307847
0.16833498
0.16696538
0.16534713
0.16697007
0.170305
0.16397089
0.161929
0.16767742
0.16655788
0.16952011
0.16612896
0.16479781
0.16578539
0.16607326
0.1679308
0.16927966
0.16848622
0.16908024
0.16542864
0.16432966
0.16772363
0.16923706
0.17512739
0.17110491
0.16830468
0.16802551
0.16229697
0.16758034
0.17164904
0.16333842
0.16524744
0.16811174
0.16498467
0.16731241
0.16788658
0.16847776
0.16846637
0.16967721
0.16772331
0.1647699
0.16239123
0.16407913
0.16402563
0.16546842
0.16362642
0.16502441
0.16416185
0.16544811
0.16538297
0.16636296
0.16287176
0.16518344
0.16276848
0.16292094
0.16675791
0.16677055
0.16355425
0.1589055
0.16891207
0.17207319
0.1614569
0.16637209
0.16669148
0.16368224
0.16646145
0.16328052
0.16366717
0.16684923
0.16680855
0.16607663
0.1654744
0.16183604
0.16612053
0.17030229
0.16863407
0.16864742
0.16351476
0.1612122
0.16477984
0.16430293
0.16404815
0.16268201
0.16222149
0.16344534
0.16395031
0.16075875
0.16616207
0.16141608
0.15804732
0.16158651
0.1645092
0.16492428
0.15869562
0.16033521
0.16077137
0.1575121
0.16247955
0.16090077
0.15802659
0.15779492
0.16010779
0.159728
0.16598862
0.15950824
0.16336265
0.16199051
0.15855213
0.16006522
0.16376221
0.16576555
0.15996908
0.1577427
0.16135445
0.16340804
0.16148676
0.16009574
0.15932344
0.15988882
0.16166347
0.16025843
0.15995106
0.16123988
0.16463833
0.1651182
0.16005237
0.15912004
0.15981716
0.16104354
0.15934384
0.1669085
0.16250321
0.16219945
0.16215105
0.16163537
0.16368374
0.16566741
0.16404341
0.16045235
0.1595441
0.15854983
0.15868199
0.16149513
0.15574004
0.16095714
0.16010414
0.15644556
0.15643346
0.15924948
0.15974604
0.15670049
0.15973745
0.15778501
0.15574504
0.15897727
0.15695097
0.1587413
0.1571653
0.16293773
0.15864398
0.15871863
0.15885597
0.16418351
0.1578363
0.15986082
0.16141759
0.15719734
0.160317
0.15831709
0.15726054
0.15857472
0.15551762
0.15622613
0.15424651
0.15734327
0.16107653
0.15607515
0.15955465
0.15694284
0.15536827
0.15999317
0.15825726
0.15901352
0.15779157
0.15658982
0.1575638
0.15523495
0.1557036
0.15497744
0.15590444
0.15732072
0.15855676
0.1606436
0.16045377
0.15971376
0.15988617
0.15756062
0.15763733
0.1563335
0.15868513
0.1579844
0.15723698
0.15658593
0.15858893
0.15741755
0.16206303
0.16559963
0.15647395
0.15833616
0.15828228
0.15755081
0.16214758
0.15777726
0.15473126
0.15696476
0.1562311
0.15474181
0.15619406
0.15668507
0.16164684
0.15840405
0.163715
0.15854698
0.15401627
0.15411767
0.15883143
0.15361924
0.15791976
0.15236515
0.15861964
0.15884046
0.15222158
0.1557054
0.15262774
0.15425332
0.15503366
0.15576091
0.15813291
0.1543836
0.15639055
0.15572736
0.15067472
0.15326239
0.15222055
0.16013215
0.15549316
0.15122078
0.15391403
0.15314199
0.15578651
0.15380362
0.15973574
0.15179662
0.1570886
0.15582262
0.15097345
0.15457119
0.1523456
0.1521955
0.15267338
0.15578543
0.15723577
0.15235081
0.15155461
0.15215914
0.15514205
0.15420705
0.15231583
0.15245852
0.15585512
0.15684834
0.15084516
0.15413113
0.15497214
0.15357143
0.15402476
0.14995371
0.15225141
0.1495989
0.15686415
0.15796207
0.15494527
0.15429752
0.15566483
0.15889898
0.15734006
0.15436286
0.15434046
0.1594664
0.15835416
0.15887275
0.15244976
0.15128632
0.15508854
0.15485086
0.15454265
0.1532057
0.15669918
0.15644263
0.15418561
0.15290523
0.1512271
0.15352865
0.158196
0.1584442
0.15537466
0.15756902
0.1543379
0.15343961
0.15430999
0.15309782
0.1536267
0.15052731
0.1543053
0.1521048
0.15317643
0.15287259
0.15190022
0.15114677
0.15523267
0.15027021
0.15092587
0.15066889
0.15453458
0.1556105
0.15335256
0.15100996
0.15386352
0.15667635
0.15320274
0.15520363
0.14933942
0.151115
0.15020794
0.15040417
0.15498401
0.15447752
0.15225713
0.15459572
0.15171705
0.15240657
0.15044051
0.15180416
0.14986633
0.15470251
0.15010154
0.15078391
0.15228674
0.14892119
0.15247366
0.15344459
0.151663
0.15286401
0.14871225
0.14938794
0.15031467
0.15139712
0.15277094
0.15420039
0.15131152
0.15210505
0.15422401
0.15498902
0.15237276
0.15181614
0.14993341
0.14730601
0.15033782
0.1522547
0.14815804
0.1487651
0.14977653
0.14796296
0.14869809
0.14843538
0.14995165
0.1510096
0.14820126
0.14899212
0.14776063
0.15065376
0.15063897
0.14853282
0.14935422
0.15001993
0.15119009
0.14760856
0.14536503
0.14961968
0.14796506
0.1481487
0.14469786
0.14982396
0.15213256
0.15080205
0.14573413
0.15087952
0.14667645
0.1487232
0.14626004
0.15092057
0.14773333
0.14864033
0.15187638
0.1506933
0.14958987
0.15235241
0.14726573
0.14948943
0.14996003
0.14702882
0.1532441
0.15155745
0.14741789
0.14604808
0.14856358
0.14756456
0.15019691
0.15100071
0.14637032
0.1459608
0.15069918
0.14853567
0.15209152
0.14805454
0.15122198
0.15074615
0.14723945
0.15013541
0.15091515
0.15072618
0.14776501
0.15341946
0.14803647
0.14634944
0.1479422
0.14455126
0.1480749
0.14686644
0.15085776
0.14863063
0.14666234
0.14448698
0.14891279
0.15060008
0.15142766
0.15269929
0.1472785
0.15003082
0.15068898
0.14650443
0.14831409
0.14690346
0.14537916
0.14379099
0.14449872
0.14799
0.14708029
0.15821151
0.1481011
0.14734492
0.14789252
0.1492527
0.14914948
0.14879753
0.15019388
0.14518261
0.14923626
0.14470105
0.14407963
0.14504938
0.1454207
0.14617434
0.14673172
0.14768022
0.14550309
0.1451798
0.14658564
0.14432147
0.14434859
0.14304279
0.14491871
0.14493881
0.14628512
0.14687978
0.14900419
0.14768647
0.15061554
0.1419473
0.14728273
0.14352387
0.14523296
0.14497308
0.14402625
0.14132574
0.14742644
0.14542897
0.14737763
0.14179523
0.14874807
0.14612299
0.14612438
0.14446768
0.14787969
0.14753975
0.14343481
0.14413345
0.14527304
0.14379448
0.14387822
0.1451103
0.14437826
0.14572123
0.14443025
0.1448585
0.14591274
0.14548527
0.14753139
0.14602806
0.1438627
0.14584497
0.14808312
0.14751281
0.14462237
0.14469963
0.14162546
0.14661014
0.14442532
0.14208917
0.14730579
0.14583778
0.14998432
0.14421923
0.14544885
0.14486884
0.14436576
0.14948724
0.14417312
0.14375436
0.14575215
0.14471261
0.14707509
0.14799683
0.14865156
0.14882876
0.1485628
0.14819488
0.14583918
0.14424641
0.15516534
0.14446431
0.14562252
0.14704838
0.14432524
0.1453892
0.15281714
0.14435825
0.14447148
0.14482255
0.14818363
0.14899908
0.14561795
0.15199202
0.1489803
0.14672843
0.1450263
0.15142238
0.1438031
0.14856651
0.14644885
0.14515762
0.1457443
0.14264826
0.14266637
0.14518481
0.1440891
0.14833386
0.14269336
0.15000163
0.14095886
0.14283088
0.14412905
0.14318374
0.14138244
0.14218135
0.14281547
0.14268768
0.14523987
0.14251584
0.14009677
0.14498349
0.14118387
0.14342408
0.14260913
0.14313874
0.14271556
0.14804679
0.14864378
0.14450766
0.14279006
0.14274102
0.14318727
0.14195375
0.1431727
0.14292014
0.14288522
0.14404918
0.14083159
0.14193758
0.14139357
0.14083853
0.1423747
0.1435609
0.14278212
0.14458607
0.14108199
0.13959342
0.14112216
0.14316297
0.1416504
0.14205846
0.14157382
0.14084296
0.14342687
0.14166251
0.14533101
0.14285491
0.14539048
0.14859259
0.14092588
0.14196768
0.14164187
0.14592138
0.14159814
0.14459054
0.14603303
0.14317511
0.14197199
0.14044861
0.14266112
0.14370011
0.1410581
0.14049172
0.14248207
0.14228013
0.14073834
0.14467065
0.14321308
0.1421399
0.13975042
0.14610016
0.14730419
0.14375174
0.14098278
0.14180677
0.1425276
0.1397738
0.14411269
0.14430097
0.14085566
0.13836096
0.14280778
0.14043683
0.14328016
0.13712558
0.13910165
0.14958487
0.14133036
0.13727383
0.13968979
0.13937226
0.14101729
0.13857214
0.1417094
0.14196177
0.14112957
0.1422026
0.14561424
0.13919176
0.14167506
0.14232562
0.14087488
0.14329603
0.1401833
0.14582738
0.14417642
0.14156452
0.14306618
0.14081192
0.14212634
0.14422907
0.14481212
0.14373845
0.14453296
0.13924053
0.13839518
0.14022273
0.13879311
0.13956833
0.14017384
0.14321032
0.1366515
0.13567348
0.13923438
0.13827194
0.13781464
0.13984138
0.14034297
0.13671091
0.13894887
0.14108986
0.13992725
0.13990499
0.14017087
0.14529414
0.13826998
0.13768779
0.13664582
0.13722764
0.13637474
0.13858493
0.13803333
0.1383204
0.13681565
0.14412776
0.13688858
0.13763334
0.14296007
0.13899678
0.14337307
0.13876775
0.14246476
0.13904335
0.14081106
0.14550133
0.14098656
0.1418197
0.13819677
0.14108351
0.14507066
0.1353876
0.13873063
0.14047836
0.13751766
0.13545151
0.13660094
0.13696788
0.14014144
0.13936874
0.13838112
0.14092542
0.13582215
0.13827512
0.138455
0.13416325
0.13851681
0.13706964
0.14188394
0.13899106
0.13995773
0.13934952
0.13948639
0.1367547
0.14221941
0.13684429
0.14305373
0.13599855
0.13720685
0.13391587
0.13903323
0.13718483
0.13867344
0.13511972
0.13742575
0.13395917
0.13953735
0.13957512
0.13644372
0.13574807
0.13669604
0.13367838
0.14344506
0.13887316
0.13823557
0.1410302
0.1350283
0.13687845
0.13695793
0.13294876
0.13571686
0.13529901
0.13517803
0.13682573
0.13672316
0.14139152
0.14121266
0.13798441
0.13759157
0.13799267
0.13342486
0.14314292
0.13480407
0.13600628
0.1363049
0.13600487
0.13540925
0.13350132
0.13501468
0.13588554
0.13465625
0.13480252
0.13700421
0.1351444
0.1359536
0.13734223
0.13408396
0.13571344
0.13602628
0.1358813
0.13385719
0.13634694
0.13667566
0.13363017
0.13860014
0.13555962
0.13321118
0.13393752
0.13537376
0.13607596
0.13406058
0.13720886
0.13415778
0.13698703
0.13597327
0.13185476
0.13497233
0.1375903
0.13289954
0.13577919
0.13388436
0.13340572
0.13811626
0.13253827
0.13392323
0.13605985
0.13530925
0.13512835
0.1344789
0.13389952
0.13643682
0.13456912
0.13137454
0.13203858
0.13123916
0.13768499
0.13677582
0.13571699
0.1338585
0.1323855
0.13111676
0.13433091
0.14086315
0.13529213
0.13225286
0.1327726
0.12953618
0.13230918
0.13245365
0.13790518
0.13423814
0.1381899
0.13627876
0.13235165
0.13305286
0.13157046
0.13728468
0.13121948
0.1314275
0.13253458
0.1338517
0.13578086
0.13350691
0.13448092
0.13249317
0.1332016
0.13446784
0.13212463
0.13311052
0.13179788
0.13567874
0.13428439
0.13425617
0.13546295
0.1385654
0.13311037
0.13582122
0.13370223
0.13294856
0.1308805
0.1381187
0.12948298
0.1319301
0.13360721
0.13128641
0.13283865
0.1323008
0.13230185
0.12889779
0.13004084
0.13221681
0.1330883
0.13273023
0.12926978
0.13099617
0.13028152
0.13229117
0.13223287
0.13137299
0.13289666
0.13199852
0.13228789
0.1310738
0.12905456
0.1314323
0.13219388
0.13295686
0.1302472
0.13165632
0.13306051
0.13808718
0.13132672
0.13222504
0.13375767
0.13154477
0.1335461
0.13082653
0.13365811
0.13099672
0.13756822
0.1358692
0.13032973
0.13578118
0.1301129
0.13083853
0.13225162
0.13153934
0.13481054
0.12909749
0.13580634
0.13103124
0.12917523
0.13477573
0.13017075
0.13110301
0.13320668
0.12934074
0.12891094
0.13207975
0.1308674
0.12957783
0.12908068
0.13117735
0.12806246
0.1305862
0.1332543
0.12701456
0.13075434
0.13155541
0.1324492
0.13155544
0.12718834
0.12985753
0.13066898
0.1302191
0.12668012
0.12700444
0.127327
0.12933795
0.12930068
0.12742324
0.12957743
0.12702326
0.12951748
0.12825194
0.1292796
0.13363898
0.13186224
0.12615626
0.1294202
0.12931995
0.12867935
0.12985207
0.12714322
0.12778114
0.1316086
0.12993126
0.12924626
0.13239387
0.12966901
0.12686387
0.12909478
0.13038449
0.12773031
0.12791303
0.12875985
0.13006876
0.12931642
0.13143188
0.1309333
0.13129582
0.12965636
0.13113795
0.12816842
0.12803313
0.12934569
0.13325924
0.12993093
0.13099986
0.13574442
0.12587233
0.12856355
0.12597439
0.12915924
0.13218513
0.1304371
0.12766376
0.12665166
0.13022172
0.13004144
0.12728402
0.12731636
0.12697072
0.13024111
0.13008402
0.12913363
0.12731357
0.12800092
0.12846887
0.12708643
0.1306269
0.12715635
0.12850533
0.1280448
0.12594631
0.12676363
0.12728192
0.12810405
0.12803835
0.12728451
0.12994903
0.12771697
0.12783642
0.12621206
0.12883428
0.12602295
0.13025075
0.12664196
0.13090308
0.13021484