
0.21363956
0.18690622
0.1874085
0.21280544
0.20599835
0.19404875
0.19292776
0.19498314
0.18721198
0.1715928
0.16441388
0.17643861
0.1840715
0.17199998
0.16606434
0.1744838
0.17174791
0.16638497
0.17661871
0.16715184
0.1641759
0.15927199
0.15744859
0.16089255
0.16149247
0.16936126
0.16270177
0.15376675
0.15835378
0.1544577
0.15720642
0.15394118
0.15427361
0.15300018
0.1491754
0.16461188
0.15382455
0.14791241
0.1466784
0.14769368
0.14887254
0.15950179
0.1481323
0.14569739
0.15238605
0.15711677
0.14573844
0.14771914
0.15250456
0.14264157
0.14531718
0.14239207
0.14198206
0.1456502
0.14527497
0.1411276
0.14100666
0.13935375
0.13755052
0.13989873
0.140381
0.13692445
0.14291544
0.13649242
0.1354813
0.13128757
0.13189663
0.13389489
0.13162768
0.13269551
0.13552096
0.13954303
0.13655643
0.13605125
0.13029829
0.13313597
0.13112865
0.13483447
0.12927389
0.12771145
0.124917366
0.12164525
0.12610868
0.12281914
0.123067364
0.120371826
0.1223767
0.122619145
0.12110427
0.12030975
0.11969343
0.12049162
0.119815566
0.12162857
0.11568284
0.12197901
0.11406872
0.113368966
0.11469715
0.116446994
0.11823394
0.11216692
0.10814422
0.112075046
0.10940842
0.10948889
0.10910998
0.10985168
0.105750404
0.10770453
0.10719499
0.10912478
0.10523416
0.10584425
0.104724534
0.10729486
0.11151801
0.10730735
0.10831763
0.10383246
0.104840286
0.10419816
0.104859844
0.104947545
0.10376455
0.10322027
0.10135108
0.103823476
0.105581395
0.10237585
0.10489595
0.103967935
0.10481438
0.098428585
0.1008574
0.10130477
0.09759227
0.09761675
0.09889909
0.1001362
0.10753896
0.10929293
0.09807498
0.09879759
0.09546216
0.096448444
0.09648717
0.10291336
0.09811473
0.10205747
0.0970144
0.0941867
0.09584588
0.09648551
0.095598176
0.09392916
0.094605416
0.09374053
0.09528015
0.10516196
0.093712874
0.09477176
0.09282289
0.09017217
0.09308762
0.09315173
0.09331184
0.09252396
0.08974489
0.09055868
0.09099528
0.092288
0.093362115
0.09256703
0.09284057
0.09504841
0.088813275
0.09381117
0.08980645
0.0909619
0.08884717
0.09418668
0.08960141
0.0911866
0.09152658
0.09109488
0.0868576
0.08889588
0.09216263
0.09138258
0.08680049
0.08794227
0.0880108
0.08766474
0.08773413
0.08659536
0.088919565
0.089128405
0.08776172
0.09188147
0.091139115
0.08877472
0.086123526
0.08887608
0.08945253
0.085852355
0.08513591
0.084226415
0.0843765
0.08313718
0.08442453
0.08360878
0.08375103
0.081805006
0.08166761
0.081699654
0.0818041
0.08489291
0.082587674
0.08082325
0.08082326
0.08153548
0.08146206
0.079109244
0.08053238
0.0806509
0.07968072
0.08027482
0.08195615
0.07911788
0.07846485
0.078071505
0.078177765
0.07819041
0.07888548
0.07680245
0.07777869
0.07817548
0.076850794
0.077350624
0.079128094
0.076503076
0.078589685
0.075808875
0.07572688
0.07503382
0.07440298
0.076364696
0.07558133
0.0765635
0.07898942
0.07537233
0.0763445
0.07533515
0.07270752
0.07435027
0.0735861
0.07447086
0.07365079
0.07442741
0.07508325
0.07295796
0.074564084
0.07373968
0.07453814
0.07406509
0.07478161
0.07230553
0.074305646
0.07576696
0.07287372
0.072857134
0.07662026
0.072775036
0.070359595
0.072629705
0.07320377
0.07068576
0.071780905
0.070369475
0.070832
0.07080638
0.071505696
0.071519844
0.07134434
0.06918788
0.07125797
0.07149857
0.06994482
0.071870714
0.07039299
0.07109101
0.0711643
0.06905657
0.07089104
0.07112996
0.07023759
0.06874845
0.0692187
0.069438964
0.06750181
0.06866576
0.06713043
0.06682848
0.06676166
0.069412746
0.07096204
0.06677638
0.06760311
0.06756383
0.06488183
0.06733903
0.06553038
0.06745543
0.06750717
0.066771634
0.0662972
0.06667003
0.0675214
0.06776958
0.065618984
0.065357365
0.06585237
0.06736064
0.06783227
0.065283045
0.06518746
0.06559442
0.066040106
0.06570205
0.065630026
0.06494723
0.06481849
0.06507621
0.064601734
0.06480572
0.06539103
0.063238926
0.0649568
0.06334179
0.06349549
0.06292545
0.062276546
0.064802855
0.064654924
0.06505812
0.06457492
0.065655954
0.065281324
0.063332774
0.06374463
0.06338268
0.061910085
0.06322399
0.06417429
0.06326468
0.061645675
0.06538973
0.061898425
0.060847573
0.064205125
0.062553555
0.063488215
0.061936166
0.06262343
0.06338993
0.062667064
0.06336839
0.061226416
0.062015954
0.062333636
0.0618899
0.061930466
0.060910568
0.061195854
0.06311207
0.060866546
0.06541633
0.060510036
0.06163533
0.06098487
0.060593754
0.060220484
0.061100196
0.058742072
0.059226263
0.06013806
0.05825705
0.060009625
0.059217084
0.060880926
0.059271604
0.060291976
0.06083904
0.05903808
0.057020698
0.057448976
0.057755508
0.059560027
0.056880437
0.05809266
0.058525275
0.057962548
0.05841092
0.05838362
0.059091188
0.0590992
0.059202753
0.05710348
0.057114385
0.058176354
0.05890611
0.058529302
0.058303397
0.056938432
0.05869603
0.05765215
0.058148134
0.055876188
0.058419175
0.057741392
0.058284376
0.05753533
0.058036555
0.058001984
0.059729364
0.057876702
0.056497462
0.057207793
0.057715185
0.05709291
0.058837105
0.05509019
0.05658415
0.05754134
0.05528718
0.056818977
0.057050694
0.057310645
0.05682046
0.057800185
0.05722452
0.055365548
0.057737205
0.05548086
0.055284955
0.05578475
0.055416506
0.05581346
0.055562202
0.055168677
0.055951785
0.05492913
0.055796318
0.054684002
0.055575714
0.05485052
0.053225156
0.055669036
0.05574629
0.05505022
0.055153713
0.056286115
0.05469492
0.055147905
0.055734012
0.05682237
0.053410925
0.05263396
0.05337349
0.053334706
0.053951528
0.052208647
0.05249027
0.052325632
0.052942734
0.052163687
0.053398643
0.05360937
0.05277325
0.05173546
0.05316629
0.05316904
0.054377377
0.052162223
0.0530582
0.051655874
0.051532518
0.053216435
0.05179296
0.05269832
0.05128452
0.052663915
0.052017584
0.052975662
0.051058196
0.053631365
0.0518439
0.050834775
0.052048925
0.050779715
0.052567583
0.051816627
0.05046664
0.052380323
0.05177751
0.05265532
0.05185859
0.05107171
0.051154964
0.050533112
0.050211813
0.051279847
0.050246604
0.052468464
0.050471995
0.050373152
0.050705485
0.051088504
0.05110721
0.050561488
0.049266912
0.049431924
0.04915092
0.049821842
0.049622484
0.04929251
0.050456412
0.04885779
0.048874933
0.048843052
0.050089687
0.04896963
0.049230054
0.049794585
0.049300414
0.051239952
0.04809322
0.048643686
0.048428632
0.049824756
0.049664076
0.048612904
0.04888907
0.050065983
0.048092663
0.049012817
0.04865073
0.048364397
0.049326014
0.0487355
0.048453707
0.048609585
0.047727592
0.047693606
0.046829507
0.049059223
0.046742387
0.047865465
0.04670436
0.047797933
0.048261974
0.047901586
0.047249217
0.048048075
0.04663167
0.048414934
0.047278654
0.0475202
0.049194086
0.047030028
0.046331324
0.047644846
0.04839482
0.046483394
0.04658929
0.046852257
0.046422444
0.046009965
0.048613463
0.044825654
0.04575083
0.047212616
0.04704935
0.047773276
0.046442416
0.04682862
0.04717269
0.04797696
0.046151653
0.046084873
0.04641559
0.045445785
0.046057977
0.045982253
0.044005472
0.045664433
0.04558045
0.04612006
0.046848234
0.046291895
0.04507454
0.04529502
0.04525037
0.045466974
0.044337824
0.043987468
0.04500934
0.04388561
0.044116434
0.045362115
0.044265736
0.044898275
0.046587028
0.04527671
0.045131706
0.045017164
0.043326415
0.04545885
0.044697937
0.043659393
0.043689866
0.043567218
0.044821516
0.044951286
0.044066176
0.044188213
0.04495713
0.043105103
0.044959676
0.043364607
0.045703717
0.042980835
0.045687687
0.044287335
0.04443173
0.045531504
0.044251885
0.043953974
0.04528709
0.04496953
0.044114843
0.04231993
0.04339701
0.042017113
0.04451254
0.042595636
0.04322091
0.042781945
0.043139342
0.043351326
0.041534305
0.042415436
0.043791376
0.042164493
0.04208237
0.041930657
0.041014988
0.041358937
0.041638423
0.041870516
0.042437345
0.042006698
0.04312758
0.04201323
0.0420857
0.042988565
0.043234907
0.043025803
0.042958967
0.04102683
0.041793548
0.04219705
0.04092113
0.043201704
0.04184215
0.041080713
0.043568753
0.041815244
0.040902026
0.041628823
0.042355772
0.041143022
0.04123782
0.041756406
0.040789638
0.04067737
0.04068447
0.0404492
0.04160534
0.04179408
0.042180624
0.041424368
0.04218683
0.042459384
0.040331356
0.041310836
0.04190808
0.04298566
0.041086935
0.040731646
0.039331496
0.04048406
0.04042506
0.040006083
0.03993343
0.039341185
0.040748116
0.040195964
0.04108873
0.04109492
0.040562328
0.04003662
0.0404445
0.039984353
0.04102736
0.040562365
0.04004759
0.04061485
0.039154794
0.03975054
0.04002339
0.04009053
0.04002028
0.039770804
0.039745986
0.040204253
0.039285034
0.040170792
0.040257584
0.03988647
0.039474532
0.03910501
0.039112147
0.03957672
0.039265446
0.0390386
0.03904022
0.03950464
0.04007977
0.0386232
0.03874307
0.039806005
0.038354166
0.03836009
0.03948592
0.040416475
0.039694585
0.038229547
0.040664963
0.04016897
0.03911307
0.038204905
0.0405609
0.038291715
0.038990073
0.0397546
0.03849163
0.03951469
0.03822693
0.03867397
0.037461963
0.039998624
0.037918422
0.03868351
0.038866628
0.038351644
0.037700836
0.03863981
0.038225107
0.038373295
0.037997708
0.039211668
0.037515916
0.03854591
0.04275908
0.037992015
0.038508732
0.0385614
0.0418631
0.038779095
0.038501278
0.037746478
0.037808847
0.037850127
0.039364964
0.037548255
0.039698306
0.03700203
0.037469476
0.03745684
0.038638495
0.03696605
0.037582118
0.037370708
0.03835239
0.037147917
0.036642905
0.03626315
0.036823817
0.03653454
0.03738675
0.037725497
0.038036752
0.035508648
0.03710352
0.036658686
0.03634684
0.03733697
0.036199596
0.0363032
0.037039004
0.037138894
0.036099218
0.03529385
0.0356866
0.036469948
0.035728417
0.036370978
0.03659828
0.03745291
0.03624069
0.03627994
0.036365625
0.035522383
0.03586052
0.03632893
0.036052655
0.036535952
0.039131984
0.037464935
0.037772194
0.03653186
0.036159657
0.036030058
0.03570683
0.036003195
0.035607927
0.03695554
0.036160003
0.034997072
0.035355665
0.036692392
0.0349259
0.036527265
0.036320955
0.03511028
0.035073515
0.035373732
0.036429074
0.035957064
0.035879843
0.037301347
0.037245415
0.0357393
0.035550386
0.03494125
0.03692734
0.03554635
0.036085706
0.037354514
0.0362357
0.035183717
0.036017552
0.035569973
0.03610569
0.036429483
0.0359915
0.034760248
0.03520861
0.035853256
0.03720991
0.039915778
0.036576867
0.037551697
0.03551139
0.03605085
0.03629884
0.035423618
0.03702068
0.034979682
0.034555778
0.035524458
0.034786914
0.03628134
0.034916695
0.035799854
0.034033522
0.035088807
0.03415734
0.03445383
0.035381906
0.034733716
0.034398794
0.034754835
0.03421584
0.03504756
0.034877732
0.035462257
0.035360105
0.035289794
0.034699976
0.034356855
0.034559485
0.034885183
0.034137912
0.03489836
0.034700952
0.034638733
0.035176292
0.033825427
0.033622302
0.03440941
0.03485421
0.034491826
0.034960575
0.033276908
0.034497
0.034030683
0.035641007
0.03367447
0.0344734
0.034304876
0.03425958
0.034546345
0.033763662
0.034003288
0.033973314
0.034779996
0.03376998
0.033823825
0.03357384
0.035244223
0.03394043
0.03403622
0.034115646
0.033726748
0.034013588
0.034174033
0.03355225
0.033281416
0.033200867
0.033619113
0.034111034
0.03362714
0.034312278
0.034491234
0.032934465
0.03521715
0.034171723
0.033316944
0.032959502
0.032779448
0.031994916
0.034179226
0.034149006
0.033407852
0.032684427
0.03422356
0.033191074
0.03202191
0.033258773
0.033234764
0.033680562
0.0338305
0.033162095
0.031966176
0.032904927
0.032758117
0.03227697
0.033879254
0.032041162
0.032251984
0.0327151
0.032558568
0.032323714
0.032656733
0.031968217
0.03442631
0.032057624
0.032903958
0.033171944
0.031696975
0.03211969
0.032377027
0.032677684
0.032524846
0.033090588
0.03423604
0.033131514
0.03139005
0.032251116
0.033278283
0.032547716
0.032776613
0.03209019
0.031473476
0.032980833
0.03158384
0.032870337
0.032907434
0.032552592
0.0327308
0.032704744
0.032801088
0.032170523
0.032685403
0.03220677
0.031604122
0.03251983
0.03249724
0.03215627
0.032795615
0.03198063
0.03244273
0.032806948
0.031669483
0.031306025
0.031880394
0.03248693
0.032893
0.032066725
0.031926204
0.033072215
0.0329079
0.03331041
0.030907778
0.031823345
0.03208031
0.03223829
0.031469185
0.0329305
0.033236843
0.03230304
0.031575385
0.033652537
0.031527285
0.031389825
0.03125478
0.03132484
0.031900007
0.031936467
0.03281466
0.03285782
0.031343088
0.03143022
0.03201425
0.030594442
0.030849231
0.031324554
0.030777821
0.031169469
0.031363066
0.031166472
0.030529682
0.031623837
0.031615473
0.03035338
0.030948143
0.03020243
0.031304542
0.030417029
0.03083995
0.031189725
0.030023396
0.03052045
0.029984187
0.031610716
0.030263549
0.030506512
0.030954475
0.03015924
0.030446043
0.03032856
0.030559635
0.030660836
0.030970307
0.030184664
0.02998657
0.030016132
0.030077782
0.03122544
0.02988851
0.030397767
0.030051682
0.03107314
0.029971432
0.029744636
0.030258695
0.030844644
0.02963849
0.03024248
0.029743334
0.0300645
0.029780986
0.03074578
0.030515894
0.030257357
0.029922029
0.030274443
0.030157046
0.029263796
0.030036272
0.02979971
0.030515675
0.03150151
0.030008368
0.029331408
0.029525371
0.030463103
0.029790571
0.030264413
0.030774597
0.029727386
0.029986558
0.02983342
0.030566933
0.029286075
0.029059667
0.029479614
0.029924415
0.029167758
0.030210877
0.029483588
0.031039482
0.030654004
0.029445043
0.029683713
0.02941902
0.030131148
0.02958322
0.029078618
0.028820608
0.02949619
0.029432938
0.030243862
0.029250372
0.028958298
0.029707823
0.029171184
0.02906707
0.028632164
0.029043172
0.028959183
0.028827341
0.0290174
0.028576275
0.028876161
0.029029453
0.028604817
0.029295715
0.030407943
0.029184882
0.02913337
0.028729348
0.02980965
0.028936524
0.030534767
0.02930666
0.029581266
0.028764544
0.029148191
0.02927985
0.029294955
0.029403947
0.029276736
0.029505203
0.029272687
0.02991674
0.030184759
0.02876426
0.030999882
0.029331291
0.028721984
0.02958926
0.02862588
0.028768051
0.029214635
0.028534979
0.028938746
0.028713489
0.028573226
0.028401325
0.029109305
0.028413279
0.028664088
0.028310541
0.028961694
0.029369373
0.029047009
0.028272126
0.029253833
0.028451895
0.029356878
0.028211284
0.029855805
0.029571103
0.02985665
0.028721455
0.029876579
0.028525751
0.029228605
0.029011067
0.029177403
0.028521243
0.028333278
0.027781414
0.027960831
0.028931852
0.027880313
0.02876493
0.027749375
0.027812183
0.027559714
0.028489709
0.027815334
0.029448425
0.028746448
0.029165385
0.028638573
0.027526528
0.028255122
0.028436184
0.027749766
0.0281609
0.027794508
0.02872463
0.028865617
0.027815208
0.027205555
0.02783847
0.027873658
0.028043795
0.027736785
0.027621873
0.02860804
0.027532002
0.027885264
0.02795155
0.027717216
0.028547842
0.027473636
0.027171444
0.027908923
0.027235588
0.028210968
0.027980683
0.027974702
0.028163109
0.028256482
0.027392326
0.02869615
0.027477197
0.028024552
0.027930746
0.028666535
0.027755868
0.027646312
0.02711408
0.027347447
0.026713407
0.027572572
0.027708588
0.027933886
0.027409688
0.027972253
0.027512996
0.028214939
0.026850076
0.02753435
0.027557684
0.027990393
0.029041423
0.027863188
0.02798881
0.027469499
0.026678782
0.028433619
0.026838193
0.027216041
0.026996935
0.027855132
0.026562935
0.027025487
0.026812274
0.026932418
0.027071578
0.02704605
0.027620973
0.027116247
0.026473237
0.027200965
0.02639158
0.027176285
0.027303953
0.026698668
0.026682088
0.026032144
0.02618024
0.026929498
0.026400037
0.02685837
0.026304722
0.028165994
0.027633922
0.026224235
0.02655186
0.026945544
0.0268013
0.026743522
0.02619812
0.026669757
0.027121842
0.02637822
0.02689059
0.026286379
0.025951365
0.027082339
0.02628735
0.026866425
0.026345324
0.026411604
0.025601273
0.0262649
0.025962796
0.02636676
0.026723867
0.0273718
0.025745122
0.026545811
0.026576843
0.026393503
0.026046073
0.027223997
0.026407942
0.026186334
0.027083812
0.025883297
0.026784759