20 198.22 -0.1 198.11 0.056 17 21 0.37 0.0 
40 197.47 -0.08 197.38 0.089 35 44 0.77 0.0 
60 196.47 -0.41 196.05 0.131 45 69 0.99 0.0 
80 196.16 -0.48 195.68 0.149 62 93 1.36 0.0 
100 196.43 -0.83 195.6 0.171 76 115 1.67 0.01 
120 196.43 -1.07 195.36 0.19 86 144 1.89 0.01 
140 195.2 -1.24 193.96 0.205 100 168 2.19 0.01 
160 194.52 -1.33 193.19 0.223 112 198 2.46 0.01 
180 193.77 -1.52 192.24 0.242 125 225 2.74 0.01 
200 193.95 -1.9 192.05 0.266 137 249 3.0 0.01 
220 193.18 -1.84 191.34 0.28 153 276 3.36 0.01 
240 193.01 -1.92 191.08 0.297 166 301 3.64 0.01 
260 191.51 -2.04 189.47 0.309 177 330 3.88 0.02 
280 190.77 -2.16 188.61 0.32 188 359 4.12 0.02 
300 190.2 -2.15 188.05 0.335 197 390 4.32 0.02 
320 188.93 -2.24 186.69 0.353 207 417 4.54 0.02 
340 188.68 -2.14 186.54 0.364 217 446 4.76 0.02 
360 188.48 -2.31 186.17 0.368 230 476 5.04 0.02 
380 187.62 -2.32 185.3 0.382 245 503 5.37 0.03 
400 187.05 -2.5 184.55 0.389 257 529 5.64 0.03 
420 186.85 -2.64 184.21 0.401 268 558 5.88 0.03 
440 186.32 -2.91 183.41 0.413 279 586 6.12 0.03 
460 185.63 -3.12 182.52 0.419 288 619 6.32 0.03 
480 185.67 -3.39 182.28 0.43 299 650 6.56 0.03 
500 185.38 -3.53 181.86 0.435 311 677 6.82 0.03 
520 184.56 -3.72 180.84 0.45 321 703 7.04 0.03 
540 183.86 -3.93 179.93 0.46 329 736 7.21 0.04 
560 183.92 -4.34 179.58 0.47 340 768 7.46 0.04 
580 183.11 -4.62 178.49 0.475 350 797 7.68 0.04 
600 182.85 -4.79 178.06 0.483 361 827 7.92 0.04 
620 182.64 -4.84 177.8 0.49 367 858 8.05 0.04 
640 181.86 -5.09 176.77 0.504 382 886 8.38 0.04 
660 181.92 -5.33 176.59 0.512 389 921 8.53 0.05 
680 181.28 -5.34 175.94 0.523 402 950 8.82 0.05 
700 180.79 -5.43 175.36 0.527 412 986 9.04 0.05 
720 180.23 -5.61 174.62 0.532 420 1023 9.21 0.05 
740 179.8 -5.7 174.1 0.54 429 1055 9.41 0.05 
760 179.17 -5.81 173.36 0.545 437 1087 9.58 0.05 
780 178.74 -5.99 172.75 0.55 445 1115 9.76 0.06 
800 178.43 -6.23 172.19 0.559 455 1149 9.98 0.06 
820 177.57 -6.31 171.25 0.563 470 1177 10.31 0.06 
840 177.21 -6.67 170.54 0.568 483 1208 10.59 0.06 
860 177.23 -6.9 170.32 0.575 492 1245 10.79 0.06 
880 177.35 -7.02 170.33 0.576 503 1278 11.03 0.06 
900 176.84 -7.24 169.6 0.584 517 1310 11.34 0.07 
920 176.67 -7.41 169.26 0.589 527 1349 11.56 0.07 
940 176.48 -7.52 168.96 0.596 540 1381 11.84 0.07 
960 175.83 -7.65 168.18 0.598 548 1414 12.02 0.07 
980 175.14 -7.83 167.3 0.602 559 1442 12.26 0.07 
1000 174.57 -7.93 166.64 0.608 571 1473 12.52 0.07 
1020 173.9 -8.09 165.82 0.612 580 1506 12.72 0.07 
1040 174.1 -8.35 165.75 0.616 587 1539 12.87 0.08 
1060 173.02 -8.36 164.66 0.622 599 1572 13.14 0.08 
1080 172.0 -8.66 163.34 0.63 609 1599 13.36 0.08 
1100 171.97 -8.89 163.08 0.629 616 1635 13.51 0.08 
1120 171.59 -9.12 162.47 0.638 626 1673 13.73 0.08 
1140 171.51 -9.38 162.13 0.64 636 1711 13.95 0.09 
1160 171.17 -9.68 161.48 0.641 641 1745 14.06 0.09 
1180 171.07 -9.91 161.15 0.648 649 1785 14.23 0.09 
1200 170.98 -10.04 160.94 0.648 659 1825 14.45 0.09 
1220 170.4 -10.38 160.02 0.653 672 1862 14.74 0.09 
1240 170.05 -10.52 159.54 0.656 682 1899 14.96 0.09 
1260 170.32 -10.72 159.6 0.658 689 1937 15.11 0.1 
1280 169.99 -10.86 159.13 0.665 701 1973 15.37 0.1 
1300 169.39 -11.07 158.32 0.671 710 2009 15.57 0.1 
1320 169.77 -11.28 158.49 0.671 717 2045 15.72 0.1 
1340 169.22 -11.35 157.87 0.676 726 2073 15.92 0.1 
1360 168.82 -11.52 157.3 0.681 732 2109 16.05 0.1 
1380 168.49 -11.54 156.95 0.68 737 2151 16.16 0.11 
1400 168.7 -11.48 157.22 0.685 749 2185 16.43 0.11 
1420 168.14 -11.61 156.53 0.687 760 2224 16.67 0.11 
1440 167.74 -11.76 155.98 0.693 772 2257 16.93 0.11 
1460 167.43 -11.82 155.61 0.693 777 2293 17.04 0.11 
1480 166.8 -11.82 154.98 0.695 785 2334 17.21 0.12 
1500 166.48 -11.8 154.68 0.7 790 2367 17.32 0.12 
1520 166.19 -11.91 154.28 0.701 798 2401 17.5 0.12 
1540 165.44 -12.02 153.43 0.705 809 2441 17.74 0.12 
1560 164.54 -11.97 152.58 0.706 819 2477 17.96 0.12 
1580 164.76 -12.06 152.7 0.71 825 2513 18.09 0.12 
1600 164.0 -11.99 152.01 0.711 830 2553 18.2 0.13 
1620 164.16 -11.99 152.17 0.712 836 2582 18.33 0.13 
1640 163.93 -12.05 151.88 0.71 847 2629 18.57 0.13 
1660 163.72 -12.09 151.63 0.717 858 2665 18.82 0.13 
1680 163.54 -12.15 151.39 0.719 865 2704 18.97 0.13 
1700 163.43 -12.17 151.26 0.721 872 2746 19.12 0.14 
1720 163.26 -12.21 151.05 0.724 881 2786 19.32 0.14 
1740 163.14 -12.2 150.94 0.727 887 2823 19.45 0.14 
1760 162.93 -12.4 150.53 0.728 897 2863 19.67 0.14 
1780 162.42 -12.37 150.05 0.729 906 2899 19.87 0.14 
1800 161.71 -12.34 149.37 0.729 913 2933 20.02 0.15 
1820 161.73 -12.33 149.39 0.734 922 2972 20.22 0.15 
1840 161.41 -12.29 149.12 0.733 932 3013 20.44 0.15 
1860 161.16 -12.24 148.91 0.739 939 3048 20.59 0.15 
1880 160.28 -12.19 148.09 0.741 944 3092 20.7 0.15 
1900 160.17 -12.21 147.96 0.742 952 3134 20.88 0.16 
1920 160.15 -12.29 147.86 0.744 960 3176 21.05 0.16 
1940 159.87 -12.31 147.56 0.747 970 3214 21.27 0.16 
1960 159.49 -12.46 147.03 0.747 978 3258 21.45 0.16 
1980 159.7 -12.61 147.09 0.749 985 3295 21.6 0.16 
2000 159.57 -12.6 146.97 0.751 995 3333 21.82 0.17 
2020 158.47 -12.69 145.77 0.749 999 3377 21.91 0.17 
2040 158.19 -12.78 145.41 0.752 1005 3418 22.04 0.17 
2060 158.48 -12.83 145.65 0.757 1013 3457 22.21 0.17 
2080 158.59 -12.89 145.7 0.758 1022 3497 22.41 0.17 
2100 157.69 -12.83 144.85 0.758 1030 3540 22.59 0.18 
2120 157.84 -12.97 144.86 0.76 1036 3584 22.72 0.18 
2140 157.51 -13.08 144.43 0.761 1043 3627 22.87 0.18 
2160 156.7 -13.09 143.61 0.762 1054 3666 23.11 0.18 
2180 156.0 -13.08 142.91 0.76 1062 3704 23.29 0.18 
2200 156.57 -13.12 143.45 0.767 1073 3735 23.53 0.19 
2220 156.43 -13.21 143.22 0.77 1078 3774 23.64 0.19 
2240 155.9 -13.22 142.68 0.771 1084 3813 23.77 0.19 
2260 155.56 -13.29 142.27 0.771 1093 3853 23.97 0.19 
2280 155.37 -13.37 142.0 0.771 1098 3894 24.08 0.19 
2300 154.98 -13.52 141.46 0.775 1104 3943 24.21 0.2 
2320 154.69 -13.48 141.21 0.774 1115 3978 24.45 0.2 
2340 154.27 -13.54 140.72 0.776 1122 4027 24.61 0.2 
2360 154.05 -13.72 140.33 0.777 1130 4068 24.78 0.2 
2380 153.97 -13.9 140.07 0.778 1132 4121 24.82 0.2 
2400 153.99 -13.96 140.03 0.779 1142 4165 25.04 0.21 
2420 153.87 -13.91 139.96 0.782 1150 4210 25.22 0.21 
2440 153.29 -13.95 139.34 0.781 1160 4247 25.44 0.21 
2460 153.74 -13.94 139.8 0.783 1165 4286 25.55 0.21 
2480 154.1 -14.13 139.97 0.784 1174 4327 25.75 0.22 
2500 153.65 -14.09 139.56 0.786 1181 4363 25.9 0.22 
2520 153.65 -14.01 139.64 0.788 1191 4399 26.12 0.22 
2540 152.83 -13.95 138.89 0.787 1196 4445 26.23 0.22 
2560 152.75 -14.02 138.73 0.789 1202 4481 26.36 0.22 
2580 152.53 -14.05 138.47 0.79 1211 4517 26.56 0.22 
2600 152.33 -14.1 138.24 0.792 1217 4552 26.69 0.23 
2620 151.99 -14.2 137.79 0.792 1225 4592 26.86 0.23 
2640 152.09 -14.21 137.88 0.793 1233 4631 27.04 0.23 
2660 152.31 -14.23 138.09 0.798 1239 4676 27.17 0.23 
2680 152.14 -14.26 137.88 0.797 1249 4719 27.39 0.23 
2700 152.14 -14.18 137.96 0.799 1256 4760 27.54 0.24 
2720 151.91 -14.18 137.74 0.8 1264 4806 27.72 0.24 
2740 151.68 -14.16 137.52 0.801 1276 4848 27.98 0.24 
2760 151.41 -14.23 137.17 0.801 1285 4896 28.18 0.24 
2780 150.8 -14.2 136.6 0.8 1292 4939 28.33 0.25 
2800 150.39 -14.2 136.18 0.801 1296 4984 28.42 0.25 
2820 150.19 -14.17 136.02 0.804 1303 5028 28.57 0.25 
2840 150.62 -14.25 136.37 0.803 1310 5067 28.73 0.25 
2860 150.44 -14.21 136.23 0.806 1320 5106 28.95 0.25 
2880 150.11 -14.24 135.87 0.804 1331 5146 29.19 0.26 
2900 149.37 -14.23 135.14 0.806 1334 5181 29.25 0.26 
2920 149.59 -14.33 135.26 0.806 1340 5220 29.39 0.26 
2940 149.07 -14.32 134.76 0.809 1347 5270 29.54 0.26 
2960 148.92 -14.3 134.61 0.81 1356 5312 29.74 0.26 
2980 149.19 -14.3 134.89 0.809 1360 5359 29.82 0.27 
3000 148.76 -14.17 134.59 0.812 1368 5396 30.0 0.27 
3020 148.7 -14.22 134.48 0.812 1373 5442 30.11 0.27 
3040 148.08 -14.2 133.88 0.812 1379 5486 30.24 0.27 
3060 148.0 -14.24 133.77 0.813 1385 5534 30.37 0.28 
3080 148.12 -14.32 133.8 0.814 1391 5579 30.5 0.28 
3100 148.11 -14.4 133.72 0.816 1401 5622 30.72 0.28 
3120 147.63 -14.45 133.18 0.817 1408 5670 30.88 0.28 
3140 147.47 -14.46 133.01 0.816 1415 5711 31.03 0.28 
3160 147.34 -14.51 132.82 0.816 1418 5754 31.1 0.29 
3180 146.79 -14.45 132.34 0.819 1425 5792 31.25 0.29 
3200 146.77 -14.43 132.34 0.818 1433 5836 31.43 0.29 
3220 146.77 -14.48 132.29 0.82 1435 5886 31.47 0.29 
3240 146.48 -14.52 131.96 0.818 1441 5931 31.6 0.29 
3260 146.72 -14.57 132.15 0.82 1447 5973 31.73 0.3 
3280 146.59 -14.56 132.04 0.819 1456 6018 31.93 0.3 
3300 146.19 -14.58 131.61 0.821 1464 6064 32.11 0.3 
3320 146.76 -14.54 132.22 0.822 1469 6104 32.21 0.3 
3340 145.8 -14.45 131.35 0.823 1473 6144 32.3 0.31 
3360 145.93 -14.41 131.52 0.822 1479 6187 32.43 0.31 
3380 146.45 -14.46 131.99 0.824 1487 6235 32.61 0.31 
3400 146.3 -14.42 131.88 0.826 1493 6275 32.74 0.31 
3420 145.58 -14.39 131.2 0.826 1499 6322 32.87 0.31 
3440 145.06 -14.43 130.63 0.826 1506 6370 33.03 0.32 
3460 145.18 -14.5 130.68 0.826 1514 6418 33.2 0.32 
3480 145.1 -14.4 130.7 0.829 1522 6462 33.38 0.32 
3500 144.97 -14.35 130.62 0.829 1526 6507 33.46 0.32 
3520 144.84 -14.43 130.41 0.829 1531 6557 33.57 0.33 
3540 144.48 -14.42 130.05 0.83 1536 6598 33.68 0.33 
3560 144.42 -14.42 130.0 0.831 1541 6642 33.79 0.33 
3580 144.51 -14.41 130.11 0.832 1548 6683 33.95 0.33 
3600 144.71 -14.46 130.25 0.83 1556 6727 34.12 0.33 
3620 144.51 -14.45 130.06 0.831 1561 6773 34.23 0.34 
3640 144.46 -14.38 130.08 0.834 1565 6808 34.32 0.34 
3660 144.25 -14.44 129.81 0.835 1574 6856 34.52 0.34 
3680 144.43 -14.5 129.93 0.834 1579 6916 34.63 0.34 
3700 143.93 -14.39 129.54 0.834 1589 6961 34.85 0.35 
3720 143.65 -14.35 129.29 0.833 1597 7006 35.02 0.35 
3740 142.96 -14.35 128.61 0.835 1602 7044 35.13 0.35 
3760 142.56 -14.38 128.18 0.835 1609 7085 35.29 0.35 
3780 142.34 -14.41 127.93 0.834 1616 7126 35.44 0.35 
3800 142.33 -14.46 127.87 0.838 1623 7175 35.59 0.36 
3820 142.49 -14.51 127.98 0.838 1628 7213 35.7 0.36 
3840 142.13 -14.41 127.72 0.838 1630 7254 35.75 0.36 
3860 141.98 -14.4 127.58 0.839 1633 7304 35.81 0.36 
3880 141.58 -14.38 127.2 0.84 1639 7351 35.94 0.37 
3900 141.24 -14.4 126.84 0.841 1643 7393 36.03 0.37 
3920 141.56 -14.36 127.2 0.841 1645 7435 36.07 0.37 
3940 141.3 -14.32 126.98 0.842 1652 7481 36.23 0.37 
3960 141.35 -14.3 127.05 0.841 1659 7526 36.38 0.37 
3980 140.97 -14.31 126.66 0.841 1663 7568 36.47 0.38 
4000 140.99 -14.28 126.71 0.841 1668 7615 36.58 0.38 
4020 141.26 -14.25 127.01 0.844 1675 7665 36.73 0.38 
4040 140.75 -14.23 126.52 0.843 1679 7706 36.82 0.38 
4060 140.72 -14.2 126.52 0.844 1684 7756 36.93 0.39 
4080 140.31 -14.15 126.16 0.843 1691 7793 37.08 0.39 
4100 140.19 -14.06 126.13 0.845 1698 7831 37.24 0.39 
4120 139.79 -13.97 125.82 0.846 1701 7879 37.3 0.39 
4140 139.81 -13.98 125.83 0.846 1707 7928 37.43 0.39 
4160 139.55 -13.99 125.56 0.848 1714 7978 37.59 0.4 
4180 139.86 -14.02 125.84 0.845 1719 8024 37.7 0.4 
4200 139.58 -14.02 125.55 0.846 1723 8071 37.79 0.4 
4220 139.29 -13.97 125.32 0.848 1728 8116 37.89 0.4 
4240 139.2 -13.87 125.33 0.85 1733 8171 38.0 0.41 
4260 139.25 -13.9 125.35 0.848 1737 8221 38.09 0.41 
4280 139.04 -13.81 125.23 0.848 1741 8257 38.18 0.41 
4300 138.84 -13.83 125.01 0.849 1743 8311 38.22 0.41 
4320 138.61 -13.77 124.84 0.85 1747 8361 38.31 0.42 
4340 138.9 -13.79 125.11 0.85 1751 8408 38.4 0.42 
4360 138.65 -13.82 124.83 0.85 1755 8457 38.49 0.42 
4380 138.37 -13.82 124.55 0.849 1761 8509 38.62 0.42 
4400 138.11 -13.8 124.31 0.851 1766 8558 38.73 0.43 
4420 137.74 -13.79 123.95 0.85 1769 8597 38.79 0.43 
4440 137.91 -13.78 124.13 0.851 1773 8645 38.88 0.43 
4460 137.78 -13.75 124.03 0.85 1776 8694 38.95 0.43 
4480 137.37 -13.69 123.68 0.851 1780 8743 39.04 0.43 
4500 137.26 -13.75 123.51 0.851 1784 8786 39.12 0.44 
4520 137.26 -13.83 123.43 0.854 1786 8831 39.17 0.44 
4540 137.51 -13.79 123.72 0.853 1792 8880 39.3 0.44 
4560 137.1 -13.79 123.31 0.854 1796 8928 39.39 0.44 
4580 136.6 -13.79 122.81 0.854 1801 8973 39.5 0.45 
4600 137.17 -13.7 123.47 0.854 1806 9020 39.61 0.45 
4620 136.64 -13.74 122.9 0.854 1812 9060 39.74 0.45 
4640 136.87 -13.78 123.08 0.855 1818 9106 39.87 0.45 
4660 136.63 -13.75 122.88 0.857 1826 9151 40.04 0.46 
4680 136.11 -13.67 122.43 0.857 1830 9199 40.13 0.46 
4700 135.92 -13.68 122.23 0.858 1837 9244 40.29 0.46 
4720 135.58 -13.74 121.85 0.858 1843 9289 40.42 0.46 
4740 135.91 -13.67 122.25 0.857 1849 9330 40.55 0.46 
4760 135.35 -13.6 121.76 0.858 1855 9371 40.68 0.47 
4780 134.91 -13.57 121.34 0.857 1857 9410 40.72 0.47 
4800 135.15 -13.54 121.61 0.858 1863 9455 40.86 0.47 
4820 135.39 -13.52 121.87 0.86 1865 9504 40.9 0.47 
4840 134.97 -13.54 121.43 0.859 1869 9543 40.99 0.47 
4860 134.88 -13.57 121.3 0.86 1874 9589 41.1 0.48 
4880 134.78 -13.64 121.14 0.861 1877 9642 41.16 0.48 
4900 134.7 -13.59 121.11 0.859 1883 9689 41.29 0.48 
4920 134.76 -13.62 121.14 0.858 1889 9740 41.43 0.48 
4940 134.53 -13.69 120.84 0.86 1891 9788 41.47 0.49 
4960 134.36 -13.58 120.79 0.862 1898 9833 41.62 0.49 
4980 133.97 -13.5 120.47 0.863 1904 9880 41.75 0.49 
5000 133.79 -13.51 120.28 0.862 1910 9929 41.89 0.49 
5020 133.57 -13.47 120.09 0.862 1912 9975 41.93 0.5 
5040 133.45 -13.43 120.02 0.864 1918 10028 42.06 0.5 
5060 133.44 -13.4 120.04 0.863 1925 10073 42.21 0.5 
5080 133.63 -13.4 120.22 0.864 1929 10119 42.3 0.5 
5100 133.7 -13.39 120.31 0.863 1932 10169 42.37 0.51 
5120 133.09 -13.31 119.78 0.863 1937 10209 42.48 0.51 
5140 132.84 -13.31 119.53 0.862 1942 10246 42.59 0.51 
5160 132.92 -13.33 119.59 0.864 1948 10300 42.72 0.51 
5180 132.92 -13.32 119.6 0.866 1952 10347 42.81 0.51 
