
0.06339538
0.05894201
0.053419217
0.05708417
0.057415094
0.05321252
0.052219335
0.050786216
0.050986752
0.04963667
0.047727942
0.047992744
0.04888667
0.047451816
0.04715806
0.047413826
0.046026114
0.045046158
0.04761332
0.047067404
0.05044161
0.04560494
0.043593504
0.04549971
0.04498553
0.045003176
0.04418619
0.045763765
0.045609124
0.04463067
0.046970308
0.04407909
0.04399751
0.042973667
0.042572964
0.041653626
0.04225531
0.04291938
0.042556964
0.04354931
0.04228018
0.041867916
0.043513495
0.043003272
0.043408874
0.04332107
0.04184082
0.041210238
0.0412501
0.042210855
0.041828737
0.04115648
0.04077167
0.040719952
0.040670913
0.04073503
0.040932935
0.040352207
0.039954923
0.040072396
0.040882
0.039362926
0.040846393
0.03921006
0.038221512
0.03823244
0.03864096
0.03866972
0.038387623
0.039374568
0.038771044
0.03914629
0.039177947
0.03870578
0.03800621
0.041236173
0.037506845
0.039444774
0.03803359
0.037481666
0.03912778
0.03840363
0.039077904
0.038121603
0.03818682
0.037505962
0.038412683
0.03997503
0.03767147
0.038032677
0.037892297
0.038537443
0.036946077
0.03762188
0.037808795
0.03874721
0.03776454
0.037985787
0.03630544
0.037213463
0.03607523
0.035943106
0.037222028
0.035955008
0.03630009
0.037458874
0.036743645
0.036568813
0.036602393
0.03630961
0.036740515
0.035329748
0.03595787
0.03679872
0.036068436
0.036009073
0.035842363
0.035541177
0.03531903
0.035660777
0.035899814
0.036242306
0.03774737
0.0364287
0.0353834
0.035726666
0.035490826
0.035063583
0.034812436
0.0350053
0.036165588
0.034657966
0.03533616
0.034147404
0.035283294
0.035264403
0.036013577
0.034898292
0.034803707
0.035056632
0.034481663
0.034742903
0.034510672
0.035882834
0.034556217
0.034973104
0.034432724
0.03364582
0.034876328
0.034264285
0.034280002
0.034124523
0.034891978
0.034348354
0.034382474
0.034456186
0.035581876
0.034312263
0.035384625
0.034116644
0.03418238
0.034026477
0.03411521
0.03338672
0.034350853
0.03414484
0.033406228
0.03310858
0.03383671
0.033660218
0.037015244
0.033124924
0.033483073
0.033255823
0.03329389
0.032942757
0.03312379
0.032870576
0.03388394
0.03396399
0.035026908
0.03313179
0.033797003
0.03368126
0.032317344
0.032844853
0.032167777
0.03321327
0.032120693
0.03216892
0.03254719
0.032232516
0.033039734
0.03211739
0.031940006
0.03274538
0.031827085
0.03230106
0.03246441
0.032393746
0.033465695
0.031322304
0.032846346
0.03173746
0.03199202
0.031266484
0.032025397
0.0323769
0.032636296
0.03165848
0.03237286
0.032307427
0.031479724
0.032042086
0.03199414
0.03164724
0.031263504
0.03322756
0.031523388
0.031123165
0.031505078
0.031594485
0.031666335
0.03259039
0.031255018
0.031149842
0.03174385
0.03184277
0.03127524
0.03106559
0.034035236
0.030860556
0.032601945
0.030994989
0.031419702
0.03197645
0.0313524
0.03184073
0.03078899
0.030910194
0.03146531
0.03143375
0.030887235
0.031091923
0.03216413
0.030738497
0.030672211
0.031160705
0.03025451
0.030311521
0.03094632
0.030510817
0.03048721
0.030022554
0.03005571
0.029991537
0.030726196
0.030124037
0.030268095
0.030949112
0.03072462
0.030382365
0.030517325
0.03034245
0.030685684
0.03084542
0.029602798
0.030357474
0.030716768
0.030873474
0.03142585
0.030417588
0.03045104
0.030421337
0.030628696
0.030512325
0.029882276
0.030247577
0.029536705
0.029663455
0.02974995
0.0293547
0.029886646
0.030208038
0.029933786
0.030125512
0.029169058
0.029523714
0.02936816
0.031133484
0.02938912
0.029571839
0.02875124
0.029799607
0.028682813
0.02942413
0.029302472
0.030263027
0.029271092
0.029330472
0.029352779
0.029173225
0.0286768
0.029290535
0.029391224
0.029063154
0.02964899
0.029403917
0.028995743
0.030658739
0.029456956
0.029228056
0.02859214
0.029615331
0.02901733
0.029662825
0.028599909
0.029870773
0.02908155
0.028717436
0.029039757
0.029263483
0.02978883
0.029457701
0.028983526
0.028964685
0.028871067
0.028505672
0.02786463
0.028286317
0.027699856
0.028718393
0.028678669
0.028175717
0.02879449
0.0286558
0.028382652
0.028324064
0.029063722
0.02861673
0.027988646
0.028262928
0.02857355
0.02911781
0.028678142
0.028547099
0.029069742
0.027289646
0.029075071
0.027858377
0.028130392
0.028237157
0.02906783
0.02800327
0.02730473
0.027470166
0.028302988
0.027698468
0.028047021
0.028331045
0.027681295
0.027848458
0.027824532
0.028439345
0.027715545
0.028433198
0.028132318
0.027744558
0.028154172
0.028118286
0.02757882
0.027631441
0.027767476
0.028517311
0.029282622
0.02771332
0.028892398
0.027896466
0.027750297
0.02738496
0.026777867
0.028038496
0.027653862
0.027489373
0.027519861
0.027312554
0.02744604
0.028609682
0.0272809
0.02806118
0.027346142
0.028243046
0.028537387
0.027178047
0.026895985
0.027216619
0.027670344
0.027685896
0.027876873
0.027995842
0.02729974
0.027734306
0.027105382
0.027249765
0.026503816
0.027206294
0.027135761
0.027079277
0.026559496
0.027088981
0.027897602
0.02726571
0.02739449
0.027452242
0.027678316
0.02853375
0.027470602
0.027715692
0.026607515
0.027651552
0.026881194
0.027413823
0.027221844
0.026558602
0.026966983
0.026787221
0.026333496
0.026064897
0.026994066
0.02654861
0.026911344
0.026480425
0.027180593
0.02620805
0.027161794
0.025820326
0.026239343
0.026044495
0.0263782
0.026486376
0.026944852
0.026265355
0.026873887
0.026939547
0.026033828
0.026179519
0.02621579
0.025969772
0.02612984
0.025951264
0.026011322
0.025906561
0.025540384
0.02712259
0.026071139
0.026436297
0.02581699
0.025854843
0.02548494
0.029155506
0.02614402
0.027818475
0.025726035
0.02697497
0.025733579
0.025596898
0.025367796
0.025206756
0.025900537
0.025779312
0.025300264
0.025383722
0.025744686
0.025560746
0.025873277
0.025616644
0.025417166
0.025256367
0.025616469
0.02539407
0.026084917
0.02587889
0.026546486
0.02531409
0.025505217
0.026503455
0.026640488
0.025713684
0.026151363
0.025509363
0.025830513
0.025619285
0.025910256
0.025264053
0.026224837
0.026830275
0.025800833
0.02550625
0.025770586
0.026170542
0.025111154
0.02593033
0.025515158
0.026220933
0.02516701
0.025070416
0.0258441
0.025367044
0.025009649
0.025027402
0.025402322
0.024748512
0.02535563
0.025448795
0.026284965
0.02536664
0.024739897
0.024799425
0.026030414
0.024881389
0.024808224
0.024781657
0.024687268
0.02482435
0.025170252
0.025049763
0.025127582
0.025655797
0.026666237
0.025363915
0.026015075
0.025501285
0.02584291
0.025489796
0.025666865
0.025525369
0.025681539
0.025057737
0.025203362
0.024734521
0.024980828
0.025151925
0.024958842
0.025166832
0.025441958
0.025038602
0.024285888
0.024822198
0.024817314
0.024879908
0.024989193
0.024323592
0.024304686
0.02405503
0.025128292
0.024063947
0.024248881
0.0243044
0.024429405
0.023981044
0.02485625
0.02451274
0.024386179
0.024875708
0.024469031
0.024301013
0.024159363
0.024621906
0.024880426
0.024170628
0.024082117
0.024274321
0.024199808
0.02431808
0.024132166
0.025035623
0.024110632
0.02421438
0.024440235
0.024486639
0.023458961
0.02426098
0.024483511
0.024177935
0.023792906
0.02455975
0.023840114
0.023965811
0.024040662
0.02327893
0.024694765
0.023207996
0.024253458
0.024092935
0.02339887
0.023263248
0.02376367
0.023267869
0.023218747
0.024352295
0.023304733
0.024161039
0.023186466
0.02376251
0.023580156
0.023695087
0.023774223
0.023285298
0.023302281
0.023239344
0.023588173
0.023310749
0.023530612
0.023515174
0.024007142
0.023486732
0.023647258
0.023486186
0.023195699
0.023362951
0.023161475
0.023074217
0.023032347
0.023730619
0.023383565
0.023621542
0.023505405
0.023813415
0.023786956
0.02337282
0.023335502
0.024099447
0.023316987
0.023299314
0.02423599
0.02531258
0.024588443
0.02271138
0.022815468
0.02262989
0.022734202
0.022887912
0.02299176
0.023029273
0.022608988
0.022660242
0.022439351
0.022340372
0.022891123
0.023456061
0.0232206
0.022698015
0.023090128
0.022472536
0.022849938
0.02256803
0.022787679
0.022424428
0.022561094
0.022284405
0.02248077
0.023505256
0.022112153
0.022686208
0.022374313
0.022131452
0.022681635
0.02251331
0.022485709
0.022082085
0.022075733
0.022353575
0.02230218
0.02349739
0.02173726
0.022313664
0.023514893
0.022386283
0.022864759
0.022395616
0.022402557
0.023006938
0.021835716
0.021974275
0.022394152
0.023384068
0.02190816
0.022806352
0.022144588
0.022938726
0.022030449
0.02262057
0.022263668
0.022845468
0.022975149
0.022679826
0.022357237
0.022542117
0.021731606
0.022252612
0.021959523
0.021984868
0.022451693
0.02187391
0.021731155
0.021905713
0.023315437
0.022035722
0.021840183
0.022421524
0.022365969
0.021860477
0.022686748
0.022813536
0.022086581
0.023044936
0.022009509
0.021694586
0.02202747
0.021971002
0.021864193
0.021666173
0.021754725
0.022831341
0.021986276
0.02162697
0.022355199
0.02233217
0.021665458
0.021931669
0.021817118
0.021498013
0.02176659
0.022059474
0.021174118
0.02162534
0.021626389
0.022152232
0.021461492
0.021606408
0.021690026
0.021454718
0.021199029
0.021930996
0.0222592
0.021258807
0.02198085
0.022125099
0.021891627
0.021661496
0.02159763
0.021270499
0.021139782
0.021741923
0.022246102
0.021306535
0.022560347
0.021641405
0.021316182
0.021527119
0.021170564
0.02129219
0.021429779
0.02156844
0.021730945
0.021042472
0.021307478
0.021311121
0.021331523
0.021241246
0.021458471
0.021315673
0.020912644
0.021277588
0.021337485
0.021795968
0.021260662
0.021554232
0.021081042
0.021086933
0.021027358
0.02139305
0.021061877
0.021313425
0.02067262
0.021085974
0.020497007
0.022302432
0.021050729
0.020719068
0.020681659
0.02083991
0.021647003
0.021605218
0.02126868
0.021438202
0.021381682
0.02124031
0.021087678
0.021022137
0.020925866
0.021394378
0.021190744
0.021145193
0.020862624
0.020916834
0.021112494
0.020935394
0.021389702
0.021255495
0.021225756
0.021817394
0.02088526
0.020532105
0.020410456
0.020667955
0.020603832
0.020944165
0.021089127
0.020313034
0.020472787
0.020467505
0.020441333
0.020481683
0.02061384
0.021309465
0.020937134
0.020877467
0.020853192
0.020433128
0.020708656
0.020519322
0.02026304
0.02042299
0.020638112
0.020557297
0.020414732
0.020794256
0.0205646
0.020452442
0.020593647
0.020722814
0.020573316
0.0201508
0.020364014
0.019953227
0.020638477
0.020140333
0.020927228
0.020312946
0.020669024
0.01987108
0.020219022
0.020524476
0.020172575
0.020279026
0.020088356
0.020695793
0.020066237
0.020234955
0.020476287
0.020572254
0.019991333
0.02053138
0.020417957
0.020312568
0.020660335
0.02020771
0.020330789
0.02049081
0.020619573
0.02094485
0.020857073
0.020463478
0.020393094
0.019967785
0.020173362
0.0209076
0.020056337
0.01986134
0.020155696
0.019846251
0.020422418
0.020959627
0.019946368
0.020196807
0.020142077
0.020259073
0.020085521
0.020569514
0.020843042
0.020235326
0.02052701
0.02042006
0.019758487
0.020257505
0.019685933
0.020021971
0.019858982
0.020036854
0.019724501
0.019758897
0.01966609
0.02007585
0.01934841
0.019782973
0.019662043
0.019426469
0.019804725
0.019312315
0.019394424
0.020090535
0.019340247
0.019710679
0.019578015
0.020241866
0.019404348
0.019860923
0.019794317
0.019793944
0.020429563
0.019230753
0.019390522
0.019420864
0.019114846
0.019569172
0.020103676
0.019669142
0.019255748
0.019259483
0.019509565
0.01940015
0.019703558
0.019790126
0.019330531
0.019433476
0.019846715
0.019800495
0.019267611
0.019181494
0.019755142
0.019703016
0.019368049
0.019595185
0.019356027
0.019830124
0.018977232
0.019504683
0.019612094
0.019273164
0.019540776
0.020112108
0.019648649
0.01941026
0.019600201
0.019183988
0.019565124
0.01912717
0.019290507
0.018946886
0.019235948
0.019138224
0.019702852
0.020099672
0.019186895
0.018906362
0.018919097
0.01917932
0.01924274
0.019095147
0.019223027
0.019726343
0.018859081
0.019578328
0.019221809
0.019039202
0.019215453
0.019052157
0.019321326
0.020019053
0.01940047
0.019599134
0.019008871
0.01880049
0.01965185
0.018921249
0.019479306
0.019300312
0.019207517
0.018925473
0.019534508
0.019477487
0.019267377
0.018682525
0.018834565
0.018962614
0.019361472
0.018918851
0.01924144
0.019049495
0.019054424
0.019361775
0.01950078
0.01874372
0.019134196
0.019501548
0.018472996
0.01892066
0.0187936
0.018489432
0.01845951
0.018842908
0.0186965
0.018565064
0.01861736
0.01851649
0.019032808
0.018733906
0.018827816
0.019087631
0.018628152
0.018850587
0.018465558
0.01861585
0.01888718
0.019100927
0.018551387
0.01870332
0.019265871
0.018755417
0.018635854
0.018400265
0.01856802
0.01900957
0.01871299
0.018538894
0.018894415
0.018473804
0.019215347
0.018207608
0.018730493
0.0189102
0.018344114
0.018101571
0.018567784
0.018854005
0.018634921
0.01842502
0.018736243
0.018559081
0.018447584
0.018518979
0.018503759
0.018719874
0.018367536
0.018362047
0.018606214
0.018583862
0.018223898
0.018708253
0.018493623
0.018907076
0.018199472
0.019054024
0.018812053
0.018269433
0.018244728
0.018364633
0.01859569
0.018250132
0.018307215
0.018331653
0.018363506
0.01797159
0.017988246
0.018086461
0.018268842
0.018643394
0.018424055
0.017941728
0.018355185
0.01808804
0.018251244
0.018754119
0.018550856
0.018831076
0.018106045
0.018111626
0.018464217
0.017973248
0.018304337
0.01804804
0.018156264
0.018317988
0.018180585
0.018318404
0.018034639
0.01827533
0.018333483
0.018237514
0.018296342
0.017935218
0.018529678
0.018565986
0.018124137
0.018323576
0.018414397
0.018162431
0.018018225
0.017934388
0.018111069
0.018181423
0.017954888
0.018202676
0.017899925
0.017806143
0.018616265
0.01786268
0.017801825
0.017782275
0.017639136
0.01787899
0.01773811
0.017494325
0.018405452
0.017986143
0.018330496
0.017901795
0.017964574
0.01780066
0.017978664
0.017739413
0.017819397
0.017992565
0.017849118
0.017557971
0.017607078
0.017114323
0.01759359
0.01766091
0.017357834
0.017405607
0.01721897
0.017572975
0.018058637
0.017399272
0.017632583
0.017209189
0.017360356
0.017777875
0.017306278
0.01730385
0.017439207
0.017294923
0.01774148
0.017291028
0.017383335
0.017434973
0.017660115
0.017667597
0.017536279
0.01789388
0.017355047
0.017566083
0.017305888
0.017718293
0.017321888
0.017426312
0.017534733
0.017399179
0.01728741
0.017804157
0.017702404
0.016953025
0.01754961
0.017534496
0.017210929
0.017773548
0.017127693
0.017696984
0.01731231
0.017559197
0.017477332
0.017277563
0.016988551
0.017739864
0.017129686
0.01790592
0.017450022
0.017042708
0.017448649
0.01692214
0.017247345
0.01709255
0.017401528
0.017050104
0.017691322
0.017490074
0.017483432
0.017709287
0.017413836
0.017263453
0.01740543
0.017093606
0.01746024
0.016992189
0.01730145
0.017040282
0.016947659
0.01713656
0.016955929
0.017003864
0.017036587
0.016747199
0.017047213
0.017163923
0.017110026
0.017332671
0.017235067
0.016981304
0.017555755
0.016770037
0.017285686
0.01689122
0.01681885
0.01684573
0.017124446
0.016702235
0.017208695
0.016884133
0.017063556
0.016782852
0.016887756
0.016840274
0.016688388
0.016877323
0.016630393
0.01716829
0.016526926
0.016820138
0.01695505
0.016746208
0.016799068
0.01672541
0.016729271
0.01726581
0.016634053
0.01639891
0.01655497
0.016583867
0.016634088
0.01675765
0.0164499
0.01638778
0.017198421
0.016778387
0.016488096
0.01643216
0.016835513
0.016705811
0.016302548
0.016980495
0.016914757
0.01670537
0.016812362
0.016778113
0.01691533
0.01663872
0.017104406
0.01652211
0.016840415
0.017148918
0.016920488
0.016361943
0.01656015
0.016688237
0.016509749
0.016541181
0.016713558
0.016742602
0.016866138
0.016371554
0.016748894
0.016323416
0.01670384
0.01640872
0.01660261
0.01650179
0.016051974
0.01643445
0.01625362
0.016259285
0.01659596
0.016457291
0.016438883
0.016417166
0.01651916
0.016199354
0.016237978
0.016176116
0.016195536
0.01654845
0.016234837
0.016821213
0.016436841
0.016728606
0.016592508
0.01638208
0.01655773
0.017331107
0.01657976
0.01640923
0.01635019
0.016650874
0.016464995
0.01672332
0.01646831
0.016826082
0.017261082
0.016523935
0.016356228
0.01690199
0.01695277
0.01678784
0.016372338
0.016418654
0.016472282
0.01645203
0.016341463
0.01724633
0.016522558
0.016435862
0.016197173
0.015704116
0.016417777
0.016079223
0.01616812
0.017133849
0.016232492
0.016439317
0.016489308
0.016209608
0.016257748
0.016510827
0.01628236
0.016300999
0.017041823
0.01575088
0.016143627
0.016193362
0.01601941
0.016445255
0.01594608
0.015975522
0.016253056
0.016148884
0.015977602
0.0163007
0.015838694
0.016204735
0.015913066
0.016063986
0.01583621
0.016368385
0.01613036
0.016604729
0.016219828
0.016648196
0.017049689
0.016653147
0.016787594
0.016658882
0.016663674
0.016203629
0.015994018
0.015778232
0.01574296
0.01587382
0.015765563
0.015610934
0.01649669
0.01590642
0.015775986
0.01611508
0.015935011
0.015769023
0.015825069
0.015768625
0.0159308
0.01595073
0.015861442
0.015975446
0.01581861
0.015816744
0.015927672
0.015570279
0.015994217
0.015631117
0.016018623
0.016047206
0.015608417
0.016424445
0.015576994
0.015954915
0.01581291
0.015767358
0.015955513
0.015722834
0.015707936
0.01570181
0.01649173
0.015863577
0.01570024
0.015708085
0.015551231
0.015445669
0.015637435
0.015667452
0.015945386
0.016254434
0.01566582
0.01582862
0.015433955
0.015570629
0.015687743
0.015608919
0.015549235
0.015645878
0.0155059965
0.015645945
0.015569489
0.015918184
0.015729638
0.01548087
0.0154695595
0.01577341
0.015670802
0.015817048
0.015301223
0.015792865
0.015416235
0.015247278
0.01594503
0.015271257
0.015438698
0.01577124
0.01551098
0.015524504
0.015520056
0.015370651
0.015639784
0.015521737
0.015300228
0.015457338
0.015253049
0.01567062
0.015810736
0.015067769
0.015135258
0.015387161
0.015161751
0.015187218
0.014896999
0.015348023
0.015188763
0.015132599
0.015272658
0.015120052
0.015405685
0.015180733
0.015024648
0.015131978
0.0149167245
0.014863871
0.015062507
0.015305669
0.015038754
0.015070682
0.015470247
0.015022651
0.015229588
0.015679214
0.015665462
0.015248807
0.015214771
0.015552755
0.015047325
0.015630418
0.01501549
0.015089204
0.015319602
0.015076119
0.015353068
0.015090899
0.015485698
0.014927478
0.01492611
0.015454929
0.015401459
0.015288379
0.014808642
0.014951563
0.015385309
0.015134362
0.014706343
0.01511599
0.014925833
0.0149663435
0.014590857
0.014571129
0.015009458
0.014992558
0.015095415
0.015001617
0.01483081
0.0149789825
0.015270289
0.0148802325
0.01560381
0.015073739
0.0154788215
0.015290117
0.014734772
0.01479932
0.0148994755
0.0148101
0.014932822
0.014941992
0.0147722
0.015032238
0.014602027
0.015322138
0.014584026
0.014776416
0.014962045
0.015000767
0.015352372
0.014627714
0.014796647
0.015158309
0.01462614
0.014728264
0.0150035815
0.015063818
0.014672726
0.014774474
0.014715831
0.014807692
0.014545813
0.014772666
0.014981529
0.014479236
0.015156174
0.014810839
0.014825405
0.0146667985
0.01480388
0.014600309
0.014709993
0.01465384
0.01522228
0.014775057
0.015095888
0.014689443
0.014869398
0.014788812
0.014578614
0.01471383
0.014915349
0.01487876
0.015065248
0.01509989
0.0145986155
0.01443096
0.014444631
0.014750807
0.014704339
0.014523169
0.014823228
0.014248795
0.014508607
0.014501244
0.01437583
0.014404089
0.0145528745
0.015118944
0.014472033
0.014589679
0.014524069
0.014284546
0.014768854
0.014778218
0.014645508
0.014638378
0.014298485
0.014708661
0.014176461
0.014575407
0.014539829
0.015152342
0.0147572635
0.014729191
0.014886052
0.014301329
0.0146249095
0.014278892
0.014400082
0.01421499
0.014434974
0.014901581
0.0143240485
0.014783185
0.014506588
0.014707567
0.01426732
0.01456664
0.014438681
0.014176258
0.0142761655
0.014495428
0.0144630065
0.014747173
0.014169597
0.014761679
0.014737072
0.014611764
0.014266111
0.014735723
0.014309619
0.014841883
0.014388605
0.014421423
0.014308211
0.014486153
0.014077031
0.014330528
0.014263448
0.0145451175
0.014193945
0.014916696
0.0145583935
0.014730029
0.014154971
0.014865952
0.014351365
0.014437351
0.01407578
0.014670399
0.013980815
0.014155099
0.014357809
0.014507536
0.0142318085
0.01450813
0.014187076
0.013951074
0.013878317
0.014311895
0.014136915
0.014149697
0.013913417
0.013972344
0.0145012885
0.014262622
0.01480021
0.013933495
0.015118613
0.013999928
0.014221445
0.014308834
0.013794952
0.01386887
0.014057627
0.0143035
0.013831822
0.014275917
0.013922103
0.0141023025
0.014275422
0.0139076
0.013919034
0.0139712
0.013969258
0.014402522
0.014733876
0.014020563
0.014057583
0.01389049
0.014677183
0.013910671
0.014400718
0.013773608
0.014128278
0.014261194
0.013913339
0.014156743
0.013973079
0.013981075
0.013853848
0.014068356
0.014281483
0.014099541
0.01396671
0.014213094
0.014045026
0.014263119
0.0138959205
0.0139009
0.013891065
0.01359414
0.013963816
0.014141086
0.013882909
0.013851938
0.014094828
0.01478712
0.014020657
0.014003115
0.013727023
0.014443641
0.013920779
0.013710948
0.013681262
0.013945226
0.014116601
0.014110578
0.01378965
0.0141149815
0.013887684
0.013715064
0.014150326
0.013939871
0.014164039
0.013731818
0.01406888
0.013903479
0.014035838
0.013782623
0.013645975
0.013916932
0.0137670925
0.013751244
0.014003844
0.013690618
0.014416145
0.013822249
0.013892992
0.014156137
0.0139702065
0.013829839
0.013945598
0.013671505
0.013601603
0.013631355
0.013807933
0.013842222
0.013563863
0.01378992
0.013875006
0.013579382
0.01355389
0.013606618
0.013644058
0.0136270095
0.01355921
0.013721115
0.013728323
0.013487695
0.013740605
0.013321217
0.0135810105
0.013547485
0.013606481
0.013601875
0.013977906
0.013718887
0.013509664
0.013832635
0.013470609
0.013618079
0.013501042
0.0134887295
0.0134887695
0.0135883605
0.013748866
0.013660426
0.013306358
0.013656802
0.013476963
0.013540066
0.013662646
0.013566686
0.013323734
0.013413777
0.013462884
0.013265121
0.013720634
0.013316769
0.013488649
0.014168457
0.01360245
0.013068145
0.013758997
0.01360519
0.013445742
0.013848375
0.013488116
0.013854751
0.013794963
0.013462401
0.013511815
0.013405202
0.013857713
0.013340658
0.013323525
0.013456659
0.013895844
0.013441112
0.013604016
0.013267576
0.01375551
0.013444666
0.013940454
0.013297939
0.013405493
0.01340812
0.013522896
0.0136035485
0.0137470495
0.01317676
0.013457445
0.013427313
0.013964102
0.013357416
0.013540687
0.013197175
0.01331382
0.013329271
0.013643547
0.013240017
0.013640862
0.013386974
0.013638225
0.014045156
0.013328318
0.0133430455
0.013509449
0.013127903
0.013695178
0.0132617215
0.012982354
0.0131729245
0.013208674
0.013132259
0.013475896
0.01296651
0.013083085
0.013130471
0.013754196
0.013221283
0.013504597
0.013616484
0.01363553
0.013485595
0.013677328
0.013581069
0.013684222
0.013968945
0.01309246
0.013294348
0.01327642
0.013061629
0.013349801
0.013450858
0.013170289
0.013207852
0.013260076
0.01371292
0.014106624
0.013181402
0.013517018
0.01324394
0.013309518
0.013311028
0.012967514
0.013384043
0.013557452
0.013170455
0.013420004
0.013267629
0.013092937
0.0132854935
0.012997787
0.013695565
0.012996787
0.012866719
0.0131214615
0.013305935
0.013165678
0.012907489
0.013016183
0.013164577
0.013057434
0.013306242
0.01296046
0.01326215
0.012960056
0.0131308725
0.013484918
0.013177311
0.013432176
0.013210385
0.012988076
0.013028726
0.013042101
0.013380714
0.01326562
0.01334427
0.013099334
0.0129152555
0.013046353
0.013155503
0.013131659
0.013012078
0.012995704
0.013209446
0.013089918
0.012949139
0.0129802
0.013498159
0.013269244
0.013079007
0.013053071
0.013045199
0.013093516
0.013171895
0.0129066575
0.01314704
0.013046794
0.013436557
0.0127937915
0.012791518
0.012798158
0.013006842
0.012871501
0.012941811
0.013021429
0.013064345
0.012924056
0.013226409
0.012982391
0.013070231
0.012951962
0.01294842
0.013047195
0.013066944
0.012879697
0.013094892
0.012814393
0.013207794
0.012972217
0.012734091
0.013109201
0.013060039
0.013566472
0.012887539
0.013477456
0.013395324
0.013126631
0.013326539
0.013143806
0.013061405
0.012945556
0.013017081
0.012728229
0.012572495
0.0128989415
0.013120194
0.012939156
0.012914749
0.012884546
0.013063119
0.012701969
0.012761004
0.012619365
0.012802938
0.013099944
0.012514615
0.013508879
0.012659263
0.012970069
0.012959286
0.01321338
0.012561988
0.012972314
0.013003852
0.012904957
0.013038606
0.012958695
0.012765477
0.012799075
0.012695868
0.012861946
0.012860443
0.012986818
0.0127583
0.01294965
0.012368658
0.01263955
0.01275212
0.012806947
0.012978141
0.012803007
0.012822546
0.012749847
0.0129884
0.012770191
0.012715146
0.013138915
0.0128885135
0.012639512
0.012691448
0.013004697
0.012845388
0.012965591
0.012641652
0.012742019
0.012734084
0.012582864
0.012656884
0.013442336
0.01298485
0.012500762
0.012684375
0.013087918
0.01294789
0.012863257
0.012547668
0.012466641
0.012688491
0.012810498
0.012425676
0.012328374
0.01239783
0.012500622
0.013070727
0.012507182
0.012775099
0.012745038
0.012856926
0.012721124
0.012491507
0.012559306
0.012391766
0.012714032
0.012714449
0.012670542
0.012811104
0.012486739
0.012471133
0.012844333
0.012297741
0.012563006
0.0128555875
0.012516955
0.012262745
0.012378494
0.012408199
0.012368986
0.012629326
0.012943759
0.013120342
0.01253581
0.012382409
0.012452401
0.012459887
0.012945527
0.012479052
0.012425839
0.012674136
0.012383474
0.012569216
0.012858255
0.012464613
0.012924466
0.012653103
0.012314333
0.012132618
0.012798014
0.012510925
0.012303095
0.012337528
0.0128081255
0.012540378
0.012615004
0.012508055
0.0123178605
0.012405821
0.012813874
0.012400782
0.012389315
0.012258394
0.013013081
0.012628863
0.012602825
0.012595241
0.012883398
0.012216176
0.012669357
0.012518553
0.012523044
0.012371696
0.012317667
0.012220511
0.012276215
0.012281519
0.012229655
0.012349608
0.012474513
0.0122480495
0.012492397
0.012684439
0.012131648
0.012119316
0.012230853
0.012349609
0.012356442
0.012232463
0.012102594
0.012092091
0.012143758
0.012251052
0.012516811
0.012180684
0.012337611
0.01213038
0.011969843
0.01236908
0.012522374
0.012385296
0.012692966
0.012156905
0.012344751
0.012412956
0.012419789
0.012317129
0.0126301255
0.011945678
0.012236834
0.011901904
0.012088086
0.012237314
0.011952118
0.012750853
0.012402888
0.012073849
0.012129441
0.012292137
0.012360052
0.012309192
0.012099453
0.0121477675
0.012004434
0.012275738
0.012439045
0.012334696
0.012092442
0.012150263
0.012314367
0.012079778
0.012127156
0.012241621
0.01245386
0.0122602815
0.012095638
0.012066656
0.012185634
0.012456265
0.011945164
0.012173115
0.012475567
0.013054321
0.0121153
0.0122803515
0.012388517
0.012165495
0.012338101
0.012260758
0.012545196
0.0123002725
0.011903251
0.012145018
0.012507187
0.012236201
0.012121595
0.012354445
0.012059312
0.0123823425
0.0121128
0.012246165
0.012013955
0.012201112
0.012595891
0.012304669
0.012648697
0.012531448
0.012423138
0.012571243
0.012393979
0.011923123
0.012255253
0.012444806
0.011898075
0.012290869
0.0121884765
0.01195126
0.012121772
0.012092547
0.01209389
0.0120407315
0.012053005
0.0124166105
0.012270918
0.012229016
0.012339692
0.0117842695
0.01230361
0.011969036
0.0121468725
0.012155908
0.01205731
0.012742902
0.0120093
0.012047253
0.012144031
0.012084246
0.011965029
0.01168477
0.01230759
0.011619759
0.011838165
0.011973675
0.012358511
0.012170167
0.011808382
0.011897498
0.012302613
0.011806464
0.011930605
0.011913169
0.011901113
0.012021408
0.012082532
0.012248157
0.011788701
0.011864437
0.01207195
0.011763379
0.011964869
0.0118957935
0.011611168
0.01171472
0.012141706
0.012382035
0.011932123
0.012114224
0.01227497
0.011999317
0.012213772
0.012211538
0.01238322
0.011971852
0.012075917
0.012045434
0.011801801
0.011751517
0.0119296415
0.011733512
0.012400343
0.012296716
0.011764167
0.011917295
0.01195468
0.011637969
0.0117085
0.011680586
0.011898136
0.011738464
0.011485093
0.011717148
0.011526486
0.011936092
0.011897816
0.012097762
0.0117396945
0.011875369
0.0118616065
0.012148136
0.011905675
0.011711172
0.011755619
0.012126968
0.0119511075
0.011756955
0.011601033
0.011957502
0.011727901
0.011698081
0.01178571
0.01177812
0.011793599
0.011461852
0.011979532
0.011457416
0.011424832
0.01174358
0.011558432
0.01175792
0.011555171
0.011571806
0.011857333
0.011915648
0.011700673
0.0117809465
0.0116755795
0.011811901
0.011524145
0.011538192
0.0119387945
0.011512494
0.011794581
0.012173937
0.011850439
0.011984841
0.0118998885
0.0116485
0.0118056135
0.011905192
0.011744012
0.012123246
0.011767781
0.011883746
0.011456538
0.011789161
0.011602393
0.011433568
0.011517865
0.011519278
0.011523897
0.011589863
0.011767005
0.011451086
0.011387931
0.01143638
0.011273014
0.011512428
0.011287684
0.011627764
0.01146091
0.012175055
0.0114596
0.011653027
0.011373502
0.011657247
0.011925794
0.011757094
0.011739404
0.01130431
0.01163837
0.011672672
0.011633939
0.011578596
0.011481028
0.01166235
0.011277952
0.011488287
0.011517315
0.011853567
0.0114181265
0.011753503
0.011515824
0.011641041
0.011501511
0.011321251
0.011379802
0.011561489
0.011529472
0.0115065295
0.011326099
0.011586805
0.011645217
0.011358001
0.011623537
0.011633588
0.011602392
0.0118224565
0.0114324
0.011463528
0.011418077
0.01184239
0.011840182
0.011547202
0.011400227
0.011337669
0.011240236
0.0115059065
0.01155081
0.011407322
0.011479613
0.011252847
0.011294
0.011651434
0.01177435
0.011083898
0.0118048685
0.011660253
0.011356095
0.011408942
0.01127169
0.0114963995
0.011320328
0.011303437
0.011517581
0.011622755
0.011494757
0.0116590215
0.011582656
0.011294247
0.011438493
0.011620524
0.011591373
0.011564474
0.01121898
0.01128144
0.011962405
0.011470804
0.011561368
0.011521641
0.011336178
0.01145837
0.011288015
0.011295663
0.011330571
0.011426107
0.011367441
0.011397496
0.0114563685
0.011546958
0.011237901
0.011314183
0.011491288
0.011321947
0.011448636
0.011477775
0.01143543
0.011354655
0.011247976
0.0113743385
0.011229634
0.011481513
0.011392428
0.011331707
0.011176645
0.011513289
0.0115158465
0.011793365
0.011528015
0.011538956
0.011395072
0.011778709
0.011674945
0.011415469
0.011300655
0.011581132
0.0116518345
0.01116993
0.01145228
0.011231119
0.011658259
0.011195512
0.011264607
0.011351424
0.011403587
0.011508764
0.011376721
0.011039359
0.011459907
0.011637213
0.011387178
0.011182102
0.011247041
0.01146886
0.011241492
0.011762446
0.011154807
0.01152696
0.011641703
0.011727048
0.011525542
0.011345562
0.011402035
0.011616019
0.011383081
0.011192773
0.0112098055
0.011871934
0.011758254
0.011345989
0.011413221
0.011370018
0.011214963
0.0114746075
0.011172893
0.011131857
0.011686241
0.0113745
0.011119352
0.011136493
0.01131538
0.010962713
0.011377601
0.011269956
0.010916224
0.011106269
0.011622054
0.011312281
0.011151849
0.0111291
0.011102924
0.011495246
0.011418088
0.011163617
0.011100768
0.011284118
0.011405158
0.0114219645
0.011338292
0.01131026
0.011129711
0.011229335
0.011374336
0.011255419
0.011016505
0.011065416
0.011324023
0.011205563
0.011172112
0.011090744
0.011282868
0.011137975
0.011427943
0.01122865
0.0112225525
0.011458709
0.011156785
0.011991061
0.011018372
0.011024656
0.011554704
0.010929483
0.01120697
0.01092478
0.010968749
0.011100818
0.011063194
0.010921298
0.010969278
0.011280834
0.010871955
0.010756238
0.010910423
0.011028256
0.01100431
0.010937716
0.011122908
0.011066455
0.010832982
0.011147927
0.0113456715
0.010852305
0.011082998
0.011266754
0.011191382
0.011111818
0.011097047
0.010962132
0.011024592
0.0110335
0.010956658
0.01094257
0.010997225
0.011013845
0.011214222
0.011075413
0.010874514
0.011084239
0.01085913
0.011219018
0.010872848
0.010928983
0.010759109
0.01121637
0.011179212
0.010942823
0.010827878
0.010658884
0.010740434
0.011042049
0.010968748
0.010985911
0.011038975
0.010775482
0.010888893
0.011318358
0.010910411
0.010784856
0.0109733045
0.01111916
0.010793088
0.010814029
0.011110656
0.010809233
0.011101113
0.010857464
0.010821714
0.010793381
0.011053163
0.010651349
0.011264032
0.011046652
0.011166109
0.011186537
0.010787307
0.011076661
0.010773966
0.01090887
0.0111375125
0.010828198
0.010892216
0.010823919
0.011502644
0.010865881
0.010871784
0.011212366
0.01116114
0.010701658
0.010939245
0.010854864
0.0107363695
0.010699677
0.011207741
0.0107505005
0.011039025
0.010633908
0.011060805
0.0108663775
0.011016198
0.010832607
0.010960708
0.011031544
0.01122296
0.01084575
0.010896321
0.011112595
0.010613287
0.010775708
0.011320205
0.010638689
0.010894108
0.010628515
0.010698248
0.01073747
0.010988159
0.0106892055
0.010981991
0.0114156855
0.010653771
0.01119077
0.010798817
0.010866934
0.010769349
0.010563367
0.011012736
0.010725147
0.011016894
0.010717352
0.010736404
0.010937429
0.010556539
0.010642511
0.010709398
0.010615188
0.010862108
0.01084017
0.010723423
0.010698426
0.01087208
0.010627272
0.0108647365
0.010709048
0.0109189395
0.010649082
0.010959345
0.011122973
0.010703837
0.010874396
0.010740032
0.010934801
0.010854291
0.010917177
0.010944511
0.010714117
0.010840729
0.011169724
0.010828136
0.010793741
0.011009824
0.010816429
0.010897129
0.0107350545
0.01104461
0.0106958235
0.010806273
0.010763255
0.010834534
0.010799892
0.010903855
0.010815324
0.010690539
0.010754607
0.011100738
0.011213647
0.010597282
0.010647044
0.010663402
0.010805021
0.010590914
0.01067525
0.011270236
0.011381198
0.010697078
0.01077608
0.010733914
0.011101634
0.010617032
0.010596259
0.010821475
0.010768544
0.010848802
0.011002289
0.010586857
0.010887712
0.010681932
0.011003707
0.010783778
0.01078829
0.010891729
0.01080619
0.010793407
0.010503912
0.0104709305
0.0106637115
0.010486196
0.010472888
0.010719111
0.010538151
0.01047952
0.010729599
0.010745826
0.010711457
0.0108577125
0.010597801
0.01071459
0.010430271
0.010667754
0.0107271075
0.010612692
0.010334058
0.0108323665
0.01066206
0.010692713
0.01072172
0.01097353
0.010293482
0.010659104
0.010924813
0.010471435
0.010591655
0.010384555
0.010592111
0.010651035
0.010528627
0.010752717
0.010589749
0.010494196
0.01066319
0.010555918
0.010765321
0.010502535
0.010842303
0.010581274
0.010721316
0.010474602
0.010579152
0.010329364
0.010555235
0.010326497
0.010654609
0.010526772
0.010877755
0.010570183
0.010750078
0.010360211
0.010456842
0.010264068
0.010599414
0.010916356
0.010417319
0.010417942
0.010493071
0.010345024
0.010600776
0.010760238
0.010579769
0.010386622
0.010463942
0.010332826
0.010498837
0.010438019
0.010362099
0.010450219
0.010578627
0.010918769
0.010538506
0.010568804
0.01062567
0.010412522
0.010430261
0.011095285
0.010486656
0.010502749
0.010646936
0.010531338
0.0105905365
0.010619921
0.010255383
0.010295281
0.010284253
0.010331222
0.01036769
0.010656193
0.010819323
0.010296981
0.010481197
0.010368506
0.010304301
0.010315466
0.010381607
0.010460905
0.0104979025
0.010696211
0.010362336
0.01057453
0.010339929
0.010307906
0.010669346
0.010535073
0.010298697
0.010920594
0.01080388
0.010490719
0.010476326
0.010429695
0.010416462
0.010743988
0.010472279
0.010550445
0.010562366
0.010260156
0.010509272
0.010515653
0.010552441
0.010868827
0.010340744
0.0104794325
0.010373471
0.010500797
0.010753841
0.01049925
0.010356188
0.010279339
0.0105210235
0.010302146
0.010205592
0.0104516065
0.010401035
0.010277633
0.010373968
0.010452123
0.010457959
0.010181722
0.010351432
0.010303343
0.010330989
0.0109259635
0.010464867
0.01029914
0.010326888
0.010358525
0.010582542
0.010234606
0.010274841
0.010129841
0.01016152
0.010328765
0.010570822
0.010128667
0.010243239
0.01040329
0.010383237
0.010434281
0.010503329
0.010645603
0.010479502
0.010394514
0.010625339
0.010171412
0.010320078
0.010464083
0.010348002
0.010558719
0.010478553
0.0102780545
0.010346574
0.010589299
0.010266499
0.010220262
0.0103822015
0.010163494
0.010488475
0.010189279
0.010132279
0.009950651
0.010709676
0.010040914
0.010316066
0.010024426
0.010375112
0.010226249
0.0105125755
0.010421048
0.010288008
0.010360784
0.010317878
0.0106737325
0.010134581
0.010341879
0.010335572
0.01033484
0.010279869
0.010678728
0.010328956
0.010156589
0.010245802
0.010166697
0.010401132
0.010356034
0.010157609
0.010347436
0.010536377
0.010069566
0.010109933
0.010258803
0.010110354
0.010073701
0.010305424
0.01022602
0.010095285
0.010184017
0.010187419
0.010053116
0.010131696
0.010430604
0.010523597
0.010231425
0.010452615
0.010584041
0.010363412
0.010164078
0.010461608
0.010521736
0.010361953
0.010107913
0.01033967
0.01031113
0.010635616
0.010067378
0.010110301
0.010172955
0.010197261
0.010100394
0.010199042
0.010112161
0.010334758
0.010232712
0.010200091
0.010213359
0.0104857385
0.010169805
0.010250955
0.010005077
0.010360056
0.010146511
0.010484836
0.01016961
0.009998567
0.010329951
0.010077788
0.010184034
0.0101723485
0.010147982
0.010079206
0.010163011
0.010023163
0.01018399
0.01007879
0.010276316
0.010170162
0.009924202
0.009868684
0.010142327
0.009947497
0.010161658
0.010312686
0.01016336
0.010152815
0.010485892
0.0100571895
0.010137402
0.009921135
0.010565971
0.01003277
0.0101938
0.010407268
0.009953366
0.01009064
0.009916335
0.0098819025
0.0102754375
0.010057677
0.010057983
0.010033747
0.009837823
0.010318399
0.01025804
0.0101785
0.009933041
0.010603921
0.009913835
0.009915924
0.010100119
0.010109523
0.010108141
0.009997706
0.01027503
0.010223284
0.010022838
0.009720432
0.010123675
0.01004652
0.009993874
0.010038406
0.009793148
0.010103707
0.010117979
0.010045122
0.010167788
0.010002596
0.010164345
0.010069895
0.010145303
0.01000785
0.010167998
0.009882714
0.009955585
0.010167357
0.009872454
0.009922172
0.010412105
0.010254015
0.009923874
0.009916524
0.010123244
0.009943646
0.0100250235
0.010181041
0.010044009
0.009873494
0.009990303
0.009700541
0.0098375315
0.009872953
0.009984733
0.010113385
0.010152773
0.01021789
0.010013816
0.009954045
0.010173934
0.010113715
0.010137437
0.010082918
0.009823582
0.009878953
0.00996861
0.010067536
0.010723431
0.010025952
0.0098702535
0.009894682
0.009938561
0.010025495
0.010017917
0.010222551
0.009941168
0.00990803
0.0099408105
0.009936614
0.009930085
0.0099367965
0.009987516
0.009939984
0.010089544
0.009840335
0.010125973
0.009979899
0.010196894
0.010035977
0.010157337
0.0100421775
0.010272643
0.009829992
0.009964805
0.010094924
0.010030609
0.010136998
0.0102484375
0.01002759
0.01016272
0.009918281
0.009825291
0.009737464
0.0099195605
0.010022363
0.010091328
0.009956832
0.010159012
0.010101167
0.010015452
0.0098057175
0.0100470185
0.010004925
0.009851732
0.009831373
0.009646845
0.010302502
0.010004934
0.009829748
0.009632611
0.009868107
0.009808265
0.009621554
0.009815913
0.010074099
0.009740405
0.010433012
0.009815457
0.009732162
0.009806496
0.0097639365
0.009930741
0.009809864
0.0100814905
0.010071613
0.009851222
0.009729275
0.009902082
0.009903874
0.009805699
0.009859012
0.009893255
0.009817416
0.009865095
0.009933716
0.009859999
0.009695785
0.009742919
0.009605298
0.010172104
0.009708097
0.009663156
0.009848559
0.009682299
0.009841567
0.010192589
0.009743413
0.009614839
0.009876534
0.00992742
0.009737287
0.009796941
0.009821188
0.009871001
0.009944692
0.009843333
0.009764118
0.009829067
0.009693536
0.00981182
0.009969583
0.009662664
0.009874775
0.009535916
0.009625984
0.009838187
0.010091469
0.009737862
0.00966854
0.0097785415
0.0098877195
0.009768381
0.0095273955
0.01010436
0.009649765
0.0099535035
0.009950535
0.0099026095
0.010311256
0.009759876
0.009798959
0.009976476
0.009902964
0.009597649
0.009723707
0.0102430545
0.009737175
0.009739374
0.009624303
0.009556945
0.010096015
0.009800278
0.00974377
0.009790082
0.009717702
0.009652792
0.009760384
0.009630229
0.009643463
0.009862774
0.009595043
0.0096360585
0.009900156
0.009674949
0.009664074
0.009626505
0.009628442
0.009637845
0.009912745
0.009812126
0.009773139
0.0095679015
0.010035097
0.009703997
0.0098391175
0.009805424
0.00949275
0.009614853
0.009753862
0.009670547
0.009699258
0.00974845
0.00995407
0.009799257
0.00970437
0.009546334
0.0096626105
0.009683066
0.009700619
0.009476362
0.009903102
0.009747174
0.009538553
0.009765659
0.009674474
0.009449417
0.009838746
0.009627887
0.009606981
0.009826237
0.009649457
0.00970931
0.009950822
0.009513595
0.009647363
0.009975432
0.009932156
0.009392018
0.009626523
0.009365914
0.009488009
0.009631227
0.009608129
0.009576737
0.009809608
0.009822789
0.0095796995
0.009660415
0.009677909
0.0094623
0.009530377
0.009528031
0.0094993645
0.009511666
0.009531637
0.009697272
0.009575518
0.009775133
0.009784534
0.009633328
0.009555279
0.009656574
0.0096344985
0.009384682
0.009527194
0.009470255
0.009680035
0.009458565
0.009719496
0.009615449
0.009832878
0.009427304
0.009654663
0.009550431
0.009739997
0.009380737
0.009992318
0.009773032
0.009957444
0.009740227
0.010017261
0.009580077
0.009434662
0.009995757
0.009649064
0.009430663
0.0095883645
0.0097007975
0.0096187815
0.009598501
0.009621334
0.009642014
0.009891171
0.00961176
0.0098108025
0.010038056
0.00961314
0.009624172
0.009456476
0.009556423
0.009594199
0.009539607
0.009943259
0.009740693
0.009605672
0.009603175
0.009921819
0.009598656
0.009518997
0.009398657
0.009562731
0.009533793
0.009599537
0.009448528
0.009583917
0.009662943
0.00963894
0.009779415
0.009337822
0.00975691
0.009723016
0.009446427
0.009613811
0.009651384
0.009267111
0.010339749
0.0095788175
0.009602691
0.009342788
0.009333533
0.0099677
0.009424931
0.009665175
0.009688933
0.009907797
0.009817322
0.009458039
0.0095755495
0.0100411475
0.009556013
0.009597012
0.009772954
0.009893905
0.009673325
0.009512029
0.009576772
0.0097451955
0.009673143
0.009673226
0.009508029
0.009895098
0.009548089
0.009432677
0.009741224
0.009603183
0.009545386
0.009437545
0.009767709
0.009916117
0.009525236
0.009736187
0.0095822085
0.009357457
0.00967839
0.009832174
0.009553893
0.009561571
0.009679572
0.009559267
0.009380223
0.009508087
0.009599175
0.0095325885
0.00954214
0.009621345
0.00967679
0.009469636
0.009523876
0.009393293
0.009629768
0.009703597
0.0093999645
0.0093188705
0.009452962
0.009585649
0.009701071
0.009421882
0.009413268
0.009396188
0.009514258
0.009510728
0.009710169
0.009602723
0.009726569
0.009630171
0.009517198
0.009747192
0.009421123
0.009403059
0.009669855
0.0095039755
0.009406764
0.009486902
0.009442637
0.009437213
0.009550698
0.00945219
0.009492038
0.009283044
0.009413252
0.009644377
0.009833154
0.0094607305
0.009224128
0.009351552
0.009525712
0.009297269
0.009297081
0.009503841
0.0094433185
0.0095719
0.009553845
0.00958327
0.009475336
0.009620789
0.009409536
0.00941084
0.009328073
0.009507902
0.009738323
0.009201028
0.009379132
0.009484311
0.009506078
0.009497543
0.01004422
0.009390312
0.009612281
0.009573726
0.009406584
0.009600989
0.009609125
0.00927752
0.00938642
0.009539899
0.009030929
0.009510394
0.009255901
0.009824707
0.009214667
0.009688488
0.00932622
0.009336413
0.009381957
0.009249171
0.009498047
0.009273648
0.009628814
0.009409746
0.00947276
0.009486704
0.0092446925
0.009354155
0.0092626205
0.009381209
0.009274565
0.009410814
0.009059686
0.009344643
0.009242922
0.009367984
0.009187421
0.009387631
0.009609975
0.009547985
0.009221559
0.009211644
0.009420526
0.009617252
0.009093116
0.009463493
0.009513102
0.009254928
0.009429483
0.009792984
0.00933996
0.009696473
0.009516467
0.009226154
0.00922905
0.009404966
0.009298418
0.009340432
0.009212407
0.009482048
0.009209185
0.009411066
0.009422092
0.009389948
0.009491391
0.009167773
0.009398969
0.0095382705
0.009416425
0.009282065
0.009443414
0.00914638
0.009352201
0.009235615
0.009504003
0.009256965
0.00927312
0.009397793
0.009532097
0.009150166
0.009372415
0.0094134575
0.009204118
0.009293969
0.009266422
0.009048973
0.009374032
0.009342448
0.009266655
0.009404382
0.00917967
0.009471439
0.009376824
0.009171986
0.009117838
0.009311291
0.009605574
0.009327676
0.009592787
0.009504552
0.00917086
0.009270854
0.009522958
0.009471049
0.00912885
0.009425879
0.009286188
0.009363548
0.009232588
0.009441281
0.009240164
0.009287782
0.009239149
0.009271935
0.009072955
0.00952419
0.009333564
0.0095369695
0.009464657
0.009520422
0.009223797
0.009114274
0.0092503335
0.009277103
0.009336283
0.009493168
0.009450286
0.009177019
0.009382937
0.009128338
0.009262194
0.009185422
0.009186982
0.009346219
0.009262959
0.009163824
0.009043976
0.009314761
0.009107771
0.009173389
0.009317788
0.009213945
0.008995812
0.009323751
0.008957962
0.009427235
0.009237436
0.009539336
0.009531639
0.009078778
0.009103603
0.009143808
0.009372609
0.009001918
0.00926029
0.00906279
0.009251055
0.0093102455
0.009236551
0.009230246
0.009219234
0.00904301
0.009158509
0.009365734
0.009414038
0.008992674
0.009292119
0.009374209
0.009176963
0.009209027
0.0091828555
0.009132331
0.009172503
0.009460514
0.009201494
0.009278482
0.009276628
0.009110411
0.009307523
0.009122954
0.009502908
0.009147856
0.008897902
0.009454665
0.009014366
0.008897503
0.008920326
0.0093637435
0.008989536
0.008905282
0.009245714
0.009105427
0.009150932
0.009018736
0.009070598
0.009325273
0.009226796
0.009638458
0.008975345
0.008929996
0.009115789
0.008849483
0.009104935
0.009455322
0.009063283
0.009469623
0.009168141
0.00900058
0.0091688335
0.009252894
0.009128425
0.009273963
0.009121612
0.009065835
0.009084562
0.009106317
0.009064439
0.008984077
0.009117515
0.008978081
0.009208476
0.009039847
0.009158501
0.009175415
0.009039625
0.008989724
0.009300196
0.009213655
0.009133623
0.009195922
0.009187822
0.0093549
0.009008404
0.008968565
0.009089628
0.00901811
0.009068818
0.008969677
0.009209376
0.008997323
0.009074572
0.009170966
0.009215345
0.009214705
0.009218263
0.009026114
0.008829399
0.009039829
0.009079214
0.009098228
0.00893501
0.009144523
0.009145486
0.009291926
0.00922422
0.009056816
0.009071973
0.009187614
0.009076565
0.009394149
0.009072842
0.009067656
0.009255959
0.00897876
0.009071943
0.008977564
0.008906642
0.009039979
0.009235457
0.009095768
0.009128841
0.00888206
0.00898243
0.008986032
0.009426306
0.008976889
0.008759105
0.00920935
0.009067546
0.008944851
0.0091958605
0.009021741
0.009163323
0.0090304725
0.0089856265
0.009386055
0.009242141
0.008995758
0.009053675
0.009097847
0.008927217
0.009153277
0.0089177545
0.009381438
0.008982435
0.008804472
0.00903529
0.009000254
0.009037519
0.008849606
0.008883162
0.009136537
0.009101398
0.008975892
0.009004431
0.009046126
0.008872615
0.009164799
0.008857415
0.008831165
0.008932163
0.008958226
0.009134033
0.009048718
0.008891142
0.008923459
0.009172015
0.008969058
0.008885662
0.008802321
0.009053468
0.008989005
0.009139082
0.008937234
0.00918368
0.008835642
0.0093769515
0.0089186095
0.008981682
0.009137701
0.009028648
0.008895566
0.00896578
0.008973356
0.0093511995
0.009029831
0.009279913
0.008951764
0.009135336
0.008874553
0.008769304
0.008942743
0.008952386
0.008910633
0.009041687
0.009094628
0.0090203
0.009157794
0.008985615
0.008948186
0.008930851
0.008927238
0.009254322
0.008868994
0.009059043
0.00893057
0.009159634
0.008893165
0.008809999
0.008893707
0.009113192
0.008868267
0.009204978
0.009019541
0.008843577
0.008936476
0.009021448
0.00896603
0.008871078
0.008990138
0.009004287
0.008886343
0.008992092
0.0088875685
0.0090830885
0.009054699
0.008868383
0.008753466
0.009172256
0.008734911
0.008824049
0.008872002
0.008890591
0.008863671
0.008972931
0.009088669
0.0091771195
0.008825528
0.0089812875
0.008873532
0.008813332
0.009008678
0.008979723
0.008973422
0.008898531
0.008813498
0.009058342
0.009000638
0.008984078
0.008700056
0.008993091
0.008768268
0.008731796
0.008894661
0.0089789815
0.008857294
0.008890401
0.0089499885
0.008811126
0.008752796
0.008957367
0.008870791
0.009328765
0.008720253
0.008919537
0.008921551
0.00886797
0.008777515
0.008978409
0.009049704
0.008883585
0.009014887
0.008937308
0.009113634
0.008796303
0.0089734495
0.008841544
0.008972138
0.008797678
0.009245932
0.008674291
0.008818134
0.008925954
0.008894385
0.00890418
0.009053774
0.008780387
0.00897709
0.00891515
0.009065765
0.0088781025
0.008751076
0.0089789275
0.00885931
0.008800448
0.008829089
0.008615079
0.009278365
0.00898819
0.008768888
0.0092271045
0.008862227
0.008795175
0.008693497
0.00877975
0.008954305
0.009024155
0.008907924
0.009019544
0.009093178
0.008858793
0.008936522
0.008978648
0.0089298505
0.00880152
0.008888957
0.008815171
0.008972412
0.008798938
0.008768826
0.008657842
0.008555864
0.008898583
0.008918276
0.008754858
0.009313559
0.008688985
0.008818681
0.008721275
0.00869176
0.008889532
0.009143455
0.008714241
0.008811854
0.008940274
0.008978993
0.008754797
0.008898166
0.008889162
0.008859804
0.00884662
0.009499393
0.008936295
0.009024426
0.008761935
0.009343275
0.008945317
0.008977678
0.008754706
0.008953641
0.008795172
0.008810376
0.008810733
0.008628187
0.00878094
0.008562582
0.0086492095
0.008922577
0.009050368
0.0093993945
0.008761025
0.008744342
0.009068316
0.008749447
0.009006298
0.008666696
0.008601638
0.008824224
0.008810917
0.008735008
0.009058494
0.008510761
0.008619275
0.008941152
0.008661097
0.008874439
0.008929927
0.008666033
0.00886004
0.008815111
0.008756043
0.008663079
0.008537707
0.008809609
0.008642945
0.00874939
0.008752693
0.008672672
0.008473384
0.008396254
0.008945325
0.008561223
0.00858553
0.008828086
0.00873734
0.008641113
0.008807394
0.008606766
0.008594336
0.00859154
0.008458688
0.008867833
0.008621183
0.008830533
0.008753358
0.008552634
0.008531722
0.008729528
0.008657782
0.008543702
0.008720905
0.008703115
0.0087179765
0.008856653
0.008493765
0.008752721
0.008624222
0.008442184
0.008656225
0.00848661
0.008999666
0.008690282
0.00873115
0.0087519195
0.008862127
0.00876648
0.008676568
0.008764179
0.008718765
0.008976372
0.008543217
0.008640889
0.00882622
0.008712581
0.0086591095
0.00877835
0.008770396
0.0087463
0.008956276
0.008542108
0.008707088
0.008847743
0.008961975
0.008715063
0.008681677
0.0087892385
0.008469482
0.00869587
0.008679252
0.00862026
0.008750683
0.008801541
0.008495112
0.008784573
0.008671315
0.008730987
0.008525981
0.008448886
0.008529983
0.008608627
0.008660018
0.008946731
0.008713961
0.008515244
0.00890456
0.008516561
0.008711135
0.008619442
0.0084985215
0.008606809
0.008668704
0.008542712
0.008650685
0.008583318
0.008613839
0.008811957
0.008831676
0.008913715
0.008561222
0.00871405
0.008505922
0.008959217
0.008556467
0.008625792
0.0085562635
0.008676726
0.008548263
0.008598885
0.008553555
0.008547796
0.008494108
0.008659196
0.008706899
0.008545173
0.008937396
0.008992008
0.008572828
0.008636229
0.008776845
0.008699509
0.008462257
0.008694926
0.008724943
0.008485871
0.008593165
0.008827586
0.0083238045
0.008444139
0.008692085
0.008350579
0.008452744
0.008293267
0.008455454
0.008490846
0.008422074
0.008845747
0.008601811
0.008813862
0.0087451255
0.0085913
0.008618703
0.008779684
0.0083825635
0.008548324
0.008457936
0.00848335
0.008669635
0.008351106
0.0083993655
0.008348388
0.00862564
0.0085893
0.008433387
0.008458099
0.008590587
0.008545894
0.008561012
0.008405663
0.008656504
0.0087663755
0.008586112
0.008475007
0.00868802
0.008393157
0.008387206
0.0085767815
0.008408615
0.008578725
0.008457913
0.008622132
0.008723619
0.008614582
0.008461751
0.008527978
0.008537691
0.008460152
0.008484028
0.008595277
0.008636617
0.008579561
0.008716945
0.008433668
0.008604402
0.008356474
0.008779794
0.008402739
0.008613522
0.008703332
0.008301571
0.008665354
0.008607795
0.008422966
0.008527838
0.008461528
0.0083440095
0.008633217
0.00862048
0.008688807
0.008491155
0.008345698
0.008486388
0.008375129
0.008603697
0.0085864635
0.008542721
0.008812431
0.008626727
0.00859551
0.008768868
0.008811451
0.008555857
0.008828024
0.008595633
0.008650641
0.008607069
0.008657652
0.008571528
0.008671306
0.008526373
0.0085274745
0.008808894
0.008722669
0.00856524
0.008613645
0.008680124
0.008454776
0.008446286
0.008773265
0.008511581
0.008355901
0.008380305
0.008538105
0.008455225
0.008454461
0.008613496
0.0085927
0.008561549
0.008662301
0.008350779
0.008507242
0.008472252
0.008454549
0.008410357
0.0085823145
0.00836552
0.008638652
0.008419606
0.008555622
0.008732294
0.008605754
0.008433722
0.008527919
0.008364934
0.008289411
0.008469135
0.0084382
0.008509893
0.008678952
0.008391383
0.008361355
0.008445113
0.008613556
0.008515065
0.00847224
0.008525158
0.008373331
0.008394701
0.008618942
0.008401769
0.008708503
0.008332722
0.008773677
0.008514131
0.008515928
0.008369429
0.008581228
0.008650077
0.00823437
0.008481412
0.008619447
0.008158188
0.008342139
0.00826735
0.008434487
0.008332097
0.00833841
0.00881254
0.0083234
0.008365058
0.008424175
0.008491616
0.008262202
0.008454764
0.008266373
0.008427602
0.008531718
0.0081946775
0.008297914
0.008686557
0.008349918
0.008297272
0.008386095
0.0083749695
0.008370903
0.008441578
0.008309506
0.008492374
0.0083395885
0.008274268
0.008543531
0.008671694
0.008445298
0.008458288
0.008267565
0.008194907
0.008597537
0.008524797
0.008577433
0.008246943
0.008759146
0.00849447
0.00846535
0.0081528565
0.008204588
0.008337902
0.0082684085
0.008403244
0.008325063
0.008377099
0.00821272
0.008331317
0.008421541
0.008476898
0.008236786
0.008109803
0.008453899
0.008570854
0.008254271
0.008334817
0.008452759
0.008467605
0.008366244
0.008428383
0.008371186
0.008470201
0.0082737645
0.008347263
0.008150713
0.008442334
0.008486779
0.008513893
0.0087251915
0.008331988
0.008680804
0.00812475
0.008206458
0.008390431
0.00815271
0.008131878
0.008284248
0.008340575
0.008264759
0.008906981
0.008305188
0.008271383
0.008259723
0.008159378
0.008395852
0.008293595
0.008533181
0.008391359
0.008115257
0.0081625655
0.008112456
0.008500972
0.008217599
0.008190622
0.008136244
0.008287316
0.008115557
0.008593915
0.008215071
0.008220498
0.008214384
0.008105417
0.008229864
0.008163506
0.008338689
0.008191706
0.008322444
0.008441848
0.008310211
0.008196682
0.008307489
0.008419672
0.008143109
0.008149162
0.008129338
0.008374982
0.008186914
0.008306225
0.008185333
0.008115743
0.008378818
0.008160276
0.008219954
0.008166174
0.008346636
0.008198014
0.008204624
0.008331507
0.008341988
0.008149702
0.008511499
0.008179503
0.008273218
0.008358505
0.0082002655
0.008282502
0.008289774
0.008574876
0.008371981
0.0082907425
0.008322934
0.008113805
0.008285611
0.008535485
0.00838032
0.008532893
0.00829251
0.008254467
0.0082041565
0.008323677
0.008339462
0.008121527
0.00814898
0.008042301
0.008210551
0.008153591
0.008324476
0.008322529
0.008064824
0.008529001
0.008165822
0.008014533
0.008284771
0.008523252
0.008132376
0.008294337
0.008346723
0.008111194
0.008273684
0.008273655
0.008095274
0.008090532
0.008404051
0.00812603
0.00797789
0.008129238
0.008204268
0.0082087
0.008104671
0.008185748
0.0084254155
0.008257848
0.008349496
0.008367188
0.008229812
0.008469849
0.008335711
0.008237998
0.008449718
0.008273622
0.008336942
0.00820238
0.008116961
0.0081011
0.008274232
0.008139195
0.008190831
0.00830687
0.008147415
0.0082533555
0.008092325
0.008320831
0.007963399
0.008064353
0.008163872
0.008161824
0.008145231
0.008200553
0.008432228
0.008076333
0.008155796
0.008226509
0.008040806
0.008325565
0.008154375
0.008321154
0.008103554
0.008365922
0.00844768
0.008213211
0.0085529
0.008260578
0.00817433
0.0080626905
0.008426426
0.00823859
0.0080823405
0.008217305
0.008296921
0.0081779845
0.008153443
0.0081250835
0.008184327
0.008197258
0.008149655
0.008215569
0.008274871
0.008245107
0.008162247
0.00814602
0.008331582
0.0081629995
0.00805677
0.008067743
0.008184933
0.008065575
0.008248089
0.008191147
0.008363278
0.008480278
0.008395265
0.007973011
0.008262591
0.00817224
0.008192047
0.008177563
0.008197465
0.008285519
0.0083053345
0.008289864
0.008060651
0.007919609
0.00792404
0.008115904
0.0081050005
0.008755773
0.008222395
0.008113711
0.008699382
0.008141361
0.008209057
0.008192141
0.007960984
0.008291009
0.008540517
0.0080381725
0.0080239
0.008142933
0.008059695
0.008082616
0.007965717
0.007970846
0.008060055
0.00822818
0.008061165
0.008136192
0.008208113
0.008462453
0.008214119
0.007892046
0.008385015
0.008019492
0.008102727
0.008336482
0.008387578
0.008220287
0.008309899
0.008230821
0.008301347
0.008289964
0.008685593
0.008461346
0.008274077
0.008298032
0.008380601
0.008135017
0.008117777
0.008139078
0.008278235
0.008510421
0.008281697
0.008099115
0.008183386
0.008673561
0.0083189355
0.008157159
0.008002483
0.008088357
0.008205047
0.008150877
0.008071225
0.00808635
0.008257166
0.00809888
0.008566788
0.0080742035
0.008246129
0.008330731
0.008121415
0.008014296
0.008061192
0.008331914
0.008815407
0.008345482
0.0081017725
0.0079809455
0.008133122
0.008186808
0.008070088
0.008379812
0.008174871
0.0080936095
0.008082386
0.007999927
0.008234891
0.008250762
0.00813957
0.007963368
0.007839431
0.008085602
0.008142933
0.008046817
0.00808442
0.008170511
0.008315521
0.008021024
0.008188229
0.007981075
0.008048073
0.008016257
0.008167559
0.008108027
0.008326364
0.008307525
0.008159688
0.008052167
0.008141878
0.008142409
0.008037284
0.008008155
0.007950086
0.008034122
0.008023358
0.007871992
0.0078007225
0.0079734465
0.008139623
0.008175111
0.008249247
0.007969813
0.008183955
0.0078279665
0.008005061
0.008015846
0.008089244
0.008009728
0.007906239
0.007923464
0.007981256
0.00794476
0.007850314
0.0077970386
0.007904147
0.008127282
0.007862927
0.007886642
0.008222802
0.008001042
0.00789809
0.008114776
0.00820043
0.007964909
0.008145459
0.008056329
0.008014389
0.007950528
0.008024671
0.008206706
0.007977526
0.007981559
0.008079457
0.0080545135
0.00782492
0.0079593435
0.0078901015
0.007846114
0.007840336
0.008168038
0.008190185
0.00788007
0.0077779195
0.007923223
0.008120065
0.008037732
0.0078703305
0.007955383
0.008033845
0.0081208525
0.008147569
0.007981166
0.008133632
0.0079626655
0.008374444
0.008164542
0.008296358
0.007967624
0.008222685
0.0085844835
0.008237825
0.007935403
0.00825592
0.007956735
0.008066711
0.00781384
0.00795277
0.008285682
0.008040396
0.008232261
0.007988835
0.008055221
0.0078018405
0.00811066
0.008138425
0.008190609
0.008009836
0.008459135
0.008203742
0.008232928
0.008004081
0.008225507
0.0077929646
0.007998156
0.008250381
0.008109878
0.007913586
0.008091205
0.008180167
0.007901768
0.008036162
0.008162337
0.007973357
0.007945164
0.008135825
0.007973522
0.007918184
0.007899189
0.007883822
0.007894474
0.0081552155
0.008020705
0.008108391
0.007958731
0.008017057
0.007997286
0.007985201
0.007929139
0.007983429
0.008033223
0.008385824
0.007957222
0.007880949
0.007935944
0.007992702
0.008103379
0.007855225
0.0077653974
0.008054342
0.008065251
0.008251404
0.008189864
0.007937645
0.007903319
0.008018971
0.008011276
0.007956148
0.007956043
0.008118349
0.007856482
0.007829138
0.007941972
0.007862848
0.008019978
0.007987039
0.008102066
0.007970647
0.007979568
0.008008872
0.007993917
0.007991962
0.007966159
0.008082099
0.007903236
0.0078914715
0.007879913
0.007911964
0.007881801
0.008030004
0.008111096
0.008025158
0.0078926
0.007904688
0.00785842
0.007969556
0.007892414
0.00802635
0.008149595
0.008273221
0.008015011
0.008011967
0.007958362
0.007947399
0.007792751
0.007829211
0.0081148585
0.007883328
0.0076446002
0.007875765
0.0077978084
0.0079449555
0.008050552
0.007778788
0.007954821
0.007806493
0.007929497
0.008038134
0.008074457
0.007862615
0.007991538
0.007845662
0.0077817
0.007854235
0.007630981
0.007879416
0.008143851
0.00783132
0.007870954
0.007998115
0.007958489
0.0079147555
0.007832791
0.00780298
0.008183289
0.007992458
0.007817006
0.007946266
0.0078046527
0.0079896115
0.007831956
0.008075566
0.007991338
0.008027447
0.00793261
0.008149381
0.007897315
0.0077605536
0.007917177
0.0081822155
0.008138782
0.008034217
0.008048392
0.008100089
0.007894624
0.008021355
0.008048129
0.007868962
0.007912753
0.007857563
0.007814257
0.007750116
0.007900966
0.007841951
0.007787153
0.007834017
0.00793996
0.00801359
0.007970564
0.007919268
0.007977361
0.00794635
0.0077628205
0.007878023
0.008110376
0.00821087
0.0079095075
0.00777985
0.0076554287
0.007945237
0.008013254
0.007723114
0.0077496804
0.0077771507
0.007880179
0.007909109
0.0079317875
0.007881617
0.0077183684
0.007818006
0.007816116
0.0077414806
0.007777223
0.007892122
0.007904147
0.007839928
0.007933467
0.008236129
0.0077506495
0.007989929
0.007905299
0.008016421
0.0077846856
0.0076919766
0.0078055914
0.0077781547
0.0077330153
0.007827587
0.007880388
0.007727189
0.007784712
0.00816965
0.008179276
0.008228827
0.007741739
0.007930909
0.008122354
0.007816985
0.0076330155
0.007894475
0.0077060987
0.007856064
0.008102148
0.0077972086
0.007772164
0.007820587
0.007612585
0.0078091705
0.007983997
0.0076878048
0.0078002685
0.007560075
0.007949549
0.0079305405
0.007898329
0.0077038705
0.0077847964
0.007691185
0.007829988
0.0076358207
0.007988983
0.007785615
0.0076975673
0.007813214
0.007922425
0.0076856944
0.007816318
0.007838837
0.007994022
0.007970485
0.007995644
0.007894827
0.007936031
0.007955561
0.007558175
0.0077933534
0.0077842083
0.00789428
0.0077916314
0.0076622767
0.0075865495
0.007747041
0.007993587
0.007807441
0.007581461
0.0074937185
0.0076056826
0.0077817203
0.007841351
0.0078979395
0.007827898
0.0077752797
0.007755691
0.007797866
0.0077207796
0.007696318
0.007882655
0.008074135
0.0077471086
0.007678752
0.007736528
0.007804026
0.0077761207
0.0076668337
0.0076572304
0.007580223
0.0077092675
0.007586386
0.007869458
0.0076265167
0.007626143
0.007929812
0.007671564
0.0077684377
0.007717495
0.0075903023
0.008147896
0.0076953364
0.00752328
0.007912818
0.0075883977
0.007810112
0.0077407514
0.007638112
0.007715433
0.007718504
0.00766986
0.0075429995
0.0078011523
0.0076503134
0.007682229
0.007644735
0.0075951554
0.007900056
0.007755772
0.007682273
0.0076325866
0.0077064466
0.007844088
0.007649826
0.007775559
0.007850024
0.0077949916
0.007600387
0.007926909
0.0077789654
0.0076887626
0.007820946
0.00765597
0.0075458754
0.0076922295
0.007603618
0.0077956696
0.007701033
0.0076253936
0.0077987835
0.007537465
0.007602955
0.0075524123
0.007730905
0.00776348
0.007614406
0.007695883
0.0075605074
0.007703417
0.0076888967
0.00783551
0.0077040247
0.0075305104
0.0076394402
0.0077170613
0.007801444
0.007568072
0.00753054
0.0077100415
0.0075548347
0.007615884
0.007534317
0.0076833405
0.0076455213
0.007583704
0.008345993
0.007629902
0.0075812107
0.007723073
0.0075524477
0.0077748275
0.0077920076
0.007955335
0.0076074884
0.007709835
0.007774503
0.0077931345
0.0077350675
0.007727019
0.0075043575
0.0075893262
0.0076670526
0.00763186
0.0077465293
0.008017948
0.007731205
0.0075060013
0.0077104555
0.007823445
0.00788944
0.0077453516
0.007979881
0.007547479
0.0075898976
0.0076304725
0.0078970725
0.007685354
0.0076319617
0.00793031
0.008069939
0.0077989297
0.0075720428
0.0076310933
0.0077237934
0.007588716
0.007580916
0.007738298
0.0075694798
0.0076301047
0.007718227
0.0079659745
0.007577372
0.007556201
0.007830037
0.008001074
0.0075650094
0.007603251
0.007707389
0.00764433
0.007640354
0.007716862
0.00786003
0.0077244956
0.007550533
0.007435793
0.0076559302
0.0074875327
0.007534523
0.007476253
0.007619988
0.007558386
0.0074119144
0.0078041954
0.0076560033
0.007510703
0.007663375
0.0075187683
0.0074893725