
0.09379666
0.08466154
0.0813949
0.083244614
0.089563996
0.0869096
0.08903637
0.07950237
0.078673184
0.08683344
0.07356557
0.07679949
0.078877635
0.075261205
0.06930952
0.0751949
0.070166945
0.068593524
0.06884242
0.07111263
0.0679181
0.066706575
0.06951669
0.06837577
0.06427531
0.066375986
0.06871571
0.066612676
0.061526317
0.060797807
0.060250178
0.060081407
0.062163446
0.059167616
0.06157262
0.060409598
0.059484806
0.061418727
0.060685646
0.060410842
0.06357047
0.060390454
0.058254395
0.06005407
0.059091724
0.069277726
0.05858826
0.060059182
0.057741046
0.0606871
0.057807937
0.058660943
0.058279287
0.06512499
0.056317255
0.057346765
0.05779611
0.056612566
0.060552537
0.065038934
0.05963612
0.05626863
0.056774884
0.055754572
0.05432911
0.05395455
0.05267715
0.053768888
0.054443803
0.052917983
0.056884613
0.054296035
0.054745782
0.05337778
0.053028323
0.053625938
0.051407423
0.051277515
0.052101027
0.05088067
0.0498345
0.051097665
0.05125741
0.05010685
0.052010287
0.050018795
0.0513735
0.04871565
0.049500678
0.050001927
0.047014624
0.04817852
0.04805243
0.046811704
0.047065385
0.046612762
0.04723539
0.047994707
0.046815403
0.047916725
0.04570792
0.046428304
0.047603093
0.045513604
0.046211198
0.04514324
0.044675093
0.04686927
0.045237318
0.04781485
0.04735918
0.043841913
0.04557251
0.044415265
0.044147924
0.043116532
0.045288548
0.0440408
0.043239944
0.044222362
0.044062126
0.044498533
0.04432741
0.044548403
0.043380924
0.043455478
0.04169654
0.0419577
0.04389893
0.044070914
0.04367482
0.041187398
0.04158792
0.040876105
0.042369142
0.04242485
0.044905372
0.0476682
0.04304739
0.042326022
0.042211793
0.041477516
0.047910362
0.041675642
0.04138329
0.040965207
0.041329917
0.04085947
0.0412355
0.039329525
0.03938784
0.03933383
0.038710717
0.03940083
0.04061136
0.038136758
0.03860836
0.039209906
0.03770298
0.038500268
0.03823757
0.038408626
0.037646804
0.03832202
0.04027512
0.037698064
0.03815165
0.03843784
0.037125852
0.03891973
0.037507236
0.036746096
0.037133355
0.036825888
0.03686919
0.036225647
0.036704864
0.038296945
0.036285598
0.036440175
0.03597733
0.036415696
0.03657067
0.03639278
0.037164558
0.036273167
0.03662096
0.035375517
0.035493445
0.03562854
0.03622669
0.03485957
0.03539783
0.035032608
0.034849912
0.034890737
0.034847233
0.036351003
0.036299452
0.035270307
0.03616507
0.0345621
0.034355458
0.03512293
0.035198428
0.034421884
0.033837035
0.035477605
0.034901068
0.03455649
0.03426906
0.034088258
0.034496676
0.03410349
0.034282144
0.03320817
0.03368517
0.03542819
0.03301751
0.032856278
0.03484637
0.033474114
0.033149857
0.033836424
0.03226764
0.032364797
0.03211853
0.03237718
0.032818917
0.03289815
0.033255372
0.03199365
0.03287729
0.033059042
0.03291844
0.03284504
0.033064306
0.031319555
0.031735666
0.031810805
0.03210994
0.033023443
0.031493388
0.03259257
0.032115705
0.03149121
0.030959586
0.030293673
0.030543888
0.030446986
0.0312975
0.03046732
0.030863984
0.031388056
0.03182534
0.031250443
0.031085996
0.030142322
0.030198084
0.030524421
0.02977789
0.030426316
0.03041287
0.031047156
0.030618014
0.030020889
0.03021313
0.029640334
0.030482307
0.030001884
0.03105748
0.030905314
0.02951964
0.029860886
0.028807381
0.030002896
0.029543526
0.029581714
0.030235086
0.029607069
0.030392949
0.029203994
0.02933987
0.02933266
0.029944738
0.029652268
0.028428204
0.029360158
0.03076921
0.030113539
0.029785486
0.029567748
0.029264063
0.028264368
0.029795729
0.027824245
0.028389828
0.028570266
0.029713413
0.029447448
0.028457427
0.029150125
0.027737143
0.028570006
0.027782291
0.027822988
0.027818711
0.027859153
0.02764178
0.027468966
0.02826665
0.026882134
0.02711095
0.026779843
0.02685965
0.026656285
0.026281515
0.027046148
0.027367257
0.02841407
0.027796006
0.026863772
0.026953539
0.027838236
0.026279401
0.02643372
0.026447784
0.026505042
0.026544921
0.026447384
0.027169017
0.026096113
0.026311196
0.025517328
0.02700575
0.025872894
0.02568393
0.025433607
0.027711764
0.025650267
0.025498569
0.025282819
0.02607331
0.026228275
0.026383506
0.026104413
0.024987374
0.02629225
0.025102817
0.025610972
0.025051378
0.024683045
0.024387592
0.025284236
0.025999907
0.02524094
0.025213521
0.025615312
0.02461634
0.02502625
0.024811916
0.025535831
0.025615752
0.024316777
0.024570925
0.02421367
0.024187518
0.024737783
0.025109554
0.02422382
0.02535585
0.024321536
0.024586143
0.024012582
0.024027226
0.024676288
0.024273187
0.02512812
0.024496412
0.02459182
0.024545262
0.025271107
0.024043119
0.024092216
0.024405273
0.02502831
0.024059746
0.023727003
0.024285747
0.024029998
0.023393856
0.023331728
0.022878433
0.023387697
0.023336334
0.024135295
0.023301955
0.024140256
0.023547683
0.024046931
0.023687113
0.024410214
0.024395483
0.023894964
0.023721738
0.023698702
0.023138925
0.023447867
0.023258595
0.023068318
0.02255369
0.023268865
0.023381956
0.023653721
0.022711558
0.023034327
0.022801774
0.023090469
0.022403035
0.022098184
0.022326447
0.022535117
0.022883734
0.022763232
0.022343552
0.02195526
0.021747276
0.022631258
0.022095019
0.022378918
0.022452844
0.022717696
0.022066694
0.021977708
0.022156162
0.021916235
0.022351202
0.021903528
0.022993956
0.021460371
0.021853058
0.021104502
0.0223227
0.021752598
0.021903412
0.021582365
0.02152932
0.022143684
0.02196112
0.021861345
0.02158012
0.022296872
0.021451227
0.021856071
0.021458201
0.020882873
0.021256616
0.021837704
0.021236334
0.022112507
0.021016076
0.021234969
0.021370243
0.021779126
0.021127881
0.021708176
0.020962946
0.021004932
0.021538261
0.021119582
0.02105731
0.021211494
0.021010252
0.021254433
0.021282472
0.021589834
0.020777132
0.020465113
0.02031977
0.0208131
0.02083113
0.02102232
0.020757284
0.021530984
0.020452095
0.020402001
0.020957837
0.020431511
0.021003999
0.020092335
0.020444421
0.021378057
0.020334674
0.021222401
0.021666674
0.021069074
0.020576881
0.020500924
0.020414941
0.021218065
0.020393077
0.020251017
0.02055159
0.021468094
0.020165816
0.02076304
0.020339113
0.020524368
0.020179452
0.020105653
0.020357471
0.020226594
0.020136375
0.019839823
0.019696636
0.01940179
0.019827621
0.019753851
0.019739883
0.019499054
0.019694248
0.020139938
0.019283509
0.019264944
0.019061357
0.019453496
0.019374842
0.019439578
0.0201667
0.018752944
0.019048855
0.019068265
0.019407239
0.01891051
0.019275714
0.019443158
0.020297969
0.0195108
0.01954565
0.019110534
0.018622527
0.019911623
0.019236129
0.019090673
0.018850757
0.018866353
0.019209122
0.019418702
0.019908998
0.01894824
0.018831452
0.01952831
0.018779533
0.019285908
0.018762114
0.019074714
0.01917397
0.018924955
0.020012932
0.01842565
0.018996365
0.018318506
0.019416768
0.018412013
0.018567612
0.01850997
0.01848482
0.018052962
0.017906131
0.017989937
0.018086325
0.018571544
0.018226244
0.017847814
0.018264644
0.018409152
0.018293198
0.01893199
0.018598821
0.018676154
0.018123055
0.018055502
0.018970007
0.018188158
0.017964557
0.018452816
0.018077346
0.017947499
0.01787813
0.01777181
0.01826908
0.01789708
0.017979613
0.017258419
0.01771596
0.018111868
0.01755922
0.017380135
0.018478679
0.018055463
0.018120354
0.01786698
0.017662488
0.018036509
0.018074578
0.01810968
0.017762253
0.018346192
0.017756717
0.01766996
0.018401373
0.01817375
0.017763633
0.018054724
0.017818134
0.017449103
0.018156767
0.018528149
0.019350037
0.018774148
0.018117402
0.018034598
0.018652985
0.017695574
0.0175389
0.018092532
0.018406132
0.017160447
0.016953148
0.017102584
0.017298382
0.01679531
0.017090928
0.017731292
0.017234867
0.016897758
0.016917055
0.017350836
0.017356718
0.016913837
0.016627973
0.016715592
0.016827064
0.0167976
0.016729975
0.016925996
0.016689302
0.016745413
0.016655793
0.016447652
0.01688859
0.016656209
0.016775427
0.016990466
0.016601522
0.016598947
0.016645858
0.016148536
0.016901633
0.016620751
0.016866334
0.017024493
0.016030533
0.016387915
0.016378516
0.016641958
0.016552828
0.017067749
0.01638114
0.017017579
0.016598895
0.01591498
0.01628175
0.01711388
0.017193116
0.017812995
0.01659217
0.016429756
0.016360154
0.016072197
0.016361175
0.016438272
0.016175726
0.015857542
0.016133677
0.016399447
0.016278878
0.01622965
0.016042784
0.016015356
0.015799401
0.015876971
0.015496394
0.015806582
0.01628978
0.015793188
0.015676793
0.016268894
0.016088115
0.016195495
0.015681377
0.015576667
0.015750557
0.015794449
0.01580921
0.01538811
0.01563426
0.015133963
0.01584752
0.015989184
0.01601665
0.0155060245
0.016215675
0.015739176
0.015258591
0.015539756
0.015271275
0.015028127
0.015507929
0.015203423
0.015648415
0.015646318
0.016420994
0.01607305
0.016445009
0.0152476095
0.01527469
0.015509096
0.01579122
0.0153682595
0.015471761
0.016526205
0.01555511
0.015411573
0.0150511805
0.014882407
0.015505012
0.0151879145
0.0149805825
0.014967694
0.015491159
0.015475577
0.01601471
0.01493007
0.014986551
0.015325944
0.015575868
0.014784627
0.015052831
0.015242844
0.014603107
0.015146904
0.015185076
0.015060536
0.015312821
0.014812997
0.015134129
0.014863141
0.014662398
0.014707647
0.0148641
0.0152157415
0.015311035
0.014802984
0.015249589
0.015194345
0.0149453115
0.015442622
0.015143399
0.015182195
0.014643992
0.015534088
0.014617266
0.014860157
0.014877652
0.014986426
0.014891247
0.014534103
0.014761252
0.014821608
0.014499958
0.015091415
0.014831422
0.014266656
0.014776714
0.014287119
0.014627217
0.014481625
0.0144143775
0.0142651275
0.014293239
0.014402467
0.014300743
0.014306145
0.013979333
0.014248896
0.015561086
0.015136355
0.014665443
0.014081521
0.014146541
0.014592381
0.014086636
0.015502319
0.014327011
0.014194646
0.01407169
0.014314078
0.013805399
0.015194126
0.014653563
0.014296208
0.014800534
0.01426449
0.01428596
0.014422039
0.014241116
0.014007763
0.013688467
0.014598515
0.014108183
0.013973659
0.013995252
0.014348012
0.014269305
0.013881827
0.0141549595
0.013815582
0.014424108
0.013949341
0.013735797
0.013868232
0.013855306
0.013658333
0.013602402
0.014241563
0.013967619
0.014187674
0.014066667
0.014007493
0.013767392
0.014068031
0.013906895
0.014496461
0.014127258
0.013617694
0.013794277
0.013824267
0.0138918925
0.014637542
0.01418463
0.014484197
0.01373268
0.013608552
0.013660756
0.013772825
0.013924475
0.013392108
0.013351648
0.0135753555
0.01359091
0.013527278
0.013450688
0.0138338255
0.013526488
0.013648171
0.013401845
0.013668493
0.013566151
0.014770351
0.013314132
0.013581168
0.0137037095
0.013983775
0.014438288
0.013515495
0.013636618
0.013495415
0.013543579
0.014278849
0.013549228
0.013517772
0.013870794
0.013632445
0.014162177
0.013866058
0.013479122
0.013830979
0.013451882
0.014128424
0.013745633
0.014147518
0.013672509
0.013206752
0.01362073
0.013477965
0.013134895
0.013754909
0.013117824
0.0131641915
0.012948926
0.013020607
0.013244632
0.0138539355
0.01306181
0.012957516
0.013621089
0.013186348
0.013229083
0.013372262
0.013242592
0.013346539
0.013607832
0.013160281
0.013448766
0.01328452
0.013415821
0.013334204
0.0131434845
0.0130858
0.013214632
0.012928575
0.013096078
0.013136006
0.012882146
0.013196591
0.013190222
0.013660612
0.013762755
0.013186868
0.013931149
0.0133499
0.012925813
0.013202274
0.013136521
0.012983122
0.013273863
0.013075068
0.013385764
0.0128195
0.013186712
0.01298475
0.012906008
0.012847924
0.013471974
0.01295607
0.012451622
0.012719762
0.01291052
0.013119339
0.013078876
0.0131167695
0.012769968
0.012387583
0.012841837
0.012936533
0.012606841
0.012912049
0.012904738
0.012631729
0.012897042
0.012734399
0.01295137
0.013059786
0.012770803
0.012689601
0.0125588905
0.0128369555
0.012457782
0.012508764
0.012528635
0.012701047
0.012481755
0.012575929
0.012807743
0.012946399
0.012364619
0.012389591
0.012308018
0.012451519
0.012474234
0.0125239985
0.012823169
0.0125343865
0.012419217
0.012163024
0.0120887505
0.012473058
0.012700031
0.012385626
0.012843818
0.012153413
0.01278302
0.01247207
0.012697946
0.012911987
0.012658125
0.012510508
0.012765508
0.011839779
0.012227869
0.012055091
0.012137988
0.012215857
0.012287477
0.013220169
0.012516618
0.012050024
0.012273935
0.0125574805
0.012158914
0.012101128
0.012373557
0.012152059
0.012284815
0.012023756
0.012181197
0.011967487
0.012390191
0.012966297
0.012588004
0.012073741
0.012110101
0.01201019
0.011935091
0.012097494
0.0122240875
0.012252683
0.011993857
0.012025902
0.011986456
0.012379327
0.012063374
0.011954465
0.012176684
0.011958073
0.012059397
0.011885016
0.012020351
0.0127554545
0.011920928
0.0122412825
0.012823342
0.012364794
0.011786052
0.011858227
0.012062275
0.011692698
0.012097082
0.011947781
0.011822499
0.0117521165
0.01175204
0.011771114
0.012359895
0.011848826
0.012121795
0.011820491
0.011449306
0.011929126
0.011729027
0.012108122
0.011694325
0.011878138
0.0117581915
0.011678397
0.012320542
0.012101403
0.01196555
0.012142758
0.011725297
0.011578588
0.011605785
0.011987598
0.011969947
0.012139549
0.011833969
0.011729623
0.01137957
0.011634848
0.011545013
0.01185567
0.011663222
0.01155401
0.011848904
0.011448291
0.011414802
0.011778823
0.011577242
0.011545544
0.011424233
0.011321255
0.011837554
0.011266811
0.01135313
0.011707716
0.011632935
0.012118782
0.011796975
0.011355431
0.011447584
0.011649936
0.0116228415
0.0112731485
0.011642543
0.011630929
0.011985593
0.01123738
0.0120571675
0.011690652
0.011727702
0.011760102
0.011658226
0.011332585
0.011196647
0.011258815
0.011673636
0.011359427
0.011169394
0.011314649
0.011427311
0.011360593
0.011764906
0.011519197
0.011236368
0.011772687
0.011282225
0.011784894
0.011339653
0.01121603
0.011314938
0.01159162
0.01159633
0.011535596
0.011122896
0.011072126
0.011546293
0.0113158645
0.011058893
0.01111533
0.011252798
0.011135309
0.011269536
0.0116055105
0.011274148
0.011165421
0.011334674
0.0114400415
0.011288732
0.011212355
0.011031525
0.011113355
0.011447375
0.011230347
0.01127603
0.011520547
0.0113807935
0.011893815
0.011102207
0.011410011
0.01228077
0.011341941
0.011361504
0.011511025
0.011505475
0.011256503
0.011283676
0.011016431
0.011349529
0.011215481
0.011155049
0.011177459
0.011104287
0.010901713
0.011149062
0.011119152
0.011046784
0.01100509
0.011042909
0.01130112
0.010786868
0.010696957
0.011084017
0.01132464
0.010877589
0.01117931
0.011166352
0.010787153
0.010886942
0.01118616
0.011105796
0.011196163
0.011189543
0.010977213
0.011155007
0.011149413
0.011090555
0.011240957
0.010924519
0.011007346
0.010865398
0.010577152
0.010622818
0.010646773
0.0109394165
0.010984125
0.010761711
0.0105670085
0.011120582
0.011017868
0.011313727
0.011033657
0.010996457
0.011012684
0.01081244
0.010865784
0.010711809
0.010720986
0.010797715
0.010651174
0.01068159
0.010603806
0.010732551
0.010636103
0.010708957
0.010894369
0.010579698
0.010395979
0.010905723
0.010716931
0.011170197
0.010474052
0.010958098
0.010787008
0.010759176
0.011018494
0.010402611
0.010779647
0.010871162
0.010691502
0.010703715
0.010367797
0.010850743
0.010791245
0.010448813
0.010471777
0.010258665
0.010252538
0.010278218
0.010631804
0.010408388
0.010235045
0.010245051
0.010306502
0.010127927
0.010743501
0.010424657
0.010615701
0.010616213
0.010792774
0.010266992
0.010309414
0.010432914
0.010809662
0.010234663
0.01032801
0.010441054
0.010774141
0.010783888
0.010378656
0.010264355
0.010355022
0.010648625
0.010311377
0.010310151
0.010393507
0.010310314
0.010362385
0.01047549
0.010485542
0.010029434
0.010404466
0.010093651
0.010274218
0.010458193
0.010725048
0.010345829
0.010197569
0.010314883
0.009887824
0.010391555
0.010042456
0.010314616
0.010365539
0.010710556
0.0101636
0.01007374
0.010163865
0.010041184
0.01021126
0.010455959
0.010476189
0.010010442
0.010431159
0.010075722
0.010035849
0.010440484
0.010223207
0.010261421
0.009836838
0.010159262
0.009912633
0.010084603
0.010101705
0.010320487
0.009837766
0.010238159
0.010049451
0.009753332
0.010007408
0.010097211
0.010211382
0.010410227
0.009871072
0.010126817
0.009836249
0.01012977
0.009522597
0.009959627
0.009985312
0.00986102
0.010158392
0.010145251
0.010339101
0.010746118
0.010079827
0.010268226
0.009950438
0.010307613
0.009818592
0.0101571195
0.009978326
0.010366451
0.009783849
0.01006854
0.009727253
0.010025193
0.009621467
0.010094165
0.010515397
0.010293711
0.00968362
0.009748146
0.010177829
0.010446889
0.009746896
0.010011461
0.009815305
0.010063047
0.009890511
0.009901186
0.009893541
0.00962604
0.009962469
0.009882472
0.009897778
0.009776752
0.010045118
0.010174594
0.009729939
0.009921748
0.009895876
0.009529941
0.009845507
0.0101848915
0.009726347
0.009659454
0.009737452
0.009785814
0.009673016
0.0097696325
0.009739929
0.0096911155
0.009757908
0.009816607
0.009985183
0.009653235
0.009882099
0.009704423
0.009571047
0.009614718
0.009540652
0.009833204
0.010036564
0.010619489
0.00998001
0.009753074
0.010029621
0.009867603
0.010014196
0.009725649
0.009680165
0.009933382
0.009882968
0.010006246
0.009803304
0.009564472
0.009886314
0.009626841
0.009901692
0.00968637
0.009520898
0.009632305
0.009661702
0.009876782
0.009602474
0.009744013
0.00954665
0.009798738
0.009517048
0.009485509
0.009829079
0.009778347
0.009299219
0.009253885
0.009582708
0.009896021
0.009492173
0.0092244055
0.009416818
0.0097060315
0.0096967
0.009753057
0.0100415675
0.009547217
0.009392798
0.009562642
0.010017238
0.0093952725
0.009497247
0.009680371
0.009707252
0.009231636
0.009523886
0.009564248
0.00954724
0.009509348
0.009728817
0.009433472
0.009355256
0.0097121615
0.009288488
0.009539171
0.009271597
0.009693942
0.009408418
0.0094786715
0.009930124
0.009398732
0.009561453
0.009790145
0.009673786
0.009404577
0.009567014
0.009452405
0.009335386
0.009962365
0.009305606
0.009721517
0.0095284525
0.008975621
0.009149063
0.009716012
0.009704585
0.009320958
0.009080461
0.009102163
0.0093331635
0.009456997
0.0092605315
0.00940338
0.009284404
0.009250443
0.0095460415
0.009313342
0.009106757
0.0092760315
0.008872606
0.009170752
0.009078643
0.009101811
0.0090335505
0.009541257
0.009163348
0.009225375
0.0093287565
0.009428466
0.009350578
0.009225116
0.009561316
0.009461129
0.009173939
0.0096427975
0.009308387
0.009033917
0.0091477465
0.009129325
0.00932481
0.009613545
0.009124603
0.009523146
0.0089522125
0.00903041
0.009295905
0.009130027
0.009519617
0.009125897
0.008983529
0.009363132
0.009196855
0.009142102
0.0092879655
0.009148454
0.00899076
0.008920467
0.009135234
0.009337464
0.009379382
0.009290305
0.009293737
0.009385815
0.009498553
0.009131349
0.0090806745
0.009066657
0.009133497
0.0092978915
0.009038684
0.009029636