20 196.71 0.24 196.95 0.058 15 39 0.33 0.0 
40 194.66 0.7 195.36 0.083 31 84 0.68 0.0 
60 192.89 0.97 193.86 0.121 44 135 0.96 0.01 
80 190.79 1.12 191.91 0.158 58 187 1.27 0.01 
100 189.18 1.17 190.35 0.182 73 237 1.6 0.01 
120 187.68 1.64 189.33 0.204 88 293 1.93 0.01 
140 185.63 2.23 187.85 0.23 103 339 2.26 0.02 
160 184.37 2.64 187.01 0.256 111 389 2.43 0.02 
180 183.64 2.89 186.54 0.258 123 449 2.7 0.02 
200 182.6 3.1 185.69 0.288 134 511 2.94 0.03 
220 181.62 3.3 184.92 0.31 148 571 3.25 0.03 
240 180.48 3.72 184.2 0.324 159 623 3.49 0.03 
260 179.28 4.35 183.63 0.342 173 674 3.79 0.03 
280 178.46 4.82 183.28 0.357 187 740 4.1 0.04 
300 176.76 5.11 181.87 0.376 197 800 4.32 0.04 
320 175.18 5.65 180.83 0.389 213 855 4.67 0.04 
340 173.49 6.28 179.77 0.413 225 907 4.93 0.05 
360 172.33 6.79 179.12 0.429 238 956 5.22 0.05 
380 170.87 7.26 178.13 0.446 249 1007 5.46 0.05 
400 168.92 7.68 176.6 0.464 258 1066 5.66 0.05 
420 168.54 8.06 176.6 0.477 271 1124 5.94 0.06 
440 167.26 8.45 175.71 0.479 285 1178 6.25 0.06 
460 165.79 8.65 174.43 0.49 297 1241 6.51 0.06 
480 165.12 9.06 174.18 0.505 313 1293 6.86 0.06 
500 163.85 9.54 173.38 0.506 325 1347 7.13 0.07 
520 162.48 9.9 172.38 0.519 337 1417 7.39 0.07 
540 161.53 10.42 171.94 0.53 350 1481 7.68 0.07 
560 161.28 10.84 172.13 0.531 356 1544 7.81 0.08 
580 160.61 11.35 171.96 0.545 369 1609 8.09 0.08 
600 158.67 11.82 170.49 0.555 379 1675 8.31 0.08 
620 157.59 12.39 169.98 0.561 393 1736 8.62 0.09 
640 156.36 13.04 169.41 0.567 404 1810 8.86 0.09 
660 154.51 13.49 168.0 0.585 419 1874 9.19 0.09 
680 153.93 14.0 167.92 0.587 431 1924 9.45 0.1 
700 153.13 14.45 167.59 0.592 446 1980 9.78 0.1 
720 151.71 14.82 166.53 0.603 458 2043 10.04 0.1 
740 150.8 15.36 166.16 0.613 472 2112 10.35 0.11 
760 149.33 15.89 165.22 0.614 480 2187 10.53 0.11 
780 148.43 16.47 164.9 0.621 491 2257 10.77 0.11 
800 147.54 16.95 164.49 0.623 504 2330 11.05 0.12 
820 146.55 17.59 164.13 0.634 518 2394 11.36 0.12 
840 145.0 18.09 163.09 0.638 531 2468 11.64 0.12 
860 144.31 18.65 162.96 0.638 538 2544 11.8 0.13 
880 143.7 19.14 162.84 0.643 549 2617 12.04 0.13 
900 141.97 19.82 161.79 0.648 559 2691 12.26 0.13 
920 140.83 20.33 161.17 0.656 574 2755 12.59 0.14 
940 139.32 20.68 160.0 0.666 584 2833 12.81 0.14 
960 138.16 21.19 159.36 0.673 590 2905 12.94 0.14 
980 137.73 21.67 159.4 0.674 601 2972 13.18 0.15 
1000 137.39 22.32 159.72 0.679 613 3047 13.44 0.15 
1020 136.9 22.92 159.82 0.675 623 3121 13.66 0.16 
1040 136.01 23.56 159.57 0.679 634 3189 13.9 0.16 
1060 134.96 24.1 159.06 0.685 648 3251 14.21 0.16 
1080 133.3 24.68 157.98 0.683 658 3320 14.43 0.17 
1100 133.59 25.26 158.85 0.69 666 3388 14.61 0.17 
1120 132.72 25.87 158.6 0.697 678 3467 14.87 0.17 
1140 131.24 26.45 157.69 0.706 691 3549 15.15 0.18 
1160 130.23 26.93 157.16 0.708 704 3608 15.44 0.18 
1180 129.82 27.43 157.25 0.709 707 3684 15.5 0.18 
1200 129.21 27.95 157.17 0.711 721 3758 15.81 0.19 
1220 128.32 28.62 156.94 0.71 732 3833 16.05 0.19 
1240 126.97 29.35 156.32 0.718 743 3914 16.29 0.19 
1260 126.12 29.73 155.84 0.719 753 3987 16.51 0.2 
1280 125.77 30.23 156.0 0.725 762 4063 16.71 0.2 
1300 124.8 30.88 155.67 0.726 774 4140 16.97 0.21 
1320 124.23 31.45 155.68 0.727 783 4218 17.17 0.21 
1340 123.92 32.02 155.94 0.731 792 4288 17.37 0.21 
1360 122.58 32.61 155.19 0.736 797 4361 17.48 0.22 
1380 121.68 33.21 154.89 0.737 803 4442 17.61 0.22 
1400 121.54 33.86 155.39 0.74 810 4521 17.76 0.22 
1420 120.75 34.52 155.27 0.741 817 4595 17.92 0.23 
1440 119.85 35.13 154.98 0.74 826 4678 18.11 0.23 
1460 118.85 35.7 154.56 0.744 837 4754 18.36 0.24 
1480 117.42 36.49 153.91 0.747 850 4835 18.64 0.24 
1500 116.69 37.14 153.83 0.75 862 4908 18.9 0.24 
1520 115.9 37.79 153.69 0.751 871 4985 19.1 0.25 
1540 115.86 38.39 154.25 0.75 881 5071 19.32 0.25 
1560 115.16 38.97 154.14 0.753 887 5154 19.45 0.26 
1580 113.54 39.44 152.98 0.755 893 5230 19.58 0.26 
1600 112.74 40.05 152.79 0.762 899 5310 19.71 0.26 
1620 112.05 40.6 152.65 0.763 903 5385 19.8 0.27 
1640 111.47 41.12 152.59 0.766 907 5473 19.89 0.27 
1660 111.46 41.71 153.17 0.765 915 5560 20.07 0.28 
1680 110.69 42.31 153.01 0.77 918 5647 20.13 0.28 
1700 109.97 43.0 152.97 0.769 925 5723 20.29 0.28 
1720 110.04 43.65 153.7 0.767 935 5803 20.5 0.29 
1740 109.54 44.18 153.72 0.769 942 5878 20.66 0.29 
1760 108.52 44.89 153.41 0.771 950 5970 20.83 0.3 
1780 107.3 45.48 152.79 0.775 960 6049 21.05 0.3 
1800 106.82 46.12 152.94 0.772 970 6137 21.27 0.31 
1820 106.59 46.61 153.2 0.778 978 6219 21.45 0.31 
1840 106.38 47.2 153.58 0.778 986 6299 21.62 0.31 
1860 105.55 47.91 153.45 0.778 995 6389 21.82 0.32 
1880 104.03 48.5 152.52 0.778 1006 6457 22.06 0.32 
1900 103.56 49.21 152.77 0.784 1014 6539 22.24 0.33 
1920 102.72 49.77 152.49 0.785 1022 6629 22.41 0.33 
1940 102.08 50.25 152.33 0.782 1028 6719 22.54 0.33 
1960 101.33 50.78 152.11 0.782 1036 6792 22.72 0.34 
1980 101.12 51.31 152.43 0.785 1042 6873 22.85 0.34 
2000 100.06 51.93 152.0 0.787 1050 6960 23.03 0.35 
2020 99.41 52.61 152.03 0.792 1060 7049 23.25 0.35 
2040 98.7 53.24 151.94 0.795 1070 7132 23.46 0.35 
2060 98.36 53.74 152.1 0.795 1081 7208 23.71 0.36 
2080 97.75 54.43 152.17 0.798 1088 7284 23.86 0.36 
2100 96.65 55.12 151.77 0.799 1096 7364 24.04 0.37 
2120 95.61 55.8 151.41 0.801 1107 7446 24.28 0.37 
2140 95.63 56.44 152.07 0.799 1116 7535 24.47 0.37 
2160 95.02 57.04 152.06 0.8 1122 7623 24.61 0.38 
2180 94.25 57.7 151.95 0.804 1132 7707 24.82 0.38 
2200 93.53 58.39 151.92 0.803 1146 7794 25.13 0.39 
2220 92.84 58.94 151.78 0.807 1158 7868 25.39 0.39 
2240 92.68 59.67 152.34 0.807 1162 7963 25.48 0.4 
2260 92.05 60.46 152.51 0.809 1169 8053 25.64 0.4 
2280 91.26 61.24 152.5 0.809 1174 8138 25.75 0.4 
2300 90.23 61.96 152.19 0.809 1184 8227 25.96 0.41 
2320 88.49 62.61 151.1 0.813 1194 8302 26.18 0.41 
2340 88.19 63.25 151.44 0.812 1200 8386 26.32 0.42 
2360 88.04 63.83 151.88 0.811 1205 8479 26.43 0.42 
2380 87.9 64.48 152.38 0.815 1212 8566 26.58 0.43 
2400 87.32 65.18 152.5 0.816 1219 8656 26.73 0.43 
2420 86.79 65.89 152.67 0.816 1228 8743 26.93 0.43 
2440 86.14 66.46 152.6 0.818 1236 8827 27.11 0.44 
2460 85.45 67.03 152.48 0.818 1245 8910 27.3 0.44 
2480 85.13 67.63 152.76 0.82 1250 8997 27.41 0.45 
2500 84.48 68.27 152.75 0.822 1257 9078 27.57 0.45 
2520 83.86 68.84 152.7 0.822 1264 9173 27.72 0.46 
2540 83.02 69.56 152.58 0.824 1272 9259 27.89 0.46 
2560 82.95 70.17 153.12 0.822 1279 9333 28.05 0.46 
2580 82.49 70.85 153.34 0.821 1288 9427 28.25 0.47 
2600 81.99 71.49 153.48 0.824 1298 9518 28.46 0.47 
2620 81.0 72.14 153.14 0.828 1304 9602 28.6 0.48 
2640 80.62 72.8 153.42 0.828 1310 9689 28.73 0.48 
2660 79.66 73.5 153.16 0.829 1322 9769 28.99 0.49 
2680 79.25 74.15 153.4 0.828 1329 9857 29.14 0.49 
2700 78.99 74.84 153.83 0.829 1339 9936 29.36 0.49 
2720 77.47 75.51 152.97 0.829 1345 10032 29.5 0.5 
2740 76.76 76.07 152.83 0.833 1352 10120 29.65 0.5 
2760 75.65 76.62 152.27 0.831 1361 10197 29.85 0.51 
2780 74.86 77.32 152.18 0.832 1369 10276 30.02 0.51 
2800 74.56 78.0 152.56 0.835 1377 10365 30.2 0.52 
2820 74.99 78.69 153.69 0.835 1385 10454 30.37 0.52 
2840 74.64 79.34 153.98 0.835 1391 10531 30.5 0.52 
2860 73.52 80.06 153.57 0.834 1395 10621 30.59 0.53 
2880 73.07 80.6 153.67 0.839 1402 10695 30.75 0.53 
2900 72.61 81.39 154.0 0.839 1409 10784 30.9 0.54 
2920 72.36 82.03 154.38 0.839 1415 10878 31.03 0.54 
2940 71.95 82.7 154.65 0.84 1422 10959 31.18 0.54 
2960 70.58 83.41 153.99 0.84 1428 11045 31.32 0.55 
2980 70.18 84.11 154.29 0.842 1435 11125 31.47 0.55 
3000 69.93 84.77 154.7 0.839 1441 11211 31.6 0.56 
3020 69.46 85.49 154.95 0.843 1449 11297 31.78 0.56 
3040 68.59 86.1 154.69 0.842 1455 11379 31.91 0.57 
3060 67.96 86.85 154.82 0.842 1460 11467 32.02 0.57 
3080 67.38 87.44 154.82 0.842 1468 11547 32.19 0.57 
3100 66.8 88.12 154.93 0.845 1477 11625 32.39 0.58 
3120 66.18 88.82 155.0 0.848 1482 11711 32.5 0.58 
3140 65.94 89.54 155.48 0.846 1484 11806 32.54 0.59 
3160 65.38 90.19 155.57 0.845 1489 11899 32.65 0.59 
3180 65.26 90.76 156.02 0.845 1492 11990 32.72 0.6 
3200 64.81 91.47 156.28 0.844 1498 12080 32.85 0.6 
3220 64.38 92.24 156.63 0.849 1503 12168 32.96 0.61 
3240 63.51 92.91 156.42 0.847 1510 12254 33.11 0.61 
3260 62.44 93.52 155.96 0.848 1516 12340 33.25 0.61 
3280 62.1 94.09 156.19 0.848 1520 12423 33.33 0.62 
3300 60.95 94.82 155.77 0.85 1530 12508 33.55 0.62 
3320 60.58 95.47 156.05 0.85 1532 12594 33.6 0.63 
3340 59.88 96.03 155.91 0.852 1539 12681 33.75 0.63 
3360 59.32 96.8 156.12 0.851 1547 12776 33.93 0.64 
3380 58.95 97.46 156.41 0.852 1557 12859 34.14 0.64 
3400 58.74 98.05 156.79 0.853 1563 12947 34.28 0.64 
3420 58.17 98.78 156.95 0.853 1567 13030 34.36 0.65 
3440 57.07 99.41 156.47 0.851 1574 13109 34.52 0.65 
3460 57.43 100.13 157.57 0.851 1576 13196 34.56 0.66 
3480 56.2 100.81 157.02 0.853 1583 13282 34.71 0.66 
3500 55.32 101.56 156.87 0.852 1587 13374 34.8 0.67 
3520 54.81 102.31 157.12 0.853 1593 13464 34.93 0.67 
3540 54.28 103.01 157.29 0.856 1598 13551 35.04 0.67 
3560 53.89 103.68 157.58 0.855 1604 13645 35.18 0.68 
3580 53.25 104.31 157.55 0.856 1615 13729 35.42 0.68 
3600 53.3 104.92 158.21 0.856 1624 13820 35.61 0.69 
3620 52.58 105.44 158.03 0.857 1631 13905 35.77 0.69 
3640 52.72 106.12 158.84 0.859 1637 13989 35.9 0.7 
3660 52.04 106.78 158.82 0.857 1644 14076 36.05 0.7 
3680 51.12 107.34 158.47 0.858 1651 14144 36.21 0.7 
3700 49.81 107.95 157.76 0.862 1660 14223 36.4 0.71 
3720 49.51 108.57 158.08 0.863 1664 14313 36.49 0.71 
3740 48.71 109.23 157.94 0.861 1669 14405 36.6 0.72 
3760 48.72 109.91 158.63 0.858 1673 14505 36.69 0.72 
3780 48.32 110.53 158.85 0.86 1677 14598 36.78 0.73 
3800 47.98 111.14 159.11 0.862 1679 14691 36.82 0.73 
3820 47.53 111.83 159.36 0.863 1684 14785 36.93 0.74 
3840 47.08 112.43 159.51 0.864 1690 14871 37.06 0.74 
3860 46.52 113.11 159.63 0.862 1695 14971 37.17 0.74 
3880 46.13 113.77 159.9 0.862 1705 15055 37.39 0.75 
3900 45.84 114.37 160.21 0.865 1707 15147 37.43 0.75 
3920 45.43 115.09 160.52 0.865 1712 15244 37.54 0.76 
3940 45.02 115.77 160.78 0.867 1718 15328 37.68 0.76 
3960 44.11 116.49 160.6 0.867 1724 15416 37.81 0.77 
3980 43.44 117.14 160.58 0.865 1734 15501 38.03 0.77 
4000 43.07 117.76 160.83 0.867 1739 15587 38.14 0.78 
4020 42.77 118.39 161.16 0.867 1747 15668 38.31 0.78 
4040 42.21 118.99 161.2 0.868 1749 15759 38.36 0.78 
4060 41.11 119.65 160.76 0.869 1756 15842 38.51 0.79 
4080 41.1 120.44 161.54 0.869 1761 15940 38.62 0.79 
4100 40.13 121.12 161.25 0.868 1762 16039 38.64 0.8 
4120 39.69 121.8 161.49 0.87 1767 16135 38.75 0.8 
4140 39.38 122.53 161.91 0.87 1772 16232 38.86 0.81 
4160 39.04 123.26 162.3 0.869 1778 16317 38.99 0.81 
4180 38.65 123.88 162.54 0.87 1786 16400 39.17 0.82 
4200 38.18 124.59 162.77 0.871 1789 16486 39.23 0.82 
4220 37.37 125.2 162.57 0.871 1797 16571 39.41 0.82 
4240 36.89 125.93 162.83 0.87 1802 16658 39.52 0.83 
4260 36.44 126.62 163.06 0.869 1807 16746 39.63 0.83 
4280 35.79 127.23 163.02 0.872 1815 16841 39.8 0.84 
4300 35.15 127.91 163.07 0.875 1820 16929 39.91 0.84 
4320 35.28 128.6 163.88 0.873 1825 17018 40.02 0.85 
4340 34.69 129.31 164.0 0.873 1827 17109 40.07 0.85 
4360 34.04 129.97 164.01 0.872 1837 17193 40.29 0.85 
4380 33.41 130.69 164.11 0.873 1843 17287 40.42 0.86 
4400 32.47 131.34 163.81 0.875 1848 17376 40.53 0.86 
4420 32.55 132.06 164.61 0.874 1852 17470 40.61 0.87 
4440 31.99 132.67 164.66 0.873 1858 17560 40.75 0.87 
4460 31.57 133.37 164.95 0.875 1865 17648 40.9 0.88 
4480 31.16 134.0 165.16 0.876 1869 17734 40.99 0.88 
4500 31.26 134.66 165.91 0.875 1873 17834 41.07 0.89 
4520 30.53 135.29 165.82 0.876 1878 17920 41.18 0.89 
4540 29.97 136.01 165.98 0.876 1881 18016 41.25 0.9 
4560 29.49 136.62 166.11 0.874 1888 18103 41.4 0.9 
4580 29.19 137.29 166.48 0.877 1893 18192 41.51 0.9 
4600 28.86 138.05 166.91 0.876 1899 18276 41.64 0.91 
4620 28.57 138.65 167.22 0.876 1902 18364 41.71 0.91 
4640 28.23 139.22 167.44 0.875 1905 18445 41.78 0.92 
4660 27.64 139.79 167.44 0.875 1908 18534 41.84 0.92 
4680 26.96 140.41 167.38 0.878 1912 18626 41.93 0.93 
4700 26.66 141.12 167.78 0.879 1915 18718 42.0 0.93 
4720 26.5 141.72 168.22 0.877 1918 18804 42.06 0.94 
4740 26.59 142.32 168.91 0.877 1923 18891 42.17 0.94 
4760 25.63 142.96 168.59 0.877 1927 18982 42.26 0.94 
4780 24.61 143.63 168.24 0.877 1933 19071 42.39 0.95 
4800 24.21 144.24 168.45 0.878 1935 19168 42.43 0.95 
4820 24.12 144.83 168.95 0.879 1940 19252 42.54 0.96 
4840 23.32 145.52 168.84 0.881 1946 19345 42.68 0.96 
4860 23.1 146.23 169.32 0.88 1949 19440 42.74 0.97 
4880 22.76 146.84 169.61 0.879 1956 19528 42.89 0.97 
4900 22.57 147.58 170.15 0.879 1959 19613 42.96 0.98 
4920 22.03 148.27 170.3 0.881 1965 19701 43.09 0.98 
4940 21.3 148.9 170.2 0.882 1973 19787 43.27 0.98 
4960 20.83 149.67 170.5 0.882 1979 19877 43.4 0.99 
