[0.011425608109832553, 0.019246487744497477, 0.04438100917128673, 0.10806011449130346, 0.0016778315683610486, 0.036967490889248306, 0.055092936989170456, 0.12576053489797287, 0.05316874002496327, 0.004189787501129525, 0.03161266942201044, 0.13434354768080858, 0.07411678304052882, 0.0016703838265255191, 0.003596594275536247, 0.12893672233641615, 0.04097378612778251, 0.014524046234457515, 0.017301503129559588, 0.0011322724257803365, 0.0011961217098038952, 0.0018041084287881912, 0.003306106331694742, 0.0011961217098038952, 0.007664051637463995]
[0.0025693965664433036, 0.018213229573955474, 0.029123892145174374, 0.07893858153005158, 0.0007274380786393706, 0.029658795174716153, 0.05260585562525482, 0.14520224701562062, 0.03700330579498316, 0.003743430215549299, 0.01703386787614054, 0.1177786057390072, 0.06172959537613521, 0.006535053793627111, 0.002901954090172919, 0.07780299513313384, 0.031364399317730746, 0.010865827489707252, 0.0030559702186927495, 0.0023285488830018857, 0.0015537379410614075, 0.00193243563823954, 0.0043403938867335725, 0.0014319761624032807, 0.010183695326579728]
[0.014301140812396439, 0.0014542268825929994, 0.04647352814175105, 0.08613080645136735, 0.0004392451357693181, 0.10157649140750599, 0.01125903124466619, 0.12273891947687901, 0.05468301894474188, 0.003784904792704065, 0.00015902165781606342, 0.034030444225614284, 0.027534954287954407, 0.00018442464628640924, 0.0005154787127491837, 0.1218500291115121, 0.008004873883586982, 0.0654300161017621, 0.013479632033118836, 0.0016417308380028894, 0.0004789443651419833, 0.00017313646071325298, 0.00449185401128523, 0.00017313646071325298, 0.0011534814465179771]
[0.0029447787925729963, 0.00040435873239786984, 0.012281633426536497, 0.019513805670566455, 8.50936587894541e-6, 0.10340931686812066, 0.03965575303263418, 0.09972247704920101, 0.012377481919505412, 0.0013127100730284439, 0.005610579673116819, 0.09336987882592512, 0.04941404499519603, 2.4685204388304877e-5, 6.864537953827959e-5, 0.1148672350599793, 0.012876998470014507, 0.06402312178435385, 0.0017190947575579539, 0.00023850037533757222, 0.00040435873239786984, 0.0001161225136579305, 0.006365811857825521, 6.864537953827959e-5, 0.0]
[4.478222906501158e-5, 0.0040943562406411, 0.0004862397319977934, 8.709964185085045e-6, 7.024297937736673e-5, 0.003927406405366177, 0.002611064758968282, 0.041126603741021936, 0.015335477786064332, 6.839784745591392e-5, 0.03874427992894305, 0.1480979952166479, 0.00727733687046362, 0.10845536684057713, 0.001388692861024085, 0.014347673883223784, 0.12197356957348353, 0.013734132121088843, 0.047933184077639496, 0.0008893739162751015, 0.0005055351708416014, 0.0002695648739566832, 6.70844513224548e-7, 0.0010075255018523726, 0.0]
[0.005500206740770713, 0.0, 0.0008645791071191788, 7.778390567299298e-5, 8.50936587894541e-6, 0.15113779818705392, 0.00010990865092432424, 0.14203650134225965, 0.0008645791071191788, 2.2909942787126302e-5, 0.004797202827438859, 8.50936587894541e-6, 0.000390531031640381, 8.50936587894541e-6, 8.50936587894541e-6, 0.08453750874495786, 0.004985595424907687, 0.1217513370655613, 0.0015602864314626028, 0.0043403938867335725, 0.003596594275536247, 8.50936587894541e-6, 0.00047569724030390543, 0.0, 8.50936587894541e-6]
[0.002840399922897783, 0.00515475457283358, 0.013435463163234986, 0.03883971950975186, 0.00044508952569526083, 0.011089265176786243, 0.016265258551505294, 0.08424201692518773, 0.015245418058028029, 0.00982188527871779, 0.0067776254321226925, 0.07557990910735296, 0.032485615789959996, 0.00021872221286080382, 0.015500806730922391, 0.04989028098640608, 0.01449255507220045, 0.0014470494335871165, 0.00267363431983606, 0.0014450885947906549, 0.0018894151873219793, 0.0031022934899623145, 0.0076458562337669254, 0.0017923413787559184, 0.03738178003197343]
[0.00247342531718763, 1.6127818589745362e-5, 4.6131774174877236e-5, 0.0022908755456336576, 0.020625950793005908, 0.000592501065889226, 0.00025678240830385654, 0.007435583032497639, 0.0010621453491714353, 0.03929179380594971, 6.000857193966345e-5, 0.008742752671657576, 0.0005096438466308164, 0.00019500646535503333, 0.04080990706033492, 7.024864515529352e-5, 0.0022651192788599762, 4.003705127476735e-6, 0.007145761991053934, 0.02561534564436045, 0.017850041660202622, 0.02752100566313843, 0.02571949812816461, 0.018926586318547253, 0.19960184359089206]
[0.0012460418218614893, 0.003813239682591313, 0.01585203811892992, 0.09326537598141763, 0.0001161225136579305, 0.050075256184041565, 0.05858699233961259, 0.050434588867728836, 0.021765629387355174, 0.0005661521693803818, 0.021096642828807778, 0.01037173783295068, 1.2380317804242165e-5, 1.9342298126964622e-5, 0.000661395811083364, 0.015321133993753538, 0.029616273075466538, 0.01989835575856852, 0.006678572691595153, 0.00023850037533757222, 0.0001161225136579305, 0.0005661521693803818, 0.0008645791071191788, 6.864537953827959e-5, 0.0]
[5.253975102592298e-6, 0.0009109919269169528, 0.002681541059832206, 0.0022960009908286234, 0.0010477055228148482, 0.00011284515255385744, 0.002212057568140513, 0.005009225275462093, 0.0007248144243626703, 1.0730588976599616e-5, 0.0020811752922714616, 0.0005554503611524351, 0.0017706086758970405, 5.285098326267973e-5, 0.0016961818920511618, 7.613268347868296e-8, 0.0002440144087200338, 0.0037473718139818153, 0.0009332215912372429, 0.010392617375817866, 0.005491665328305393, 0.00035022770879575196, 0.0005276999684731137, 2.681828604055134e-5, 6.810154072212993e-6]
[0.0011961217098038952, 0.005478299629420098, 3.2165726121963624e-5, 0.008514669856505664, 0.0007609966483555716, 0.000390531031640381, 0.004707087458028954, 3.2165726121963624e-5, 0.005816832184833139, 0.0008645791071191788, 6.864537953827959e-5, 0.0036661514007584797, 8.50936587894541e-6, 0.0018089816614861114, 3.2165726121963624e-5, 0.0013136827127070436, 0.0012403970467395713, 0.00047569724030390543, 0.0030560418164104, 0.0007274380786393706, 6.864537953827959e-5, 0.00014451321303355497, 0.0, 0.004040066585295597, 8.50936587894541e-6]
[0.003001621352716086, 0.0015920520841288324, 0.0001895254459003575, 6.089888105002004e-8, 0.00010007736790856219, 0.0013564916279842935, 0.006465020564389178, 0.002841216598301501, 0.0005995559188366785, 0.00023850037533757222, 0.0015187104448794106, 0.003817970234447181, 0.00010051489288971107, 0.004113884669978789, 0.0010824141040125777, 0.00010636050698813074, 7.055954323606419e-6, 0.000462645872777721, 0.0006377537430899147, 0.0023285488830018857, 7.586988741004497e-5, 0.00023850037533757222, 0.0001161225136579305, 0.001209014657274516, 0.010676311035974124]
[0.0002245996989453927, 0.0002578051376656955, 1.8995199000652278e-5, 0.0012850282327392, 4.436652080746107e-5, 7.726701588477093e-6, 0.0002716203055732414, 0.0028966364243614966, 0.0006900788513936173, 0.0007790625763927448, 7.673517354568008e-5, 7.66596717852511e-7, 0.0003687134623516124, 0.009154757944500765, 0.0003011914252780143, 0.00028055660171698044, 0.0007563375897857542, 2.2301230447291094e-5, 8.803063583111585e-6, 0.004297517963518599, 0.00011434942552544444, 0.0028783724084453996, 0.0018685774286112313, 0.008083008001917334, 0.009251847165532758]
[0.0002899276964214721, 6.075842924903492e-5, 0.00309656400114614, 0.00519994301353211, 0.0001869709181441812, 0.003977250862578847, 0.004066070874945114, 0.006009677312604822, 0.005667175615015828, 0.0038567700513349387, 7.778390567299298e-5, 8.50936587894541e-6, 0.001622747677218657, 8.289898438652908e-5, 0.00017313646071325298, 0.0001424486749464749, 0.0016417308380028894, 0.00013438274407265825, 0.004426174213830204, 0.0011322724257803365, 9.69455086528982e-5, 2.839303580353426e-8, 0.003476086726074929, 0.0001592810879724061, 0.0003414476950057853]
[0.0010695689193994315, 0.0004797743526564202, 0.0001178544679069117, 0.0009326935729119471, 0.0008645791071191788, 0.0005991611625840651, 0.00022866401710791313, 0.002649858998817811, 0.0003700756632220798, 0.0008645791071191788, 8.610501209076324e-5, 0.0006779651336759583, 0.004829017250411544, 0.0015032977375541677, 0.0011961217098038952, 0.0007702911059421251, 0.0011912737434643765, 0.0005757976498225684, 1.7319154829591437e-5, 0.000390531031640381, 0.003042131227630046, 0.0011961217098038952, 0.005416839897175793, 1.3148020443656903e-5, 0.011787082994486197]
[0.0028321844116729012, 0.0006920274566312007, 5.266088377122135e-6, 0.0, 8.50936587894541e-6, 0.008166895576861533, 0.0015095412905839324, 0.0007353209766064195, 8.50936587894541e-6, 0.0, 0.003849985049181305, 8.58997524206288e-5, 0.0004627571863236148, 0.003042729160494328, 0.004916929833756933, 0.006451975619497261, 0.0007129797589598046, 0.002484049028423675, 0.0003112367062416818, 1.1292667309886425e-5, 0.0038912679985896636, 0.0007609966483555716, 0.0005661521693803818, 0.0, 0.0]
[0.004475755247742182, 0.001148901062308673, 0.0009804184931236984, 0.001203554429648642, 0.0014183361045127466, 0.0001290188097345362, 0.0006753478429053356, 0.006412748606422016, 0.0007552202955196079, 0.00023577624466315956, 0.00011756627160944668, 0.008184774615379552, 6.077208131050754e-6, 0.0015296675986028168, 0.006627506492453344, 0.0016740248862223417, 0.0001470007770216237, 0.000463219779054066, 0.0004161360255453585, 2.4270117496742218e-5, 0.0009718146390005988, 0.003306106331694742, 0.0013127100730284439, 0.0015537379410614075, 0.003685140577170832]
[0.00025833564909584755, 0.004461159667573558, 0.0005427145268906333, 1.7190138247131451e-6, 0.012012459552623539, 6.788869736910723e-6, 0.0017695830844834844, 0.00011712912807439343, 0.0006194009470543806, 0.00040435873239786984, 0.0013319914386927213, 0.0001903189009894368, 0.0012570406544496265, 0.00031073086486982805, 6.875856184097168e-5, 0.0005609167312266672, 0.0010176205624575132, 0.0026248191326911485, 0.00012219464201918082, 0.0015301649780016004, 0.0018213405368724886, 0.0012679064585389608, 0.00026591511068511757, 0.006441456403683193, 0.002612526962987685]
[0.00015677030695678527, 0.0023512309280683745, 0.00017313646071325298, 0.000661395811083364, 8.50936587894541e-6, 0.005219492747654882, 0.011877695837721747, 0.0019779730502964684, 0.005815200437425748, 0.0011447944294987133, 6.864537953827959e-5, 0.0007609966483555716, 3.2165726121963624e-5, 3.2165726121963624e-5, 3.2165726121963624e-5, 5.425967640689889e-6, 0.004628540531419541, 0.0014917815236126404, 0.005490952840824417, 0.0008653016908201725, 0.0, 0.00017313646071325298, 8.50936587894541e-6, 6.864537953827959e-5, 3.2165726121963624e-5]
[0.00040701484789501703, 0.0013210628543871544, 0.00044170704761887364, 4.2102755776650055e-6, 6.216103907483986e-6, 0.0060004220101243745, 0.004577101810208909, 0.00016204435522740746, 0.0008680184125919995, 0.0012324409228615064, 0.0007664970042278365, 0.0012487289155944728, 0.0019052646939807173, 3.4321291732081986e-5, 0.0012174676027982044, 0.0009722273593737079, 3.2165726121963624e-5, 0.0005578514476086997, 0.002071659032676177, 8.50936587894541e-6, 0.0, 0.00022222584355664808, 0.0007274380786393706, 0.000390531031640381, 0.0]
[0.00011843145392239794, 5.00434413296157e-6, 0.0012895817019328223, 0.00041313198825810356, 0.0009718146390005988, 0.0006205460060855657, 0.0013063829334914786, 0.0014505125943459493, 0.00039032453777486376, 0.0007223382871322875, 0.0024912627151306727, 3.203020252720828e-5, 0.0033008197442331525, 0.00012621460801920913, 3.852645303271452e-5, 0.0016386115712435818, 0.0016260802359532034, 0.0007620331609020994, 0.0007373556553248468, 6.839784745591392e-5, 0.0033043815245790836, 0.0003418977353907811, 5.9279786697879555e-5, 0.002151699260976761, 3.571237556654501e-5]
[0.0003468544893339134, 0.0018225154415512385, 4.685134679861401e-5, 0.0008861071693061287, 7.029801078525127e-5, 0.00013856177096496043, 3.362634770578271e-5, 1.9873741709075347e-6, 0.00010169487226812605, 2.4852350073021256e-5, 0.0033448783356408267, 0.0014822431946208588, 0.0021004662564482034, 0.0012860535745407974, 0.00041440703695847826, 0.00137386170633641, 0.002071495389285947, 9.487331870277455e-5, 0.0008673939079701012, 0.00011479216822160403, 0.007241632338083809, 2.007830246744495e-5, 0.0003055470528600954, 7.267700413064282e-7, 6.363493438100391e-6]
[1.3796119252453942e-5, 0.0031825828778721445, 0.0018786239158990223, 0.003843546628205286, 0.000423378959040118, 0.0010425916558775873, 0.00011988335868608029, 0.0022984488447291927, 0.00023113003302668855, 0.001587911050880816, 0.00040295470017587265, 0.0007622362478899476, 0.0008984545722928207, 0.0024731490672021544, 0.00011765856365666114, 0.00046827548805201437, 0.0006182160356042361, 0.002308192815446919, 5.369638328002729e-6, 0.00019633684118106867, 8.50936587894541e-6, 1.2961052419076648e-5, 0.00022222584355664808, 0.0005514813631322191, 0.0001161225136579305]
[0.0016478086847944119, 0.001267516957003086, 2.0012023647953845e-5, 1.902338330509888e-5, 0.00011032947118311764, 2.8532999832988487e-5, 5.972467728342578e-8, 0.0010853087095617636, 3.91754741908704e-7, 0.00012926739489745455, 0.0001216288520538701, 0.00039523562057721014, 4.712375686844448e-5, 0.0007292495159340259, 0.008329343347094002, 3.9116142125938686e-5, 0.0007779253676442298, 3.51141464164787e-5, 0.0006739951010186242, 0.000698102124405629, 0.0005450180381960448, 0.000759967430702977, 1.9068491917517802e-7, 0.006442029264384998, 0.0029251762250191854]
[3.8274043156565594e-6, 0.00039104230261487963, 0.0023089438703782173, 0.0008286128130480111, 0.0006482624678252735, 0.000635422147115765, 9.69742679931228e-6, 3.7139476703984715e-5, 0.0019367203474757342, 0.0003355752579998119, 2.1405574787952534e-6, 0.0001997517506721995, 0.002271966854978231, 0.002478950966599407, 0.0011132137806324043, 0.0002545443748123567, 3.5679035606516482e-6, 0.0005626334604706667, 0.004527549773902812, 0.00225438504772588, 0.0003896343359546268, 5.380707048466119e-5, 0.0009064384659264258, 0.0014802590092448916, 0.0012793039632441848]
[0.0005226424790939514, 0.0011706863815094462, 0.0008186159792327751, 0.00017252286084190344, 0.0007792274525809497, 0.0010853500296453874, 0.0014796150084764523, 3.899464574064302e-6, 0.006396215071897939, 0.0011410016716839055, 1.0621243289563671e-5, 0.00031527354260022823, 9.967944614514956e-5, 2.1628212229822356e-5, 0.004900146505387917, 3.05598962882913e-5, 0.00041701150842014464, 0.0003768268578148259, 0.001116850665144246, 0.0006517525248381688, 2.5314894060781703e-6, 7.061942001165313e-5, 0.0007992111609112966, 0.0022969845534216177, 0.004152445753707514]
[0.000636291540692991, 0.0004177352854752908, 0.00027553249673094174, 3.6400822362620076e-5, 0.003400261864844885, 0.0003041609325173094, 0.0034803063833952243, 0.0006756503454548824, 0.0008626615858170449, 0.0012580879069273541, 0.0006287718061409476, 2.1546098839078415e-5, 0.0004614416241592893, 1.3273689559791055e-5, 0.0008099967085634205, 4.3857264553777116e-7, 0.0014266542529412542, 0.0018807994381853186, 0.003926224118057965, 0.0058530127035544555, 0.00013873707272770049, 3.571237556654501e-5, 0.0001161225136579305, 1.092400045946758e-5, 6.839784745591392e-5]
[0.0, 0.00015754843869242427, 3.128342423806916e-5, 1.0670481842846552e-5, 4.759201390835174e-5, 1.942239883959433e-5, 0.00020975177008873257, 0.005236786119445738, 0.0007991343216136107, 0.0006899147288086218, 0.0024220471693771235, 0.00048028287209204946, 0.005434352596676101, 0.0009641776913915795, 0.0010377006326784274, 0.0032469621322167384, 0.0011111787065321791, 0.001261582305855699, 0.0013491003021724023, 0.0010414864547184273, 8.50936587894541e-6, 8.50936587894541e-6, 0.0008175965414339579, 0.0001161225136579305, 3.2165726121963624e-5]
[0.00157261815318632, 3.2165726121963624e-5, 8.50936587894541e-6, 0.0, 0.0, 0.0015873227576262573, 0.00017313646071325298, 7.778390567299298e-5, 3.2165726121963624e-5, 8.50936587894541e-6, 3.572463302950338e-6, 0.002236760183555068, 0.006266465241495102, 0.0005469586128116865, 0.00010990865092432424, 0.00020712782329984896, 0.0005983617582794279, 7.024297937736673e-5, 0.0015537379410614075, 0.0, 0.0015066346727575976, 0.000390531031640381, 6.864537953827959e-5, 0.00676646434459907, 0.0]
[0.000730925602309457, 0.000661395811083364, 0.0024047975529524097, 0.002387355730964707, 0.000661395811083364, 4.1933418463567474e-5, 6.473831301988622e-6, 5.3200636078338e-5, 0.0014184550798642124, 0.0002898238396410735, 0.00040435873239786984, 0.001004292659545717, 0.000497332758796213, 0.0005874077517957514, 0.0021921409903810285, 0.00031180120918652705, 4.138767317416218e-5, 0.003276647380484818, 0.0004521054792832619, 0.00021949258764596136, 0.0, 1.1292667309886425e-5, 0.0011972708908069315, 0.000390531031640381, 3.626350992766143e-5]
[2.4632598384920516e-6, 0.0002676083929884785, 5.5773119752637016e-8, 0.00011811730099891074, 0.0006937587237750321, 0.0010810784882303338, 0.00010322346584012683, 0.004236465888060146, 0.00019392042443498042, 0.0012131621187602467, 0.001439782034326785, 0.00014708511193003678, 0.0005941511814387705, 0.00015208824307690093, 0.0006182172739967002, 6.11997654055849e-5, 4.895766312440291e-5, 0.0003873924121160204, 0.00025932700334661135, 0.002199325166107855, 2.3313599593195147e-6, 0.0005957841701760228, 0.003182600045153085, 8.428746266542805e-7, 0.0005886061379322231]
[0.001646542381901317, 0.0007700838036396544, 1.018630091746079e-5, 5.556862871519642e-5, 0.0009400190900279697, 0.00017024779234709993, 0.0002684776782016906, 7.526598235055304e-5, 0.001691229068232338, 5.93971639396238e-6, 0.00461016012897863, 0.00036050299991439994, 0.0008380267552916369, 0.00014708285821381142, 0.0001276489364603129, 0.000627775340865693, 0.0004275720767354099, 3.3465662891549695e-5, 0.0011410079161782109, 0.0019286914444455652, 0.0003340132365930483, 3.867170667818851e-5, 0.0032301026946341543, 0.00043610016837895057, 3.458462448921191e-6]
[0.00159073526353516, 0.0003339063361426373, 0.0008981009946367122, 0.00047214336673728156, 0.00011650414306179063, 0.0022298175230016093, 0.001101450701691565, 0.0024733692016402214, 4.099955673849223e-8, 0.000239360772720898, 0.00010350397183253764, 6.071066267960049e-7, 0.00029674441520696586, 0.00029086878482950575, 0.0006000613790883044, 0.0014759804558296587, 0.0012466891623030855, 6.055296669448917e-6, 0.004082028733144645, 0.0003057208164998068, 0.0005788804446254436, 0.001543428720829263, 0.0003360369885708255, 7.609417546713742e-5, 0.0001507613901274873]
[0.0011255734731268991, 2.6053860898339002e-5, 3.174636304841493e-6, 0.0017783653299840683, 0.00058010620157712, 4.106717371953755e-5, 0.0005267426707627944, 0.0005812892401098305, 1.065967113944989e-6, 0.0007550231069330103, 3.7636645136060313e-6, 0.0007851008627725101, 0.00017230412189585308, 0.004789272471747052, 0.00026343962696243235, 0.0007171767651386989, 0.0009095836313156355, 0.001587329000946239, 3.4364354831569344e-5, 0.00048054963402891643, 0.0008390026657244835, 0.0002934095294420307, 0.00010998503772990421, 0.0003646675190703188, 0.0014156239951110174]
[0.00040208821380462905, 0.0021866984010421794, 0.0004433125554466292, 4.537413653444211e-5, 2.9781669433169696e-8, 7.526211658166813e-5, 0.0011244306653792522, 0.00015329803488977342, 0.0001479654383074779, 0.00010990865092432424, 0.00038556896719497643, 0.004619298059788007, 0.0001117253241218379, 0.001832999071795194, 0.0001507613901274873, 2.7756739400365462e-5, 0.0011940495327571682, 0.00027897216709126243, 0.002693185051736248, 8.722404399436902e-5, 3.488117641776631e-5, 0.0008175965414339579, 5.734743053293799e-5, 0.00023314915524380846, 0.0008170045098411516]
[0.00028649287505527234, 1.4668715370492243e-6, 0.000835031982869874, 0.0015256862101903608, 0.000896539659330061, 0.00019920049471265806, 4.203336500813312e-6, 0.00036147084720419397, 0.0013763350220382681, 9.235718443010221e-5, 0.00018300149414734838, 0.0003795481492492546, 0.00023688636939239987, 0.0013914814590195784, 0.0001884989074362254, 0.0001395404155996021, 0.0005232125901669178, 0.006691421296345257, 0.0015918746947198997, 0.001364855623025723, 0.0004266822289654619, 8.50936587894541e-6, 3.2165726121963624e-5, 6.864537953827959e-5, 3.2165726121963624e-5]
[0.0002376745630775579, 0.0012436845595360036, 6.901468255485676e-8, 0.001151328600707065, 8.50936587894541e-6, 0.0006796228369431454, 0.0001675969665823297, 7.288295025864458e-6, 0.0018756972518694337, 6.864537953827959e-5, 0.0012123926791809628, 0.004866503464452037, 0.00023235615498471383, 7.64389118105411e-5, 6.864537953827959e-5, 4.2004094041301655e-5, 0.003401157683949628, 0.0012348781362889437, 0.00012554294003310883, 8.50936587894541e-6, 0.0007007973588536668, 0.00034998527734833454, 9.497601701523696e-6, 0.00023144076996209828, 0.00017313646071325298]
[0.0005263233109906885, 0.0003067727993951667, 0.0004473736864067917, 2.013264443415509e-5, 0.0041315245529034185, 0.0011611942524324351, 2.869923587430455e-5, 0.0019973653191671503, 0.00034150090153829953, 5.071081882953047e-7, 0.0007489332601213396, 0.00033496978083095725, 0.0005261777364957464, 0.0025770814475799455, 0.0005995868002649472, 0.0006925165508915986, 0.0010122776269672158, 0.0013358696653752201, 0.0012147705662034578, 9.209155143397952e-6, 0.0001152014878706008, 0.00021706871224042024, 8.027173933762783e-5, 3.9128087174104885e-5, 0.00010990865092432424]
[0.0025508382726052627, 0.00041634017910893023, 0.002502483110007685, 0.00029508082819105184, 0.0004960185111861073, 0.00033443711415834937, 0.00041515049605099497, 0.000521370622524173, 0.002898679406501608, 1.4692553138203062e-5, 0.00010990865092432424, 0.00019472461315593582, 3.2428472806168927e-5, 0.000424012820832269, 0.0004019956538422792, 0.0007615305331415499, 0.0008645791071191788, 0.0005173607094401747, 0.0018822405174999408, 0.0002494975182102733, 6.864537953827959e-5, 0.0002101776142287902, 7.553694123283903e-5, 0.0011069111910358511, 0.0016203860703611697]
