20 196.71 -0.55 196.16 0.055 16 34 0.35 0.0 
40 195.08 -0.57 194.51 0.088 31 76 0.68 0.0 
60 193.35 -0.39 192.96 0.114 42 122 0.92 0.01 
80 191.92 -0.43 191.49 0.166 59 163 1.29 0.01 
100 190.54 -0.59 189.95 0.19 73 211 1.6 0.01 
120 189.07 -0.61 188.46 0.21 91 250 2.0 0.01 
140 187.8 -0.5 187.3 0.224 100 303 2.19 0.02 
160 186.67 -0.42 186.25 0.26 116 353 2.54 0.02 
180 185.6 -0.32 185.28 0.275 126 397 2.76 0.02 
200 184.5 -0.26 184.24 0.296 141 449 3.09 0.02 
220 182.6 -0.08 182.52 0.32 155 501 3.4 0.02 
240 181.54 -0.07 181.47 0.339 166 548 3.64 0.03 
260 181.24 0.06 181.29 0.346 176 602 3.86 0.03 
280 179.53 0.29 179.83 0.369 189 647 4.14 0.03 
300 177.78 0.35 178.13 0.388 200 693 4.39 0.03 
320 177.07 0.4 177.47 0.393 213 744 4.67 0.04 
340 175.47 0.65 176.11 0.402 227 793 4.98 0.04 
360 174.27 0.85 175.13 0.419 240 840 5.26 0.04 
380 173.72 1.03 174.75 0.43 253 897 5.55 0.04 
400 172.59 1.22 173.82 0.449 266 946 5.83 0.05 
420 171.45 1.44 172.89 0.462 281 993 6.16 0.05 
440 170.48 1.57 172.05 0.474 296 1043 6.49 0.05 
460 168.36 1.58 169.94 0.49 304 1099 6.67 0.05 
480 167.91 1.68 169.59 0.495 319 1157 7.0 0.06 
500 166.97 1.87 168.83 0.501 329 1207 7.21 0.06 
520 167.02 1.96 168.98 0.504 338 1274 7.41 0.06 
540 165.62 2.3 167.91 0.517 353 1329 7.74 0.07 
560 163.79 2.54 166.33 0.528 368 1379 8.07 0.07 
580 162.99 2.63 165.62 0.537 379 1436 8.31 0.07 
600 162.19 2.93 165.12 0.549 394 1484 8.64 0.07 
620 161.69 3.06 164.74 0.554 405 1546 8.88 0.08 
640 160.39 3.33 163.72 0.563 415 1596 9.1 0.08 
660 159.74 3.62 163.36 0.571 428 1662 9.39 0.08 
680 158.6 3.77 162.37 0.577 443 1720 9.71 0.09 
700 158.38 4.01 162.38 0.584 452 1776 9.91 0.09 
720 157.38 4.21 161.59 0.59 466 1838 10.22 0.09 
740 156.62 4.41 161.03 0.594 478 1895 10.48 0.09 
760 155.52 4.64 160.16 0.605 494 1957 10.83 0.1 
780 154.7 4.82 159.52 0.61 503 2012 11.03 0.1 
800 153.86 5.03 158.89 0.62 515 2072 11.29 0.1 
820 153.17 5.34 158.51 0.624 526 2137 11.54 0.11 
840 152.02 5.55 157.57 0.632 536 2204 11.75 0.11 
860 150.85 5.79 156.64 0.643 544 2264 11.93 0.11 
880 150.48 6.27 156.75 0.643 554 2325 12.15 0.12 
900 149.28 6.43 155.71 0.647 566 2388 12.41 0.12 
920 148.13 6.68 154.81 0.658 576 2441 12.63 0.12 
940 147.47 6.98 154.45 0.663 589 2499 12.92 0.12 
960 146.77 7.19 153.96 0.667 597 2563 13.09 0.13 
980 146.26 7.47 153.74 0.671 607 2632 13.31 0.13 
1000 145.51 7.89 153.4 0.678 621 2701 13.62 0.13 
1020 144.48 8.24 152.71 0.682 631 2759 13.84 0.14 
1040 143.96 8.52 152.48 0.684 639 2821 14.01 0.14 
1060 142.69 8.96 151.65 0.69 654 2878 14.34 0.14 
1080 141.21 9.27 150.48 0.696 663 2944 14.54 0.15 
1100 140.87 9.49 150.36 0.698 671 3012 14.71 0.15 
1120 139.85 9.67 149.51 0.699 681 3078 14.93 0.15 
1140 139.36 9.96 149.32 0.705 689 3137 15.11 0.16 
1160 139.32 10.16 149.48 0.71 697 3208 15.29 0.16 
1180 139.23 10.39 149.62 0.711 701 3281 15.37 0.16 
1200 138.69 10.62 149.31 0.707 711 3353 15.59 0.17 
1220 138.0 11.01 149.01 0.714 723 3414 15.86 0.17 
1240 137.47 11.34 148.81 0.719 729 3480 15.99 0.17 
1260 137.32 11.63 148.95 0.719 733 3557 16.07 0.18 
1280 136.12 11.91 148.03 0.725 739 3627 16.21 0.18 
1300 135.26 12.2 147.45 0.724 747 3692 16.38 0.18 
1320 134.96 12.61 147.57 0.731 760 3754 16.67 0.19 
1340 134.29 13.03 147.32 0.733 772 3811 16.93 0.19 
1360 133.87 13.38 147.25 0.737 782 3887 17.15 0.19 
1380 133.12 13.71 146.83 0.741 790 3963 17.32 0.2 
1400 131.65 14.1 145.75 0.743 797 4027 17.48 0.2 
1420 130.97 14.4 145.38 0.742 806 4102 17.68 0.2 
1440 130.45 14.78 145.23 0.745 813 4167 17.83 0.21 
1460 129.42 15.24 144.65 0.748 824 4238 18.07 0.21 
1480 128.83 15.63 144.46 0.753 833 4310 18.27 0.21 
1500 128.61 15.99 144.59 0.752 843 4383 18.49 0.22 
1520 128.14 16.37 144.5 0.754 853 4453 18.71 0.22 
1540 127.04 16.69 143.73 0.758 863 4524 18.93 0.22 
1560 126.49 17.11 143.6 0.762 872 4602 19.12 0.23 
1580 125.89 17.49 143.37 0.762 881 4674 19.32 0.23 
1600 125.34 18.04 143.38 0.76 890 4746 19.52 0.24 
1620 124.99 18.38 143.37 0.77 896 4810 19.65 0.24 
1640 124.94 18.75 143.69 0.77 906 4874 19.87 0.24 
1660 124.31 19.12 143.43 0.767 917 4952 20.11 0.25 
1680 123.52 19.55 143.07 0.771 926 5026 20.31 0.25 
1700 122.89 19.94 142.83 0.77 938 5092 20.57 0.25 
1720 122.69 20.29 142.98 0.775 947 5175 20.77 0.26 
1740 121.72 20.66 142.38 0.78 957 5244 20.99 0.26 
1760 121.1 21.09 142.19 0.783 969 5309 21.25 0.26 
1780 120.92 21.48 142.4 0.78 976 5388 21.4 0.27 
1800 120.4 21.82 142.21 0.782 982 5460 21.54 0.27 
1820 119.96 22.33 142.29 0.784 991 5537 21.73 0.28 
1840 119.07 22.7 141.77 0.784 998 5610 21.89 0.28 
1860 118.08 23.01 141.09 0.787 1011 5678 22.17 0.28 
1880 117.63 23.49 141.12 0.789 1018 5751 22.32 0.29 
1900 117.01 23.97 140.99 0.79 1026 5820 22.5 0.29 
1920 116.83 24.39 141.22 0.792 1033 5894 22.65 0.29 
1940 116.23 24.77 141.0 0.793 1043 5965 22.87 0.3 
1960 115.89 25.14 141.03 0.793 1054 6045 23.11 0.3 
1980 115.41 25.5 140.91 0.794 1058 6126 23.2 0.3 
2000 114.45 25.94 140.38 0.795 1067 6197 23.4 0.31 
2020 114.24 26.36 140.6 0.799 1077 6267 23.62 0.31 
2040 113.64 26.78 140.43 0.799 1092 6339 23.95 0.32 
2060 112.95 27.25 140.2 0.801 1098 6416 24.08 0.32 
2080 112.92 27.62 140.54 0.801 1104 6495 24.21 0.32 
2100 112.54 28.12 140.66 0.804 1114 6576 24.43 0.33 
2120 112.02 28.6 140.62 0.803 1121 6659 24.58 0.33 
2140 111.24 29.03 140.28 0.803 1129 6732 24.76 0.33 
2160 111.07 29.45 140.52 0.805 1133 6815 24.85 0.34 
2180 110.59 29.8 140.39 0.806 1143 6894 25.07 0.34 
2200 109.55 30.35 139.9 0.809 1156 6966 25.35 0.35 
2220 108.63 30.77 139.41 0.81 1166 7042 25.57 0.35 
2240 108.13 31.23 139.37 0.81 1174 7124 25.75 0.35 
2260 108.2 31.61 139.82 0.812 1181 7203 25.9 0.36 
2280 107.2 32.09 139.3 0.814 1186 7282 26.01 0.36 
2300 106.34 32.56 138.9 0.813 1195 7353 26.21 0.37 
2320 106.03 32.86 138.89 0.814 1205 7429 26.43 0.37 
2340 105.71 33.37 139.08 0.814 1213 7500 26.6 0.37 
2360 105.1 33.77 138.87 0.816 1228 7571 26.93 0.38 
2380 104.61 34.28 138.89 0.818 1236 7643 27.11 0.38 
2400 104.56 34.77 139.33 0.819 1244 7726 27.28 0.38 
2420 103.51 35.2 138.72 0.818 1254 7795 27.5 0.39 
2440 103.5 35.67 139.17 0.821 1258 7879 27.59 0.39 
2460 103.31 36.23 139.55 0.821 1266 7951 27.76 0.4 
2480 102.69 36.66 139.34 0.822 1271 8029 27.87 0.4 
2500 102.0 37.09 139.08 0.824 1279 8108 28.05 0.4 
2520 101.81 37.61 139.42 0.826 1284 8187 28.16 0.41 
2540 100.93 38.0 138.93 0.826 1294 8272 28.38 0.41 
2560 100.14 38.51 138.65 0.828 1300 8359 28.51 0.42 
2580 99.36 38.89 138.25 0.831 1306 8433 28.64 0.42 
2600 99.05 39.27 138.33 0.831 1314 8516 28.82 0.42 
2620 98.67 39.76 138.44 0.83 1320 8590 28.95 0.43 
2640 97.81 40.22 138.03 0.83 1330 8663 29.17 0.43 
2660 97.74 40.67 138.41 0.831 1339 8740 29.36 0.43 
2680 97.63 41.24 138.87 0.83 1342 8822 29.43 0.44 
2700 97.21 41.66 138.87 0.832 1347 8894 29.54 0.44 
2720 96.56 42.09 138.64 0.832 1354 8972 29.69 0.45 
2740 96.6 42.57 139.18 0.833 1363 9040 29.89 0.45 
2760 96.63 43.09 139.72 0.833 1373 9120 30.11 0.45 
2780 95.49 43.56 139.05 0.834 1382 9202 30.31 0.46 
2800 95.09 43.96 139.05 0.838 1386 9286 30.39 0.46 
2820 94.68 44.32 138.99 0.839 1392 9360 30.53 0.47 
2840 93.67 44.85 138.52 0.837 1398 9429 30.66 0.47 
2860 93.54 45.31 138.85 0.839 1404 9506 30.79 0.47 
2880 93.68 45.81 139.49 0.839 1411 9586 30.94 0.48 
2900 93.21 46.23 139.44 0.839 1420 9667 31.14 0.48 
2920 92.94 46.72 139.66 0.84 1424 9747 31.23 0.48 
2940 92.45 47.15 139.61 0.839 1434 9827 31.45 0.49 
2960 91.86 47.62 139.48 0.841 1444 9903 31.67 0.49 
2980 91.95 48.07 140.01 0.842 1453 9982 31.86 0.5 
3000 91.12 48.55 139.67 0.842 1459 10063 32.0 0.5 
3020 90.68 48.94 139.62 0.842 1467 10137 32.17 0.5 
3040 90.26 49.39 139.65 0.845 1476 10214 32.37 0.51 
3060 89.82 49.86 139.68 0.847 1482 10301 32.5 0.51 
3080 89.27 50.32 139.58 0.846 1488 10386 32.63 0.52 
3100 88.53 50.76 139.28 0.845 1496 10456 32.81 0.52 
3120 87.9 51.27 139.18 0.846 1502 10539 32.94 0.52 
3140 87.35 51.78 139.13 0.847 1504 10624 32.98 0.53 
3160 87.07 52.15 139.22 0.848 1513 10709 33.18 0.53 
3180 86.97 52.77 139.75 0.849 1514 10785 33.2 0.54 
3200 86.61 53.16 139.76 0.849 1518 10873 33.29 0.54 
3220 86.23 53.64 139.87 0.852 1525 10948 33.44 0.54 
3240 85.82 54.1 139.92 0.852 1533 11032 33.62 0.55 
3260 85.03 54.48 139.52 0.852 1537 11108 33.71 0.55 
3280 84.88 54.97 139.84 0.852 1544 11191 33.86 0.56 
3300 84.47 55.46 139.93 0.854 1551 11272 34.01 0.56 
3320 83.88 55.94 139.82 0.85 1553 11354 34.06 0.56 
3340 83.83 56.33 140.16 0.851 1557 11440 34.14 0.57 
3360 82.73 56.87 139.59 0.852 1563 11514 34.28 0.57 
3380 82.27 57.35 139.62 0.853 1568 11597 34.39 0.58 
3400 81.74 57.67 139.4 0.855 1575 11677 34.54 0.58 
3420 81.54 58.13 139.68 0.853 1582 11758 34.69 0.58 
3440 80.97 58.53 139.49 0.855 1588 11841 34.82 0.59 
3460 80.5 59.03 139.53 0.854 1595 11923 34.98 0.59 
3480 80.36 59.56 139.92 0.854 1599 12007 35.07 0.6 
3500 79.99 60.02 140.01 0.855 1606 12087 35.22 0.6 
3520 78.94 60.51 139.44 0.856 1613 12164 35.37 0.6 
3540 79.09 60.86 139.95 0.857 1619 12248 35.5 0.61 
3560 78.06 61.33 139.4 0.858 1625 12322 35.64 0.61 
3580 77.85 61.71 139.56 0.86 1633 12396 35.81 0.62 
3600 77.6 62.16 139.76 0.86 1639 12476 35.94 0.62 
3620 77.06 62.62 139.67 0.862 1645 12553 36.07 0.62 
3640 76.99 63.07 140.06 0.861 1649 12638 36.16 0.63 
3660 76.65 63.57 140.22 0.861 1655 12721 36.29 0.63 
3680 76.32 64.17 140.49 0.862 1663 12798 36.47 0.64 
3700 75.62 64.63 140.25 0.863 1669 12879 36.6 0.64 
3720 75.25 65.09 140.34 0.864 1674 12961 36.71 0.64 
3740 74.84 65.54 140.38 0.864 1677 13044 36.78 0.65 
3760 74.28 65.94 140.21 0.864 1683 13125 36.91 0.65 
3780 73.51 66.37 139.88 0.865 1687 13199 37.0 0.66 
3800 73.89 66.92 140.82 0.865 1690 13284 37.06 0.66 
3820 73.02 67.44 140.46 0.866 1699 13361 37.26 0.66 
3840 72.83 68.01 140.84 0.866 1705 13440 37.39 0.67 
3860 72.36 68.56 140.92 0.865 1709 13523 37.48 0.67 
3880 71.87 69.07 140.94 0.866 1714 13611 37.59 0.68 
3900 72.0 69.61 141.61 0.867 1720 13686 37.72 0.68 
3920 71.66 70.09 141.75 0.867 1724 13763 37.81 0.68 
3940 71.21 70.6 141.81 0.868 1731 13837 37.96 0.69 
3960 70.54 71.1 141.65 0.871 1742 13912 38.2 0.69 
3980 70.01 71.58 141.59 0.871 1746 14000 38.29 0.7 
4000 69.08 72.03 141.11 0.87 1755 14079 38.49 0.7 
4020 69.14 72.52 141.66 0.869 1757 14166 38.53 0.7 
4040 69.45 72.97 142.42 0.872 1764 14249 38.68 0.71 
4060 69.0 73.47 142.47 0.871 1770 14337 38.82 0.71 
4080 68.45 73.96 142.41 0.873 1775 14416 38.93 0.72 
4100 68.4 74.43 142.83 0.87 1781 14512 39.06 0.72 
4120 67.88 74.94 142.82 0.872 1789 14593 39.23 0.73 
4140 66.85 75.37 142.22 0.874 1792 14672 39.3 0.73 
4160 67.27 75.84 143.11 0.873 1796 14760 39.39 0.73 
4180 66.83 76.34 143.18 0.873 1801 14839 39.5 0.74 
4200 66.74 76.73 143.47 0.872 1807 14914 39.63 0.74 
4220 66.39 77.33 143.72 0.873 1810 14992 39.69 0.75 
4240 65.93 77.8 143.73 0.874 1814 15065 39.78 0.75 
4260 65.34 78.28 143.62 0.876 1821 15138 39.93 0.75 
4280 65.36 78.81 144.17 0.875 1824 15227 40.0 0.76 
4300 64.71 79.35 144.06 0.875 1829 15308 40.11 0.76 
4320 64.3 79.89 144.19 0.875 1834 15390 40.22 0.77 
4340 63.52 80.28 143.79 0.875 1840 15473 40.35 0.77 
4360 63.32 80.74 144.05 0.876 1845 15555 40.46 0.77 
4380 63.01 81.32 144.33 0.877 1850 15643 40.57 0.78 
4400 62.21 81.86 144.08 0.879 1860 15720 40.79 0.78 
4420 61.68 82.39 144.07 0.878 1864 15803 40.88 0.79 
4440 60.86 82.79 143.65 0.879 1870 15879 41.01 0.79 
4460 60.82 83.25 144.07 0.88 1877 15960 41.16 0.79 
4480 60.64 83.74 144.38 0.881 1882 16047 41.27 0.8 
4500 60.3 84.3 144.6 0.88 1887 16129 41.38 0.8 
4520 60.04 84.69 144.73 0.88 1889 16212 41.43 0.81 
4540 59.74 85.2 144.94 0.88 1893 16299 41.51 0.81 
4560 59.88 85.72 145.61 0.88 1896 16384 41.58 0.81 
4580 59.16 86.28 145.44 0.882 1901 16465 41.69 0.82 
4600 58.48 86.82 145.3 0.883 1903 16553 41.73 0.82 
4620 58.44 87.4 145.84 0.881 1905 16637 41.78 0.83 
4640 58.25 87.84 146.09 0.881 1911 16723 41.91 0.83 
4660 57.93 88.33 146.26 0.88 1915 16798 42.0 0.84 
4680 57.61 88.76 146.37 0.881 1924 16876 42.19 0.84 
4700 56.74 89.3 146.04 0.882 1927 16957 42.26 0.84 
4720 56.27 89.76 146.03 0.882 1933 17028 42.39 0.85 
4740 56.0 90.23 146.23 0.881 1935 17116 42.43 0.85 
4760 56.17 90.73 146.9 0.883 1937 17193 42.48 0.85 
4780 55.38 91.14 146.52 0.885 1943 17268 42.61 0.86 
4800 55.34 91.62 146.96 0.884 1945 17348 42.65 0.86 
4820 55.43 92.14 147.57 0.884 1950 17429 42.76 0.87 
4840 54.67 92.65 147.32 0.885 1956 17513 42.89 0.87 
4860 54.62 93.02 147.64 0.886 1958 17599 42.94 0.88 
4880 54.45 93.56 148.01 0.884 1962 17680 43.03 0.88 
4900 54.42 94.11 148.53 0.887 1967 17768 43.14 0.88 
4920 54.12 94.57 148.69 0.886 1971 17848 43.22 0.89 
4940 53.39 95.07 148.45 0.886 1975 17928 43.31 0.89 
4960 53.07 95.56 148.63 0.887 1980 18012 43.42 0.9 
4980 53.1 96.08 149.18 0.886 1986 18094 43.55 0.9 
5000 52.89 96.62 149.5 0.886 1991 18171 43.66 0.9 
5020 52.7 97.07 149.78 0.887 1996 18254 43.77 0.91 
5040 52.21 97.58 149.8 0.888 2002 18334 43.9 0.91 
5060 51.16 98.09 149.25 0.889 2005 18415 43.97 0.92 
5080 51.37 98.64 150.0 0.889 2008 18498 44.04 0.92 
5100 50.98 99.14 150.13 0.889 2015 18580 44.19 0.92 
5120 50.67 99.69 150.35 0.889 2017 18665 44.23 0.93 
5140 50.44 100.18 150.62 0.889 2021 18740 44.32 0.93 
5160 50.4 100.63 151.03 0.889 2025 18820 44.41 0.94 
5180 49.97 101.11 151.08 0.888 2031 18897 44.54 0.94 
5200 49.59 101.63 151.22 0.889 2037 18977 44.67 0.94 
5220 49.7 102.16 151.86 0.888 2042 19051 44.78 0.95 
5240 48.83 102.65 151.48 0.888 2045 19124 44.85 0.95 
5260 48.51 103.12 151.63 0.888 2047 19201 44.89 0.95 
5280 47.7 103.65 151.35 0.891 2053 19285 45.02 0.96 
