
0.39603376
0.39403933
0.40759256
0.3773716
0.36337805
0.35779536
0.35174593
0.35005194
0.3392577
0.3261506
0.32300645
0.3267008
0.32578123
0.31700963
0.3207659
0.31986824
0.32064843
0.31333676
0.32198307
0.33033708
0.32067814
0.3373972
0.32519525
0.3136828
0.3121828
0.30941835
0.3116329
0.31435597
0.31289732
0.31527355
0.3149692
0.3102064
0.30462396
0.30934137
0.3074343
0.30911988
0.30332938
0.30802557
0.30770278
0.3188647
0.30561286
0.2951169
0.3086882
0.3047284
0.2964532
0.3024765
0.3100914
0.30158576
0.29607078
0.29919118
0.29509652
0.29752052
0.2973097
0.29037488
0.29866132
0.28974602
0.29994336
0.2882125
0.29315948
0.28922796
0.28440824
0.2837968
0.29696944
0.2918482
0.29062286
0.2822529
0.28515834
0.2779477
0.2838266
0.28383678
0.28287593
0.28419876
0.30134273
0.28307313
0.2876641
0.2798739
0.27851078
0.27275634
0.27041784
0.2760565
0.27532452
0.27253065
0.273413
0.2716241
0.27856174
0.26953304
0.27751583
0.27474165
0.27737546
0.26966906
0.2792114
0.27601784
0.27639687
0.29045317
0.27177134
0.27453843
0.2762221
0.28031474
0.28259593
0.27819782
0.2800891
0.27360633
0.26597324
0.2671626
0.26949552
0.2806619
0.27857283
0.26402363
0.26658
0.26662666
0.26682565
0.27440828
0.26585355
0.26712242
0.26345155
0.27728826
0.26923767
0.25455785
0.26284084
0.257678
0.25857756
0.25561088
0.2578621
0.25512654
0.25373042
0.25524217
0.25714442
0.2529811
0.25833747
0.25674424
0.25305992
0.25080046
0.25233802
0.25018638
0.25497872
0.25015694
0.25003138
0.24704088
0.25481763
0.24787776
0.24846163
0.24910277
0.24839006
0.24511188
0.24826445
0.24843559
0.2534353
0.2525852
0.24519974
0.24596731
0.23955427
0.24325675
0.24345836
0.24861552
0.24705346
0.24622108
0.24581665
0.2434378
0.24178723
0.24246745
0.24667217
0.24715872
0.24032007
0.24246609
0.23960234
0.24703708
0.23879112
0.2473272
0.23895894
0.239608
0.2396945
0.23718686
0.23873414
0.2389688
0.23857884
0.23651467
0.23241141
0.2328399
0.23277308
0.2314614
0.23182878
0.23010343
0.23172018
0.22973661
0.2298989
0.2342969
0.23326421
0.23338811
0.23236045
0.22794962
0.22775975
0.23265128
0.22635679
0.22740735
0.22976439
0.22798108
0.23033805
0.23526238
0.23084591
0.23388341
0.2339406
0.23206748
0.22870366
0.22707051
0.22685713
0.23912358
0.22737226
0.22882943
0.22859305
0.22443596
0.2257118
0.2272307
0.22202344
0.23004779
0.22114366
0.22598396
0.22650023
0.22462954
0.22264527
0.22849698
0.22237079
0.22025341
0.22130051
0.22713393
0.22478639
0.22592033
0.22097617
0.21724956
0.22351472
0.21950711
0.21807222
0.2200888
0.2185817
0.2192611
0.22024158
0.21898487
0.21716256
0.21528076
0.22068384
0.21526216
0.21748002
0.21699224
0.22035003
0.22381715
0.2234857
0.2200193
0.21865638
0.21629412
0.21539578
0.21502745
0.21276267
0.2108922
0.21250293
0.21443196
0.21133499
0.21550979
0.21612857
0.21413687
0.21266448
0.21020885
0.21105121
0.21963918
0.21219043
0.21115892
0.2048746
0.20667633
0.21048637
0.21105498
0.21223466
0.21201313
0.21245247
0.20372352
0.21181038
0.20549834
0.20721167
0.20733741
0.20987573
0.21194413
0.20635627
0.2085199
0.20498742
0.21164128
0.21047898
0.20861992
0.20659305
0.20163438
0.20389776
0.20542523
0.20306106
0.21167707
0.2089235
0.20909113
0.20935483
0.20687854
0.20378844
0.20569718
0.21647795
0.2058455
0.2054529
0.2061773
0.20634042
0.20394342
0.20011121
0.2019217
0.20555158
0.20410495
0.20519873
0.20811525
0.20224696
0.20075332
0.20769753
0.20234144
0.20331334
0.19727671
0.20124885
0.20118865
0.20418821
0.19892955
0.20300828
0.20316353
0.20295349
0.19689159
0.20072354
0.2030779
0.197514
0.2013083
0.20273131
0.20318353
0.20067546
0.20115311
0.19584498
0.20079322
0.20001449
0.1962756
0.1960849
0.19380154
0.19946314
0.1990798
0.20027037
0.20240425
0.19876574
0.19803818
0.19562235
0.19782272
0.19991183
0.2005529
0.19462709
0.20351334
0.19616324
0.19884874
0.19496004
0.20078264
0.19874935
0.20322356
0.19473042
0.20321083
0.20024154
0.19818066
0.20389651
0.19300184
0.19896895
0.19413716
0.19364569
0.1973341
0.19566512
0.19938959
0.19220765
0.19173397
0.19146736
0.19209464
0.19712047
0.19319868
0.19651523
0.1921834
0.19223204
0.19403104
0.19424267
0.1911835
0.19110332
0.18856648
0.18831553
0.18865399
0.19472302
0.19674125
0.19916245
0.19816867
0.19077358
0.18941222
0.19040887
0.1889855
0.1952036
0.19245352
0.19213736
0.19289786
0.19123816
0.18936414
0.18950197
0.19056976
0.19163096
0.18761015
0.18898627
0.18878354
0.18556812
0.1933341
0.195256
0.19962007
0.18904851
0.19610246
0.19140041
0.19814937
0.19008371
0.19668941
0.19241622
0.1974065
0.18523692
0.1890687
0.18447685
0.18473828
0.18344815
0.18683396
0.18975493
0.18448387
0.18528998
0.18356603
0.19069943
0.18730965
0.1916728
0.1905339
0.1874462
0.1840855
0.18191499
0.18510225
0.1811429
0.18667035
0.17836745
0.18107873
0.18125223
0.18604013
0.17934875
0.185667
0.17940871
0.18094672
0.17945354
0.18237463
0.18196282
0.18074484
0.17585969
0.18132178
0.1836051
0.18378788
0.18062155
0.17832018
0.17986865
0.17878678
0.17925979
0.18813914
0.1811709
0.18334532
0.17896788
0.17915483
0.17937922
0.17648673
0.18156369
0.18032439
0.17744093
0.17380428
0.17915317
0.17815286
0.17888127
0.18105386
0.1784501
0.18030834
0.17740539
0.1776895
0.18017991
0.17761235
0.17380649
0.17604493
0.17969038
0.17644508
0.18055017
0.17588368
0.17441255
0.17619047
0.17735155
0.17960416
0.17920747
0.17490324
0.1746109
0.1777249
0.17368446
0.17269497
0.17838305
0.17377353
0.17556421
0.17558284
0.17620869
0.17432956
0.17173234
0.17662159
0.17370953
0.17786765
0.17172566
0.17906237
0.17251348
0.17389472
0.17618264
0.17025734
0.1724734
0.1670501
0.1675968
0.17180483
0.1680526
0.16579264
0.1685077
0.1675641
0.17107366
0.16698675
0.16790105
0.17136161
0.17222941
0.16883594
0.17035633
0.17039376
0.17004055
0.16563712
0.16952743
0.16633458
0.16634257
0.16901472
0.17377031
0.16702846
0.16578044
0.16618952
0.16669744
0.17188363
0.16738853
0.17144291
0.1682952
0.16694169
0.1674834
0.16453895
0.17072691
0.16755572
0.16746503
0.16800977
0.16739745
0.16925086
0.16867386
0.16697986
0.16740717
0.16281386
0.16641225
0.16425565
0.16178921
0.16842817
0.16764413
0.16661492
0.16831598
0.16162907
0.16595307
0.16210794
0.16457827
0.16683719
0.16435467
0.16289483
0.1655944
0.16948819
0.16269538
0.1627982
0.1627668
0.16095805
0.16581476
0.16277085
0.16274889
0.16659266
0.16271502
0.16155225
0.16513655
0.16597635
0.15976025
0.16188043
0.16177078
0.16183163
0.16437006
0.16231114
0.16351242
0.16876535
0.16414826
0.16183814
0.16418742
0.1638288
0.16639715
0.15927805
0.16098736
0.16162658
0.16307189
0.16337958
0.16550978
0.1678021
0.1647959
0.16928762
0.16307625
0.16267744
0.15747026
0.16200231
0.15984114
0.16182233
0.1634157
0.1577454
0.16092019
0.15928467
0.1583381
0.16161059
0.16018113
0.15995213
0.15967157
0.15937367
0.15747792
0.16300187
0.16107763
0.16082223
0.1559648
0.15815818
0.1589974
0.15908676
0.1561172
0.15862113
0.15907887
0.15723322
0.15728082
0.15968353
0.15655157
0.15694979
0.15961371
0.15932564
0.16021591
0.16501282
0.16456392
0.15751879
0.15371563
0.15718262
0.15838563
0.15824866
0.15685502
0.15743284
0.15996431
0.1545432
0.15381783
0.15679643
0.1547096
0.15627709
0.15555803
0.15517153
0.15851726
0.15539801
0.15570094
0.15403755
0.15551512
0.15505742
0.15349504
0.15460044
0.15199818
0.15500247
0.1527259
0.15231477
0.15344518
0.1604878
0.15358989
0.15162109
0.15297641
0.15283763
0.15634073
0.15268067
0.15206283
0.15405062
0.15364593
0.15612188
0.15988778
0.15191236
0.1552052
0.16025247
0.15382563
0.15314999
0.15306999
0.15158965
0.15319794
0.15196602
0.15171455
0.15194142
0.15037712
0.14976633
0.15409312
0.1514966
0.15168954
0.1502778
0.15257087
0.15091194
0.14945105
0.15206715
0.15727672
0.15250199
0.15044601
0.15019691
0.15038677
0.14677158
0.14932519
0.15187185
0.15311849
0.15315743
0.15257566
0.15332101
0.15044506
0.14722522
0.14679548
0.15005906
0.14892352
0.14861265
0.15466152
0.14554548
0.14851412
0.14657114
0.14898682
0.1490663
0.14827326
0.14990088
0.14628516
0.15337361
0.14921083
0.1468121
0.14709994
0.15305403
0.1463944
0.14624566
0.14618449
0.1525894
0.15204075
0.14515632
0.1457207
0.14381646
0.14521754
0.14559674
0.1470271
0.14719734
0.14544885
0.14696027
0.14634977
0.14790024
0.14726692
0.14490435
0.14424504
0.14702411
0.14972296
0.1489772
0.14525238
0.1488103
0.1486852
0.14764811
0.14449243
0.1482174
0.15048483
0.14767857
0.14271976
0.15132712
0.14378841
0.14796245
0.14617942
0.14673069
0.14608426
0.14698525
0.1436281
0.14663154
0.1475201
0.1445652
0.1463921
0.14494179
0.14428541
0.1464678
0.1441226
0.14706501
0.14446822
0.14480549
0.14103134
0.14030623
0.141257
0.14445017
0.1418657
0.14093724
0.14269039
0.14164902
0.14462055
0.14329611
0.14305227
0.14249197
0.14292419
0.14134625
0.1458146
0.14222701
0.1424977
0.14352386
0.1454419
0.13946384
0.14481878
0.14062949
0.13988425
0.1446214
0.14438404
0.1405851
0.14228727
0.14305131
0.14127949
0.14313802
0.13941568
0.14281018
0.14172313
0.14414509
0.14194025
0.14053263
0.13947445
0.14203629
0.13972585
0.13961217
0.14087786
0.13982733
0.13922152
0.14044453
0.14066416
0.14238206
0.13848849
0.13977826
0.14068164
0.13937572
0.14526162
0.13881277
0.13932161
0.1371721
0.14035146
0.1382299
0.13678063
0.13984954
0.1400867
0.13595973
0.13911928
0.14487003
0.14196844
0.14145014
0.14025351
0.13791141
0.1408358
0.1390452
0.13734019
0.13726452
0.13711117
0.1424591
0.14220601
0.13863201
0.14169139
0.13968578
0.13922669
0.13529913
0.13837974
0.14198747
0.14022903
0.13956183
0.1369478
0.13845529
0.13691139
0.13794895
0.13724089
0.13527253
0.13589026
0.13697745
0.13562648
0.13563262
0.1344836
0.13970274
0.14140557
0.13623795
0.136315
0.13740435
0.1361524
0.13426103
0.13724095
0.1370424
0.13531281
0.14089729
0.13993181
0.13695729
0.13744487
0.13762324
0.13770206
0.13506065
0.1385852
0.13547608
0.13616902
0.14329863
0.13598369
0.13722955
0.13559584
0.13286014
0.13428855
0.13508032
0.13557269
0.13356428
0.13518676
0.13388765
0.135206
0.13665113
0.13132347
0.13361657
0.13115238
0.13515337
0.13446727
0.13443181
0.13540034
0.13595623
0.13084684
0.13614728
0.1347128
0.13376358
0.13402507
0.13419406
0.12974612
0.13343218
0.13498946
0.13292573
0.13591343
0.13537185
0.13574299
0.13184175
0.13168277
0.13328072
0.13312453
0.133184
0.13496813
0.13189904
0.1333695
0.13645092
0.13439195
0.13443409
0.13449664
0.13300389
0.1349853
0.13425016
0.12974313
0.1320478
0.13597752
0.13333465
0.1350572
0.13516925
0.13663022
0.1367021
0.13308929
0.13132046
0.13567922
0.13340929
0.13138993
0.13339452
0.13143057
0.13359787
0.1351004
0.1345966
0.13186744
0.1305525
0.12989244
0.13375677
0.12891762
0.13106643
0.12937549
0.1362379
0.13351911
0.1318301
0.13199541
0.13194026
0.13199092
0.13362177
0.12969087
0.13284054
0.13237469
0.1317967
0.13337374
0.13505362
0.13028064
0.13641079
0.13246295
0.13172597
0.12990211
0.13078578
0.13045263
0.12991066
0.13101271
0.12996432
0.12966093
0.13006806
0.12931609
0.12954257
0.13145317
0.12914768
0.12671918
0.12634753
0.133144
0.13351333
0.13287468
0.12638082
0.1297872
0.13229537
0.12791191
0.13231854
0.1295653
0.12913617
0.13162713
0.12819411
0.12746356
0.12886055
0.12821119
0.12784728
0.13001545
0.12757231
0.1274977
0.12687528
0.12603034
0.12668456
0.12608375
0.12662548
0.12559766
0.12813552
0.12745441
0.13149196
0.13024756
0.12801717
0.1270759
0.12772822
0.12609935
0.12785648
0.12823029
0.12923232
0.12609917
0.12954012
0.12621473
0.12720557
0.12684327
0.1274817
0.12716754
0.12532169
0.12917161
0.1241709
0.13059962
0.12745848
0.12657614
0.12415238
0.122897975
0.124255866
0.12455875
0.12874533
0.12312815
0.12594457
0.12407857
0.12406531
0.12737535
0.12498843
0.12483375
0.12672083
0.12303791
0.12778111
0.12398781
0.12522458
0.12356923
0.124009386
0.12661579
0.12394607
0.12541378
0.12303984
0.124569334
0.12617406
0.1250061
0.12537591
0.12332739
0.12887922
0.12260381
0.1248132
0.1275146
0.12515092
0.12738942
0.1279127
0.12659286
0.12698914
0.12850668
0.12638088
0.124009416
0.12601234
0.12378882
0.1289756
0.12879634
0.1269847
0.12449184
0.12367898
0.122295186
0.12559468
0.1245702
0.12368538
0.12483151
0.12638645
0.12293669
0.12300397
0.12239573
0.12537657
0.12162988
0.12664077
0.12261062
0.12326494
0.12468856
0.1267482
0.12438263
0.1255115
0.12447618
0.12337158
0.12390484
0.12453171
0.12167776
0.12487918
0.120290555
0.12099987
0.12078231
0.12013153
0.1195631
0.123632304
0.121207
0.12563337
0.121377036
0.121473566
0.121207245
0.12297126
0.12121689
0.12331603
0.12233501
0.12568475
0.121371634
0.12540199
0.1210514
0.121912606
0.12021228
0.11981733
0.12406701
0.12714747
0.12251353
0.12266292
0.11773026
0.12384741
0.12818077
0.124001026
0.12092746
0.12181231
0.12377361
0.121446066
0.12000044
0.12249068
0.12091013
0.12033073
0.12000829
0.11921939
0.11894873
0.11894481
0.12079303
0.12218177
0.11975216
0.1187663
0.120526664
0.122049816
0.12158348
0.12082466
0.121466465
0.11956985
0.12115884
0.119246125
0.11960469
0.118797176
0.11829999
0.122448765
0.11864416
0.11810846
0.11698258
0.11958209
0.12018563
0.11945371
0.11916565
0.122387215
0.12032499
0.121662684
0.11895758
0.12086419
0.12068554
0.11790653
0.120736785
0.11870835
0.121430896
0.12125368
0.120296754
0.1183899
0.12077903
0.11953413
0.118912615
0.1221349
0.118295506
0.11870785
0.119066514
0.11848771
0.11910122
0.118060336
0.11871818
0.116707966
0.1189278
0.11998878
0.11872373
0.11728303
0.117640786
0.120060265
0.118320994
0.11721775
0.11696944
0.11920619
0.11701917
0.11645523
0.117378764
0.11808514
0.115089886
0.12103762
0.11635915
0.120465636
0.11869567
0.11825403
0.11937495
0.11712147
0.116138354
0.11873419
0.11662136
0.11764151
0.11613701
0.11609559
0.11668815
0.11653934
0.11804578
0.11679786
0.117721766
0.11549942
0.11976425
0.116460465
0.115305446
0.11748799
0.11941947
0.11643938
0.11630728
0.11580478
0.11642257
0.114273734
0.11734902
0.115527615
0.118496306
0.11942692
0.11552886
0.11769254
0.11692886
0.118158676
0.113768786
0.11567783
0.118391275
0.11616919
0.11734839
0.11725106
0.11478843
0.114369944
0.11543749
0.11389018
0.11686222
0.11736869
0.11946316
0.11778402
0.11736571
0.11593804
0.11726246
0.116971605
0.113169186
0.11462614
0.11694928
0.115302846
0.11802519
0.11645463
0.11488918
0.116729476
0.1134222
0.11467655
0.11608615
0.11620758
0.11394024
0.118032545
0.1158892
0.11474186
0.11606622
0.11579942
0.11407242
0.114470474
0.11556017
0.11697879
0.112725794
0.11540172
0.11429801
0.11270327
0.11265017
0.11232728
0.11405986
0.1138273
0.11139687
0.113886625
0.11249146
0.11242067
0.11593541
0.112885624
0.11428698
0.11550118
0.11193383
0.11425406
0.11414621
0.112027824
0.11360804
0.112845466
0.1129743
0.111906335
0.11318947
0.11191418
0.112871505
0.11163164
0.111153536
0.114225805
0.11534883
0.11914681
0.11196974
0.111549124
0.11451178
0.11144127
0.11084774
0.111319385
0.111046135
0.11148117
0.111565806
0.111652866
0.11124079
0.11150259
0.11245688
0.11395322
0.11361292
0.111154236
0.11158315
0.11206225
0.11291761
0.112535596
0.11297976
0.11135245
0.11297894
0.110335305
0.112492815
0.11618592
0.1103624
0.11021722
0.11150354
0.11315121
0.11353605
0.108726114
0.11023452
0.10972026
0.10856818
0.11115341
0.113602035
0.1115692
0.11065582
0.113217
0.10861536
0.10820417
0.110506654
0.112449124
0.11051161
0.11054875
0.11065467
0.11053627
0.10989495
0.11138508
0.11147492
0.111503
0.10936751
0.11213541
0.11086303
0.108466856
0.112336144
0.11564347
0.110914536
0.11409282
0.10980342
0.11217336
0.1089445
0.11220354
0.11105984
0.11157308
0.11117404
0.108464845
0.10917831
0.10947083
0.10975707
0.109046735
0.108188815
0.111138836
0.109681234
0.109394774
0.10942536
0.10885666
0.10845326
0.107916355
0.10877523
0.1089816
0.11267741
0.108383104
0.108596705
0.10778662
0.10969006
0.108081
0.108542226
0.10756574
0.108737975
0.1070603
0.109692216
0.108555056
0.108196065
0.110388756
0.113753654
0.11095829
0.10946835
0.10894672
0.10996495
0.10859277
0.105956145
0.10724767
0.107724555
0.10860895
0.11042665
0.11140408
0.10821254
0.10901202
0.107285686
0.106865935
0.10687306
0.107293226
0.10770768
0.108629145
0.106796496
0.10783961
0.105031036
0.10933788
0.10843492
0.10926359
0.1060457
0.10820476
0.11049682
0.106052354
0.10816793
0.1086606
0.10898013
0.110664286
0.109653816
0.10638611
0.10977102
0.10670894
0.11197024
0.10779716
0.108087935
0.110078
0.10681289
0.107899666
0.10543668
0.106658965
0.107906565
0.10716154
0.10587879
0.10948259
0.10705656
0.10664054
0.109760985
0.10520921
0.10768551
0.105665326
0.106470734
0.10740562
0.10536852
0.104345135
0.10823752
0.10615741
0.10560638
0.10647412
0.10481004
0.1068347
0.10457639
0.104654714
0.104326844
0.10530773
0.10437358
0.10889699
0.10468347
0.10668015
0.108294815
0.10623689
0.106868334
0.10408035
0.10547732
0.107190035
0.10579149
0.10607977
0.10742602
0.10422955
0.10467503
0.10489747
0.10641362
0.1039414
0.10647433
0.11030251
0.10569238
0.10554405
0.10482373
0.10789606
0.10583072
0.10688375
0.108530164
0.105324924
0.10334151
0.10733508
0.10507108
0.10494974
0.104208276
0.10463904
0.10263299
0.10386944
0.10535595
0.103655286
0.10511492
0.10429591
0.106227234
0.103241794
0.107630946
0.10540548
0.10248443
0.10375687
0.10431185
0.10288202
0.10493347
0.10503464
0.10651531
0.105560966
0.10700756
0.10674685
0.10918119
0.10645466
0.10491145
0.10628904
0.10918717
0.10529585
0.10592351
0.10388597
0.10360789
0.10626907
0.104652755
0.10475202
0.10479963
0.105052754
0.102492064
0.10509928
0.10433373
0.10295676
0.103785455
0.10489478
0.10715252
0.102603704
0.1066844
0.10317626
0.10491173
0.10357174
0.105240054
0.104101665
0.10390718
0.10378165
0.104219355
0.10369591
0.103242874
0.10372882
0.10274523
0.103988014
0.10452131
0.102403656
0.102367125
0.10538713
0.10289974
0.10472409
0.1085405
0.10228868
0.10575212
0.10227375
0.102928266
0.10277715
0.104877755
0.10336913
0.10339204
0.10336663
0.10496067
0.101406954
0.10489502
0.10395176
0.10055985
0.10147224
0.10385948
0.10422023
0.100928165
0.102609694
0.10296763
0.10453092
0.10218006
0.102026865
0.10368651
0.101942495
0.10325361
0.10207482
0.104005985
0.10051462
0.10188766
0.10395982
0.102674544
0.10297808
0.10183918
0.10195105
0.1002645
0.104014695
0.10270519
0.10272725
0.103039786
0.10325748
0.101046406
0.10357077
0.10187678
0.10347943
0.099752754
0.10056934
0.1002568
0.10354826
0.10107186
0.10190668
0.0992666
0.1006326
0.10704055
0.10022234
0.10222393
0.10166439
0.10018589
0.10347501
0.10148605
0.101421505
0.10348976
0.104119495
0.101589866
0.10053185
0.101476505
0.102696694
0.10217874
0.10371548
0.09926237
0.10397056
0.101258434
0.10041517
0.10021102
0.099779055
0.10028227
0.09947585
0.10038211
0.09904457
0.101035215
0.09908418
0.10219138
0.099491134
0.10173524
0.1008416
0.099756464
0.09849869
0.098570906
0.09862747
0.09955001
0.10119522
0.10221183
0.09930041
0.10119945
0.104464255
0.099023
0.09926824
0.10097835
0.09965713
0.10188256
0.09915925
0.10176241
0.09976004
0.103491575
0.10068933
0.098308325
0.09848979
0.10076758
0.09987269
0.10086387
0.09766279
0.099526145
0.09838966
0.09756221
0.0998199
0.10295946
0.09815089
0.09986176
0.10105314
0.098006934
0.10074365
0.099319585
0.09811777
0.10016021
0.0982568
0.10151286
0.100023285
0.09885258
0.099543594
0.09808053
0.09646113
0.09796637
0.098611884
0.097763896
0.097706676
0.09788527
0.097340785
0.10004065
0.09833258
0.09830918
0.09802428
0.09977326
0.098903686
0.099387616
0.09948497
0.10009126
0.10345501
0.09957679
0.10055614
0.09743398
0.098753974
0.09999214
0.1004858
0.10131963
0.09880574
0.10164254
0.098914914
0.09932975
0.098359436
0.098163344
0.09725893
0.09773292
0.09844565
0.097738154
0.100650094
0.09723366
0.0960422
0.097121075
0.09954822
0.0976247
0.09954909
0.09801395
0.09746157
0.09644113
0.10068277
0.096675746
0.09622361
0.098090954
0.09790436
0.10012331
0.098069124
0.096175425
0.09855527
0.09750777
0.096977115
0.09743838
0.097323336
0.0955422
0.096696526
0.09617303
0.09872194
0.09858831
0.09888492
0.09747598
0.096287675
0.101952635
0.09549884
0.094906405
0.09643187
0.09611067
0.09530677
0.09644731
0.101504974
0.095709085
0.09736123
0.09668946
0.09626655
0.09637852
0.097557925
0.096508704
0.09553007
0.10010072
0.09691101
0.09917437
0.09640873
0.09628837
0.09607565
0.09636725
0.09603453
0.09794121
0.096490435
0.09727773
0.09596722
0.09955885
0.09512025
0.09623479
0.09621976
0.09459075
0.096817434
0.09557989
0.097212635
0.09535591
0.09568907
0.09520309
0.096150234
0.096877016
0.0972601
0.096468136
0.09887083
0.09448435
0.093942754
0.094844915
0.09670506
0.095589295
0.09514795
0.096223176
0.09475431
0.09485807
0.094182596
0.096120805
0.093538135
0.09585117
0.097062506
0.09451926
0.097280286
0.094647415
0.094389826
0.09449971
0.09583704
0.09391343
0.0948165
0.09400453
0.09358169
0.09449203
0.094669506
0.096647836
0.096204534
0.09526921
0.094317205
0.09585116
0.09797525
0.095515974
0.0954017
0.09284473
0.0955048
0.09601418
0.09516089
0.09387262
0.09304083
0.09305497
0.095179066
0.09482881
0.09811691
0.09475676
0.097030856
0.093852445
0.095998116
0.09593862
0.093949504
0.09759434
0.09134937
0.096565895
0.09302705
0.09563813
0.09527742
0.094531745
0.09410697
0.092109255
0.09217848
0.09352225
0.09430744
0.094645076
0.094241284
0.09420492
0.09849338
0.095946334
0.095329896
0.09249775
0.094311476
0.09396444
0.09554257
0.09572923
0.09400493
0.0944537
0.09328999
0.09734564
0.09495162
0.09521929
0.09389362
0.09269272
0.09316542
0.092709035
0.09529879
0.09571052
0.09687009
0.09529362
0.09359489
0.09504053
0.09285539
0.09484482
0.09641047
0.09402232
0.09442197
0.09573682
0.09380962
0.096694775
0.095794
0.09267197
0.09740271
0.09297675
0.09269269
0.095060475
0.09361562
0.09304498
0.09105562
0.09354816
0.092238076
0.09325623
0.093516506
0.09405672
0.09456805
0.0929885
0.09462213
0.09508416
0.093569115
0.092281595
0.092957646
0.09331572
0.09564699
0.09469588
0.09439776
0.092251495
0.0933931
0.09291429
0.09157946
0.09254646
0.09228671
0.09375565
0.09446323
0.092223
0.09162433
0.09274813
0.09318076
0.0923308
0.09191592
0.09502386
0.09520209
0.09354523
0.092186525
0.092043266
0.092088945
0.09186583
0.09331522
0.09477497
0.09500192
0.09201179
0.09108258
0.0926823
0.09399604
0.09250054
0.0910476
0.0927563
0.09147282
0.09273922
0.09382511
0.09321331
0.09168585
0.09173671
0.09252129
0.0918254
0.09301026
0.092103325
0.094370134
0.0902577
0.09417796
0.09211628
0.09228272
0.092388764
0.09180146
0.09177992
0.09099619
0.09270075
0.09086203
0.09064569
0.09331323
0.09009996
0.09173162
0.09273815
0.0923584
0.094104365
0.09257561
0.0910038
0.09563375
0.0922993
0.093718514
0.09092417
0.09384434
0.09186761
0.09085793
0.09376692
0.09203694
0.09077516
0.092525505
0.091387175
0.09303567
0.0909483
0.09136813
0.09018432
0.091070764
0.0902314
0.091004856
0.09082082
0.091330126
0.091869116
0.08980835
0.09171515
0.09212787
0.08946353
0.09119291
0.091788836
0.094049506
0.090115294
0.09181053
0.09211956
0.09186809
0.09080131
0.09042576
0.09048244
0.09077912
0.091508545
0.09109759
0.09160661
0.09016853
0.09084045
0.089170896
0.08999343
0.093117975
0.09378208
0.08936863
0.09038068
0.09371622
0.095703796
0.09160666
0.09012192
0.08966713
0.09168889
0.08975083
0.0913163
0.090287395
0.09280564
0.08853623
0.090945095
0.08966756
0.090140365
0.08958449
0.08994095
0.089315474
0.0890533
0.08973933
0.08853914
0.08866719
0.08850104
0.090078264
0.09024905
0.08999034
0.09375197
0.09019468
0.089352295
0.08936688
0.08975152
0.0911906
0.09143978
0.09044035
0.09219841
0.08930527
0.088943034
0.08996039
0.09318955
0.090656236
0.09014144
0.091515854
0.09002893
0.090098575
0.087697215
0.091576
0.08895263
0.08993582
0.08866231
0.09084628
0.08924314
0.09118974
0.08863786
0.09063656
0.089129485
0.090301506
0.0910194
0.09034947
0.09176565
0.08940068
0.08803027
0.09063269
0.089193
0.089623176
0.08944665
0.08823784
0.090412125
0.08894274
0.0897551
0.089106955
0.0900893
0.089127615
0.08837925
0.0900422
0.09091337
0.088177405
0.08837033
0.08963597
0.087363735
0.09079751
0.090180464
0.0901589
0.08951553
0.08930377
0.08654559
0.088337466
0.088020906
0.08654916
0.088763185
0.08843392
0.09041003
0.088826485
0.08788327
0.08773468
0.08836918
0.087692894
0.0890999
0.0891781
0.09013705
0.089124985
0.08783232
0.09128012
0.089268744
0.08834052
0.088946626
0.08874421
0.088313006
0.08910363
0.08736481
0.087470636
0.08833048
0.08781181
0.08728092
0.08922033
0.08773399
0.089234374
0.09071642
0.08926976
0.088322565
0.087917864
0.086315095
0.08892346
0.08847534
0.08737673
0.08852111
0.090117626
0.08635657
0.08789275
0.087882124
0.08633649
0.08977399
0.0877481
0.08850488
0.08789497
0.08853592
0.08879514
0.08844688
0.088952325
0.08899014
0.088289924
0.08769697
0.08774483
0.08729461
0.08759608
0.09026995
0.08681571
0.08983523
0.08842209
0.08816402
0.088093296
0.08870973
0.08844922
0.08825017
0.08701521
0.08893632
0.08736598
0.0885849
0.08777638
0.08661549
0.08810011
0.08743192
0.086528085
0.09000051
0.086733885
0.08757502
0.08689609
0.08620958
0.08825579
0.0901841
0.08712038
0.08849617
0.087108046
0.0874105
0.086539984
0.08892062
0.09040033
0.086306706
0.08891663
0.085648336
0.086721666
0.086360514
0.08853023
0.08727009
0.088305056
0.08679018
0.086663745
0.08711451
0.088386536
0.088069975
0.087848485
0.08678508
0.088221855
0.0885191
0.08779501
0.086680025
0.08626478
0.087662466
0.087373614
0.08566851
0.08871992
0.0878915
0.08852583
0.08622237
0.089007825
0.089302726
0.08835823
0.08615885
0.087364696
0.087911904
0.087962314
0.08824802
0.08956967
0.09055889
0.08724164
0.09118925
0.08729798
0.09023958
0.088183455
0.08796291
0.08592705
0.087352626
0.085938394
0.08710342
0.087365724
0.08660915
0.08515838
0.08724529
0.086773366
0.085945286
0.08594063
0.088379785
0.08717881
0.08674692
0.08823051
0.08643234
0.08622878
0.0882314
0.0869065
0.08666623
0.08567817
0.08579562
0.08703418
0.0865811
0.085512415
0.0859282
0.08709593
0.087968715
0.0881921
0.0888745
0.08514088
0.08718923
0.08624212
0.08579247
0.08779981
0.08669296
0.089414604
0.086554945
0.084821075
0.08547282
0.08635866
0.087825194
0.08558901
0.08578135
0.08462738
0.087700225
0.0855943
0.08437318
0.08527585
0.08675221
0.085672356
0.085195296
0.084879726
0.0860182
0.08611154
0.086245105
0.08487727
0.08554639
0.08427714
0.0841717
0.08557764
0.08412234
0.08576315
0.08479556
0.084805414
0.0841821
0.08382938
0.08437069
0.08507433
0.08736872
0.08652127
0.08498321
0.086665995
0.08513688
0.0840903
0.08689225
0.08359224
0.084499046
0.083046
0.08400306
0.085691065
0.08514505
0.083976164
0.08448135
0.08408114
0.085563906
0.08658532
0.08545594
0.085876085
0.08755814
0.084167756
0.08334773
0.08350566
0.08351354
0.08320128
0.08419152
0.08572755
0.08422899
0.08460601
0.08535257
0.085977644
0.08472322
0.085347734
0.08549046
0.08305902
0.08691226
0.08396132
0.084127985
0.083658054
0.08387289
0.084071316
0.08527233
0.08558733
0.086113095
0.08509251
0.08616522
0.08687435
0.08751822
0.08508648
0.08462657
0.083379656
0.084429264
0.08475139
0.08277692
0.08462499
0.08703388
0.0848771
0.0846659
0.084171355
0.086413816
0.08490923
0.08360799
0.08437063
0.08447231
0.085912555
0.085504286
0.08683796
0.08436012
0.08384462
0.08660582
0.083246365
0.08460087
0.083776355
0.085235804
0.085631385
0.085006036
0.0863494
0.084118046
0.08228587
0.08277822
0.08688462
0.08274995
0.08300756
0.08347259
0.08304694
0.082752876
0.084622614
0.08466574
0.082956836
0.08309706
0.0864845
0.08445095
0.0861128
0.0862956
0.08881302
0.082917936
0.08396052
0.083490185
0.08500787
0.082934424
0.084254116
0.08501765
0.08418476
0.08523111
0.08482734
0.08518106
0.08563559
0.084303245
0.08369537
0.0846392
0.08588631
0.082094185
0.084091
0.082328625
0.08405801
0.08597859
0.08314579
0.085180655
0.0856455
0.08492862
0.08626999
0.08397253
0.08415513
0.08563624
0.08393262
0.082624294
0.08499744
0.08232898
0.081175186
0.08463367
0.08415394
0.08472787
0.08520647
0.083673686
0.083346814
0.08548844
0.083680965
0.083513856
0.08318156
0.08379429
0.08398574
0.08641329
0.08503746
0.08375321
0.082558304
0.083526954
0.0828806
0.08333347
0.08217913
0.08671154
0.08351089
0.08423474
0.0840316
0.08247831
0.084929876
0.083540566
0.0841884
0.0837502
0.083865225
0.08648665
0.08354789
0.084426515
0.084134534
0.08315295
0.08497808
0.084239095
0.08280169
0.0849594
0.08316246
0.0830784
0.08421255
0.084677495
0.08568285
0.082194835
0.082619525
0.08251531
0.0842818
0.08263581
0.08255928
0.083165765
0.08343008
0.0815614
0.084786266
0.081379265
0.08327044
0.080777995
0.08428655
0.083107084
0.085571624
0.08417978
0.08145646
0.08105376
0.08389778
0.08397148
0.08121048
0.083749264
0.086579144
0.08298115
0.08181632
0.08268707
0.080432355
0.08292771
0.08332613
0.08437004
0.08234844
0.08126158
0.08315785
0.080786854
0.080945954
0.08132136
0.08431875
0.08201756
0.08323133
0.084378265
0.0834884
0.0814834
0.0821889
0.08317958
0.08077596
0.082528204
0.0816466
0.08023834
0.08385943
0.08249466
0.08441022
0.08067939
0.08112963
0.08186711
0.08088272
0.08227116
0.08134245
0.08301769
0.082900226
0.08099198
0.08095656
0.08360814
0.08289654
0.08328204
0.08307925
0.08505085
0.08019035
0.08343598
0.08175831
0.07983366
0.08300989
0.08067921
0.0809312
0.081898496
0.0832655
0.08157592
0.08226335
0.08165129
0.08170863
0.08133181
0.08159998
0.08089019
0.079945356
0.07983566
0.08047161
0.08057868
0.081353635
0.0836885
0.081399046
0.0823289
0.08125651
0.07896974
0.08170096
0.08096329
0.079483606
0.0793954
0.07947404
0.08011086
0.08346787
0.080137745
0.08172939
0.08138095
0.07989379
0.08187438
0.07948925
0.08179481
0.0817417
0.08133611
0.08130021
0.08055102
0.079963915
0.08193245
0.08249084
0.0794388
0.080300584
0.07977039
0.08113751
0.07988839
0.081499174
0.08195757
0.07999706
0.07947958
0.08093903
0.08048277
0.08074148
0.080145404
0.08090912
0.08014526
0.08025098
0.08182513
0.07915403
0.08248994
0.083175056
0.079926595
0.07905386
0.08126145
0.08072617
0.079311125
0.08409938
0.08300081
0.08245282
0.08308067
0.08102004
0.08067817
0.07997294
0.08163948
0.081013344
0.07916004
0.079763286
0.07918083
0.07919954
0.0803219
0.08156611
0.08054229
0.080210306
0.078057714
0.080749005
0.07987576
0.08010343
0.081058845
0.0787338
0.07881456
0.07864668
0.07931758
0.078911126
0.07795722
0.08175743
0.080586806
0.08024461
0.07781309
0.08046649
0.07981404
0.07874893
0.07936462
0.079417154
0.080610424
0.08051626
0.07998672
0.078461945
0.081968494
0.07992206
0.07989463
0.08095054
0.07895884
0.07889363
0.079600416
0.07975229
0.0795416
0.078906
0.08090104
0.08046639
0.07992813
0.0816878
0.07907517
0.07815247
0.07974446
0.07787894
0.07913605
0.07918572
0.07899008
0.07706159
0.07895377
0.07877107
0.078083694
0.078693
0.079418465
0.08304795
0.079364784
0.078861445
0.07961832
0.07998561
0.07749237
0.07865165
0.07895193
0.07869978
0.08044586
0.0782441
0.07721373
0.07935192
0.080295086
0.078732714
0.07993675
0.0784067
0.08078491
0.07899388
0.08094598
0.08037259
0.08100214
0.07941995
0.07849957
0.07963106
0.082169496
0.07989073
0.07920554
0.07883032
0.08117789
0.07931885
0.07925295
0.079144455
0.07833111
0.08069265
0.079702765
0.07984166
0.07978622
0.08208406
0.07948569
0.08058779
0.08187462
0.078418136
0.07923187
0.08033213
0.07825323
0.08104648
0.078699075
0.081365734
0.07977261
0.07878348
0.07920227
0.08254289
0.079135284
0.07908385
0.08068128
0.07851026
0.079442464
0.07710334
0.081657924
0.078590155
0.08011207
0.07814347
0.08091245
0.07744821
0.07934365
0.07796111
0.07848409
0.07918713
0.07895678
0.07884584
0.07855493
0.07908266
0.080519356
0.081806324
0.07895608
0.07922962
0.078278795
0.08138182
0.07988821
0.07918232
0.07746028
0.07830223
0.07929042
0.077185474
0.07957214
0.078083366
0.07878134
0.07993176
0.07924109
0.07849981
0.07888134
0.07765916
0.07910137
0.07902361
0.07892257
0.0772984
0.077798106
0.0795967
0.0782763
0.07814139
0.07894418
0.0787496
0.078410834
0.07989845
0.080317035
0.080407746
0.07855225
0.07831691
0.07866694
0.077203184
0.07893038
0.07862108
0.07955376
0.08035732
0.0784121
0.07874732
0.07922145
0.07679277
0.07942924
0.07832799
0.07844176
0.07817065
0.07706502
0.077702455
0.08052425
0.079673134
0.07798205
0.07841961
0.07864015
0.077872366
0.08228356
0.07973631
0.07692016
0.078448765
0.078626215
0.079473175
0.07984824
0.07862187
0.07689863
0.07943103
0.07758121
0.077280164
0.07893051
0.07869384
0.077231094
0.077264
0.07906024
0.08043204
0.07832771
0.07727593
0.07951395
0.07917903
0.07802711
0.078453645
0.079119906
0.07975041
0.07747269
0.07725761
0.077675134
0.07962969
0.07775745
0.0787882
0.07750893
0.07791329
0.0790641
0.07774188
0.0769585
0.078097455
0.07733482
0.0795511
0.07805108
0.0759454
0.076374635
0.07714473
0.077378474
0.07697775
0.07913155
0.077238366
0.07761337
0.07733558
0.07644816
0.07738373
0.07690718
0.078017786
0.077346854
0.07819061
0.07802178
0.07617849
0.078706
0.07587859
0.077649556
0.07880961
0.076637
0.077534035
0.07804381
0.07683818
0.079200536
0.07572602
0.076825105
0.07941343
0.078608185
0.076395296
0.082210846
0.07712067
0.08036146
0.07730486
0.07914519
0.0768339
0.07755694
0.0787109
0.07657523
0.07789362
0.07971257
0.077884346
0.077316895
0.08017091
0.07593624
0.07950289
0.07894841
0.07662107
0.07738383
0.07855516
0.07759358
0.07574371
0.078397036
0.07801555
0.07749095
0.07694029
0.07797295
0.07982534
0.07755187
0.08089847
0.07887216
0.07701655
0.07684911
0.07628754
0.07795745
0.078406245
0.0771344
0.07678726
0.07702417
0.079625644
0.07858342
0.07666961
0.07804384
0.07683633
0.07761343
0.07731742
0.07823749
0.07739175
0.077989906
0.07665699
0.07773523
0.07663158
0.0767633
0.07651812
0.076529086
0.07701047
0.07806991
0.07628072
0.07717573
0.07811493
0.079295814
0.07760464
0.075706705
0.07709552
0.07599667
0.07501806
0.07616388
0.075367056
0.07654809
0.07719494
0.07583177
0.07701027
0.07784372
0.07550261
0.07604092
0.07694241
0.07652654
0.07783334
0.07741738
0.0771008
0.07535491
0.077920035
0.07730491
0.07976387
0.07660072
0.07578832
0.076083414
0.07660494
0.07622056
0.07604016
0.077187024
0.076379485
0.07753441
0.07569963
0.076225825
0.07590782
0.07675562
0.07667651
0.07719642
0.075518735
0.0767924
0.075197265
0.07808845
0.07564259
0.07742905
0.076426186
0.07503982
0.07814397
0.075681224
0.074411474
0.076910585
0.076853156
0.076140106
0.07657137
0.07814143
0.07842852
0.07616495
0.0748594
0.07585983
0.075618125
0.0769336
0.07707903
0.07693278
0.074763924
0.07613433
0.07442788
0.07629857
0.07562237
0.07693754
0.075230464
0.07452324
0.075162135
0.075984776
0.077604756
0.07724382
0.07594425
0.07580695
0.07392573
0.076598614
0.0747995
0.07666132
0.076079726
0.07636969
0.076178454
0.07663832
0.0759313
0.075273916
0.07635756
0.07555207
0.07488463
0.076281235
0.07497182
0.075762235
0.075109035
0.07598715
0.07575433
0.07799869
0.073982775
0.0765423
0.07405194
0.07522687
0.075121805
0.07516357
0.07617369
0.074911706
0.07416395
0.07528075
0.073948815
0.0764949
0.07729264
0.07565954
0.07447318
0.075555146
0.07472058
0.075061366
0.07380514
0.07504675
0.07625444
0.07413832
0.077403635
0.07798747
0.07657583
0.07498727
0.07598307
0.07649593
0.07467505
0.0754418
0.074883394
0.07586324
0.07606644
0.075983055
0.07410277
0.075368725
0.07354806
0.07407004
0.074406154
0.07381334
0.07379281
0.07438929
0.076070294
0.07502525
0.075105034
0.07535738
0.07502692
0.07509101
0.07388006
0.07339019
0.075813726
0.07388178
0.073559366
0.07572527
0.07413631
0.074821755
0.07640955
0.07472021
0.07449305
0.07416456
0.07406335
0.077905044
0.07844656
0.074434645
0.07508862
0.07469407
0.07329685
0.07802148
0.07557379
0.07577142
0.07681794
0.07445268
0.07407474
0.07521491
0.07403236
0.07408518
0.074126765
0.07524937
0.07494652
0.07368068
0.07388852
0.075503536
0.07405037
0.07407537
0.07561192
0.07786217
0.0756645
0.07487987
0.07478159
0.07347594
0.07415371
0.072889686
0.07603379
0.07393608
0.0736182
0.073409736
0.07406274
0.07490521
0.0757637
0.07334934
0.07439429
0.07372955
0.07380608
0.074412175
0.07367422
0.07352367
0.07822691
0.07369761
0.07573141
0.073768385
0.076115824
0.07564321
0.07505278
0.07481052
0.07529818
0.07662382
0.07438025
0.07471809
0.075123936
0.07439745
0.07362478
0.07313022
0.07369295
0.074536994
0.07362601
0.07337023
0.07532744
0.0746704
0.0757819
0.07365054
0.07443202
0.07357042
0.07452642
0.072950125
0.073947616
0.07462915
0.07424621
0.075917155
0.07556656
0.07466873
0.077186584
0.07497779
0.074071616
0.077775925
0.07307491
0.07497859
0.074783236
0.07705066
0.0739056
0.07713231
0.07471508
0.07230317
0.07366979
0.07301
0.072907224
0.073307045
0.07509032
0.074514546
0.07387576
0.07443576
0.07395444
0.072414085
0.0768548
0.07397323
0.07373076
0.074050784
0.0739299
0.07279846
0.07360379
0.07539146
0.07634423
0.07372484
0.07514642
0.07472566
0.07401627
0.072692975
0.07271249
0.07382528
0.074467696
0.07593939
0.074761346
0.0738916
0.073627666
0.07512837
0.07420301
0.074351855
0.07651297
0.07635925
0.07422373
0.07435946
0.07470988
0.07230866
0.07331663
0.07218232
0.072216086
0.07273568
0.07314536
0.07371128
0.07416823
0.07243118
0.073928915
0.07653655
0.073575035
0.07288016
0.07474122
0.07221453
0.072541445
0.0735824
0.07260381
0.073303476
0.07493796
0.07231771
0.07284959
0.07333986
0.07312598
0.073437154
0.073095806
0.07283845
0.073438786
0.07341492
0.07272753
0.07202803
0.07443461
0.07488839
0.074654125
0.07437688
0.072625466
0.0744044
0.075111605
0.07219338
0.073732965
0.072267085
0.073390186
0.072642885
0.072211444
0.07328672
0.072919935
0.0727689
0.07345816
0.074364044
0.07196096
0.0730128
0.07305321
0.07271477
0.07269866
0.072986044
0.07590438
0.07156978
0.0733292
0.07225449
0.07080477
0.07217616
0.07415202
0.07357874
0.07526563
0.073117815
0.073376
0.07468624
0.07261529
0.074230075
0.07364906
0.07354427
0.07219038
0.07225986
0.072823666
0.07315115
0.073563576
0.07255245
0.07271508
0.07529901
0.07432183
0.072403885
0.07349263
0.07413196
0.0731085
0.07351292
0.07394378
0.07412335
0.07243848
0.0730784
0.07415001
0.07561894
0.07257984
0.073268
0.07499323
0.07459653
0.07310022
0.07231018
0.07475014
0.07216523
0.07357634
0.071321756
0.072466835
0.07208992
0.07604331
0.07089812
0.07202627
0.071525216
0.07298758
0.07310084
0.072870396
0.07280697
0.07346402
0.072817475
0.075926736
0.07169667
0.07250675
0.07452364
0.073360704
0.07321671
0.07278771
0.07264629
0.07382778
0.074884884
0.07300016
0.07144036
0.072169
0.073517576
0.071841955
0.07134245
0.07147493
0.07225276
0.07118448
0.07250509
0.0736268
0.07174917
0.07074842
0.07349139
0.07167546
0.07194972
0.0731659
0.07132157
0.07163403
0.07168217
0.07427619
0.07229505
0.071698666
0.071445815
0.07261776
0.07268355
0.07104131
0.07149886
0.07203532
0.07222529
0.07225392
0.07163274
0.073558636
0.07121143
0.070968956
0.07204752
0.07197166
0.071202256
0.07212327
0.07225768
0.07208168
0.07247791
0.07153407
0.07234291
0.073071204
0.07409766
0.071089335
0.0709923
0.07078958
0.071406566
0.071945734
0.07270195
0.07276416
0.071228914
0.07038078
0.07244606
0.071330495
0.07246679
0.07348644
0.07223882
0.073054425
0.07271892
0.06991293
0.07199842
0.07232747
0.07123531
0.07285722
0.07390818
0.07025396
0.07046941
0.071683854
0.071263455
0.07227002
0.07090688
0.070512675
0.0718223
0.07390697
0.0726347
0.07163023
0.071723126
0.07082471
0.07275069
0.070759125
0.07195257
0.070683464
0.07196212
0.0702212
0.07275041
0.06986591
0.07237103
0.07114683
0.071772516
0.0714149
0.07007612
0.07102375
0.0716513
0.07364935
0.07183328
0.07089518
0.07110781
0.07061027
0.073430106
0.07141882
0.073069945
0.07436506
0.07032513
0.07098922
0.07249892
0.071047366
0.07051875
0.07276362
0.07092
0.07335477
0.07091988
0.07003329
0.072809786
0.07078454
0.071930505
0.07195971
0.07050163
0.07019668
0.07116054
0.070916265
0.07089294
0.07396553
0.07017164
0.071908385
0.07123574
0.0709159
0.07174905
0.0707953
0.0728892
0.07176924
0.07122236
0.07213386
0.072704196
0.07138877
0.07101901
0.07036074
0.07219731
0.07105007
0.07076708
0.06975374
0.074663654
0.07039708
0.07097289
0.06970957
0.07182819
0.07236467
0.07098429
0.0698075
0.07174149
0.07026954
0.07101837
0.06968078
0.07489795
0.0701622
0.06939159
0.070626885
0.07221204
0.07064087
0.07246207
0.072235964
0.07038017
0.07053461
0.06981044
0.06942019
0.07175086
0.07150299
0.070812345
0.06971459
0.07072011
0.07270038
0.06884727
0.07184465
0.070335746
0.070289105
0.07116054
0.06990298
0.07315132
0.071266964
0.07180439
0.07080994
0.070507824
0.072497725
0.0706365
0.06955921
0.071490064
0.06898718
0.07077635
0.07135425
0.06911956
0.070509754
0.069927804
0.07306012
0.069062814
0.072343715
0.06968488
0.07019173
0.06944775
0.07216481
0.07075604
0.072255075
0.07147795
0.071989745
0.070364706
0.07106477
0.070421755
0.07011952
0.07070468
0.070192665
0.07085252
0.07065391
0.0704818
0.07052063
0.0698784
0.070142716
0.07013823
0.06973419
0.07025224
0.07098557
0.07063696
0.07042068
0.07145239
0.07104135
0.06927181
0.07122987
0.0697986
0.06924569
0.07073401
0.071096435
0.07051424
0.07139362
0.070226885
0.0719572
0.07026128
0.069450326
0.069970526
0.06963779
0.0699318
0.069594786
0.07037787
0.07120522
0.070367195
0.07288597
0.07041649
0.07210013
0.06988178
0.06982231
0.071762025
0.07017108
0.07062148
0.07140751
0.07207114
0.06867727
0.069108844
0.06990131
0.07090037
0.06895797
0.0699289
0.06965918
0.07149068
0.070328325
0.070612475
0.06974168
0.069533825
0.06924591
0.07172839
0.071159564
0.06962099
0.070997685
0.07063586
0.07175552
0.070281364
0.071994774
0.070671104
0.07072095
0.06904911
0.07146858
0.06968422
0.06975824
0.06828845
0.06978038
0.06987565
0.0698314
0.07112919
0.07033626
0.06920198
0.07016006
0.0694742
0.07226869
0.07013178
0.06984556
0.06897862
0.068343416
0.071254954
0.069228224
0.07002171
0.06957537
0.068860315
0.06955525
0.06903466
0.07165264
0.06935508
0.07037332
0.07064584
0.07088371
0.07050526
0.06861805
0.07059428
0.0698879
0.073280156
0.07061547
0.0709063
0.07124785
0.07147927
0.069348246
0.070892155
0.07019164
0.07180619
0.07087558
0.069920175
0.07007327
0.07115201
0.06942669
0.072477795
0.07015881
0.06910693
0.07142056
0.07092815
0.06941657
0.06973083
0.070892744
0.07019871
0.070584714
0.07057126
0.07071542
0.07000273
0.07040271
0.070069134
0.07171419
0.06922266
0.07101746
0.070160344
0.06928364
0.07073682
0.071080044
0.069471106
0.06928336
0.070587344
0.0685708
0.06946269
0.06984015
0.068391554
0.07093628
0.06958641
0.068474606
0.0689645
0.069688864
0.06901671
0.06954841
0.069716774
0.06988315
0.069456
0.07041915
0.07047786
0.0691017
0.068804845
0.068991646
0.06936024
0.06910296
0.07207134
0.07385181
0.0694179
0.06875871
0.06766738
0.067868546
0.06814384
0.06812833
0.069145545
0.07165504
0.06863289
0.068674415
0.070426635
0.06848716
0.068569265
0.06984847
0.06833041
0.06817849
0.06870689
0.06802479
0.069915
0.070141524
0.06875095
0.06821341
0.06926015
0.07064393
0.06859411
0.07267418
0.06898078
0.07095456
0.068802185
0.06888933
0.06899797
0.068065085
0.069648065
0.067685366
0.06772359
0.06922434
0.06900109
0.0700047
0.06996883
0.071038246
0.06951185
0.06836287
0.071701616
0.07035735
0.068487436
0.06909598
0.06770862
0.06946883
0.068312734
0.06963407
0.069928065
0.068033814
0.069001935
0.067826524
0.068082556
0.06718935
0.06893984
0.068398915
0.06901114
0.06812233
0.06733157
0.07004086
0.06748668
0.06845923
0.068364814
0.068285435
0.06729189
0.0682067
0.06792137
0.06795443
0.06836671
0.068257615
0.06882602
0.06835381
0.068222545
0.0706328
0.06697948
0.06814328
0.06735206
0.068060696
0.06926682
0.068567134
0.06806893
0.06850281
0.06633636
0.068614446
0.06726618
0.06768593
0.066706106
0.069246426
0.06768056
0.06754362
0.0712563
0.06794432
0.06943827
0.06792161
0.06716072
0.06947179
0.06795183
0.06957482
0.06794439
0.06886746
0.06808531
0.06688394
0.067520574
0.06871765
0.0671754
0.07167519
0.06877195
0.067436546
0.06860249
0.06853633
0.07194469
0.06747304
0.06750565
0.06932273
0.068713024
0.06758256
0.071798906
0.06866551
0.067663155
0.06937636
0.07009094
0.06827878
0.06996316
0.06838189
0.068116955
0.06865937
0.06870491
0.06889664
0.069052204
0.07078109
0.06901346
0.06751931
0.06725415
0.068315335
0.0676728
0.067873515
0.0692251
0.06823257
0.06842245
0.06705245
0.070961215
0.066934265
0.06844596
0.06738019
0.06842538
0.06903615
0.06807797
0.068778574
0.06985088
0.06974518
0.06874548
0.06806012
0.06713536
0.06694211
0.069351405
0.06776544
0.06864499
0.068299174
0.068104945
0.06861976
0.06849397
0.068771355
0.06862025
0.06830325
0.06764512
0.06847535
0.06657237
0.0684124
0.06785768
0.068347335
0.06976909
0.06849735
0.06850447
0.06711079
0.065963216
0.068198524
0.067554526
0.070281684
0.067505606
0.068335444
0.06718984
0.06733596
0.06831296
0.068124324
0.06720074
0.06752737
0.067285284
0.06645308
0.06896362
0.06665837
0.06825554
0.06691945
0.0675768
0.067948
0.06845505
0.06747632
0.06691685
0.06887901
0.067386754
0.067503355
0.06762863
0.06665524
0.0684594
0.06918688
0.06780014
0.066850886
0.0666163
0.06732192
0.066352636
0.06916238
0.06779505
0.06706142
0.06804646
0.06725887
0.06761554
0.06818097
0.06949322
0.07218122
0.06700285
0.0668532
0.0671423
0.06701882
0.06784011
0.06867764
0.06808627
0.07311576
0.06688023
0.06776003
0.07109347
0.06682738
0.068559475
0.06739406
0.07051519
0.06676819
0.06775128
0.0672849
0.067292236
0.067053
0.068338975
0.067353144
0.06737999
0.06685917
0.06566408
0.06779865
0.06876132
0.06855348
0.067765914
0.06763298
0.06706269
0.06616964
0.06640163
0.06719527
0.07027698
0.06685867
0.06727794
0.06879939
0.068875335
0.068260446
0.066836074
0.067736454
0.06714695
0.0661687
0.06586187
0.06630699
0.06657601
0.067862324
0.068122365
0.067881316
0.067686774
0.06875315
0.06920425
0.065522924
0.06643595
0.06607566
0.06674139
0.06753919
0.06579043
0.067765445
0.06822151
0.06787783
0.06700801
0.06845625
0.06819281
0.06624663
0.068030976
0.06785952
0.06710621
0.06744791
0.066169776
0.06694274
0.06993785
0.06591577
0.0668699
0.06726722
0.06625095
0.06884704
0.06738088
0.068018645
0.067436896
0.06873089
0.06962174
0.067651115
0.06739271
0.06903847
0.06529367
0.06995073
0.06741634
0.067166656
0.066665635
0.066812254
0.06640685
0.06754691
0.06983276
0.06602839
0.06652598
0.068372615
0.06682359
0.06793864
0.067854226
0.06651369
0.068323985
0.06931795
0.06781159
0.06849117
0.068932734
0.06621856
0.06713847
0.06672541
0.06718726
0.06716651
0.0676313
0.06886372
0.0677112
0.066148214
0.068483956
0.0682728
0.06641371
0.06504358
0.067484975
0.06734747
0.067504205
0.06731614
0.067300186
0.06752262
0.06634499
0.06720947
0.06767068
0.06691207
0.06689081
0.06628998
0.06693443
0.06631356
0.06846456
0.06634437
0.06800605
0.06612724
0.066887185
0.0681865
0.066471554
0.06682844
0.066737115
0.06607342
0.06653373
0.066300206
0.06680193
0.06645548
0.068223886
0.06578729
0.06631667
0.06707053
0.06643713
0.06579835
0.06596047
0.06760316
0.066554874
0.067919366
0.06778001
0.06754052
0.06646228
0.06911396
0.066524215
0.067967884
0.06714178
0.06747286
0.06796384
0.06768429
0.068094745
0.069848545
0.06665762
0.06579517
0.065873615
0.06660586
0.06763899
0.065654986
0.068160035
0.06547758
0.06599184
0.06633613
0.0678963
0.06540991
0.06523882
0.06578008
0.06608209
0.06552371
0.06691527
0.065598726
0.06671765
0.06673239
0.06871868
0.06666162
0.06849024
0.06588962
0.06583434
0.06875588
0.06641432
0.06578931
0.066964515
0.06484616
0.06680137
0.06555318
0.066618256
0.066715136
0.065507405
0.06667527
0.06591323
0.06636051
0.06560173
0.06826346
0.066976495
0.06769531
0.06681413
0.066007726
0.06758
0.06516269
0.06622132
0.06579872
0.06667042
0.06555611
0.06645486
0.066327885
0.06647102
0.066610016
0.0655811
0.066752985
0.066960126
0.06715094
0.065937154
0.06608505
0.06587248
0.06631271
0.067612104
0.066108294
0.06696789
0.06570995
0.06624303
0.06746767
0.06599501
0.065833956
0.06596822
0.06516214
0.06660318
0.06565251
0.066564694
0.067659065
0.065305926
0.064715266
0.0662324
0.06807705
0.06557339
0.06536332
0.06800418
0.0662722
0.06725787
0.06545561
0.0645586
0.06465658
0.06586255
0.06513157
0.066071704
0.065146364
0.06586845
0.065873735
0.06494311
0.06482185
0.06466397
0.06708273
0.06566819
0.06511617
0.065074556
0.06399921
0.0659875
0.06723884
0.064507455
0.06507729
0.06486872
0.06398034
0.06704248
0.06492805
0.065649934
0.06633915
0.06604991
0.06639761
0.06594953
0.067176044
0.06712962
0.06668959
0.064674616
0.06597515
0.06578399
0.06526445
0.06575227
0.06570127
0.06431745
0.06511463
0.06785471
0.06342962
0.06570724
0.06577537
0.06464071
0.06604346
0.06520334
0.06419245
0.06524676
0.06496846
0.06477188
0.06571023
0.06480399
0.06446038
0.0647155
0.066251695
0.06362653
0.06495564
0.06741521
0.06533632
0.06436888
0.06551155
0.06398046
0.065285735
0.06573347
0.06497108
0.064996645
0.067262925
0.06622999
0.06654387
0.066748515
0.06555394
0.064470455
0.06471054
0.064976625
0.06504386
0.067243144
0.0644715
0.06689033
0.066101
0.06422184
0.06551855
0.06471592
0.06582742
0.06545531
0.06531509
0.065644085
0.06450879
0.064853616
0.06506272
0.06367839
0.065387875
0.065558255
0.06510477
0.06585568
0.065663
0.066641115
0.06461601
0.06431157
0.06466362
0.06444032
0.06362585
0.064434975
0.06437422
0.06401797
0.06492373
0.06537241
0.065632455
0.06569381
0.066014074
0.06402345
0.06623754
0.06737015
0.064675026
0.06432357
0.06443797
0.06487143
0.06494934
0.06520618
0.06550356
0.0653794
0.06418452
0.06458644
0.06748855
0.064308725
0.06560729
0.06494704
0.06431187
0.06386678
0.06409682
0.0679796
0.06897084
0.06626246
0.06297966
0.06481176
0.0660055
0.063007236
0.065642625
0.065176666
0.06415508
0.06413276
0.06535218
0.065519914
0.0647183
0.06388724
0.06487573
0.065866865
0.06502245
0.066867635
0.06410987
0.06777669
0.064062834
0.06416594
0.06557347
0.06531529
0.064073555
0.064108476
0.06577909
0.063159645
0.06451454
0.06782077
0.06471136
0.06464264
0.064341575
0.06675044
0.06396038
0.06565793
0.06552446
0.065571904
0.064032875
0.06499545
0.064163715
0.06536167
0.06688832
0.06351466
0.06597186
0.06469548
0.06492496
0.06502306
0.06451924
0.064923294
0.06429359
0.06493555
0.06586859
0.06411339
0.06446394
0.06431253
0.06480431
0.06532904
0.06584943
0.06709241
0.065065004
0.06534753
0.06397567
0.06651566
0.06545051
0.065683536
0.063819066
0.06462267
0.064123645
0.065386675
0.06398914
0.06516054
0.064565405
0.06438288
0.063673735
0.0672009
0.06443446
0.06439
0.06441923
0.06393183
0.064559884
0.06362733
0.064723484
0.06401728
0.063374415
0.06487251
0.06334678
0.064029165
0.06386107
0.06459036
0.06451556
0.063804425
0.062919356
0.06366449
0.06381098
0.063191
0.06461007
0.06389787
0.0642003
0.064210184
0.065865256
0.064263456
0.064915866
0.063209526
0.065511815
0.064545505
0.06399121
0.06417837
0.064501025
0.06401389
0.06376626
0.06496979
0.06508195
0.063627504
0.06339354
0.06365609
0.06438041
0.06508482
0.065302454
0.06400769
0.06311175
0.064895496
0.06504139
0.06482969
0.06322699
0.0640166
0.064792134
0.06324207
0.063102975
0.06381139
0.06432075
0.0644688
0.06576812
0.06315063
0.06541888
0.06381239
0.06591467
0.06439931
0.064670056
0.06593381
0.0663595
0.06528887
0.06316081
0.06534307
0.06614434
0.06342426
0.06707323
0.06709862
0.063333295
0.06394899
0.06288015
0.0645882
0.063901365
0.064379565
0.06333228
0.064089425
0.06406985
0.06328354
0.06322208
0.06422629
0.06270373
0.06506454
0.06664074
0.063058674
0.06595134
0.06389764
0.06472211
0.062672414
0.06402809
0.06360253
0.06517345
0.063287385
0.06696142
0.063412905
0.06357008
0.06502615
0.06456945
0.06337337
0.064039685
0.06393043
0.06400489
0.06388051
0.0631213
0.063278414
0.06398428
0.06352346
0.063786015
0.06288221
0.06376416
0.06565999
0.063846745
0.06408599
0.06417737
0.06404767
0.06355625
0.06298107
0.063950546
0.062910005
0.066079095
0.06443253
0.06420326
0.063518696
0.06392495
0.06476055
0.063874684
0.065584905
0.06375199
0.06245256
0.06393473
0.06427081
0.06586776
0.0629932
0.06395507
0.063908175
0.064232364
0.06570197
0.064588815
0.06364816
0.064875476
0.0640168
0.06451627
0.06555611
0.064803
0.0647345
0.06203461
0.06335741
0.0643477
0.062783524
0.06280378
0.06459793
0.06512366
0.06354756
0.06329146
0.06469598
0.064938724
0.064517125
0.063511774
0.064100005
0.06547922
0.06282935
0.06476658
0.06405708
0.06257445
0.06523206
0.06516879
0.06472506
0.06329213
0.06332323
0.06394855
0.0630911
0.06327258
0.06288238
0.06557926
0.06385921
0.06527625
0.062325127
0.062647425
0.06290722
0.0623166
0.06428404
0.06225578
0.061788354
0.062250562
0.06271813
0.062820435
0.06231198
0.06199976
0.063149154
0.06319349
0.063220695
0.06320661
0.0621749
0.063075036
0.061628375
0.063744076
0.06264347
0.063536465
0.064054474
0.06263714
0.06479358
0.06297286
0.065775156
0.06665979
0.0635302
0.06322298
0.06391677
0.06342001
0.06360155
0.06388923
0.06325429
0.062337123
0.06256574
0.06336882
0.06427871
0.062154185
0.06224991
0.06446284
0.06436615
0.06370429
0.06521427
0.064586125
0.06433624
0.06305079
0.064576924
0.06344435
0.062596865
0.06261613
0.06401443
0.06371907
0.063724495
0.06371394
0.063270055
0.06358045
0.061657462
0.063257694
0.06374148
0.061833743
0.06297367
0.06325373
0.06357647
0.06610404
0.06537376
0.06225133
0.061765973
0.06287598
0.06421301
0.062153235
0.062665574
0.06261028
0.06261856
0.06310619
0.063673474
0.06292707
0.06233571
0.06236915
0.06398998
0.06301795
0.062229272
0.062608995
0.06267776
0.06336651
0.061932802
0.06222723
0.061911836
0.06303442
0.061832037
0.062155224
0.06313034
0.06331269
0.062221486
0.062403254
0.06270328
0.062257245
0.06329911
0.061540924
0.06271284
0.06302145
0.063216776
0.062179074
0.06327974
0.06183494
0.061558213
0.064384624
0.06273128
0.062316455
0.06425495
0.062532276
0.062432736
0.06135939
0.060943678
0.060757563
0.062474515
0.062326092
0.06244042
0.061904192
0.06273473
0.06279676
0.062809676
0.06179372
0.06260617
0.06272322
0.062829636
0.063129425
0.0626211
0.06262476
0.062237952
0.062194385
0.062163893
0.06254226
0.062160958
0.06406658
0.061339356
0.061438642
0.061536834
0.06274151
0.062287387
0.06301891
0.062319063
0.06166783
0.06324423
0.06274058
0.06546355
0.062481694
0.062562905
0.06228277
0.06336565
0.062559485
0.062138632
0.06124201
0.061296336
0.062258765
0.062178623
0.06313199
0.06235659
0.062626265
0.06270801
0.063759916
0.061653472
0.062376443
0.062677994
0.06122569
0.06298981
0.064168766
0.061684724
0.061916325
0.06131483
0.06261964
0.06179927
0.061336666
0.061715618
0.061505225
0.059864245
0.062550254
0.06286944
0.062375203
0.06480022
0.0619451
0.061651643
0.06165968
0.062678486
0.06182252
0.06289895
0.06294327
0.06407698
0.06279817
0.06255921
0.06439186
0.06138496
0.061898053
0.06226979
0.061271276
0.06431916
0.063947394
0.06536096
0.061988812
0.06307887
0.06125007
0.064124376
0.0613669
0.060889482
0.06358013
0.06239009
0.061473187
0.062549755
0.062112603
0.060790513
0.06227248
0.061516542
0.06205663
0.062418003
0.062396873
0.062237382
0.06177771
0.062128577
0.061206996
0.061257485
0.060134865
0.06119942
0.060534734
0.062070455
0.06223422
0.06184554
0.06383072
0.06135277
0.06110747
0.06134501
0.06247879
0.061412923
0.063442744
0.06256767
0.0626277
0.06312386
0.0620215
0.061460674
0.06351305
0.06143721
0.062486798
0.06320227
0.06078954
0.06117257
0.06196931
0.06190831
0.066054
0.061894353
0.06122534
0.06147484
0.06297262
0.061374586
0.062004335
0.061750144
0.06117945
0.06155408
0.061246604
0.061222013
0.06335881
0.06303636
0.060813732
0.06115085
0.06143746
0.062196627
0.062075105
0.06179438
0.060854416
0.061922655
0.06188089
0.062186643
0.06160994
0.062256563
0.061473534
0.061664518
0.06225977
0.06368325
0.0605519
0.063102044
0.06236659
0.0624347
0.061238486
0.0626709
0.061456107
0.061942864
0.061089907
0.06375414
0.06365544
0.061922222
0.062391452
0.06374249
0.06246247
0.06197047
0.06299309
0.063264154
0.061739195
0.062469725
0.06274026
0.06267019
0.061304074
0.0625005
0.062397886
0.061627254
0.06280563
0.06265892
0.06487985
0.06119628
0.062352404
0.061796185
0.06238275
0.062643744
0.062031224
0.06142616
0.0616239
0.06335303
0.06392705
0.060715847
0.061386093
0.062104046
0.06191261
0.061944466
0.060607836
0.06142235
0.062364034
0.061802305
0.060502138
0.062423695
0.061477613
0.06117766
0.06224778
0.06174952
0.06352769
0.061293013
0.063232735
0.06271063
0.062704064
0.061205756
0.06112638
0.06131445
0.06021588
0.060099393
0.060422443
0.061349884
0.0625558
0.061620876
0.059932232
0.059969895
0.061957274
0.06068551
0.061393358
0.060467836
0.061647244
0.060320467
0.06076923
0.06052558
0.06143383
0.060733825
0.061562367
0.06013808
0.061423663
0.060734622
0.06234595
0.06234598
0.06089682
0.060339026
0.06152939
0.061574325
0.05957324
0.06186429
0.06052131
0.062111728
0.06038677
0.06207446
0.060122114
0.061307956
0.061467562
0.060462695
0.060741704
0.061129633
0.06402496
0.061893765
0.05968823
0.060744356
0.05957325
0.061911937
0.06048364
0.059905432
0.060550105
0.061473507
0.060502607
0.061837252
0.06076731
0.060717218
0.059562195
0.06010604
0.060815983
0.060921118
0.061046146
0.060807258
0.06020938
0.05918628
0.061008044
0.06283727
0.06448398
0.061815772
0.06113293
0.060346864
0.061986715
0.06110812
0.06024326
0.06071909
0.05949102
0.062535465
0.06092292
0.061558567
0.059361506
0.06228398
0.06017885
0.062732734
0.060514767
0.06067851
0.06197001
0.061339278
0.059944082
0.060662907
0.06286153
0.06160793
0.0608875
0.05942509
0.0613889
0.060545515
0.06045351
0.060845364
0.061255865
0.060809426
0.060691096
0.06217152
0.061024446
0.061869293
0.061042212
0.06285526
0.06178549
0.06117229
0.060234454
0.06059242
0.060610395
0.06004838
0.061761383
0.061636075
0.060766317
0.06065639
0.06225163
0.05995972
0.0610333
0.06158517
0.061872195
0.061799757
0.06228987
0.06127152
0.061153088
0.060864624
0.06386154
0.0619019
0.06155519
0.06157485
0.06052809
0.061889082
0.06243493
0.062299524
0.061605822
0.059756424
0.060134728
0.06344998
0.061093587
0.061257552
0.060308263
0.060798906
0.061832607
0.059866928
0.06070692
0.060855504
0.061343916
0.062301777
0.06136028
0.061556436
0.06110712
0.062144097
0.06086892
0.061559778
0.06157761
0.06180501
0.06289688
0.060954995
0.06052489
0.061463382
0.060330205
0.061467174
0.061717752
0.060009282
0.060127083
0.06057828
0.060839206
0.061615523
0.06077077
0.060678415
0.059649948
0.059672415
0.06047339
0.060205095
0.06134173
0.06234202
0.059923567
0.05892784
0.060800664
0.060902428
0.06122056
0.060776845
0.059818707
0.060842562
0.06168531
0.061456162
0.059547987
0.059829287
0.059820097
0.05986948
0.060595628
0.06152128
0.05888228
0.060468774
0.059582464
0.061399348
0.06106322
0.061623838
0.06130025
0.06198321
0.060347714
0.060621977
0.060986828
0.061358135
0.06060223
0.059566863
0.061972223
0.06033648
0.0603217
0.061874647
0.06121622
0.060934916
0.06137245
0.059617504
0.060931217
0.06004786
0.05983575
0.059482984
0.06015474
0.061163947
0.060329482
0.060285263
0.05873483
0.05991659
0.060082123
0.06119213
0.059105404
0.06086989
0.05993609
0.06219014
0.06183742
0.059662446
0.061646644
0.060395584
0.059234843
0.059567433
0.060451794
0.06158458
0.060365662
0.06107821
0.06011179
0.05947563
0.059694577
0.060263615
0.059509225
0.06034719
0.061405186
0.060223095
0.06170682
0.05991661
0.059315782
0.05972893
0.060747635
0.060174435
0.06040003
0.0593592
0.058866277
0.060368266
0.059008453
0.058847923
0.06084366
0.06103101
0.060038205
0.06149011
0.061078634
0.060539983
0.061307553
0.059668932
0.06257367
0.060152844
0.061154228
0.06001287
0.06002957
0.058943007
0.061278567
0.06047276
0.06092298
0.060513176
0.0599126
0.058940817
0.060813446
0.06161466
0.061991017
0.06184357
0.06062848
0.058679763
0.060096115
0.061371807
0.060280155
0.05998883
0.06163994
0.060882792
0.05921267
0.05877874
0.05913442
0.059612367
0.059586257
0.059748583
0.06051798
0.059704058
0.06148898
0.061286245
0.06002801
0.05961771
0.06097983
0.059073333
0.060374726
0.0595777
0.061240915
0.05957694
0.061398793
0.06007158
0.058727324
0.061502013
0.05991924
0.058183283
0.05954571
0.060682353
0.059322283
0.05942451
0.058869574
0.059614867
0.060182918
0.06066121
0.059161086
0.058512237
0.05953973
0.05904653
0.061281886
0.06071907
0.05948052
0.05902889
0.05945706
0.059380304
0.05895299
0.059140306
0.05874994
0.06030993
0.059496146
0.059531763
0.05971519
0.05931415
0.0588293
0.06009021
0.05889032
0.0593109
0.059782572
0.058628492
0.060221378
0.059914656
0.059453342
0.058676623
0.061208993
0.060984854
0.05899837
0.0587377
0.060651056
0.05844464
0.060141373
0.060430035
0.05968064
0.060170934
0.059883278
0.0595895
0.059909847
0.05890575
0.061306912
0.059490055
0.062214743
0.060764242
0.059127502
0.0599474
0.05888759
0.058679633
0.059620205
0.060663246
0.059020225
0.060622867
0.05846768
0.05904365
0.060364924
0.05962731
0.058719117
0.061122637
0.0586215
0.061385762
0.059605576
0.060220134
0.060532283