20 197.66 0.0 197.66 0.038 12 19 0.26 0.0 
40 196.53 0.0 196.53 0.054 23 39 0.5 0.0 
60 195.38 0.0 195.38 0.065 31 59 0.68 0.0 
80 194.84 0.0 194.84 0.082 39 79 0.86 0.0 
100 193.9 0.0 193.9 0.1 51 99 1.12 0.0 
120 192.93 0.0 192.93 0.116 59 119 1.29 0.01 
140 192.16 0.0 192.16 0.13 67 139 1.47 0.01 
160 190.81 0.0 190.81 0.154 73 159 1.6 0.01 
180 190.26 0.0 190.26 0.162 82 178 1.8 0.01 
200 190.04 0.0 190.04 0.202 90 198 1.97 0.01 
220 189.06 0.0 189.06 0.21 98 218 2.15 0.01 
240 188.87 0.0 188.87 0.228 108 238 2.37 0.01 
260 188.47 0.0 188.47 0.245 111 258 2.43 0.01 
280 187.89 0.0 187.89 0.246 119 278 2.61 0.01 
300 187.5 0.0 187.5 0.258 127 298 2.79 0.01 
320 187.35 0.0 187.35 0.263 128 318 2.81 0.02 
340 186.94 0.0 186.94 0.266 133 337 2.92 0.02 
360 186.21 0.0 186.21 0.283 137 357 3.0 0.02 
380 185.84 0.0 185.84 0.275 144 377 3.16 0.02 
400 184.39 0.0 184.39 0.293 151 397 3.31 0.02 
420 184.45 0.0 184.45 0.299 157 417 3.44 0.02 
440 184.11 0.0 184.11 0.302 164 437 3.6 0.02 
460 183.93 0.0 183.93 0.313 173 457 3.79 0.02 
480 182.8 0.0 182.8 0.324 177 476 3.88 0.02 
500 182.34 0.0 182.34 0.326 182 495 3.99 0.02 
520 182.55 0.0 182.55 0.332 190 515 4.17 0.03 
540 182.67 0.0 182.67 0.337 198 535 4.34 0.03 
560 181.82 0.0 181.82 0.345 204 555 4.47 0.03 
580 180.73 0.0 180.73 0.355 211 575 4.63 0.03 
600 180.13 0.0 180.13 0.357 218 595 4.78 0.03 
620 179.45 0.0 179.45 0.373 224 615 4.91 0.03 
640 179.05 0.0 179.05 0.375 229 635 5.02 0.03 
660 178.62 0.0 178.62 0.381 234 655 5.13 0.03 
680 178.13 0.0 178.13 0.393 240 675 5.26 0.03 
700 177.92 0.0 177.92 0.399 249 695 5.46 0.03 
720 178.14 0.0 178.14 0.411 256 715 5.61 0.04 
740 177.63 0.0 177.63 0.413 263 735 5.77 0.04 
760 177.56 0.0 177.56 0.422 272 755 5.96 0.04 
780 176.7 0.0 176.7 0.425 281 775 6.16 0.04 
800 176.35 0.0 176.35 0.43 285 795 6.25 0.04 
820 175.57 0.0 175.57 0.441 290 815 6.36 0.04 
840 175.17 0.0 175.17 0.437 293 835 6.43 0.04 
860 174.3 0.0 174.3 0.44 305 855 6.69 0.04 
880 174.29 0.0 174.29 0.449 310 874 6.8 0.04 
900 173.45 0.0 173.45 0.46 319 894 7.0 0.04 
920 173.26 0.0 173.26 0.465 324 914 7.11 0.05 
940 172.41 0.0 172.41 0.479 333 934 7.3 0.05 
960 171.54 0.0 171.54 0.483 341 954 7.48 0.05 
980 171.47 0.0 171.47 0.488 345 974 7.57 0.05 
1000 170.87 0.0 170.87 0.492 352 994 7.72 0.05 
1020 170.93 0.0 170.93 0.495 357 1014 7.83 0.05 
1040 170.48 0.0 170.48 0.491 365 1034 8.0 0.05 
1060 169.73 0.0 169.73 0.499 371 1054 8.14 0.05 
1080 169.74 0.0 169.74 0.497 375 1073 8.22 0.05 
1100 168.82 0.0 168.82 0.503 385 1093 8.44 0.05 
1120 168.89 0.0 168.89 0.508 389 1112 8.53 0.06 
1140 168.56 0.0 168.56 0.507 395 1132 8.66 0.06 
1160 167.83 0.0 167.83 0.512 402 1151 8.82 0.06 
1180 167.18 0.0 167.18 0.517 412 1171 9.04 0.06 
1200 167.0 0.0 167.0 0.523 420 1190 9.21 0.06 
1220 166.64 0.0 166.64 0.522 428 1210 9.39 0.06 
1240 166.23 0.0 166.23 0.527 433 1230 9.5 0.06 
1260 166.03 0.0 166.03 0.531 440 1249 9.65 0.06 
1280 166.1 0.0 166.1 0.529 447 1269 9.8 0.06 
1300 166.14 0.0 166.14 0.533 456 1289 10.0 0.06 
1320 165.79 0.0 165.79 0.534 465 1309 10.2 0.07 
1340 164.54 0.0 164.54 0.539 472 1328 10.35 0.07 
1360 164.2 0.0 164.2 0.542 480 1348 10.53 0.07 
1380 163.95 0.0 163.95 0.546 484 1368 10.61 0.07 
1400 163.21 0.0 163.21 0.557 491 1387 10.77 0.07 
1420 162.71 0.0 162.71 0.554 498 1406 10.92 0.07 
1440 162.05 0.0 162.05 0.559 505 1426 11.07 0.07 
1460 161.7 0.0 161.7 0.565 510 1445 11.18 0.07 
1480 161.74 0.0 161.74 0.566 520 1465 11.4 0.07 
1500 161.46 0.0 161.46 0.565 526 1485 11.54 0.07 
1520 160.89 0.0 160.89 0.571 531 1505 11.64 0.07 
1540 159.66 0.0 159.66 0.576 536 1524 11.75 0.08 
1560 159.32 0.0 159.32 0.577 541 1543 11.86 0.08 
1580 158.63 0.0 158.63 0.583 543 1563 11.91 0.08 
1600 158.5 0.0 158.5 0.582 545 1583 11.95 0.08 
1620 158.26 0.0 158.26 0.585 546 1603 11.97 0.08 
1640 157.78 0.0 157.78 0.589 550 1622 12.06 0.08 
1660 157.98 0.0 157.98 0.595 559 1642 12.26 0.08 
1680 157.65 0.0 157.65 0.593 566 1662 12.41 0.08 
1700 157.63 0.0 157.63 0.594 572 1682 12.54 0.08 
1720 157.1 0.0 157.1 0.602 578 1701 12.68 0.08 
1740 156.31 0.0 156.31 0.6 584 1721 12.81 0.09 
1760 156.01 0.0 156.01 0.606 588 1740 12.89 0.09 
1780 155.25 0.0 155.25 0.61 592 1760 12.98 0.09 
1800 154.88 0.0 154.88 0.613 597 1779 13.09 0.09 
1820 154.85 0.0 154.85 0.613 600 1799 13.16 0.09 
1840 154.65 0.0 154.65 0.617 607 1819 13.31 0.09 
1860 154.91 0.0 154.91 0.614 611 1839 13.4 0.09 
1880 153.95 0.0 153.95 0.621 616 1859 13.51 0.09 
1900 153.56 0.0 153.56 0.629 621 1878 13.62 0.09 
1920 152.94 0.0 152.94 0.63 624 1898 13.68 0.09 
1940 153.06 0.0 153.06 0.627 625 1917 13.71 0.1 
1960 152.53 0.0 152.53 0.63 629 1933 13.79 0.1 
1980 152.48 0.0 152.48 0.628 636 1953 13.95 0.1 
2000 152.43 0.0 152.43 0.632 640 1973 14.04 0.1 
2020 152.39 0.0 152.39 0.632 645 1993 14.14 0.1 
2040 151.58 0.0 151.58 0.642 649 2013 14.23 0.1 
2060 150.38 0.0 150.38 0.638 654 2033 14.34 0.1 
2080 150.93 0.0 150.93 0.641 661 2053 14.5 0.1 
2100 151.13 0.0 151.13 0.647 665 2072 14.58 0.1 
2120 151.35 0.0 151.35 0.646 673 2091 14.76 0.1 
2140 150.67 0.0 150.67 0.647 675 2111 14.8 0.1 
2160 149.97 0.0 149.97 0.65 678 2130 14.87 0.11 
2180 150.16 0.0 150.16 0.652 682 2150 14.96 0.11 
2200 149.83 0.0 149.83 0.651 685 2170 15.02 0.11 
2220 149.66 0.0 149.66 0.655 688 2189 15.09 0.11 
2240 149.2 0.0 149.2 0.657 695 2208 15.24 0.11 
2260 148.51 0.0 148.51 0.661 701 2227 15.37 0.11 
2280 148.04 0.0 148.04 0.664 709 2247 15.55 0.11 
2300 148.25 0.0 148.25 0.664 711 2267 15.59 0.11 
2320 147.85 0.0 147.85 0.661 717 2287 15.72 0.11 
2340 147.78 0.0 147.78 0.661 723 2307 15.86 0.11 
2360 147.25 0.0 147.25 0.664 728 2327 15.96 0.12 
2380 147.19 0.0 147.19 0.667 732 2346 16.05 0.12 
2400 147.65 0.0 147.65 0.663 736 2365 16.14 0.12 
2420 147.0 0.0 147.0 0.668 738 2384 16.18 0.12 
2440 146.75 0.0 146.75 0.669 744 2403 16.32 0.12 
2460 146.85 0.0 146.85 0.67 748 2422 16.4 0.12 
2480 146.09 0.0 146.09 0.676 755 2442 16.56 0.12 
2500 145.61 0.0 145.61 0.677 759 2461 16.64 0.12 
2520 145.49 0.0 145.49 0.677 762 2479 16.71 0.12 
2540 145.59 0.0 145.59 0.676 768 2499 16.84 0.12 
2560 145.36 0.0 145.36 0.676 773 2519 16.95 0.13 
2580 144.94 0.0 144.94 0.679 776 2539 17.02 0.13 
2600 144.26 0.0 144.26 0.683 778 2559 17.06 0.13 
2620 144.43 0.0 144.43 0.686 784 2579 17.19 0.13 
2640 144.15 0.0 144.15 0.685 785 2599 17.21 0.13 
2660 143.77 0.0 143.77 0.689 788 2619 17.28 0.13 
2680 143.73 0.0 143.73 0.688 792 2639 17.37 0.13 
2700 143.04 0.0 143.04 0.691 797 2659 17.48 0.13 
2720 142.75 0.0 142.75 0.693 800 2679 17.54 0.13 
2740 142.29 0.0 142.29 0.691 805 2697 17.65 0.13 
2760 142.29 0.0 142.29 0.689 808 2717 17.72 0.14 
2780 141.7 0.0 141.7 0.692 813 2737 17.83 0.14 
2800 141.17 0.0 141.17 0.695 819 2757 17.96 0.14 
2820 141.11 0.0 141.11 0.696 826 2777 18.11 0.14 
2840 141.27 0.0 141.27 0.699 828 2797 18.16 0.14 
2860 140.7 0.0 140.7 0.7 833 2817 18.27 0.14 
2880 140.68 0.0 140.68 0.702 833 2837 18.27 0.14 
2900 140.42 0.0 140.42 0.702 837 2856 18.36 0.14 
2920 140.55 0.0 140.55 0.703 840 2876 18.42 0.14 
2940 139.76 0.0 139.76 0.702 842 2896 18.46 0.14 
2960 139.33 0.0 139.33 0.706 845 2916 18.53 0.15 
2980 139.24 0.0 139.24 0.706 847 2936 18.57 0.15 
3000 138.88 0.0 138.88 0.706 853 2956 18.71 0.15 
3020 138.13 0.0 138.13 0.709 854 2976 18.73 0.15 
3040 138.54 0.0 138.54 0.705 858 2996 18.82 0.15 
3060 138.51 0.0 138.51 0.708 860 3016 18.86 0.15 
3080 138.3 0.0 138.3 0.708 861 3036 18.88 0.15 
3100 137.64 0.0 137.64 0.709 864 3056 18.95 0.15 
3120 137.62 0.0 137.62 0.712 869 3076 19.06 0.15 
3140 137.89 0.0 137.89 0.711 872 3096 19.12 0.15 
3160 137.75 0.0 137.75 0.712 878 3116 19.25 0.15 
3180 137.36 0.0 137.36 0.716 881 3136 19.32 0.16 
3200 137.07 0.0 137.07 0.717 885 3155 19.41 0.16 
3220 136.0 0.0 136.0 0.718 887 3175 19.45 0.16 
3240 136.25 0.0 136.25 0.713 894 3195 19.61 0.16 
3260 135.97 0.0 135.97 0.717 897 3215 19.67 0.16 
3280 135.7 0.0 135.7 0.719 901 3235 19.76 0.16 
3300 135.89 0.0 135.89 0.719 905 3255 19.85 0.16 
3320 135.5 0.0 135.5 0.721 909 3275 19.93 0.16 
3340 135.06 0.0 135.06 0.723 912 3295 20.0 0.16 
3360 135.02 0.0 135.02 0.726 916 3315 20.09 0.16 
3380 135.44 0.0 135.44 0.724 921 3335 20.2 0.17 
3400 135.06 0.0 135.06 0.728 924 3354 20.26 0.17 
3420 134.22 0.0 134.22 0.732 928 3374 20.35 0.17 
3440 134.36 0.0 134.36 0.732 935 3394 20.5 0.17 
3460 134.5 0.0 134.5 0.733 939 3414 20.59 0.17 
3480 134.03 0.0 134.03 0.735 947 3434 20.77 0.17 
3500 133.87 0.0 133.87 0.732 948 3454 20.79 0.17 
3520 134.0 0.0 134.0 0.731 952 3474 20.88 0.17 
3540 133.84 0.0 133.84 0.737 956 3493 20.96 0.17 
3560 133.52 0.0 133.52 0.732 959 3512 21.03 0.17 
3580 133.24 0.0 133.24 0.737 961 3531 21.07 0.18 
3600 132.94 0.0 132.94 0.738 964 3550 21.14 0.18 
3620 133.17 0.0 133.17 0.735 966 3570 21.18 0.18 
3640 132.84 0.0 132.84 0.737 970 3590 21.27 0.18 
3660 132.6 0.0 132.6 0.74 975 3609 21.38 0.18 
3680 132.4 0.0 132.4 0.739 977 3629 21.43 0.18 
3700 132.51 0.0 132.51 0.74 981 3649 21.51 0.18 
3720 132.9 0.0 132.9 0.741 985 3669 21.6 0.18 
3740 132.51 0.0 132.51 0.743 990 3689 21.71 0.18 
3760 132.45 0.0 132.45 0.743 993 3708 21.78 0.18 
3780 131.52 0.0 131.52 0.744 997 3726 21.86 0.19 
3800 131.36 0.0 131.36 0.744 1003 3745 22.0 0.19 
3820 130.64 0.0 130.64 0.75 1008 3765 22.11 0.19 
3840 130.28 0.0 130.28 0.751 1012 3785 22.19 0.19 
3860 129.88 0.0 129.88 0.751 1019 3805 22.35 0.19 
3880 129.86 0.0 129.86 0.752 1021 3824 22.39 0.19 
3900 129.7 0.0 129.7 0.752 1022 3844 22.41 0.19 
3920 129.56 0.0 129.56 0.753 1025 3864 22.48 0.19 
3940 129.11 0.0 129.11 0.751 1032 3883 22.63 0.19 
3960 129.2 0.0 129.2 0.755 1034 3903 22.68 0.19 
3980 128.86 0.0 128.86 0.754 1037 3923 22.74 0.2 
4000 128.25 0.0 128.25 0.755 1041 3943 22.83 0.2 
4020 128.84 0.0 128.84 0.756 1046 3962 22.94 0.2 
4040 127.98 0.0 127.98 0.759 1047 3981 22.96 0.2 
4060 128.09 0.0 128.09 0.761 1049 4001 23.0 0.2 
4080 127.76 0.0 127.76 0.76 1050 4021 23.03 0.2 
4100 128.05 0.0 128.05 0.758 1054 4041 23.11 0.2 
4120 127.09 0.0 127.09 0.761 1055 4060 23.14 0.2 
4140 127.11 0.0 127.11 0.761 1059 4078 23.22 0.2 
4160 127.03 0.0 127.03 0.763 1061 4098 23.27 0.2 
4180 126.64 0.0 126.64 0.764 1065 4117 23.36 0.2 
4200 126.59 0.0 126.59 0.763 1069 4137 23.44 0.21 
4220 126.0 0.0 126.0 0.769 1073 4157 23.53 0.21 
4240 125.75 0.0 125.75 0.768 1078 4177 23.64 0.21 
4260 126.13 0.0 126.13 0.768 1081 4197 23.71 0.21 
4280 125.8 0.0 125.8 0.767 1084 4217 23.77 0.21 
4300 125.41 0.0 125.41 0.768 1085 4235 23.79 0.21 
4320 124.88 0.0 124.88 0.768 1087 4254 23.84 0.21 
4340 124.3 0.0 124.3 0.769 1089 4273 23.88 0.21 
4360 124.5 0.0 124.5 0.768 1090 4292 23.9 0.21 
4380 124.53 0.0 124.53 0.771 1094 4312 23.99 0.21 
4400 124.72 0.0 124.72 0.772 1097 4332 24.06 0.22 
4420 124.2 0.0 124.2 0.772 1099 4351 24.1 0.22 
4440 124.05 0.0 124.05 0.774 1103 4370 24.19 0.22 
4460 124.2 0.0 124.2 0.774 1107 4390 24.28 0.22 
4480 124.32 0.0 124.32 0.775 1112 4410 24.39 0.22 
4500 123.58 0.0 123.58 0.777 1118 4430 24.52 0.22 
4520 123.24 0.0 123.24 0.778 1120 4450 24.56 0.22 
4540 123.06 0.0 123.06 0.777 1123 4470 24.63 0.22 
4560 123.13 0.0 123.13 0.778 1126 4490 24.69 0.22 
4580 123.09 0.0 123.09 0.777 1127 4509 24.71 0.22 
4600 122.4 0.0 122.4 0.779 1130 4528 24.78 0.23 
4620 122.39 0.0 122.39 0.777 1134 4548 24.87 0.23 
4640 122.35 0.0 122.35 0.776 1138 4568 24.96 0.23 
4660 121.89 0.0 121.89 0.78 1142 4587 25.04 0.23 
4680 121.47 0.0 121.47 0.781 1148 4607 25.18 0.23 
4700 121.65 0.0 121.65 0.779 1149 4627 25.2 0.23 
4720 121.71 0.0 121.71 0.781 1153 4647 25.29 0.23 
4740 121.59 0.0 121.59 0.782 1157 4667 25.37 0.23 
4760 121.4 0.0 121.4 0.783 1160 4686 25.44 0.23 
4780 121.14 0.0 121.14 0.783 1161 4706 25.46 0.23 
4800 120.88 0.0 120.88 0.785 1167 4726 25.59 0.24 
4820 120.89 0.0 120.89 0.783 1169 4746 25.64 0.24 
4840 120.9 0.0 120.9 0.781 1173 4765 25.72 0.24 
4860 120.45 0.0 120.45 0.782 1178 4784 25.83 0.24 
4880 120.35 0.0 120.35 0.784 1182 4804 25.92 0.24 
4900 119.57 0.0 119.57 0.784 1187 4824 26.03 0.24 
4920 120.17 0.0 120.17 0.785 1189 4843 26.07 0.24 
4940 120.02 0.0 120.02 0.787 1194 4863 26.18 0.24 
4960 119.84 0.0 119.84 0.789 1197 4882 26.25 0.24 
4980 119.47 0.0 119.47 0.787 1199 4901 26.29 0.24 
5000 119.16 0.0 119.16 0.789 1203 4921 26.38 0.24 
5020 119.54 0.0 119.54 0.789 1205 4941 26.43 0.25 
5040 119.2 0.0 119.2 0.788 1205 4961 26.43 0.25 
5060 119.05 0.0 119.05 0.789 1209 4981 26.51 0.25 
5080 118.58 0.0 118.58 0.788 1213 5000 26.6 0.25 
5100 118.56 0.0 118.56 0.792 1215 5020 26.64 0.25 
5120 118.3 0.0 118.3 0.793 1218 5039 26.71 0.25 
5140 118.34 0.0 118.34 0.792 1223 5059 26.82 0.25 
5160 117.8 0.0 117.8 0.792 1229 5079 26.95 0.25 
5180 117.67 0.0 117.67 0.791 1234 5098 27.06 0.25 
5200 117.61 0.0 117.61 0.791 1236 5118 27.11 0.25 
5220 117.51 0.0 117.51 0.793 1236 5138 27.11 0.26 
5240 117.33 0.0 117.33 0.795 1238 5158 27.15 0.26 
5260 117.23 0.0 117.23 0.794 1241 5178 27.21 0.26 
5280 117.5 0.0 117.5 0.795 1245 5198 27.3 0.26 
5300 116.67 0.0 116.67 0.796 1248 5218 27.37 0.26 
5320 116.3 0.0 116.3 0.797 1249 5238 27.39 0.26 
5340 116.15 0.0 116.15 0.797 1252 5258 27.46 0.26 
5360 115.98 0.0 115.98 0.794 1254 5278 27.5 0.26 
5380 115.74 0.0 115.74 0.796 1257 5298 27.57 0.26 
5400 116.18 0.0 116.18 0.796 1261 5318 27.65 0.26 
5420 115.75 0.0 115.75 0.798 1267 5338 27.79 0.27 
5440 115.73 0.0 115.73 0.798 1270 5358 27.85 0.27 
5460 115.54 0.0 115.54 0.799 1271 5378 27.87 0.27 
5480 115.23 0.0 115.23 0.799 1272 5396 27.89 0.27 
5500 114.83 0.0 114.83 0.798 1275 5416 27.96 0.27 
5520 114.35 0.0 114.35 0.8 1279 5436 28.05 0.27 
5540 113.74 0.0 113.74 0.799 1283 5455 28.14 0.27 
5560 113.68 0.0 113.68 0.801 1285 5474 28.18 0.27 
5580 113.67 0.0 113.67 0.801 1289 5493 28.27 0.27 
5600 113.27 0.0 113.27 0.801 1292 5513 28.33 0.27 
5620 113.24 0.0 113.24 0.803 1293 5532 28.36 0.28 
5640 113.19 0.0 113.19 0.803 1295 5552 28.4 0.28 
5660 113.48 0.0 113.48 0.802 1299 5572 28.49 0.28 
5680 113.46 0.0 113.46 0.803 1302 5592 28.55 0.28 
5700 113.09 0.0 113.09 0.804 1305 5612 28.62 0.28 
5720 112.92 0.0 112.92 0.805 1306 5632 28.64 0.28 
5740 112.47 0.0 112.47 0.805 1308 5652 28.68 0.28 
5760 112.19 0.0 112.19 0.805 1311 5672 28.75 0.28 
5780 112.05 0.0 112.05 0.807 1315 5692 28.84 0.28 
5800 112.13 0.0 112.13 0.805 1317 5712 28.88 0.28 
5820 112.22 0.0 112.22 0.806 1317 5731 28.88 0.28 
5840 111.77 0.0 111.77 0.806 1322 5750 28.99 0.29 
5860 112.0 0.0 112.0 0.807 1325 5770 29.06 0.29 
5880 111.82 0.0 111.82 0.806 1329 5789 29.14 0.29 
5900 111.36 0.0 111.36 0.804 1330 5808 29.17 0.29 
5920 111.28 0.0 111.28 0.804 1330 5827 29.17 0.29 
5940 111.72 0.0 111.72 0.807 1331 5847 29.19 0.29 
5960 111.25 0.0 111.25 0.808 1332 5867 29.21 0.29 
5980 111.25 0.0 111.25 0.807 1334 5887 29.25 0.29 
6000 111.14 0.0 111.14 0.809 1340 5907 29.39 0.29 
6020 110.82 0.0 110.82 0.808 1340 5927 29.39 0.29 
6040 110.54 0.0 110.54 0.811 1343 5947 29.45 0.3 
6060 110.14 0.0 110.14 0.812 1349 5967 29.58 0.3 
6080 110.38 0.0 110.38 0.81 1353 5986 29.67 0.3 
6100 110.11 0.0 110.11 0.811 1357 6006 29.76 0.3 
6120 109.76 0.0 109.76 0.811 1359 6026 29.8 0.3 
6140 109.74 0.0 109.74 0.811 1361 6046 29.85 0.3 
6160 109.54 0.0 109.54 0.812 1363 6066 29.89 0.3 
6180 109.61 0.0 109.61 0.812 1367 6086 29.98 0.3 
6200 109.03 0.0 109.03 0.812 1369 6106 30.02 0.3 
6220 108.62 0.0 108.62 0.813 1372 6125 30.09 0.3 
6240 108.52 0.0 108.52 0.812 1375 6145 30.15 0.31 
6260 108.75 0.0 108.75 0.811 1377 6164 30.2 0.31 
6280 107.79 0.0 107.79 0.814 1380 6182 30.26 0.31 
6300 107.97 0.0 107.97 0.814 1383 6201 30.33 0.31 
6320 107.6 0.0 107.6 0.814 1389 6221 30.46 0.31 
6340 107.44 0.0 107.44 0.815 1390 6241 30.48 0.31 
6360 107.34 0.0 107.34 0.814 1392 6260 30.53 0.31 
6380 107.62 0.0 107.62 0.813 1393 6279 30.55 0.31 
6400 107.32 0.0 107.32 0.813 1395 6299 30.59 0.31 
6420 107.63 0.0 107.63 0.814 1397 6319 30.64 0.31 
6440 107.28 0.0 107.28 0.815 1399 6339 30.68 0.32 
6460 107.22 0.0 107.22 0.817 1400 6358 30.7 0.32 
6480 106.84 0.0 106.84 0.817 1403 6378 30.77 0.32 
6500 106.92 0.0 106.92 0.817 1406 6398 30.83 0.32 
6520 106.87 0.0 106.87 0.815 1410 6418 30.92 0.32 
6540 106.8 0.0 106.8 0.819 1411 6438 30.94 0.32 
6560 106.48 0.0 106.48 0.818 1414 6458 31.01 0.32 
6580 106.11 0.0 106.11 0.819 1414 6477 31.01 0.32 
6600 105.98 0.0 105.98 0.82 1417 6497 31.07 0.32 
6620 106.35 0.0 106.35 0.816 1417 6516 31.07 0.32 
6640 106.05 0.0 106.05 0.819 1421 6535 31.16 0.32 
6660 105.82 0.0 105.82 0.821 1425 6554 31.25 0.33 
6680 105.65 0.0 105.65 0.819 1429 6574 31.34 0.33 
6700 105.08 0.0 105.08 0.819 1431 6593 31.38 0.33 
6720 105.22 0.0 105.22 0.818 1432 6612 31.4 0.33 
6740 104.93 0.0 104.93 0.819 1434 6632 31.45 0.33 
6760 104.69 0.0 104.69 0.818 1436 6652 31.49 0.33 
6780 104.02 0.0 104.02 0.82 1437 6672 31.51 0.33 
6800 103.94 0.0 103.94 0.82 1440 6692 31.58 0.33 
6820 103.55 0.0 103.55 0.818 1441 6711 31.6 0.33 
6840 103.54 0.0 103.54 0.819 1441 6730 31.6 0.33 
6860 103.4 0.0 103.4 0.82 1442 6749 31.62 0.34 
6880 103.11 0.0 103.11 0.821 1443 6769 31.64 0.34 
6900 103.2 0.0 103.2 0.823 1443 6789 31.64 0.34 
6920 103.1 0.0 103.1 0.824 1445 6809 31.69 0.34 
6940 103.25 0.0 103.25 0.822 1445 6828 31.69 0.34 
6960 102.9 0.0 102.9 0.825 1447 6848 31.73 0.34 
6980 102.43 0.0 102.43 0.824 1448 6868 31.75 0.34 
7000 102.68 0.0 102.68 0.822 1451 6888 31.82 0.34 
7020 102.6 0.0 102.6 0.824 1453 6908 31.86 0.34 
7040 102.61 0.0 102.61 0.824 1455 6928 31.91 0.34 
7060 102.22 0.0 102.22 0.825 1457 6948 31.95 0.35 
7080 102.22 0.0 102.22 0.826 1459 6967 32.0 0.35 
7100 102.14 0.0 102.14 0.827 1463 6987 32.08 0.35 
7120 101.39 0.0 101.39 0.829 1464 7007 32.11 0.35 
7140 101.4 0.0 101.4 0.826 1468 7027 32.19 0.35 
7160 101.33 0.0 101.33 0.827 1470 7047 32.24 0.35 
7180 101.24 0.0 101.24 0.827 1472 7064 32.28 0.35 
7200 100.77 0.0 100.77 0.826 1473 7083 32.3 0.35 
7220 100.66 0.0 100.66 0.828 1476 7102 32.37 0.35 
7240 100.03 0.0 100.03 0.826 1480 7122 32.46 0.35 
7260 100.23 0.0 100.23 0.826 1482 7142 32.5 0.36 
7280 99.94 0.0 99.94 0.825 1485 7162 32.57 0.36 
7300 100.45 0.0 100.45 0.826 1489 7181 32.65 0.36 
7320 100.19 0.0 100.19 0.824 1492 7201 32.72 0.36 
7340 100.12 0.0 100.12 0.825 1494 7221 32.76 0.36 
7360 100.07 0.0 100.07 0.825 1498 7241 32.85 0.36 
7380 99.53 0.0 99.53 0.827 1502 7261 32.94 0.36 
7400 99.63 0.0 99.63 0.826 1506 7281 33.03 0.36 
7420 99.18 0.0 99.18 0.828 1509 7301 33.09 0.36 
7440 98.58 0.0 98.58 0.826 1510 7320 33.11 0.36 
7460 98.85 0.0 98.85 0.826 1513 7339 33.18 0.36 
7480 98.91 0.0 98.91 0.829 1515 7359 33.22 0.37 
7500 98.63 0.0 98.63 0.83 1520 7379 33.33 0.37 
7520 98.56 0.0 98.56 0.829 1525 7398 33.44 0.37 
7540 98.13 0.0 98.13 0.827 1529 7417 33.53 0.37 
7560 98.21 0.0 98.21 0.827 1530 7437 33.55 0.37 
7580 98.11 0.0 98.11 0.827 1531 7457 33.57 0.37 
7600 97.81 0.0 97.81 0.83 1534 7477 33.64 0.37 
7620 97.99 0.0 97.99 0.829 1537 7497 33.71 0.37 
7640 97.63 0.0 97.63 0.829 1542 7517 33.82 0.37 
7660 97.24 0.0 97.24 0.83 1547 7537 33.93 0.37 
7680 97.35 0.0 97.35 0.83 1551 7557 34.01 0.38 
7700 97.49 0.0 97.49 0.831 1557 7577 34.14 0.38 
7720 97.44 0.0 97.44 0.832 1559 7597 34.19 0.38 
7740 96.6 0.0 96.6 0.832 1560 7616 34.21 0.38 
7760 96.81 0.0 96.81 0.831 1561 7635 34.23 0.38 
7780 96.54 0.0 96.54 0.831 1562 7655 34.25 0.38 
7800 96.55 0.0 96.55 0.832 1563 7674 34.28 0.38 
7820 96.3 0.0 96.3 0.832 1565 7694 34.32 0.38 
7840 95.87 0.0 95.87 0.833 1569 7714 34.41 0.38 
7860 95.29 0.0 95.29 0.833 1570 7734 34.43 0.38 
7880 95.36 0.0 95.36 0.833 1574 7753 34.52 0.39 
7900 95.71 0.0 95.71 0.832 1575 7773 34.54 0.39 
7920 95.46 0.0 95.46 0.832 1576 7791 34.56 0.39 
7940 96.11 0.0 96.11 0.833 1580 7810 34.65 0.39 
7960 95.89 0.0 95.89 0.832 1581 7828 34.67 0.39 
7980 96.02 0.0 96.02 0.832 1583 7848 34.71 0.39 
8000 95.62 0.0 95.62 0.832 1587 7867 34.8 0.39 
8020 95.11 0.0 95.11 0.835 1589 7887 34.85 0.39 
8040 95.02 0.0 95.02 0.835 1592 7907 34.91 0.39 
8060 94.53 0.0 94.53 0.835 1597 7926 35.02 0.39 
8080 94.19 0.0 94.19 0.836 1599 7946 35.07 0.4 
8100 93.8 0.0 93.8 0.836 1602 7966 35.13 0.4 
8120 93.99 0.0 93.99 0.836 1607 7985 35.24 0.4 
8140 94.03 0.0 94.03 0.835 1607 8005 35.24 0.4 
8160 93.35 0.0 93.35 0.836 1609 8024 35.29 0.4 
8180 93.31 0.0 93.31 0.835 1610 8043 35.31 0.4 
8200 93.14 0.0 93.14 0.833 1613 8063 35.37 0.4 
8220 93.23 0.0 93.23 0.835 1614 8083 35.39 0.4 
8240 93.19 0.0 93.19 0.836 1616 8103 35.44 0.4 
8260 93.46 0.0 93.46 0.835 1617 8122 35.46 0.4 
8280 92.99 0.0 92.99 0.836 1621 8141 35.55 0.4 
8300 92.75 0.0 92.75 0.837 1624 8161 35.61 0.41 
8320 92.6 0.0 92.6 0.837 1627 8181 35.68 0.41 
8340 91.98 0.0 91.98 0.839 1628 8199 35.7 0.41 
8360 91.8 0.0 91.8 0.839 1628 8219 35.7 0.41 
8380 91.39 0.0 91.39 0.841 1631 8239 35.77 0.41 
8400 91.57 0.0 91.57 0.839 1636 8259 35.88 0.41 
8420 91.05 0.0 91.05 0.841 1637 8279 35.9 0.41 
8440 91.41 0.0 91.41 0.841 1639 8299 35.94 0.41 
8460 90.99 0.0 90.99 0.842 1641 8318 35.99 0.41 
8480 91.2 0.0 91.2 0.841 1641 8338 35.99 0.41 
8500 91.09 0.0 91.09 0.84 1641 8356 35.99 0.42 
8520 91.22 0.0 91.22 0.841 1643 8375 36.03 0.42 
8540 90.67 0.0 90.67 0.843 1647 8394 36.12 0.42 
8560 90.2 0.0 90.2 0.842 1648 8413 36.14 0.42 
8580 90.19 0.0 90.19 0.843 1650 8433 36.18 0.42 
8600 89.92 0.0 89.92 0.842 1651 8453 36.21 0.42 
8620 90.12 0.0 90.12 0.842 1652 8473 36.23 0.42 
8640 89.96 0.0 89.96 0.842 1652 8493 36.23 0.42 
8660 90.24 0.0 90.24 0.843 1653 8513 36.25 0.42 
8680 89.63 0.0 89.63 0.843 1654 8533 36.27 0.42 
8700 88.9 0.0 88.9 0.843 1657 8552 36.34 0.43 
8720 89.27 0.0 89.27 0.845 1659 8572 36.38 0.43 
8740 88.91 0.0 88.91 0.844 1660 8592 36.4 0.43 
8760 88.72 0.0 88.72 0.845 1660 8612 36.4 0.43 
8780 88.49 0.0 88.49 0.845 1661 8631 36.43 0.43 
8800 88.61 0.0 88.61 0.844 1664 8651 36.49 0.43 
8820 88.56 0.0 88.56 0.845 1667 8671 36.56 0.43 
8840 88.61 0.0 88.61 0.845 1670 8690 36.62 0.43 
8860 88.52 0.0 88.52 0.845 1674 8710 36.71 0.43 
8880 88.53 0.0 88.53 0.844 1674 8730 36.71 0.43 
8900 88.08 0.0 88.08 0.846 1674 8750 36.71 0.44 
8920 87.92 0.0 87.92 0.846 1675 8770 36.73 0.44 
8940 88.15 0.0 88.15 0.844 1678 8790 36.8 0.44 
8960 87.72 0.0 87.72 0.845 1679 8809 36.82 0.44 
8980 87.42 0.0 87.42 0.846 1681 8828 36.86 0.44 
9000 87.42 0.0 87.42 0.846 1681 8848 36.86 0.44 
9020 87.05 0.0 87.05 0.847 1682 8868 36.89 0.44 
9040 87.16 0.0 87.16 0.848 1683 8888 36.91 0.44 
9060 86.74 0.0 86.74 0.846 1686 8908 36.97 0.44 
9080 86.55 0.0 86.55 0.848 1688 8928 37.02 0.44 
9100 86.5 0.0 86.5 0.847 1691 8948 37.08 0.44 
9120 86.33 0.0 86.33 0.847 1692 8967 37.11 0.45 
9140 85.9 0.0 85.9 0.848 1692 8986 37.11 0.45 
9160 86.47 0.0 86.47 0.848 1693 9005 37.13 0.45 
9180 86.25 0.0 86.25 0.849 1694 9025 37.15 0.45 
9200 85.77 0.0 85.77 0.848 1696 9044 37.19 0.45 
9220 85.9 0.0 85.9 0.848 1696 9063 37.19 0.45 
9240 85.45 0.0 85.45 0.847 1699 9082 37.26 0.45 
9260 85.59 0.0 85.59 0.846 1699 9102 37.26 0.45 
9280 85.87 0.0 85.87 0.848 1701 9122 37.3 0.45 
9300 85.38 0.0 85.38 0.846 1704 9142 37.37 0.45 
9320 85.24 0.0 85.24 0.847 1704 9162 37.37 0.46 
9340 85.24 0.0 85.24 0.846 1706 9181 37.41 0.46 
9360 84.84 0.0 84.84 0.847 1708 9201 37.46 0.46 
9380 84.49 0.0 84.49 0.846 1710 9221 37.5 0.46 
9400 84.5 0.0 84.5 0.847 1711 9241 37.52 0.46 
9420 84.45 0.0 84.45 0.849 1712 9259 37.54 0.46 
9440 84.13 0.0 84.13 0.849 1713 9279 37.57 0.46 
9460 84.41 0.0 84.41 0.851 1718 9299 37.68 0.46 
9480 84.74 0.0 84.74 0.85 1721 9318 37.74 0.46 
9500 84.41 0.0 84.41 0.851 1723 9338 37.79 0.46 
9520 84.09 0.0 84.09 0.849 1725 9358 37.83 0.47 
9540 84.01 0.0 84.01 0.847 1726 9378 37.85 0.47 
9560 83.74 0.0 83.74 0.851 1727 9398 37.87 0.47 
9580 83.57 0.0 83.57 0.85 1729 9418 37.92 0.47 
9600 83.32 0.0 83.32 0.85 1732 9438 37.98 0.47 
9620 82.83 0.0 82.83 0.849 1734 9456 38.03 0.47 
9640 82.82 0.0 82.82 0.847 1735 9474 38.05 0.47 
9660 83.07 0.0 83.07 0.849 1737 9494 38.09 0.47 
9680 82.49 0.0 82.49 0.848 1741 9513 38.18 0.47 
9700 82.63 0.0 82.63 0.851 1742 9532 38.2 0.47 
9720 82.34 0.0 82.34 0.853 1743 9552 38.22 0.47 
9740 82.53 0.0 82.53 0.852 1745 9570 38.27 0.48 
9760 82.26 0.0 82.26 0.852 1748 9590 38.33 0.48 
9780 82.68 0.0 82.68 0.85 1752 9607 38.42 0.48 
9800 82.4 0.0 82.4 0.851 1756 9627 38.51 0.48 
9820 82.38 0.0 82.38 0.852 1758 9647 38.55 0.48 
9840 82.35 0.0 82.35 0.853 1761 9667 38.62 0.48 
9860 81.89 0.0 81.89 0.852 1761 9687 38.62 0.48 
9880 81.47 0.0 81.47 0.854 1763 9705 38.66 0.48 
9900 81.5 0.0 81.5 0.855 1764 9725 38.68 0.48 
9920 81.59 0.0 81.59 0.855 1765 9744 38.71 0.48 
9940 80.91 0.0 80.91 0.856 1766 9764 38.73 0.49 
9960 80.72 0.0 80.72 0.855 1767 9783 38.75 0.49 
9980 80.69 0.0 80.69 0.854 1767 9803 38.75 0.49 
10000 80.6 0.0 80.6 0.856 1769 9822 38.79 0.49 
10020 80.49 0.0 80.49 0.856 1771 9841 38.84 0.49 
10040 80.41 0.0 80.41 0.856 1775 9861 38.93 0.49 
10060 80.13 0.0 80.13 0.856 1777 9881 38.97 0.49 
10080 79.5 0.0 79.5 0.857 1779 9901 39.01 0.49 
10100 79.72 0.0 79.72 0.856 1782 9921 39.08 0.49 
10120 79.53 0.0 79.53 0.855 1786 9941 39.17 0.49 
10140 79.23 0.0 79.23 0.857 1787 9961 39.19 0.5 
10160 78.79 0.0 78.79 0.857 1788 9981 39.21 0.5 
10180 79.34 0.0 79.34 0.857 1790 10001 39.25 0.5 
10200 78.86 0.0 78.86 0.857 1791 10021 39.28 0.5 
10220 79.01 0.0 79.01 0.856 1794 10041 39.34 0.5 
10240 78.87 0.0 78.87 0.856 1796 10060 39.39 0.5 
10260 78.86 0.0 78.86 0.855 1798 10080 39.43 0.5 
10280 79.34 0.0 79.34 0.856 1798 10100 39.43 0.5 
10300 78.91 0.0 78.91 0.856 1798 10120 39.43 0.5 
10320 78.91 0.0 78.91 0.857 1798 10139 39.43 0.5 
10340 78.8 0.0 78.8 0.854 1798 10159 39.43 0.51 
10360 79.31 0.0 79.31 0.854 1799 10177 39.45 0.51 
10380 78.87 0.0 78.87 0.855 1799 10196 39.45 0.51 
10400 78.77 0.0 78.77 0.857 1799 10216 39.45 0.51 
10420 78.7 0.0 78.7 0.856 1801 10235 39.5 0.51 
10440 78.2 0.0 78.2 0.859 1805 10255 39.58 0.51 
10460 78.13 0.0 78.13 0.858 1806 10274 39.61 0.51 
10480 77.9 0.0 77.9 0.857 1807 10294 39.63 0.51 
10500 78.09 0.0 78.09 0.857 1808 10310 39.65 0.51 
10520 77.75 0.0 77.75 0.859 1809 10330 39.67 0.51 
10540 77.71 0.0 77.71 0.859 1813 10350 39.76 0.51 
10560 77.34 0.0 77.34 0.859 1814 10369 39.78 0.52 
10580 77.7 0.0 77.7 0.859 1816 10389 39.82 0.52 
10600 77.46 0.0 77.46 0.859 1819 10409 39.89 0.52 
10620 77.3 0.0 77.3 0.858 1821 10429 39.93 0.52 
10640 76.9 0.0 76.9 0.859 1825 10448 40.02 0.52 
10660 76.93 0.0 76.93 0.86 1827 10468 40.07 0.52 
10680 77.27 0.0 77.27 0.86 1829 10488 40.11 0.52 
10700 76.9 0.0 76.9 0.86 1829 10507 40.11 0.52 
10720 76.84 0.0 76.84 0.86 1832 10527 40.18 0.52 
10740 76.61 0.0 76.61 0.86 1833 10547 40.2 0.52 
10760 76.89 0.0 76.89 0.86 1833 10566 40.2 0.53 
10780 76.54 0.0 76.54 0.86 1833 10586 40.2 0.53 
10800 76.33 0.0 76.33 0.86 1834 10606 40.22 0.53 
10820 76.04 0.0 76.04 0.86 1836 10626 40.26 0.53 
10840 75.8 0.0 75.8 0.86 1837 10646 40.29 0.53 
10860 75.56 0.0 75.56 0.861 1837 10665 40.29 0.53 
