
0.49067542
0.4895651
0.5273287
0.47856393
0.45613232
0.44405773
0.44325927
0.43255025
0.40513796
0.39629334
0.39521232
0.39427635
0.38909626
0.39508018
0.3908645
0.39348164
0.39508218
0.3937767
0.38387653
0.39247933
0.39163196
0.37847757
0.37624264
0.37371793
0.37259293
0.37469184
0.3661438
0.37536773
0.3709542
0.36076447
0.38965988
0.37078586
0.3653666
0.36226317
0.3680744
0.36228383
0.35539412
0.3590073
0.3658222
0.35332686
0.36463687
0.35549897
0.36834037
0.35331792
0.3589709
0.34593102
0.3412577
0.34839806
0.35018805
0.3369179
0.34557644
0.3364174
0.34450433
0.34196782
0.3268152
0.32881036
0.3275821
0.3283995
0.3359496
0.33392793
0.3272797
0.3282544
0.33223748
0.34867293
0.3528199
0.32947364
0.3265441
0.32952905
0.32362476
0.32047105
0.31597114
0.32454222
0.32295483
0.31654835
0.31817767
0.31262064
0.30936018
0.30251044
0.3144794
0.3095792
0.30543575
0.30419824
0.30977082
0.30799052
0.30507302
0.30181974
0.30613235
0.299684
0.29526666
0.29366153
0.29131204
0.2853517
0.28722033
0.29503304
0.28889358
0.29153186
0.29149222
0.2888855
0.2904292
0.2811551
0.28624487
0.29142684
0.2802335
0.28694952
0.28012007
0.27537206
0.283245
0.28659865
0.2710064
0.27146286
0.27482498
0.27953184
0.27099454
0.2743705
0.27152753
0.2673339
0.267074
0.2583122
0.26624298
0.26494977
0.26561597
0.26868898
0.2583459
0.25995332
0.25551113
0.25985697
0.26603752
0.26543897
0.25561267
0.2643462
0.27065355
0.25662765
0.25662416
0.2573967
0.2617791
0.25318408
0.26310363
0.2631303
0.25282
0.25219366
0.25178146
0.26021373
0.25038713
0.24945179
0.2510989
0.25070512
0.25020543
0.24832153
0.25609952
0.25498575
0.24573703
0.23902023
0.2391457
0.24076986
0.24097598
0.23944466
0.24317192
0.23662974
0.24385121
0.2460507
0.23792373
0.2405479
0.23700334
0.23748146
0.23372321
0.23562308
0.23444009
0.2409245
0.2410037
0.23714215
0.23247471
0.2346215
0.2308668
0.25656497
0.23357926
0.23478013
0.23618652
0.2511373
0.2346787
0.23340583
0.22788386
0.22742614
0.22485334
0.23095962
0.22597106
0.23029871
0.23333848
0.22803366
0.22621076
0.22321743
0.22842081
0.22780395
0.22179972
0.22168092
0.22199813
0.22272728
0.2343671
0.2227168
0.22460209
0.22594011
0.22742501
0.23188753
0.22239171
0.22140767
0.22052065
0.22373025
0.22227857
0.22446099
0.2187924
0.21617848
0.22224602
0.23565423
0.2152452
0.21521379
0.21995725
0.21575072
0.21726102
0.21499284
0.21423487
0.21214862
0.21291818
0.21098633
0.22026616
0.20967686
0.21051648
0.20732777
0.21520352
0.21020035
0.21570195
0.21361463
0.2121369
0.21274619
0.21097168
0.20473427
0.2056445
0.20795877
0.20465219
0.20420007
0.20253997
0.20139931
0.20105709
0.2079588
0.20599273
0.20490493
0.20637418
0.20602818
0.20499411
0.20229438
0.2041599
0.20130463
0.20444305
0.20702007
0.20302139
0.20617828
0.20551267
0.1986785
0.1969692
0.198779
0.19751622
0.19836794
0.1992459
0.19768761
0.19768551
0.20173036
0.19435811
0.19579297
0.19968735
0.1958677
0.19744767
0.20168114
0.18890716
0.19290824
0.19338945
0.19327064
0.18858755
0.19868426
0.1886102
0.19251849
0.19188704
0.19484374
0.19089788
0.1897452
0.19047637
0.19459087
0.18503426
0.19104412
0.19223431
0.18545397
0.18578617
0.18435082
0.18809572
0.18781392
0.18795428
0.18720382
0.18564646
0.19118509
0.18805884
0.18584417
0.18841876
0.1834468
0.18524434
0.18599215
0.18630835
0.18051228
0.18746845
0.1797109
0.18707912
0.18361078
0.18279012
0.1825632
0.17850682
0.18279693
0.18099031
0.17881748
0.18047622
0.18509172
0.18504009
0.1791322
0.18105571
0.17820014
0.18089633
0.18238725
0.18099539
0.17825925
0.18044706
0.17904751
0.17718841
0.1817854
0.17835966
0.17762323
0.17886712
0.17673434
0.17913595
0.17702143
0.17568839
0.17688096
0.18060994
0.18008664
0.17535728
0.17893279
0.17616579
0.17779136
0.17789842
0.17601834
0.1798296
0.17509747
0.17230918
0.17459492
0.17670391
0.17542022
0.17287618
0.17617378
0.17195469
0.17255156
0.18155351
0.17391795
0.17420833
0.17759532
0.1729599
0.1756197
0.17981961
0.17604278
0.17184646
0.17330451
0.17662662
0.17249373
0.17719184
0.17066967
0.1692248
0.17203681
0.16877522
0.17034042
0.16944303
0.16731086
0.17559576
0.16943456
0.1701319
0.16905692
0.16800079
0.16699214
0.16825919
0.16810359
0.16575722
0.16810343
0.17115141
0.16701554
0.16366617
0.16854575
0.16815227
0.1650815
0.16498913
0.16467232
0.16831048
0.1671023
0.17062922
0.16245432
0.1646949
0.16741867
0.16602768
0.16491638
0.16508391
0.16365218
0.16796102
0.16313975
0.17048946
0.16402885
0.16400044
0.1667482
0.16275235
0.16248521
0.1609289
0.15890566
0.15992197
0.16219857
0.16080682
0.15912984
0.15720214
0.15575807
0.15888613
0.16111909
0.16455565
0.15996985
0.15868565
0.15951595
0.15711911
0.16079256
0.15996581
0.15986687
0.15858725
0.15697534
0.16370054
0.16058868
0.1611719
0.15686841
0.1582727
0.15592821
0.15790376
0.15588397
0.15739548
0.1558981
0.15473942
0.15665841
0.15923437
0.15757202
0.15528913
0.1560785
0.15378451
0.15525442
0.15196626
0.15698163
0.15652756
0.1534782
0.1549536
0.15876402
0.15487891
0.15550536
0.15761407
0.15264887
0.15446007
0.15516467
0.15178831
0.15190004
0.15480453
0.15292779
0.15412527
0.14911924
0.15099218
0.14947823
0.15130469
0.15544616
0.15022819
0.15376337
0.14922974
0.14858231
0.15214486
0.15011792
0.14804992
0.15050042
0.15453818
0.14761445
0.1566748
0.15513192
0.15301953
0.1490609
0.15094063
0.14630213
0.14667058
0.14732581
0.15052494
0.14868703
0.14753675
0.15282695
0.15115868
0.15198217
0.1505787
0.14795257
0.1493848
0.14982837
0.14565933
0.14824457
0.14704645
0.14845173
0.14958952
0.14562073
0.14411466
0.146999
0.14716738
0.14452335
0.14584216
0.14558907
0.1458549
0.14761569
0.14792949
0.14551602
0.14258564
0.14341646
0.14323445
0.14560899
0.14349082
0.1447677
0.14769605
0.14144151
0.14342813
0.14206594
0.14996862
0.14547943
0.14148916
0.14606754
0.14723222
0.14203565
0.14099877
0.14315492
0.14371383
0.14253545
0.14199111
0.13896015
0.14070447
0.13961257
0.13956559
0.14391369
0.14442408
0.14182113
0.14200929
0.1410494
0.14577226
0.14044271
0.14173639
0.141815
0.14176466
0.1393609
0.14343058
0.14001828
0.13928893
0.14219622
0.14109343
0.14617212
0.13846178
0.13757253
0.14180939
0.13780254
0.14058828
0.14059633
0.13830136
0.14340721
0.13830654
0.14075994
0.13772675
0.1373993
0.14301366
0.13765591
0.13792121
0.14247943
0.13548455
0.14200652
0.13472162
0.13841058
0.13483468
0.13795243
0.13733691
0.13513331
0.1390866
0.13535513
0.13400099
0.13687447
0.13511492
0.13820136
0.13263725
0.13694443
0.13991298
0.13977839
0.1355867
0.13397454
0.13561693
0.13597153
0.13479052
0.13314557
0.13549171
0.13364366
0.13725615
0.13261566
0.14249386
0.13360843
0.13689287
0.13791537
0.13642655
0.13274664
0.13196626
0.13695431
0.13499302
0.13406625
0.13420011
0.13446306
0.13123901
0.13363594
0.13628848
0.13051876
0.12953465
0.13408574
0.13217853
0.13278127
0.13495356
0.13290945
0.13537939
0.13342363
0.13149285
0.13443635
0.1315469
0.13219962
0.12915403
0.13387728
0.13331562
0.12936041
0.1328019
0.13209806
0.13074414
0.12989241
0.13159032
0.13062575
0.13171194
0.13219902
0.13015437
0.1343701
0.13206705
0.12972267
0.13072267
0.13325177
0.13152604
0.13158035
0.12908326
0.12841287
0.12965009
0.12909769
0.12988739
0.12939288
0.12924829
0.13001445
0.12807019
0.1348665
0.13106097
0.13012104
0.12974052
0.12968355
0.1292377
0.1289919
0.12816115
0.13219371
0.1317675
0.12816288
0.13022658
0.13096511
0.12838738
0.12926117
0.12942405
0.12936762
0.13085932
0.13043663
0.12781727
0.12812307
0.12805806
0.13103822
0.13122262
0.12666272
0.12835999
0.12667833
0.12726632
0.12831534
0.12936997
0.12701431
0.13025181
0.127072
0.1318518
0.1290696
0.12411795
0.12491882
0.12359768
0.12587301
0.12999259
0.12508097
0.12656845
0.12400799
0.12574764
0.1259114
0.12796241
0.126514
0.123273216
0.12620066
0.12562205
0.12874259
0.12363346
0.12395509
0.12664497
0.12422087
0.12502834
0.12670918
0.12691197
0.1235403
0.12736353
0.12570791
0.12721811
0.12674007
0.12648775
0.1266726
0.12789185
0.12385263
0.12566826
0.12227829
0.12335496
0.12334672
0.12289686
0.12259522
0.12774147
0.12088719
0.12481395
0.12558044
0.12255174
0.119637735
0.124012515
0.12149543
0.122272566
0.12181553
0.12121933
0.12251841
0.122671515
0.12475213
0.12120734
0.12406869
0.12434423
0.12170169
0.119249396
0.12212932
0.122667395
0.12396793
0.12843722
0.12637424
0.11892984
0.123439215
0.12052971
0.122406706
0.11846004
0.12069015
0.1209676
0.118850626
0.121058084
0.122282095
0.1204007
0.11856139
0.11795688
0.1237858
0.120724015
0.1225872
0.11881523
0.12027078
0.120396234
0.11914336
0.121329695
0.11667153
0.11985853
0.119546935
0.12324411
0.1231783
0.11827979
0.118094996
0.11787324
0.12152193
0.1178587
0.11870625
0.118891425
0.11902419
0.120392986
0.117294915
0.11697428
0.12164701
0.11795749
0.11668606
0.11838915
0.117620334
0.11734274
0.118607625
0.11755758
0.11506168
0.11612239
0.12099002
0.11652564
0.12069269
0.11841321
0.11588985
0.11789331
0.11693955
0.117992654
0.117438145
0.115833424
0.120364726
0.11600743
0.117993765
0.11768474
0.11364306
0.115782686
0.11624948
0.117697544
0.116598964
0.11757515
0.11469122
0.11614356
0.11976111
0.11394787
0.11909387
0.11679814
0.11468131
0.11540568
0.11695361
0.11407523
0.114931926
0.11611357
0.116616346
0.11592859
0.11920935
0.115312606
0.11437254
0.11555557
0.11625735
0.1134063
0.11479777
0.11833496
0.11482584
0.115968056
0.11443952
0.11478035
0.11791432
0.112485416
0.11570875
0.11271634
0.115114726
0.113213986
0.11748098
0.115750305
0.11123713
0.113400474
0.11831579
0.1164382
0.1150949
0.112557165
0.114701435
0.11475999
0.114989765
0.11333938
0.11248307
0.11287187
0.11484418
0.111764856
0.11139922
0.1114227
0.11421023
0.114097856
0.11168071
0.11137883
0.11301126
0.11221097
0.11722053
0.11093829
0.11272849
0.11132464
0.112500586
0.11325354
0.114465535
0.11698006
0.11113907
0.11528476
0.11761194
0.11307258
0.11582893
0.11072759
0.11328842
0.11328282
0.1121369
0.1156496
0.11460816
0.112296544
0.113379195
0.11395092
0.111677036
0.11197096
0.11104679
0.11158112
0.11387129
0.112014115
0.11155733
0.11152278
0.11276144
0.11136237
0.11449495
0.11207216
0.111834385
0.11113403
0.11161491
0.11378644
0.111153394
0.11302803
0.109247796
0.11239026
0.114327654
0.11335793
0.11518745
0.11391628
0.11112923
0.11257726
0.113383435
0.11496039
0.11277195
0.11422491
0.11074887
0.1131344
0.1140496
0.11520862
0.10787957
0.11240098
0.11056149
0.10908313
0.10830506
0.11045262
0.113369904
0.11237901
0.11020711
0.110718995
0.10968186
0.109591745
0.11072213
0.110387005
0.10816955
0.109196946
0.108246565
0.10945822
0.10942769
0.11043503
0.108503655
0.11055229
0.10702601
0.10788177
0.109646104
0.11039837
0.10838853
0.108313106
0.11278928
0.109551616
0.108261496
0.108670376
0.10875147
0.10774562
0.1077528
0.10694146
0.10875807
0.1093519
0.10934325
0.10714937
0.11020848
0.10824268
0.10931231
0.10901302
0.108372144
0.1093189
0.107298434
0.10993529
0.10782302
0.10735226
0.10890156
0.10874048
0.10770753
0.10821829
0.10921349
0.10922742
0.1077489
0.10881391
0.10830855
0.10706821
0.10782396
0.10807638
0.10735261
0.10889782
0.10512791
0.10631559
0.10561805
0.10897278
0.108233325
0.10895008
0.10713981
0.105194606
0.106009685
0.10697042
0.10508397
0.1055112
0.10738432
0.10306456
0.10778062
0.10560648
0.10675113
0.10674387
0.108576134
0.10927545
0.10640988
0.10538642
0.1059472
0.10731292
0.1071625
0.109615564
0.10641727
0.10792136
0.10766955
0.110302
0.1069359
0.1070506
0.10703543
0.11012634
0.106721036
0.10519278
0.10609527
0.10550547
0.10587478
0.107783295
0.108798034
0.1062939
0.10481849
0.10730314
0.10451803
0.10613531
0.10563459
0.10390605
0.10378758
0.10725411
0.10624204
0.105647355
0.10560547
0.10543528
0.10329035
0.10741536
0.10362997
0.104678445
0.10393796
0.105008386
0.10281885
0.1063312
0.10456688
0.10547756
0.10251338
0.10534801
0.101434246
0.10277261
0.103496745
0.10545086
0.10128745
0.10216816
0.103512146
0.10259243
0.10204228
0.10454881
0.106873035
0.104938254
0.103857756
0.10391585
0.10540603
0.10416751
0.10418702
0.10307089
0.10615658
0.10465421
0.10430944
0.102919154
0.10664045
0.100973435
0.10343162
0.10235069
0.10172952
0.103370495
0.10362259
0.10335226
0.10157201
0.10277458
0.10192226
0.10334249
0.103955254
0.10386642
0.10311294
0.10201125
0.10251019
0.10230357
0.10277643
0.10346544
0.10060546
0.10399397
0.10259256
0.101912566
0.10432665
0.10323339
0.1003982
0.105936415
0.102490135
0.10125357
0.10467096
0.10403235
0.10362385
0.10224164
0.10137041
0.103482865
0.10418601
0.10262979
0.10150985
0.103288025
0.10347377
0.10343973
0.10315139
0.10746945
0.102137364
0.104041114
0.10047744
0.10001054
0.10177232
0.102814734
0.10259199
0.099775806
0.10108024
0.101428315
0.100996636
0.1029923
0.10214355
0.10366061
0.10304099
0.100076824
0.10149594
0.10166595
0.10170979
0.10221647
0.10123865
0.10190139
0.101044014
0.10217291
0.1013864
0.10206851
0.10217266
0.10195331
0.10437855
0.10077317
0.09980519
0.1003991
0.101978615
0.101174094
0.10305923
0.102762096
0.10312268
0.102954574
0.10102226
0.10161404
0.10105727
0.101630665
0.100045264
0.10036408
0.09865693
0.09812358
0.09988285
0.10098477
0.09856235
0.102612585
0.098918796
0.100030586
0.09989762
0.09946311
0.09924524
0.10018122
0.10083245
0.09968244
0.099806786
0.101904444
0.101359144
0.10003714
0.1010968
0.10143065
0.100482754
0.098847724
0.10015601
0.10046382
0.09788581
0.10079946
0.09774912
0.09944489
0.102884814
0.099845454
0.10062005
0.10207817
0.101240724
0.100077294
0.09934665
0.10041616
0.100628674
0.100260004
0.0989052
0.09872215
0.09863765
0.099778466
0.098866396
0.0983934
0.09999059
0.09762654
0.096109174
0.099097475
0.09907413
0.09618323
0.101968214
0.09591882
0.099130146
0.10025731
0.099380955
0.098034754
0.09759165
0.10015422
0.09774761
0.09897667
0.09642087
0.098890826
0.098418325
0.097261064
0.09874683
0.097413994
0.098811015
0.096105546
0.09564473
0.096092835
0.09568316
0.09716263
0.09642841
0.09971064
0.09910451
0.09727327
0.09622062
0.102193415
0.0943568
0.09471319
0.093864605
0.09868827
0.096062325
0.096856356
0.09757162
0.09612275
0.09660125
0.09505774
0.09556038
0.097864635
0.09980863
0.0960085
0.09730983
0.09618911
0.097653694
0.09495525
0.09508008
0.09780693
0.09629291
0.095069945
0.100594416
0.096557654
0.09551696
0.099776104
0.094371624
0.09558521
0.09742605
0.09615098
0.09654163
0.09590004
0.09582603
0.09451765
0.09507523
0.096673675
0.09475068
0.09656373
0.09526869
0.093894176
0.09946035
0.09424014
0.09736454
0.09628623
0.094101794
0.09603771
0.096125014
0.09335651
0.094111286
0.09546497
0.09597614
0.09536521
0.095620476
0.09550017
0.0944977
0.0961451
0.09410033
0.09429489
0.09415064
0.09650346
0.0971439
0.094700664
0.09333847
0.097416125
0.093747884
0.092704706
0.09408367
0.0954189
0.09409187
0.095234916
0.0933792
0.095307186
0.092690505
0.09513124
0.09280268
0.09373091
0.09515023
0.094969705
0.09340387
0.0938301
0.09331741
0.0934854
0.09272127
0.09663873
0.09806316
0.09699114
0.09693471
0.09390467
0.09535506
0.09156983
0.092998184
0.09402954
0.09445987
0.09338954
0.09457878
0.093869925
0.09514644
0.09517865
0.09332854
0.09396514
0.093386956
0.09311319
0.09308402
0.09425432
0.0957384
0.09320749
0.09229497
0.096316986
0.09534209
0.09206445
0.09277965
0.09456698
0.0928242
0.093264066
0.093981005
0.09179647
0.09170412
0.09430979
0.09279814
0.09408791
0.09429494
0.092552185
0.09304343
0.09381469
0.09495492
0.09713975
0.09301955
0.093654
0.09007053
0.09551759
0.09146225
0.094174154
0.0933497
0.09295268
0.09147974
0.091136105
0.09254255
0.09457418
0.091528244
0.094884984
0.092544526
0.09290586
0.09140956
0.094271466
0.09175391
0.09233016
0.09082947
0.09825443
0.09173675
0.090364926
0.09233592
0.09264881
0.09331151
0.092353135
0.091664895
0.09096479
0.09206123
0.09361895
0.09491964
0.09191802
0.09520642
0.09221293
0.08990834
0.09112914
0.09139877
0.09194796
0.095626436
0.09085982
0.09283476
0.09401933
0.0918364
0.091182955
0.089733385
0.09232781
0.09306614
0.092637785
0.0913529
0.08958488
0.0912967
0.09222207
0.09066717
0.09126263
0.09120671
0.09004928
0.090647504
0.09221038
0.09179042
0.0915665
0.094117165
0.09256093
0.09117626
0.09171237
0.08980462
0.09079657
0.08958397
0.093095474
0.09298193
0.090689816
0.090865694
0.09042349
0.089746244
0.09125157
0.090531565
0.09198035
0.09345806
0.08915127
0.0921277
0.09156869
0.08959034
0.0922163
0.09309057
0.08902778
0.09195388
0.09304719
0.09018846
0.09050831
0.08833415
0.08909198
0.090796284
0.09138949
0.091820404
0.08916215
0.088385716
0.08945132
0.089088134
0.08913299
0.090959154
0.089812
0.09052047
0.090261966
0.09169128
0.089136526
0.091888405
0.08954994
0.09053995
0.09050661
0.08949773
0.09146293
0.09091987
0.094279714
0.09120249
0.09002532
0.090564184
0.090382606
0.089308105
0.095129855
0.09203976
0.08891855
0.08892118
0.09075887
0.08790266
0.08939499
0.09085288
0.08951633
0.09059888
0.09033925
0.088133365
0.08797037
0.09066227
0.09189278
0.089356765
0.08923687
0.08740426
0.08787843
0.088664286
0.09185914
0.08852486
0.08788757
0.089440666
0.08946304
0.08682021
0.08813096
0.087327786
0.088225976
0.08895803
0.08773893
0.0893094
0.08864457
0.09074545
0.09190778
0.0897736
0.089117
0.08835677
0.0919949
0.0884828
0.089020595
0.09119748
0.09152403
0.088930085
0.08865859
0.09114983
0.09077672
0.089236856
0.091489345
0.08955707
0.08752589
0.08881159
0.089733
0.088087745
0.08868725
0.091141514
0.088624105
0.09329973
0.091504626
0.08712844
0.086373344
0.0895114
0.089826606
0.08894179
0.090756685
0.08888354
0.08680831
0.08722823
0.08980157
0.087466836
0.088548295
0.08788757
0.08702517
0.087094694
0.08999741
0.08803545
0.08901933
0.08733246
0.086470336
0.08701753
0.08966124
0.086811796
0.08769462
0.08940325
0.086959675
0.09213831
0.08596573
0.086552575
0.08890486
0.09006993
0.08584675
0.08865807
0.08615028
0.08743864
0.088210024
0.09101783
0.08846442
0.087252155
0.08695119
0.087835826
0.08825393
0.08660249
0.09171573
0.08845113
0.08704959
0.08966379
0.08757719
0.08830075
0.089052975
0.08960614
0.08897179
0.08977761
0.088504426
0.08735024
0.08875566
0.08949586
0.08784376
0.088568345
0.08843695
0.0860092
0.08792309
0.086945824
0.08816122
0.08933985
0.08824482
0.08802649
0.08798236
0.08888129
0.08815443
0.08829438
0.08740178
0.087118655
0.086768225
0.08715342
0.08759013
0.08866249
0.087538436
0.08495715
0.08766104
0.087101676
0.08675658
0.08884523
0.08541358
0.08600229
0.086037904
0.085839584
0.08648563
0.08576782
0.08468486
0.08603986
0.085882924
0.08393195
0.08612658
0.08390608
0.08748309
0.08540789
0.086288646
0.08637334
0.08580047
0.08541843
0.085963674
0.08601339
0.08689225
0.086236134
0.086650066
0.08436823
0.08378687
0.08590123
0.08620324
0.08799788
0.084352404
0.08597298
0.08512527
0.08662379
0.08613287
0.08535687
0.08618827
0.08381966
0.08311786
0.08519805
0.085026085
0.085973114
0.085309215
0.0844842
0.08350078
0.08582734
0.085172325
0.08435546
0.08578894
0.084730096
0.08451386
0.08720494
0.08502904
0.08593065
0.08477696
0.082669534
0.08694357
0.08711449
0.08547391
0.08352182
0.08780617
0.085274175
0.08420581
0.08562407
0.086327635
0.08757923
0.083412394
0.08272482
0.085366204
0.08549852
0.0849895
0.083006665
0.085049585
0.08424615
0.085285164
0.0831612
0.08515275
0.0837356
0.084301144
0.08350366
0.08364853
0.086544044
0.08481954
0.08932325
0.08426829
0.08448787
0.08520509
0.08423636
0.085939
0.08548653
0.0838869
0.084402345
0.08540169
0.085562825
0.087994866
0.0840551
0.08447059
0.085363634
0.08589989
0.08396178
0.0839865
0.08391041
0.0825174
0.085177585
0.0843572
0.086614385
0.0834494
0.08434354
0.08424946
0.08257734
0.08530521
0.087121524
0.08708217
0.084512524
0.086807884
0.085056394
0.08388348
0.08447243
0.08286281
0.08358753
0.085619465
0.08387119
0.082099564
0.08556159
0.08452474
0.084466755
0.08280019
0.08408047
0.0826137
0.0837311
0.08299723
0.08510274
0.084863655
0.08377399
0.08401416
0.08369237
0.08227007
0.08190124
0.0837065
0.0827513
0.08593713
0.08545254
0.08123321
0.08571539
0.08178705
0.08224314
0.08257589
0.08359432
0.08120781
0.08491007
0.0860569
0.08842782
0.0843962
0.08299728
0.083110005
0.083461076
0.08367866
0.08532724
0.08691411
0.08160309
0.08434582
0.08258636
0.0823094
0.08515216
0.08252459
0.08162245
0.08492183
0.08539309
0.08388687
0.08562921
0.084992215
0.08430294
0.08283657
0.08477358
0.08288323
0.083188914
0.083174646
0.08240405
0.08079108
0.08418679
0.084456556
0.081576474
0.083184086
0.08665631
0.08294872
0.08496282
0.081029356
0.08295066
0.08213667
0.08311194
0.082819775
0.08255573
0.085686356
0.08219685
0.0834929
0.08337356
0.0832579
0.086175695
0.08394065
0.0831656
0.08263108
0.08467068
0.08472315
0.08601245
0.08568706
0.081553146
0.08271849
0.08261241
0.0807372
0.08404457
0.08269223
0.08224033
0.08261154
0.08338565
0.08212176
0.083174825
0.081938304
0.080812976
0.08024885
0.08203023
0.08110462
0.082866445
0.08346281
0.081613146
0.08051419
0.081278294
0.08051738
0.080747075
0.082406685
0.082907245
0.08502686
0.08294421
0.08239354
0.08093908
0.08641781
0.08072449
0.08197492
0.082132734
0.081654795
0.081077896
0.08103311
0.083145544
0.07992372
0.081817545
0.081929594
0.0832818
0.08161982
0.08054791
0.08031145
0.08167861
0.08293141
0.07991798
0.080559134
0.08416368
0.08134614
0.081337556
0.080493756
0.08092888
0.08055255
0.08114977
0.083401494
0.08147399
0.08060789
0.080412775
0.08140799
0.080297954
0.081149004
0.07922394
0.07954399
0.08111983
0.080659814
0.080475256
0.07805344
0.08104728
0.0802582
0.07986586
0.082220405
0.07925884
0.078624345
0.08086441
0.07812636
0.08261916
0.08312554
0.080991045
0.079092465
0.08524485
0.08292148
0.07986022
0.0798833
0.08278327
0.080099955
0.07938709
0.08070938
0.07831333
0.07946836
0.08118685
0.078878574
0.079889484
0.08062828
0.07853902
0.08036066
0.080137365
0.07912083
0.078839764
0.079503916
0.080024734
0.080554925
0.07894218
0.07934928
0.08194351
0.07957159
0.07980563
0.081788145
0.079844184
0.07943071
0.08010871
0.080561355
0.07948598
0.0797606
0.078684345
0.07777963
0.07895551
0.078290544
0.07989288
0.07787762
0.079540156
0.078759894
0.079567865
0.07854753
0.08273841
0.07955021
0.07829206
0.07992403
0.079023704
0.07618656
0.079686776
0.07775254
0.07992924
0.07635773
0.07896162
0.07847268
0.079237275
0.077576876
0.07795118
0.080216974
0.078588106
0.077838406
0.07732151
0.07729932
0.0821869
0.08233487
0.078310035
0.07811887
0.078623176
0.08014789
0.07777372
0.08078985
0.08111274
0.079928
0.079075836
0.08028656
0.07949581
0.079326056
0.07890258
0.07960761
0.08054103
0.07915119
0.07850551
0.08000933
0.078369595
0.07982055
0.08251652
0.078199804
0.07894307
0.0784995
0.07981975
0.081758484
0.07825333
0.07996567
0.07871135
0.07844884
0.08049076
0.07802297
0.0787883
0.079798564
0.078572236
0.07868778
0.07657374
0.07698847
0.08066425
0.07744252
0.07828449
0.079763725
0.07872272
0.07956554
0.07730153
0.07809848
0.07837681
0.07850432
0.0791071
0.08181307
0.078531675
0.07869608
0.07953694
0.07950965
0.08090978
0.07926445
0.08018055
0.077709295
0.079863615
0.080061
0.077506274
0.07681984
0.07847269
0.07660561
0.07804334
0.07862867
0.07940128
0.077817604
0.07951803
0.08013523
0.077632114
0.07752449
0.07994922
0.0786891
0.075721495
0.07886161
0.07574923
0.07947267
0.07555483
0.077693984
0.07776712
0.07591843
0.081809126
0.077599384
0.077359416
0.078174576
0.076363556
0.079363644
0.07959483
0.07722701
0.07819965
0.07792658
0.07760011
0.077913046
0.08005165
0.081002384
0.077296846
0.07700868
0.076954395
0.0759753
0.07696052
0.076225385
0.07610002
0.07586793
0.07604535
0.07697775
0.07633943
0.07736465
0.07703293
0.07646698
0.07809369
0.07560161