20 197.88 -0.19 197.69 0.061 17 24 0.37 0.0 
40 197.06 -0.46 196.6 0.091 31 48 0.68 0.0 
60 195.58 -0.81 194.77 0.12 47 72 1.03 0.0 
80 194.98 -1.52 193.46 0.145 59 100 1.29 0.0 
100 194.3 -1.66 192.64 0.175 75 126 1.64 0.01 
120 194.12 -2.41 191.71 0.18 84 159 1.84 0.01 
140 192.8 -2.64 190.16 0.218 99 188 2.17 0.01 
160 192.87 -3.03 189.84 0.244 114 211 2.5 0.01 
180 192.35 -3.4 188.95 0.257 125 238 2.74 0.01 
200 191.34 -3.67 187.68 0.276 139 268 3.05 0.01 
220 190.6 -3.93 186.67 0.292 151 300 3.31 0.01 
240 189.53 -4.43 185.1 0.316 163 331 3.57 0.02 
260 189.2 -4.8 184.4 0.332 174 366 3.82 0.02 
280 189.03 -5.09 183.94 0.33 183 401 4.01 0.02 
300 188.4 -5.36 183.04 0.349 194 432 4.25 0.02 
320 187.41 -5.55 181.87 0.36 206 465 4.52 0.02 
340 187.0 -5.69 181.31 0.367 216 501 4.74 0.02 
360 186.54 -5.95 180.6 0.377 228 537 5.0 0.03 
380 186.12 -6.04 180.08 0.393 244 565 5.35 0.03 
400 185.6 -5.97 179.63 0.4 254 600 5.57 0.03 
420 184.56 -6.08 178.47 0.418 268 630 5.88 0.03 
440 183.43 -6.42 177.01 0.426 276 666 6.05 0.03 
460 183.08 -6.65 176.43 0.436 287 698 6.29 0.03 
480 183.03 -6.97 176.06 0.445 302 728 6.62 0.04 
500 182.67 -7.2 175.47 0.451 314 763 6.89 0.04 
520 181.86 -7.23 174.62 0.458 326 798 7.15 0.04 
540 181.03 -7.33 173.7 0.477 339 829 7.43 0.04 
560 180.2 -7.43 172.77 0.485 351 866 7.7 0.04 
580 179.39 -7.58 171.82 0.491 364 901 7.98 0.04 
600 179.09 -7.78 171.31 0.506 378 932 8.29 0.05 
620 178.59 -7.86 170.73 0.511 388 964 8.51 0.05 
640 177.74 -8.02 169.72 0.522 401 998 8.79 0.05 
660 177.68 -8.28 169.4 0.528 411 1040 9.01 0.05 
680 176.94 -8.24 168.7 0.533 420 1080 9.21 0.05 
700 176.13 -8.44 167.68 0.542 433 1113 9.5 0.06 
720 175.24 -8.67 166.58 0.554 441 1159 9.67 0.06 
740 175.12 -8.95 166.17 0.557 452 1194 9.91 0.06 
760 175.23 -9.09 166.14 0.561 463 1230 10.15 0.06 
780 174.44 -9.32 165.12 0.564 475 1270 10.42 0.06 
800 174.34 -9.55 164.79 0.576 486 1306 10.66 0.06 
820 173.63 -9.5 164.13 0.586 499 1339 10.94 0.07 
840 173.15 -9.7 163.45 0.588 509 1378 11.16 0.07 
860 172.7 -9.93 162.77 0.594 520 1416 11.4 0.07 
880 172.29 -10.04 162.25 0.599 531 1453 11.64 0.07 
900 172.38 -10.27 162.11 0.608 543 1491 11.91 0.07 
920 171.3 -10.3 161.0 0.612 555 1532 12.17 0.08 
940 170.56 -10.52 160.05 0.62 566 1572 12.41 0.08 
960 170.05 -10.73 159.32 0.624 571 1613 12.52 0.08 
980 170.12 -10.85 159.26 0.633 583 1648 12.79 0.08 
1000 169.82 -10.77 159.06 0.636 596 1686 13.07 0.08 
1020 168.95 -10.86 158.09 0.638 607 1724 13.31 0.09 
1040 168.45 -10.83 157.62 0.644 616 1757 13.51 0.09 
1060 167.86 -10.92 156.94 0.647 624 1800 13.68 0.09 
1080 168.61 -11.02 157.59 0.647 634 1835 13.9 0.09 
1100 167.94 -11.23 156.71 0.657 646 1876 14.17 0.09 
1120 167.39 -11.39 156.0 0.661 655 1915 14.36 0.1 
1140 167.31 -11.51 155.79 0.667 666 1955 14.61 0.1 
1160 166.54 -11.58 154.96 0.671 677 1998 14.85 0.1 
1180 166.21 -11.58 154.63 0.671 689 2036 15.11 0.1 
1200 164.91 -11.63 153.28 0.681 700 2076 15.35 0.1 
1220 165.68 -11.64 154.04 0.682 705 2113 15.46 0.11 
1240 165.68 -11.75 153.93 0.684 715 2159 15.68 0.11 
1260 164.49 -11.86 152.63 0.687 724 2198 15.88 0.11 
1280 164.2 -11.96 152.24 0.691 732 2238 16.05 0.11 
1300 163.72 -11.92 151.79 0.691 741 2276 16.25 0.11 
1320 163.23 -12.04 151.2 0.692 746 2326 16.36 0.12 
1340 162.87 -11.92 150.95 0.694 755 2365 16.56 0.12 
1360 162.5 -11.95 150.55 0.702 767 2406 16.82 0.12 
1380 162.05 -12.08 149.97 0.704 775 2452 17.0 0.12 
1400 161.85 -12.15 149.7 0.708 786 2497 17.24 0.12 
1420 161.3 -12.17 149.13 0.711 793 2544 17.39 0.13 
1440 161.2 -12.26 148.94 0.713 803 2584 17.61 0.13 
1460 159.91 -12.34 147.58 0.718 812 2630 17.81 0.13 
1480 159.73 -12.4 147.33 0.718 815 2673 17.87 0.13 
1500 159.64 -12.41 147.22 0.721 826 2715 18.11 0.14 
1520 158.95 -12.5 146.45 0.722 834 2757 18.29 0.14 
1540 158.94 -12.64 146.3 0.723 841 2800 18.44 0.14 
1560 158.87 -12.69 146.19 0.727 850 2848 18.64 0.14 
1580 158.1 -12.83 145.27 0.732 859 2892 18.84 0.14 
1600 157.47 -12.93 144.55 0.733 868 2933 19.04 0.15 
1620 157.68 -13.03 144.65 0.738 877 2979 19.23 0.15 
1640 156.86 -13.1 143.77 0.739 886 3023 19.43 0.15 
1660 156.71 -13.24 143.46 0.74 895 3070 19.63 0.15 
1680 156.67 -13.16 143.51 0.746 904 3117 19.82 0.16 
1700 156.31 -13.18 143.14 0.745 911 3164 19.98 0.16 
1720 155.79 -13.31 142.48 0.749 919 3211 20.15 0.16 
1740 155.69 -13.49 142.2 0.749 929 3254 20.37 0.16 
1760 155.6 -13.49 142.11 0.753 937 3298 20.55 0.16 
1780 155.24 -13.41 141.83 0.756 943 3338 20.68 0.17 
1800 154.92 -13.43 141.49 0.759 954 3386 20.92 0.17 
1820 154.46 -13.45 141.01 0.76 965 3428 21.16 0.17 
1840 154.32 -13.49 140.84 0.764 974 3477 21.36 0.17 
1860 153.86 -13.45 140.41 0.764 983 3518 21.56 0.17 
1880 153.15 -13.42 139.73 0.765 994 3555 21.8 0.18 
1900 152.99 -13.38 139.61 0.767 1000 3601 21.93 0.18 
1920 152.73 -13.58 139.16 0.768 1008 3650 22.11 0.18 
1940 152.37 -13.61 138.76 0.771 1017 3695 22.3 0.18 
1960 152.0 -13.55 138.46 0.773 1030 3739 22.59 0.19 
1980 152.31 -13.56 138.75 0.775 1035 3785 22.7 0.19 
2000 152.5 -13.57 138.92 0.777 1042 3835 22.85 0.19 
2020 151.6 -13.59 138.01 0.777 1050 3883 23.03 0.19 
2040 151.59 -13.61 137.98 0.778 1055 3934 23.14 0.2 
2060 151.07 -13.65 137.42 0.781 1065 3982 23.36 0.2 
2080 150.72 -13.71 137.01 0.784 1073 4030 23.53 0.2 
2100 150.4 -13.68 136.72 0.785 1084 4074 23.77 0.2 
2120 150.12 -13.73 136.38 0.784 1090 4125 23.9 0.21 
2140 149.47 -13.61 135.86 0.787 1100 4170 24.12 0.21 
2160 149.74 -13.56 136.19 0.791 1108 4210 24.3 0.21 
2180 149.64 -13.62 136.03 0.791 1115 4260 24.45 0.21 
2200 149.59 -13.66 135.93 0.791 1121 4306 24.58 0.21 
2220 149.29 -13.72 135.57 0.791 1127 4357 24.71 0.22 
2240 148.75 -13.72 135.03 0.79 1134 4405 24.87 0.22 
2260 148.36 -13.7 134.66 0.793 1139 4461 24.98 0.22 
2280 147.68 -13.85 133.83 0.796 1146 4518 25.13 0.22 
2300 147.9 -13.96 133.94 0.798 1154 4566 25.31 0.23 
2320 147.91 -13.94 133.97 0.799 1159 4624 25.42 0.23 
2340 147.96 -13.88 134.09 0.799 1168 4673 25.61 0.23 
2360 147.23 -13.83 133.4 0.798 1176 4719 25.79 0.23 
2380 147.05 -13.85 133.2 0.798 1182 4773 25.92 0.24 
2400 147.78 -13.94 133.84 0.8 1187 4823 26.03 0.24 
2420 147.35 -13.97 133.38 0.8 1196 4871 26.23 0.24 
2440 146.95 -14.02 132.93 0.805 1204 4925 26.4 0.24 
2460 146.11 -14.08 132.03 0.807 1210 4975 26.54 0.25 
2480 145.92 -14.1 131.81 0.807 1217 5028 26.69 0.25 
2500 146.14 -14.08 132.06 0.806 1225 5075 26.86 0.25 
2520 146.06 -14.08 131.98 0.808 1232 5124 27.02 0.25 
2540 145.83 -14.1 131.73 0.808 1243 5174 27.26 0.26 
2560 145.31 -14.05 131.26 0.809 1247 5229 27.35 0.26 
2580 144.24 -14.07 130.17 0.808 1256 5281 27.54 0.26 
2600 144.4 -14.09 130.31 0.808 1261 5331 27.65 0.27 
2620 144.36 -14.14 130.21 0.812 1266 5380 27.76 0.27 
2640 144.34 -14.11 130.23 0.814 1273 5431 27.92 0.27 
2660 144.48 -14.06 130.42 0.814 1277 5484 28.0 0.27 
2680 143.41 -14.08 129.34 0.815 1282 5535 28.11 0.28 
2700 143.3 -14.19 129.11 0.814 1288 5587 28.25 0.28 
2720 143.54 -14.08 129.46 0.814 1296 5635 28.42 0.28 
2740 143.37 -14.09 129.28 0.816 1304 5684 28.6 0.28 
2760 143.09 -14.11 128.97 0.817 1308 5738 28.68 0.29 
2780 142.8 -14.02 128.78 0.819 1317 5782 28.88 0.29 
2800 142.13 -13.95 128.18 0.821 1323 5826 29.01 0.29 
2820 141.68 -13.85 127.84 0.821 1330 5879 29.17 0.29 
2840 141.57 -13.78 127.79 0.82 1334 5930 29.25 0.29 
2860 141.81 -13.78 128.04 0.821 1342 5977 29.43 0.3 
2880 141.49 -13.76 127.73 0.823 1348 6032 29.56 0.3 
2900 140.99 -13.76 127.24 0.824 1353 6080 29.67 0.3 
2920 141.04 -13.77 127.27 0.823 1359 6135 29.8 0.31 
2940 140.92 -13.79 127.13 0.826 1368 6182 30.0 0.31 
2960 140.9 -13.82 127.07 0.826 1373 6239 30.11 0.31 
2980 140.47 -13.82 126.65 0.827 1383 6295 30.33 0.31 
3000 140.06 -13.82 126.24 0.828 1389 6343 30.46 0.32 
3020 139.97 -13.82 126.15 0.828 1395 6393 30.59 0.32 
3040 139.46 -13.77 125.69 0.829 1399 6441 30.68 0.32 
3060 139.61 -13.78 125.82 0.828 1406 6497 30.83 0.32 
3080 139.55 -13.72 125.83 0.83 1412 6543 30.96 0.33 
3100 139.74 -13.71 126.03 0.829 1419 6595 31.12 0.33 
3120 139.2 -13.66 125.54 0.831 1428 6637 31.32 0.33 
3140 138.52 -13.59 124.93 0.833 1436 6684 31.49 0.33 
3160 138.02 -13.47 124.55 0.834 1441 6738 31.6 0.34 
3180 137.72 -13.4 124.32 0.833 1446 6794 31.71 0.34 
3200 137.54 -13.36 124.18 0.834 1449 6851 31.78 0.34 
3220 137.16 -13.33 123.82 0.836 1455 6905 31.91 0.34 
3240 137.61 -13.2 124.4 0.836 1462 6957 32.06 0.35 
3260 136.9 -13.22 123.67 0.838 1467 7012 32.17 0.35 
3280 137.03 -13.22 123.81 0.838 1474 7060 32.32 0.35 
3300 137.07 -13.16 123.91 0.838 1481 7116 32.48 0.35 
3320 136.93 -13.08 123.85 0.838 1485 7170 32.57 0.36 
3340 136.5 -13.02 123.47 0.837 1495 7222 32.79 0.36 
3360 135.96 -12.97 122.99 0.839 1498 7277 32.85 0.36 
3380 135.81 -12.98 122.83 0.841 1504 7328 32.98 0.36 
3400 135.68 -13.0 122.68 0.84 1509 7383 33.09 0.37 
3420 135.61 -13.06 122.55 0.842 1516 7435 33.25 0.37 
3440 135.25 -12.98 122.28 0.841 1521 7489 33.36 0.37 
3460 135.05 -12.91 122.14 0.844 1530 7540 33.55 0.37 
3480 135.32 -12.88 122.44 0.841 1534 7604 33.64 0.38 
3500 135.1 -12.77 122.33 0.841 1542 7657 33.82 0.38 
3520 134.92 -12.74 122.18 0.844 1545 7709 33.88 0.38 
3540 134.86 -12.68 122.19 0.843 1550 7757 33.99 0.39 
3560 134.26 -12.59 121.67 0.846 1553 7807 34.06 0.39 
3580 134.33 -12.64 121.69 0.844 1561 7862 34.23 0.39 
3600 134.23 -12.58 121.65 0.845 1572 7909 34.47 0.39 
3620 133.48 -12.58 120.9 0.847 1579 7958 34.63 0.4 
3640 133.28 -12.51 120.77 0.848 1584 8006 34.74 0.4 
3660 133.14 -12.55 120.59 0.848 1589 8063 34.85 0.4 
3680 132.9 -12.5 120.4 0.848 1594 8123 34.96 0.4 
3700 132.85 -12.53 120.32 0.848 1603 8171 35.15 0.41 
3720 132.91 -12.48 120.42 0.849 1607 8224 35.24 0.41 
3740 132.4 -12.28 120.11 0.849 1611 8269 35.33 0.41 
3760 132.24 -12.23 120.01 0.85 1617 8327 35.46 0.41 
3780 132.03 -12.16 119.88 0.851 1625 8386 35.64 0.42 
3800 131.7 -12.12 119.59 0.852 1630 8441 35.75 0.42 
3820 131.47 -12.09 119.39 0.851 1633 8485 35.81 0.42 
3840 131.22 -12.1 119.12 0.849 1639 8542 35.94 0.42 
3860 131.02 -12.07 118.95 0.85 1643 8600 36.03 0.43 
3880 130.75 -12.03 118.73 0.853 1648 8651 36.14 0.43 
3900 130.62 -11.97 118.65 0.852 1654 8702 36.27 0.43 
3920 130.27 -11.9 118.37 0.855 1658 8761 36.36 0.44 
3940 130.29 -11.87 118.42 0.856 1664 8814 36.49 0.44 
3960 130.6 -11.82 118.79 0.856 1669 8867 36.6 0.44 
3980 130.49 -11.79 118.7 0.853 1674 8922 36.71 0.44 
4000 129.88 -11.71 118.18 0.854 1676 8981 36.75 0.45 
4020 129.73 -11.73 118.0 0.855 1678 9039 36.8 0.45 
4040 129.19 -11.64 117.55 0.855 1683 9089 36.91 0.45 
4060 129.28 -11.69 117.59 0.857 1692 9139 37.11 0.45 
4080 129.14 -11.7 117.44 0.858 1698 9193 37.24 0.46 
4100 129.47 -11.7 117.77 0.857 1703 9242 37.35 0.46 
4120 129.24 -11.59 117.65 0.858 1707 9294 37.43 0.46 
4140 129.01 -11.48 117.53 0.857 1713 9341 37.57 0.46 
4160 128.96 -11.46 117.5 0.859 1717 9395 37.65 0.47 
4180 129.07 -11.36 117.71 0.858 1721 9442 37.74 0.47 
4200 129.14 -11.39 117.76 0.859 1728 9502 37.89 0.47 
4220 129.02 -11.31 117.71 0.859 1735 9552 38.05 0.47 
4240 128.83 -11.22 117.6 0.86 1740 9601 38.16 0.48 
4260 128.45 -11.14 117.3 0.861 1743 9655 38.22 0.48 
4280 128.19 -11.08 117.11 0.862 1746 9715 38.29 0.48 
4300 128.28 -11.01 117.26 0.862 1751 9774 38.4 0.49 
4320 127.88 -10.9 116.98 0.862 1754 9827 38.46 0.49 
4340 127.44 -10.89 116.54 0.863 1761 9880 38.62 0.49 
4360 127.77 -10.8 116.96 0.861 1764 9931 38.68 0.49 
4380 127.77 -10.64 117.13 0.862 1772 9972 38.86 0.5 
4400 127.47 -10.57 116.9 0.863 1778 10028 38.99 0.5 
4420 127.41 -10.48 116.94 0.862 1783 10086 39.1 0.5 
4440 127.27 -10.42 116.85 0.863 1795 10140 39.36 0.5 
4460 126.77 -10.37 116.4 0.864 1799 10200 39.45 0.51 
4480 126.36 -10.26 116.1 0.863 1803 10258 39.54 0.51 
4500 126.41 -10.19 116.22 0.863 1808 10309 39.65 0.51 
4520 126.58 -10.13 116.46 0.866 1815 10363 39.8 0.52 
4540 125.89 -10.02 115.87 0.866 1828 10420 40.09 0.52 
4560 125.26 -10.06 115.2 0.866 1833 10478 40.2 0.52 
4580 126.2 -10.06 116.14 0.866 1838 10530 40.31 0.52 
4600 125.29 -10.03 115.27 0.866 1844 10579 40.44 0.53 
4620 125.39 -9.95 115.44 0.867 1848 10632 40.53 0.53 
4640 125.2 -9.9 115.3 0.869 1855 10688 40.68 0.53 
4660 124.7 -9.88 114.82 0.868 1860 10741 40.79 0.53 
4680 124.91 -9.86 115.05 0.87 1867 10793 40.94 0.54 
4700 124.47 -9.87 114.61 0.87 1873 10850 41.07 0.54 
4720 124.28 -9.81 114.46 0.871 1875 10913 41.12 0.54 
4740 124.05 -9.69 114.37 0.872 1882 10968 41.27 0.55 
4760 123.5 -9.65 113.85 0.872 1886 11028 41.36 0.55 
4780 123.88 -9.55 114.33 0.872 1889 11076 41.43 0.55 
4800 123.97 -9.52 114.45 0.872 1894 11134 41.54 0.55 
4820 123.68 -9.56 114.11 0.873 1899 11184 41.64 0.56 
4840 123.58 -9.48 114.1 0.871 1903 11233 41.73 0.56 
4860 123.42 -9.41 114.01 0.873 1907 11281 41.82 0.56 
4880 123.4 -9.23 114.17 0.873 1913 11336 41.95 0.56 
4900 123.05 -9.14 113.91 0.874 1916 11390 42.02 0.57 
4920 123.01 -9.1 113.9 0.873 1918 11443 42.06 0.57 
4940 122.91 -8.98 113.93 0.873 1920 11499 42.11 0.57 
4960 122.74 -8.93 113.82 0.873 1924 11560 42.19 0.57 
4980 122.41 -8.86 113.55 0.874 1929 11610 42.3 0.58 
5000 122.25 -8.87 113.38 0.873 1932 11666 42.37 0.58 
5020 123.17 -8.83 114.34 0.874 1933 11724 42.39 0.58 
5040 122.45 -8.76 113.69 0.874 1939 11775 42.52 0.59 
5060 122.39 -8.72 113.67 0.874 1945 11833 42.65 0.59 
5080 122.13 -8.56 113.57 0.876 1949 11881 42.74 0.59 
5100 122.26 -8.44 113.82 0.876 1951 11942 42.79 0.59 
5120 121.43 -8.3 113.13 0.876 1960 11994 42.98 0.6 
5140 121.36 -8.24 113.12 0.874 1964 12048 43.07 0.6 
5160 121.27 -8.16 113.11 0.875 1967 12100 43.14 0.6 
5180 121.05 -8.08 112.97 0.877 1973 12152 43.27 0.6 
5200 120.78 -8.02 112.75 0.877 1977 12212 43.36 0.61 
5220 120.35 -7.93 112.42 0.877 1982 12263 43.46 0.61 
5240 120.31 -7.86 112.45 0.877 1986 12315 43.55 0.61 
5260 120.33 -7.81 112.52 0.879 1987 12376 43.57 0.62 
5280 120.75 -7.67 113.08 0.879 1990 12429 43.64 0.62 
5300 120.3 -7.53 112.77 0.879 1993 12488 43.71 0.62 
5320 120.14 -7.38 112.76 0.879 1998 12545 43.82 0.62 
5340 119.59 -7.32 112.27 0.878 2003 12591 43.93 0.63 
5360 119.32 -7.23 112.1 0.88 2007 12658 44.01 0.63 
5380 118.9 -7.14 111.75 0.879 2012 12713 44.12 0.63 
5400 118.81 -7.01 111.8 0.88 2016 12765 44.21 0.63 
5420 118.78 -6.95 111.83 0.88 2018 12818 44.25 0.64 
5440 119.17 -6.9 112.27 0.88 2020 12881 44.3 0.64 
