
0.11839713
0.10434111
0.097933665
0.09677461
0.09794809
0.100627534
0.09605644
0.0917399
0.09377012
0.095073275
0.09128116
0.08875558
0.097097985
0.090816796
0.086738236
0.08781798
0.08604175
0.088734806
0.08458395
0.08335957
0.083407894
0.08423121
0.08270302
0.083586626
0.083279625
0.08374013
0.08292055
0.082272254
0.085688636
0.082966246
0.08256808
0.08276525
0.077799715
0.08034275
0.07966541
0.0782723
0.078237295
0.07825006
0.07796545
0.07935978
0.078310885
0.077911176
0.07897258
0.07792346
0.079457276
0.07973986
0.077978864
0.08004209
0.07765843
0.07875852
0.07818322
0.07783753
0.076575935
0.080561556
0.07571701
0.07703886
0.07750692
0.07778265
0.07733971
0.07842199
0.08049279
0.07970814
0.07712761
0.07652021
0.07596586
0.07700477
0.075111315
0.07542068
0.07556079
0.07430239
0.075711034
0.076863356
0.073768035
0.07319412
0.07460956
0.07171025
0.07375881
0.073140495
0.07328519
0.07338539
0.071709834
0.07200928
0.07323901
0.07250859
0.073684536
0.07163534
0.07192529
0.0721098
0.07699004
0.07876875
0.07296747
0.07389553
0.07097377
0.07054587
0.0703442
0.07063468
0.070584305
0.07139614
0.071075976
0.07082862
0.07360019
0.06985068
0.069240056
0.07047606
0.068796866
0.07553969
0.07236511
0.07102281
0.07348338
0.070697926
0.06851199
0.070429064
0.069276035
0.068564154
0.06960267
0.06777984
0.06893551
0.06806365
0.06834364
0.068591595
0.06795301
0.06780423
0.06654711
0.06694086
0.06947809
0.069961734
0.06738893
0.06805579
0.06616445
0.0674174
0.066069
0.06561935
0.06713244
0.0671486
0.066768266
0.068814695
0.06952725
0.06727113
0.06782739
0.065391235
0.065811455
0.06643462
0.06699824
0.06879473
0.067214236
0.066208005
0.06572314
0.06689899
0.06793891
0.06540455
0.06637798
0.0676757
0.066127636
0.065131724
0.06656062
0.06533358
0.063553914
0.06697598
0.067459494
0.06387173
0.0637943
0.0632983
0.06468101
0.06461774
0.06544399
0.06395084
0.06434577
0.064723946
0.06380837
0.06358638
0.0644371
0.06345345
0.06421984
0.06304716
0.06403243
0.06374313
0.065803505
0.06200088
0.06681475
0.06536286
0.06404341
0.06336222
0.063571885
0.064638704
0.062344134
0.061756153
0.06366322
0.061579514
0.063461825
0.063042104
0.06244103
0.0623317
0.06023222
0.060643844
0.06232606
0.06287584
0.060207557
0.061113417
0.059385344
0.060865477
0.06085674
0.06011795
0.061702326
0.06069283
0.061349522
0.059569415
0.05886189
0.06014966
0.060824588
0.060708348
0.0600945
0.059619684
0.05935677
0.061941396
0.06053635
0.05961354
0.061473437
0.061974674
0.061802033
0.06075676
0.060535133
0.06057908
0.059127916
0.060562354
0.06111267
0.06019349
0.06013149
0.060331773
0.058801
0.060054917
0.05900185
0.059467074
0.059294056
0.05871642
0.05844749
0.0627815
0.059167758
0.057852305
0.057921987
0.057445277
0.057791043
0.05781782
0.05750984
0.057363387
0.05747629
0.05794506
0.05948951
0.059160326
0.058208458
0.05820425
0.057164837
0.057194136
0.057972044
0.05900594
0.059992447
0.058219846
0.056986555
0.058399267
0.05899806
0.059893165
0.057391677
0.057232767
0.05771868
0.05718525
0.05756338
0.057389792
0.05719205
0.0579075
0.057851568
0.05706962
0.058873396
0.06126921
0.056586437
0.055935644
0.056925096
0.055939276
0.056251183
0.05643292
0.056271147
0.057381883
0.057801522
0.058090903
0.05605665
0.057961017
0.05604455
0.057037067
0.056994736
0.056322977
0.055710018
0.056468327
0.05623911
0.056928635
0.055367492
0.055915568
0.057246312
0.055037115
0.05779339
0.055542283
0.055777594
0.056370914
0.055776786
0.055614315
0.05502007
0.05548489
0.05746587
0.05584652
0.054624066
0.05447921
0.053785153
0.055452112
0.053722475
0.053682867
0.054051302
0.054233905
0.056041095
0.054004163
0.054002143
0.053807467
0.055317566
0.054976456
0.055243082
0.054422107
0.054610323
0.054374605
0.055384066
0.05455951
0.055249218
0.053122148
0.05537164
0.054665077
0.05404799
0.05301504
0.053369947
0.05312981
0.053169716
0.05454123
0.05409915
0.05427713
0.055079594
0.055708326
0.05312979
0.051960878
0.052385055
0.0531569
0.052790273
0.05137438
0.051760435
0.052543364
0.053569876
0.053749423
0.05281875
0.053037904
0.056243144
0.052014902
0.051927805
0.053160504
0.053186856
0.053704653
0.054724358
0.053318877
0.053588785
0.05300753
0.053514216
0.05309382
0.05242226
0.053954627
0.052949462
0.05151652
0.052792106
0.051895004
0.050987612
0.052049994
0.05257843
0.053333614
0.051340863
0.05127899
0.05152799
0.051872123
0.052219097
0.050778683
0.050884057
0.051679175
0.051052365
0.054071862
0.05260204
0.051305465
0.05085215
0.052085757
0.050497305
0.050461914
0.051322225
0.05082714
0.052156568
0.051519845
0.051167805
0.049896024
0.051361673
0.051989708
0.05128264
0.051290225
0.051427286
0.050991442
0.05026598
0.050947037
0.05204376
0.052687723
0.0501687
0.049134675
0.051873114
0.051356778
0.049462844
0.050819382
0.049697507
0.050749555
0.049303185
0.049911447
0.05065218
0.04955073
0.049834725
0.049531773
0.049815506
0.050540395
0.050142318
0.049761593
0.049044006
0.050265472
0.050922334
0.049203947
0.050681226
0.049373716
0.049394593
0.048893463
0.04971088
0.049495015
0.049934994
0.04936879
0.050164945
0.04917614
0.048248854
0.047992438
0.047929853
0.04908913
0.04941084
0.048475306
0.048563544
0.049236543
0.048103075
0.047960293
0.04773022
0.049423818
0.04805818
0.048139457
0.048573837
0.047941264
0.047438513
0.047371026
0.047387183
0.04850512
0.048621595
0.049820457
0.04715362
0.047903568
0.048473902
0.04832593
0.04873694
0.047366433
0.047709424
0.048653267
0.047312938
0.048483573
0.04798999
0.047664054
0.048132565
0.048108865
0.048040975
0.047153894
0.047303054
0.04817124
0.047457892
0.047903262
0.046600435
0.046761315
0.04621693
0.047158387
0.04626306
0.046397503
0.04580402
0.047341406
0.047553867
0.045730688
0.045830037
0.0466857
0.046360787
0.045845244
0.04616621
0.04559697
0.0473993
0.04628076
0.046570178
0.045849785
0.046868242
0.04695132
0.045861535
0.045362774
0.047527287
0.046539355
0.047160633
0.046418406
0.04656099
0.04596029
0.045084592
0.044624522
0.045321167
0.046427883
0.04849896
0.045211386
0.04624646
0.045802157
0.04615769
0.04631601
0.04785701
0.044719458
0.046759646
0.04652288
0.046271708
0.046336625
0.046025693
0.047934275
0.045802094
0.044870332
0.045036517
0.04602674
0.045484826
0.04541497
0.044906065
0.044756502
0.044477858
0.04627889
0.045083713
0.04540477
0.04550151
0.046395276
0.04519757
0.047021583
0.043996554
0.04580352
0.044688866
0.046462044
0.04547737
0.04509442
0.043887533
0.04401696
0.04443506
0.04450433
0.04541849
0.04464527
0.04439859
0.045531508
0.045148075
0.04489506
0.044734627
0.044394005
0.04519537
0.04413045
0.043996755
0.044992376
0.044553366
0.04586708
0.044329852
0.043950878
0.044042215
0.0441108
0.04408229
0.04536486
0.044354785
0.044654697
0.044659764
0.042965613
0.044188563
0.043808207
0.044104505
0.04258713
0.042934533
0.04345117
0.042584866
0.044632535
0.043618552
0.043922756
0.04323614
0.045845356
0.044579584
0.04360465
0.04322855
0.0436518
0.044510815
0.04544102
0.043195404
0.042795703
0.04498655
0.0427029
0.043225795
0.04313973
0.04350862
0.043567397
0.042620134
0.04284546
0.043025374
0.042564485
0.043370172
0.043850195
0.044381578
0.04328597
0.043087147
0.04326824
0.04391333
0.042639583
0.04325697
0.042857695
0.043748032
0.042782422
0.043272424
0.042150944
0.04281415
0.042662498
0.043780085
0.042571492
0.0427185
0.043931812
0.043502055
0.042816654
0.043507773
0.043614913
0.04497245
0.042501874
0.043064963
0.04208219
0.043135323
0.042392194
0.042505212
0.042821303
0.04303048
0.04276821
0.042507138
0.041934624
0.042160004
0.043495305
0.043715693
0.042770796
0.04208268
0.04362361
0.043070752
0.041854598
0.041760948
0.04115049
0.04174609
0.042695895
0.042257767
0.04164017
0.04131747
0.041094664
0.042909756
0.04321018
0.041550193
0.041005258
0.04232172
0.041755993
0.04271072
0.041555095
0.04300625
0.04211296
0.041869637
0.041260462
0.041230988
0.041975617
0.04175643
0.041581348
0.04105777
0.04170016
0.04047921
0.04243634
0.04080191
0.041250896
0.04147108
0.04067321
0.04212729
0.0411587
0.04091543
0.040629797
0.041208606
0.041226197
0.041123226
0.041382365
0.041748136
0.042115793
0.041412387
0.04131953
0.040851038
0.042527493
0.04070197
0.041427065
0.042025946
0.041511178
0.041309934
0.040870253
0.040796906
0.041452628
0.040600907
0.04307029
0.04177099
0.04055537
0.039874505
0.041714758
0.039544042
0.039916098
0.040144287
0.041368473
0.040340982
0.039677482
0.040608726
0.040372457
0.039114155
0.03929151
0.039408818
0.040331192
0.04013846
0.040945724
0.040919885
0.041175995
0.03973037
0.0396933
0.040468145
0.03931821
0.040059686
0.039623372
0.03968083
0.039384708
0.040256657
0.040472914
0.039796807
0.04033993
0.039637677
0.03970083
0.039832804
0.039573617
0.039167292
0.04002641
0.040785663
0.039926533
0.039750554
0.03856041
0.039676424
0.03860465
0.039067905
0.04029565
0.03855929
0.03887486
0.039145265
0.038926437
0.038614232
0.038903236
0.039219823
0.039321616
0.038231783
0.039139543
0.039614905
0.039161053
0.03957124
0.03984865
0.039064985
0.03901284
0.039604016
0.03991579
0.03882913
0.03868622
0.04057801
0.039581507
0.038382914
0.039616562
0.040030904
0.039100572
0.040613372
0.03887009
0.038167946
0.039906394
0.038537797
0.038957134
0.03812289
0.03918476
0.04058637
0.03957878
0.038396783
0.03909814
0.03915368
0.038821045
0.039311253
0.038856406
0.039396204
0.038361758
0.038130857
0.03855478
0.038046017
0.038095117
0.03925237
0.0375909
0.03778279
0.037538346
0.03873403
0.037982795
0.03757035
0.038440403
0.0379681
0.037337206
0.03764488
0.03877035
0.03890513
0.03821489
0.03772852
0.037084885
0.040095557
0.037688836
0.037803303
0.039153807
0.03835376
0.038200017
0.037435673
0.03701771
0.03943436
0.038536206
0.03864047
0.03805632
0.03810465
0.03783671
0.038114462
0.037044886
0.037651107
0.037079997
0.037648708
0.03758933
0.03808834
0.03785812
0.03769573
0.03802819
0.03750792
0.03801446
0.03670475
0.037576858
0.03676604
0.037321955
0.037588052
0.03761733
0.03735664
0.037254967
0.039016154
0.03865494
0.037300527
0.03801757
0.037366137
0.03678718
0.036968313
0.037984956
0.03836587
0.03739584
0.038719904
0.03791953
0.037642933
0.037202165
0.037242036
0.037426785
0.036433913
0.037325535
0.0371516
0.036880173
0.036876656
0.03674652
0.038118955
0.03864973
0.036375202
0.036933303
0.037335645
0.037091553
0.036922827
0.038204543
0.036505647
0.03760143
0.03759851
0.036460016
0.035958145
0.03670935
0.036091637
0.036382113
0.03626198
0.036290303
0.036695637
0.036716204
0.0363282
0.03600623
0.03666181
0.036593083
0.035615772
0.0359071
0.03567345
0.036788613
0.03632255
0.036913455
0.036217537
0.035979383
0.036127925
0.03620306
0.036049098
0.036692265
0.036850423
0.036394287
0.036262386
0.036533974
0.03635987
0.03577891
0.035976503
0.035783064
0.035516072
0.037535254
0.035463907
0.03532948
0.037267473
0.035627894
0.03558456
0.03669046
0.03569363
0.035388
0.03679609
0.035715643
0.035459742
0.03617411
0.03617984
0.035638727
0.034896057
0.035332073
0.035157494
0.035676092
0.035330366
0.035730988
0.03588954
0.03494749
0.03617
0.03592804
0.036048885
0.035888985
0.03527784
0.035647403
0.035301175
0.03684265
0.036182027
0.035356633
0.036837146
0.035600286
0.034909878
0.035249647
0.035362072
0.035105176
0.03472448
0.035736106
0.035163783
0.035198014
0.0373472
0.034712445
0.03499463
0.03523904
0.03579592
0.03432047
0.03536957
0.03495331
0.035697527
0.036178663
0.035813384
0.034233186
0.035146706
0.03502239
0.035203453
0.034682672
0.03501716
0.034893535
0.034877144
0.034988005
0.034629185
0.03428313
0.03623655
0.034443688
0.03500723
0.03432061
0.035125755
0.0361707
0.034159984
0.034534004
0.035144024
0.03453721
0.03515086
0.03500269
0.03411979
0.0337619
0.034598634
0.03427959
0.033918794
0.035061277
0.034934487
0.034581594
0.03467929
0.03431829
0.034211997
0.03418182
0.034574397
0.0338264
0.03373271
0.034964353
0.034015443
0.033930313
0.034213506
0.034533102
0.033979483
0.033556722
0.03388816
0.03345264
0.03387195
0.033780646
0.0339888
0.03377583
0.034276873
0.03350232
0.034194067
0.033746812
0.033233218
0.032746606
0.033844814
0.034132093
0.033619422
0.033732932
0.034015384
0.033681095
0.033642862
0.034565106
0.034149785
0.03481645
0.033878736
0.033536352
0.03367395
0.034061696
0.03337449
0.0335536
0.033537958
0.03283338
0.034438975
0.033819046
0.033964574
0.032808978
0.034479346
0.033955883
0.033027194
0.03367251
0.034827337
0.032566544
0.033455368
0.0334637
0.03369277
0.033637837
0.03366228
0.03297889
0.033916507
0.033711
0.03384511
0.033488713
0.033072323
0.032863453
0.033951607
0.03293209
0.03285733
0.032731783
0.032900482
0.033050466
0.03322215
0.032957226
0.033040877
0.03280181
0.033097215
0.032891836
0.032768242
0.033337057
0.032883283
0.033364333
0.03367344
0.03312437
0.032755297
0.032733902
0.032576106
0.03268144
0.033440582
0.03199136
0.032757655
0.032502685
0.032340277
0.032619037
0.032120492
0.0327424
0.032453503
0.031738438
0.032443378
0.03292887
0.032411516
0.03285514
0.032516893
0.03340489
0.032639932
0.032534625
0.032887403
0.0319805
0.03224001
0.032468934
0.03231908
0.033424105
0.032271903
0.033008337
0.032014694
0.03205401
0.03312364
0.0325019
0.03243833
0.031893086
0.03205867
0.032624807
0.03154059
0.031710252
0.031688903
0.032678597
0.031431846
0.032795608
0.031489518
0.0319069
0.032268427
0.0314183
0.03109051
0.031654645
0.03160196
0.031402167
0.033468384
0.031742394
0.032472372
0.031800643
0.031305585
0.03187086
0.031921122
0.03190894
0.031692497
0.031753767
0.032047614
0.031474117
0.032498807
0.031669606
0.032653913
0.03303602
0.03255922
0.031842936
0.032178085
0.032343484
0.033367954
0.03157803
0.03208183
0.032574758
0.031235171
0.031781346
0.031675376
0.032165498
0.032543875
0.031027563
0.03157363
0.03244895
0.031706635
0.031657875
0.03168604
0.031302053
0.031622104
0.031461347
0.0328688
0.031139681
0.031081682
0.031487767
0.0318499
0.031654198
0.031751625
0.031010583
0.030969901
0.031135228
0.031119581
0.030779647
0.03209702
0.03127237
0.03079217
0.031255424
0.031196559
0.031024888
0.030858736
0.030587565
0.03074751
0.031062039
0.030669639
0.031067064
0.031935845
0.03152245
0.03161016
0.030900788
0.030797053
0.031133125
0.031414527
0.032431353
0.030882463
0.03070191
0.032058075
0.031222096
0.030970365
0.030644387
0.031219892
0.030818375
0.0321607
0.030720718
0.03146308
0.031123765
0.031136123
0.03098061
0.03176879
0.03104274
0.031004313
0.031362835
0.030788792
0.030491665
0.031237407
0.031221993
0.031508908
0.03089909
0.029810773
0.030657511
0.031767048
0.030452486
0.030073155
0.030375931
0.030697197
0.030309543
0.030326659
0.0316233
0.030358687
0.030462716
0.03061914
0.030120388
0.030635867
0.031841666
0.030594224
0.031545702
0.030347329
0.030544953
0.030927679
0.03062987
0.030806663
0.029812459
0.03183675
0.030756442
0.030102113
0.03060625
0.030328363
0.03098422
0.031059872
0.030437907
0.030529018
0.030166175
0.030401973
0.030458257
0.03028758
0.03082925
0.029760337
0.029762538
0.02977951
0.030196877
0.029518541
0.029987372
0.030491726
0.030577485
0.029891439
0.03059822
0.030171953
0.029963719
0.029839385
0.030474078
0.030804424
0.030967386
0.030369474
0.030663788
0.02995371
0.030015998
0.030760027
0.030598536
0.030126946
0.031003745
0.030161988
0.031260822
0.030019974
0.030456917
0.030209051
0.030481195
0.030542823
0.030081447
0.031085685
0.03052454
0.0298569
0.03011323
0.03031035
0.030777289
0.031236805
0.030569077
0.030088479
0.030754576
0.030246768
0.031214062
0.030722123
0.029804371
0.030656535
0.03013622
0.0303301
0.030156031
0.02980025
0.029622702
0.029867375
0.029314836
0.0303617
0.030567586
0.02950065
0.029754046
0.029707072
0.029110953
0.029838497
0.029293478
0.029201632
0.029268244
0.029311877
0.029753525
0.0290077
0.03024327
0.030022925
0.028942985
0.029395746
0.029478256
0.029455967
0.029607194
0.029235957
0.02956008
0.029165696
0.029590087
0.030199395
0.028641831
0.02966757
0.028835068
0.028854836
0.03133846
0.029465096
0.029553836
0.030282848
0.029880095
0.029047307
0.029606767
0.029099174
0.028684154
0.02923192
0.029711325
0.029181061
0.028889801
0.028772054
0.028634282
0.028802445
0.028641272
0.030119548
0.029388556
0.029232226
0.02938958
0.028536927
0.028887581
0.028781084
0.028966812
0.028826153
0.028758362
0.02924369
0.028316906
0.029292777
0.02869556
0.0287695
0.029073413
0.028612398
0.029434884
0.029152045
0.028839963
0.029335262
0.028986208
0.02979643
0.02898682
0.029556502
0.029226152
0.028733764
0.028468508
0.029817024
0.028942587
0.028746422
0.029014952
0.029031813
0.029653909
0.02867498
0.028715543
0.028758794
0.028691757
0.028203811
0.028520064
0.02881051
0.028352669
0.028725835
0.028344331
0.0287407
0.028602548
0.028506298
0.028769914
0.028648013
0.028538622
0.028584301
0.02842731
0.028869465
0.028643483
0.028779337
0.028400764
0.028950935
0.028297944
0.02936566
0.02871594
0.028643927
0.028990394
0.028781146
0.029398432
0.029185258
0.027773287
0.028603304
0.028170697
0.02802331
0.028484972
0.028176792
0.028620718
0.028434081
0.029139474
0.02858911
0.027882345
0.028033054
0.027965974
0.028870925
0.029100608
0.028005837
0.027826596
0.027804265
0.02800849
0.027952693
0.02835186
0.02768976
0.027866507
0.028653724
0.027434463
0.028589306
0.027501376
0.028199788
0.02787942
0.027870335
0.027495062
0.02788894
0.027478613
0.028338049
0.027486037
0.027694527
0.027473496
0.027297977
0.027555324
0.027405862
0.027778026
0.027549589
0.028149713
0.02772821
0.027827546
0.027414009
0.027365295
0.027936
0.027540097
0.028000072
0.028097218
0.028153017
0.028279064
0.028045505
0.028276898
0.028124573
0.027919076
0.027450122
0.02755821
0.027858322
0.027978342
0.027059983
0.028137773
0.027292445
0.027139567
0.027637068
0.027898878
0.027803967
0.027665045
0.027668707
0.027009903
0.027420567
0.027322762
0.027353894
0.02826009
0.027026072
0.02788763
0.02791694
0.027053578
0.02717146
0.027462663
0.027277354
0.027155401
0.027383609
0.027254293
0.02794181
0.027293747
0.028069885
0.027037235
0.02697075
0.027285503
0.026796408
0.027136384
0.027251149
0.027401479
0.027061973
0.027722634
0.027423242
0.027497113
0.027987592
0.027224971
0.026631003
0.026472151
0.027413463
0.029896166
0.027713627
0.027312685
0.02657302
0.02674946
0.026953952
0.026757069
0.027176663
0.027153946
0.026581982
0.027255995
0.027018404
0.026816847
0.026622813
0.02645766
0.027485445
0.02644023
0.026856216
0.027863944
0.026653148
0.026630955
0.026681308
0.026892303
0.026514987
0.027272444
0.026775992
0.026868736
0.027017549
0.026716195
0.026977807
0.026966708
0.026618881
0.026829418
0.026635848
0.02765087
0.026567442
0.026988491
0.026997589
0.026903456
0.027292497
0.026253674
0.026823277
0.02698533
0.027152274
0.026597643
0.026859239
0.026998427
0.0262344
0.026494201
0.027612252
0.026503235
0.027115442
0.026762504
0.026489217
0.027285561
0.026687708
0.026502075
0.027010156
0.027100984
0.026486976
0.027518645
0.026851127
0.026716987
0.027621726
0.026808234
0.02686848
0.026328072
0.027027937
0.026846463
0.026496625
0.026924375
0.027113197
0.026533442
0.026644891
0.026497304
0.026197389
0.026717786
0.02627208
0.026679121
0.02630234
0.026793249
0.026329761
0.026267504
0.025921715
0.026372394
0.026649473
0.026468923
0.026886744
0.026092432
0.026475053
0.026880711
0.026163569
0.026209487
0.026870303
0.026461428
0.026519967
0.026742494
0.025938617
0.026208833
0.026439158
0.026386878
0.02668424
0.026258696
0.026766144
0.025899246
0.026338102
0.02622325
0.026020108
0.026091486
0.025856268
0.02593647
0.026094092
0.026668653
0.026296709
0.02615745
0.025911078
0.026487805
0.02591196
0.02602985
0.02629231
0.025850791
0.026800167
0.026192984
0.026191046
0.026185587
0.025800802
0.025926372
0.026351139
0.02606132
0.02584487
0.026073987
0.026437284
0.026155135
0.02602488
0.02622852
0.026417322
0.025964838
0.025998414
0.026100237
0.025739197
0.026100159
0.025683353
0.026299909
0.02581254
0.025706185
0.026247889
0.02586694
0.026329894
0.02612054
0.026220998
0.026798744
0.02576937
0.02680128
0.026407335
0.025428977
0.026802626
0.026951192
0.026147988
0.026059942
0.026468024
0.026018003
0.026398247
0.02559078
0.02585818
0.026112523
0.025624726
0.025981242
0.025895145
0.025701504
0.025675405
0.025103424
0.025301823
0.024928628
0.025205066
0.02558384
0.024920857
0.025009546
0.026391797
0.025432438
0.025674013
0.025334626
0.02535815
0.025856482
0.0270487
0.025177825
0.026600441
0.025833845
0.025701778
0.025333153
0.02674842
0.025459496
0.026181819
0.026551945
0.026042085
0.02568378
0.026247516
0.025272492
0.025403328
0.025518224
0.025607966
0.025128832
0.026104135
0.02496214
0.025680032
0.024811968
0.02519538
0.025686838
0.026432846
0.025035907
0.025363954
0.025913244
0.025275974
0.025070285
0.02483859
0.025106078
0.02527435
0.025343455
0.025395153
0.025330285
0.025116703
0.025397154
0.025634445
0.025727319
0.024922276
0.025951164
0.025504665
0.025812013
0.024647119
0.024618872
0.02624271
0.025582593
0.025407758
0.024897523
0.0246929
0.024982003
0.025308786
0.025009952
0.025218545
0.025048668
0.025451265
0.025143897
0.02536667
0.024995022
0.025366182
0.025220172
0.025288679
0.0250534
0.024859674
0.02510244
0.025087832
0.024676798
0.024357643
0.024800485
0.025110053
0.025228813
0.02486839
0.025013361
0.024991231
0.02444364
0.025528127
0.024679285
0.0247748
0.02523386
0.024689214
0.02473753
0.024334557
0.025708968
0.024901338
0.025048703
0.024452789
0.024656834
0.024325809
0.025201991
0.024822421
0.024453124
0.025135389
0.02447913
0.02472483
0.02512337
0.024783216
0.024396857
0.024223011
0.024895515
0.024644917
0.024709802
0.02496231
0.02434431
0.02529133
0.024081446
0.025016522
0.024459511
0.024789006
0.025311232
0.023980588
0.024555696
0.024238918
0.024447318
0.025116848
0.024283761
0.024408517
0.024996087
0.0246416
0.023971412
0.024252122
0.02465353
0.024037763
0.024068436
0.024729632
0.024458949
0.023992911
0.024688648
0.02418616
0.024877539
0.024690848
0.02419349
0.024717122
0.023971464
0.024880469
0.025105769
0.024018552
0.02418136
0.02434836
0.024188023
0.02513396
0.024240322
0.024606412
0.024354905
0.024703752
0.024025526
0.024451174
0.024634387
0.02444849
0.023826538
0.024393719
0.024518851
0.024255114
0.023897866
0.024586393
0.023870371
0.024259122
0.024139306
0.024095418
0.024681835
0.024344252
0.024147434
0.024520215
0.024443328
0.023703652
0.024244793
0.023846403
0.02426492
0.024153434
0.024152257
0.024218388
0.024074163
0.024881557
0.024437474
0.024240179
0.023800932
0.02382393
0.023935389
0.02453171
0.023896202
0.023928009
0.02363682
0.02355349
0.023420062
0.024285039
0.024381723
0.023723044
0.024045717
0.0244127
0.023708332
0.02423268
0.02417142
0.02413548
0.024002677
0.02420085
0.023800628
0.023993663
0.023997676
0.024253616
0.024263423
0.024836728
0.0241448
0.023493417
0.023254357
0.023437588
0.024289522
0.024165478
0.023832794
0.024738377
0.024640867
0.023455199
0.023853896
0.02404449
0.024554145
0.023925079
0.023520391
0.023679743
0.02351424
0.024539886
0.023584569
0.023067433
0.023584569
0.02388835
0.023742132
0.02352103
0.024077209
0.02363381
0.024191221
0.023701783
0.023505386
0.023212118
0.023986345
0.023055224
0.023659403
0.023359427
0.023706155
0.024105523
0.023743495
0.023674823
0.023778332
0.023704974
0.023981325
0.02336331
0.023450717
0.023684813
0.023674414
0.02313167
0.02438922
0.023313422
0.023131829
0.02402574
0.02349933
0.023081008
0.023814118
0.023352126
0.02356253
0.022954281
0.02400861
0.02353968
0.02371286
0.023382906
0.024073534
0.02378311
0.023265915
0.02300065
0.023454146
0.023647537
0.0239834
0.023367336
0.023360662
0.024506308
0.02328206
0.02347668
0.02379794
0.023649767
0.023286603
0.023629121
0.023404555
0.02343806
0.023522014
0.022911582
0.022947187
0.02312364
0.02346073
0.023636311
0.023541193
0.023599079
0.023079677
0.023357859
0.023114081
0.023817925
0.022641001
0.023278728
0.022855924
0.023673475
0.023605073
0.023809955
0.02298462
0.023071045
0.0234287
0.024378289
0.023457501
0.022617653
0.023132663
0.023492757
0.022931825
0.022725906
0.023243615
0.023463428
0.02324653
0.022935288
0.022823771
0.023155596
0.023145234
0.023372067
0.023531662
0.023483986
0.023119703
0.023248758
0.023575211
0.022950636
0.023055306
0.023212604
0.022849547
0.02319127
0.023099523
0.022732528
0.023164697
0.023139598
0.022726798
0.023611013
0.02355446
0.022725565
0.02297476
0.023217123
0.022722935
0.022713961
0.022494616
0.023693005
0.022817018
0.023203809
0.022823386
0.023164205
0.022587042
0.022948993
0.023566313
0.022648567
0.023021912
0.022659758
0.023261754
0.02344175
0.022949336
0.02291243
0.022435501
0.0228281
0.022914594
0.022935595
0.022913242
0.02263179
0.02305286
0.022769043
0.02292363
0.02253307
0.022499993
0.022791719
0.022717418
0.022958757
0.022690812
0.023046762
0.023301475
0.022997944
0.023409408
0.02273912
0.022824373
0.022896804
0.023088625
0.023213563
0.022909665
0.022373129
0.022531588
0.023447916
0.02350529
0.022647312
0.023073472
0.023071205
0.022947669
0.022885606
0.022701945
0.022643603
0.022180878
0.022738414
0.022616649
0.022385968
0.023060268
0.022061491
0.022633553
0.022631591
0.02249002
0.024170995
0.022550944
0.02282974
0.022627167
0.023342093
0.022301208
0.02311259
0.023520125
0.022148602
0.02246005
0.023258686
0.02448439
0.022692358
0.02238834
0.02235001
0.022947848
0.02227155
0.022651127
0.022141028
0.023476826
0.022333372
0.022329614
0.02249003
0.022611689
0.02254134
0.022164421
0.023115797
0.022319838
0.022895504
0.022387529
0.022100357
0.023078153
0.02267919
0.022326699
0.022902267
0.022586841
0.0224052
0.021989346
0.022473292
0.022879746
0.022657873
0.02216137
0.022319218
0.022306284
0.02226803
0.022367656
0.022225523
0.022835653
0.022438513
0.022004751
0.022410305
0.022261634
0.022490738
0.022164814
0.022063434
0.021960989
0.022029532
0.022036897
0.022472516
0.02206473
0.021923356
0.02241231
0.022216331
0.022089116
0.02200813
0.021765113
0.021875143
0.022096125
0.022159018
0.022848349
0.022023551
0.022716535
0.022364944
0.022883505
0.023090882
0.022560963
0.022408925
0.0220555
0.022507263
0.022193419
0.022342086
0.022003796
0.022570759
0.022001244
0.021650085
0.022285374
0.021852585
0.021642191
0.02211414
0.022158872
0.022187974
0.021828309
0.022103138
0.023081474
0.022172987
0.022519318
0.022836363
0.022605607
0.023215055
0.022314569
0.022815669
0.022715108
0.022686066
0.021747151
0.023173839
0.022166517
0.022099398
0.022003755
0.022073023
0.022282885
0.022323245
0.021889005
0.022598002
0.022410708
0.022286456
0.02241563
0.023189787
0.022113452
0.023152323
0.02235721
0.022617446
0.021693109
0.022208802
0.022002667
0.022177229
0.021929784
0.021928657
0.021823745
0.022519898
0.021843083
0.021751493
0.022061978
0.021706155
0.022188991
0.022825694
0.022039618
0.021875074
0.022277268
0.022070054
0.022178888
0.022370355
0.022224441
0.021912584
0.021581016
0.021893607
0.021903196
0.021845862
0.021822711
0.021772284
0.02154915
0.021888914
0.022205334
0.02207412
0.021827683
0.022102071
0.021929674
0.022165705
0.021936387
0.021775194
0.021545514
0.021148395
0.021374743
0.021979364
0.021761432
0.022027832
0.0217472
0.021993278
0.02159745
0.02164114
0.021517688
0.022071114
0.021824168
0.022254588
0.021769254
0.021619752
0.021525158
0.022255298
0.021806289
0.022516975
0.021942584
0.021666663
0.022596167
0.021796444
0.021705538
0.021416865
0.021152906
0.021308582
0.02140436
0.021117853
0.02199132
0.022212135
0.021333124
0.021175608
0.0218062
0.020849057
0.021787202
0.021395212
0.02123423
0.021572573
0.021553427
0.021421637
0.021761157
0.021870188
0.022327665
0.021953838
0.022091934
0.021907669
0.021397904
0.021207517
0.021831205
0.021206584
0.021688342
0.021685261
0.021512114
0.02149498
0.021752745
0.02243485
0.021376748
0.021307683
0.021155786
0.021634331
0.021622285
0.02133266
0.022132985
0.021324914
0.021042729
0.021606993
0.021660265
0.021952394
0.021176253
0.021654096
0.021415351
0.021228263
0.021857167
0.021185005
0.020887943
0.021393726
0.021582367
0.020999158
0.022633027
0.021114372
0.021512698
0.021722848
0.021285465
0.021109993
0.02067112
0.021295074
0.0223167
0.021136502
0.021502081
0.021299474
0.021336116
0.021296384
0.021778949
0.021415146
0.021439908
0.021621551
0.022361994
0.02109286
0.021543842
0.020804645
0.020991514
0.021841284
0.020887265
0.021368187
0.021173147
0.021287564
0.021315632
0.021281773
0.021104615
0.021541059
0.021457031
0.021123376
0.021314858
0.021288188
0.021128677
0.021207666
0.020777736
0.021120697
0.021172777
0.021748737
0.021482509
0.020595443
0.020958252
0.021078452
0.020864012
0.021109434
0.02129427
0.021236617
0.021445913
0.020850167
0.021266308
0.021494003
0.020715225
0.02103504
0.021177381
0.020972406
0.020985367
0.02094811
0.02124877
0.02117424
0.020860696
0.021227084
0.021027252
0.020840077
0.021274649
0.02094483
0.021340607
0.020804526
0.021425826
0.021389907
0.020775232
0.021868132
0.021129625
0.021151233
0.022036623
0.020444566
0.020533167
0.020843009
0.021512497
0.021123802
0.021343298
0.020595297
0.020719582
0.021065935
0.021133509
0.02127023
0.020963982
0.020619264
0.021179665
0.02078608
0.020508701
0.021246696
0.02064859
0.02067848
0.020991059
0.021072656
0.021061027
0.020817045
0.021010045
0.020650357
0.021183174
0.020790093
0.020862957
0.02092092
0.021978794
0.020754997
0.02141338
0.021014247
0.02079488
0.0206087
0.021268858
0.021189243
0.020938944
0.020825142
0.021246605
0.021034064
0.02060936
0.02081288
0.021271322
0.020450043
0.02103792
0.020395031
0.021005685
0.020846883
0.020756926
0.0203507
0.020689456
0.020782683
0.020700248
0.020443536
0.021080108
0.02058389
0.020496158
0.021169256
0.02068991
0.02133527
0.020482916
0.021014836
0.020476367
0.021154761
0.02082572
0.02053691
0.020557636
0.020498376
0.0204786
0.020310707
0.02054921
0.020830894
0.020717679
0.020757414
0.020579858
0.02047436
0.020599492
0.02033387
0.020782612
0.020331148
0.021473097
0.020609912
0.020427467
0.02092899
0.020929772
0.020591626
0.02092451
0.020332536
0.020454304
0.021215944
0.020684171
0.02040322
0.020577943
0.020901581
0.021261258
0.02082621
0.020454554
0.020340184
0.020739894
0.020516489
0.020191643
0.020294897
0.020745024
0.02068895
0.020769922
0.020857198
0.020621857
0.020312535
0.021095589
0.020970136
0.02030381
0.020411221
0.021150006
0.020275645
0.020115945
0.019953983
0.020314166
0.020350043
0.020364383
0.020462964
0.020301495
0.020111648
0.020522777
0.020551287
0.02019747
0.020031128
0.020228991
0.020284118
0.020224957
0.02020832
0.020620417
0.020168588
0.020054938
0.020582939
0.01991074
0.020225324
0.020410271
0.020161513
0.021000085
0.020338837
0.020173546
0.020140843
0.0207636
0.020100519
0.020279568
0.020571383
0.019857576
0.02006207
0.020372733
0.020260073
0.020230737
0.020233132
0.020615496
0.020729745
0.020695727
0.020827178
0.020645058
0.020248823
0.02007223
0.021086201
0.020188892
0.019816652
0.020309366
0.02002504
0.02021887
0.020130407
0.019994294
0.020417195
0.020226074
0.01998211
0.020071607
0.02003013
0.020278396
0.020369062
0.020438686
0.020366944
0.020080222
0.020306386
0.020398695
0.020379176
0.020064767
0.020247638
0.020496415
0.019769974
0.019950591
0.019967403
0.020098979
0.02004502
0.019938348
0.02095195
0.019707989
0.02000246
0.019951671
0.019837823
0.020384632
0.019916631
0.019852282
0.019648531
0.019886766
0.020321114
0.02018674
0.019892497
0.020008266
0.020273251
0.019975385
0.020048477
0.019644855
0.019727346
0.01970235
0.019981395
0.020295316
0.020211253
0.019858347
0.020283528
0.019833464
0.019632684
0.020099519
0.019942863
0.02003223
0.0205402
0.019604858
0.019909762
0.019838257
0.020118892
0.02058845
0.019799715
0.020544883
0.020399263
0.020143207
0.019870298
0.020157892
0.020220384
0.019542037
0.020123318
0.020132838
0.01981827
0.020092128
0.020098874
0.019765794
0.020359844
0.019650672
0.019721948
0.021104671
0.019851502
0.019749217
0.019796776
0.019716805
0.020580439
0.020156188
0.020082258
0.019733567
0.020203188
0.020129107
0.020450734
0.01990543
0.02004703
0.019818546
0.019808192
0.019853055
0.020272784
0.020610861
0.020286733
0.019672116
0.02055798
0.020074451
0.01983692
0.020510534
0.020387564
0.020641407
0.020002268
0.020389425
0.019910442
0.0201185
0.020369252
0.020098118
0.019749636
0.019815022
0.019630138
0.020101307
0.020278161
0.019829154
0.019857606
0.020068016
0.019952605
0.019765249
0.02018743
0.019792644
0.020177502
0.020049965
0.020018607
0.020283777
0.019980092
0.020431627
0.01983763
0.020034108
0.020287648
0.01996369
0.019870315
0.019855786
0.019489994
0.020213732
0.020422397
0.020096114
0.019608092
0.019507002
0.019854216
0.019458633
0.019689564
0.019321145
0.021025788
0.02011084
0.01959897
0.019500589
0.019590994
0.019818824
0.019921878
0.019606853
0.019561745
0.020340126
0.019824786
0.020378489
0.019724023
0.020218298
0.020220045
0.019531352
0.019725364
0.019775476
0.020179987
0.019621097
0.01978577
0.019696364
0.019670589
0.019822678
0.019739244
0.019438991
0.019426325
0.019850703
0.019649887
0.020099303
0.019550104
0.020726819
0.019684266
0.020089004
0.01990744
0.02011887
0.020122258
0.019826436
0.020407988
0.019668221
0.019976532
0.019702172
0.019328527
0.019627357
0.020308208
0.019323675
0.019930104
0.019485833
0.019907475
0.019625327
0.01914525
0.019497842
0.01969603
0.01929014
0.019704927
0.01918503
0.01931265
0.019743193
0.02001754
0.019875769
0.020132288
0.019682458
0.019509783
0.020169174
0.019113773
0.019626137
0.019526092
0.020385426
0.019507164
0.019665843
0.02000458
0.01935077
0.019905996
0.019167846
0.019850915
0.019827502
0.01961052
0.019567167
0.019131178
0.019559124
0.0196639
0.019475654
0.019283554
0.020367455
0.019115563
0.019623037
0.019747911
0.019775523
0.019384945
0.01922238
0.019764755
0.020723242
0.019909112
0.019129667
0.0194954
0.01948879
0.019896336
0.019402364
0.01918823
0.019225828
0.019440003
0.019297548
0.019047813
0.019369276
0.019738039
0.01931835
0.019201837
0.019388339
0.019429848
0.01894597
0.01905401
0.019037286
0.019341206
0.019575834
0.019046662
0.018951515
0.019434227
0.01943498
0.019068774
0.01934858
0.019325888
0.019463753
0.018960807
0.019949023
0.019076642
0.019026544
0.019730417
0.019320635
0.020490352
0.019167626
0.019318178
0.01971841
0.01903493
0.019025335
0.018959103
0.019931694
0.019262357
0.019753806
0.01932489
0.019254288
0.019315673
0.01946517
0.01888405
0.019228742
0.01929417
0.019096192
0.019218504
0.020201651
0.019107038
0.019073766
0.019074775
0.019357676
0.019542096
0.019062437
0.019349545
0.018856434
0.019751357
0.019126251
0.019053418
0.019478576
0.018691324
0.019074954
0.01896603
0.019412747
0.018724702
0.018647334
0.019180464
0.018573277
0.019176345
0.018898197
0.018860389
0.018704155
0.019436724
0.018999653
0.019152272
0.019502606
0.019082645
0.01895687
0.01907101
0.019378526
0.019175613
0.019570857
0.019247754
0.019185405
0.01898884
0.019077178
0.019809213
0.01872297
0.018936817
0.01911903
0.018652162
0.01915071
0.01865371
0.01894143
0.019126737
0.019471038
0.018717948
0.018677557
0.018900432
0.019474253
0.01953941
0.019338869
0.01901053
0.019695457
0.019088827
0.018858243
0.018967245
0.019245425
0.01899887
0.019176845
0.018480293
0.018954627
0.018911565
0.01885186
0.01892059
0.018866437
0.018738417
0.01894971
0.019576805
0.0185921
0.018887004
0.018635716
0.019443313
0.018754007
0.019357162
0.01892952
0.018786103
0.01871843
0.019322835
0.01933656
0.019171376
0.019070668
0.019382792
0.018791584
0.018563561
0.0191014
0.019210963
0.019011587
0.018728988
0.018894713
0.018871412
0.019173954
0.01929805
0.018847715
0.01892886
0.01844345
0.018433776
0.01878135
0.018679501
0.018882336
0.019181574
0.018625166
0.018487262
0.018784953
0.018830825
0.018620694
0.018921187
0.018347992
0.018334012
0.018731138
0.018951705
0.018354813
0.018533299
0.01888073
0.01873264
0.018405236
0.019262515
0.018672042
0.018826852
0.018695086
0.018419063
0.018318295
0.018283656
0.018684816
0.018586481
0.018434532
0.018693365
0.01882008
0.018558638
0.019025296
0.018830316
0.018652959
0.018922037
0.018552627
0.018958392
0.018673375
0.018686824
0.019260347
0.018524101
0.019304
0.01858883
0.018900648
0.01903634
0.018487398
0.018891735
0.018937452
0.018653408
0.01888444
0.018932018
0.018649627
0.018849583
0.019282732
0.019219404
0.018708467
0.018748488
0.018487535
0.01858965
0.018887896
0.018657634
0.019072711
0.018802935
0.01880594
0.018791527
0.018583186
0.01833883
0.018532893
0.01872178
0.018272854
0.018561674
0.018366823
0.01838573
0.019154843
0.01836998
0.019761378
0.018601509
0.018530749
0.01837185
0.018320268
0.018787848
0.019046616
0.01882102
0.018712843
0.018585851
0.018688884
0.018371543
0.018591454
0.018812833
0.01836789
0.018522182
0.018704211
0.018730925
0.018070271
0.018525258
0.018216148
0.018436372
0.018426834
0.018779894
0.01836961
0.0183052
0.018851051
0.018815901
0.019301876
0.018668324
0.01913119
0.018860787
0.017899247
0.018135551
0.018258866
0.018534847
0.01831027
0.018679667
0.0186518
0.018619923
0.018671857
0.01836725
0.018631123
0.018275995
0.018747479
0.01882605
0.018864937
0.018406998
0.018289592
0.018869456
0.018363528
0.018331474
0.01865148
0.018498404
0.018621031
0.018736238
0.018747441
0.018836424
0.018077731
0.018297695
0.018794851
0.018366663
0.018411925
0.01794095
0.017962517
0.01828391
0.018574113
0.018106306
0.018022891
0.018024052
0.018652441
0.01855362
0.018322539
0.018226607
0.018291414
0.018330405
0.019001827
0.018077083
0.018566191
0.018372817
0.018023625
0.01810189
0.01843468
0.018189868
0.01849661
0.018237604
0.018402308
0.018670218
0.017858047
0.018054577
0.018285932
0.018523457
0.01846672
0.018150914
0.01814196
0.018186968
0.018128945
0.018122233
0.018879518
0.018258737
0.018001338
0.017895527
0.018328393
0.017936965
0.018381149
0.018630719
0.01852996
0.0183589
0.017949102
0.018373568
0.017895088
0.018534606
0.017924191
0.01788272
0.017938247
0.018333502
0.018360239
0.018276293
0.017976038
0.018599164
0.017841017
0.018656075
0.018297482
0.018743046
0.017773654
0.018291082
0.017962806
0.018387709
0.018360076
0.01856268
0.019418892
0.017983507
0.018215254
0.018029345
0.018486476
0.01761486
0.018128095
0.018140323
0.0180025
0.018744318
0.018393533
0.019277604
0.018071523
0.0183094
0.018035432
0.018217398
0.018009135
0.018686503
0.018385325
0.019494934
0.018081605
0.019063193
0.018438756
0.018420793
0.01830545
0.018226774
0.01793662
0.01841647
0.018417675
0.018202111
0.018752834
0.017939702
0.01789709
0.017808072
0.017952412
0.01807448
0.018275017
0.01754186
0.01790277
0.017884953
0.01771118
0.018519206
0.01823828
0.017996121
0.017938005
0.017902307
0.01776612
0.017827135
0.018074125
0.017997853
0.018514028
0.01828863
0.017901408
0.018120756
0.017827801
0.01829591
0.017804505
0.01765036
0.01747839
0.017849049
0.018246908
0.01868424
0.017914955
0.017881375
0.017814966
0.018500729
0.018234672
0.018141799
0.018156605
0.017915677
0.018059457
0.017814482
0.01766431
0.0180353
0.017658953
0.018184375
0.018304268
0.01848895
0.017944766
0.017760186
0.017571341
0.017736467
0.017726585
0.018017653
0.017834345
0.017986197
0.018246768
0.017945852
0.018495977
0.01748784
0.017680362
0.018437255
0.01748695
0.01822487
0.018094305
0.017754184
0.017918132
0.018023845
0.017621059
0.017503085
0.017812474
0.017851382
0.017838035
0.01791318
0.018040935
0.017577851
0.017430441
0.018095955
0.017915959
0.017678954
0.017396173
0.017810082
0.017681615
0.018343654
0.018250322
0.018035302
0.017645465
0.017289553
0.017793167
0.017820615
0.017922366
0.018132867
0.017585613
0.017556066
0.017622732
0.0180718
0.017476542
0.018229635
0.0178998
0.017710295
0.017934415
0.01818427
0.017944146
0.017508391
0.018259495
0.01796447
0.017600743
0.017323524
0.017953847
0.0184032
0.01789104
0.018248789
0.017488249
0.01824392
0.018103909
0.018115986
0.017739566
0.017984413
0.017740602
0.01793002
0.018314183
0.017925493
0.018117059
0.017607521
0.018094718
0.017591227
0.017631449
0.017915636
0.017821519
0.017791037
0.017851092
0.017553592
0.01759712
0.01791605
0.01825059
0.0178252
0.018064836
0.018157031
0.017407423
0.017389445
0.017643105
0.017650062
0.017610729
0.017584007
0.018075079
0.017941227
0.018039836
0.018048754
0.018023236
0.017830892
0.017807601
0.017680135
0.017730141
0.018097866
0.017337682
0.017509062
0.017994165
0.017333949
0.018384906
0.017813502
0.017884877
0.017883314
0.017748924
0.017781733
0.017829396
0.01769233
0.01798827
0.01829612
0.018206537
0.018147055
0.017528389
0.017718656
0.017385384
0.017489582
0.017632382
0.017753579
0.017576212
0.017424867
0.01809316
0.017412469
0.017835505
0.017349526
0.017989788
0.017573528
0.017615825
0.017110202
0.017640771
0.017723152
0.017346175
0.017602582
0.01717752
0.017342873
0.017207518
0.017291592
0.017524654
0.017472815
0.017896665
0.017336586
0.017533679
0.01752236
0.017899048
0.017853191
0.01750734
0.01728724
0.017579872
0.017379232
0.017005857
0.01714153
0.017579544
0.017531695
0.017791018
0.017698132
0.017649353
0.017363423
0.017709278
0.017516041
0.018004376
0.017735748
0.017965194
0.017379956
0.017379133
0.017768146
0.017603856
0.017745635
0.01785895
0.017306771
0.017151335
0.017293135
0.01760307
0.017203527
0.017385973
0.01755359
0.017296169
0.017313061
0.017121974
0.017235236
0.017454317
0.017212601
0.01744278
0.017375268
0.017206743
0.017818836
0.017384192
0.017355734
0.01772812
0.018498192
0.0173478
0.017161941
0.017624607
0.01764096
0.017368883
0.017122844
0.017696848
0.017251236
0.017460847
0.017601905
0.017045664
0.017797017
0.017058522
0.017537033
0.017370408
0.0174512
0.017713083
0.017646782
0.017305205
0.017044313
0.017390903
0.017477345
0.017142698
0.01744988
0.017807746
0.017463874
0.017267836
0.017268587
0.017436676
0.017240101
0.017327694
0.017456954
0.01738058
0.017436288
0.018038377
0.017211622
0.017244516
0.016935635
0.017085109
0.016954644
0.01758411
0.017412921
0.017150335
0.017015258
0.01723446
0.017461512
0.017118791
0.017651053
0.017151754
0.017132001
0.016970929
0.01727065
0.016984018
0.017621307
0.01718816
0.01768101
0.017460236
0.017301043
0.018247528
0.017482657
0.017662456
0.017159358
0.017055899
0.01734868
0.0172683
0.017312134
0.017553434
0.017141493
0.017033493
0.017126055
0.017555736
0.017437689
0.017269285
0.016976032
0.017505731
0.017211363
0.017342802
0.017123746
0.017424893
0.017148415
0.017922772
0.017279457
0.017420521
0.017709045
0.016874969
0.017118393
0.01718435
0.016813515
0.017181935
0.016996099
0.017055571
0.016846938
0.01727301
0.01736583
0.01706104
0.016592741
0.01701229
0.01678793
0.017111808
0.01681101
0.017515857
0.017242122
0.016871158
0.017730854
0.017475693
0.017076172
0.017548436
0.017841939
0.016954968
0.018115075
0.016903386
0.01736276
0.017248366
0.017176276
0.017330514
0.017121686
0.016890991
0.017240064
0.01713014
0.017322833
0.01722155
0.017521283
0.016898632
0.017077526
0.017175036
0.016825184
0.01678122
0.0170965
0.016822094
0.01682851
0.017117593
0.01691334
0.017087398
0.016935736
0.016916899
0.016540645
0.016639559
0.01735172
0.016911445
0.017173622
0.017049043
0.016963402
0.017084895
0.017194377
0.017156037
0.017441442
0.017038612
0.016873375
0.017946161
0.01680836
0.016963715
0.01670517
0.016850015
0.016783973
0.017288398
0.018000633
0.01724248
0.0171319
0.01723258
0.017010497
0.017104747
0.016753659
0.01730997
0.017212182
0.016801331
0.017746048
0.01743546
0.01675326
0.016711101
0.016774213
0.016525969
0.017000644
0.017198127
0.016971126
0.017260347
0.016935222
0.017386863
0.016877567
0.01722223
0.017129652
0.016823024
0.017366022
0.016831411
0.017101215
0.016823137
0.016984215
0.017369285
0.016824864
0.016960396
0.016421517
0.016821252
0.016928157
0.01703936
0.016830146
0.0172083
0.016789723
0.016851524
0.016537538
0.016870497
0.016817844
0.016628044
0.016859971
0.016782384
0.016834773
0.017020006
0.01709737
0.01711877
0.016665444
0.017245062
0.01696105
0.016939063
0.016816644
0.017161174
0.016651057
0.017099503
0.016945522
0.017241608
0.016625196
0.01718541
0.017076433
0.016933484
0.016511438
0.017077845
0.017210675
0.016510943
0.016688712
0.017025864
0.016863227
0.016641011
0.01709701
0.017464003
0.017356161
0.017051466
0.017089706
0.016713303
0.016524196
0.017011026
0.017078102
0.016583927
0.016797515
0.01655999
0.016840037
0.017134676
0.01652657
0.01735768
0.016992532
0.016844308
0.017016934
0.016662348
0.016928988
0.016628386
0.01715624
0.016992865
0.017204508
0.017002448
0.017109362
0.016543645
0.016774787
0.016685318
0.0170994
0.016947096
0.016609397
0.01670384
0.01657754
0.016538005
0.016940497
0.017151168
0.017048417
0.017315766
0.016854107
0.016606783
0.017559366
0.016924664
0.016761718
0.01670567
0.016751539
0.017402172
0.017462032
0.01674906
0.016900007
0.01654566
0.016953483
0.01675482
0.017010897
0.016509892
0.016777935
0.01660541
0.01702019
0.016905392
0.017039169
0.016756594
0.017713508
0.016704805
0.017308233
0.016688922
0.016503971
0.01675804
0.01691387
0.017303556
0.017245548
0.016921379
0.01703057
0.016418472
0.017084828
0.016372316
0.016450912
0.01666158
0.01633887
0.016787862
0.016651817
0.01648905
0.01712231
0.017111534
0.016838152
0.01644807
0.01782988
0.016926892
0.016478911
0.016953006
0.016376806
0.016622795
0.01686801
0.016582748
0.016591555
0.01673782
0.016728338
0.016773408
0.016307117
0.016789109
0.01666517
0.016239792
0.016550152
0.01645069
0.016299294
0.016520657
0.016928896
0.016594287
0.016518325
0.016753191
0.016889079
0.017222878
0.016687758
0.016481692
0.016523434
0.016531385
0.0167598
0.01751888
0.016482836
0.016737377
0.016581398
0.016300295
0.016616704
0.016286844
0.016563997
0.016465474
0.016547643
0.016037697
0.016765099
0.01628306
0.017087799
0.016703125
0.017098779
0.016856184
0.016503552
0.01710692
0.017354904
0.016650409
0.016575376
0.016490774
0.017008716
0.0164893
0.01627371
0.01616843
0.016383924
0.016604379
0.016322287
0.016566321
0.016729023
0.016517697
0.016413368
0.016673245
0.016320322
0.01642404
0.016180107
0.016605409
0.016463615
0.016955601
0.016176404
0.016773343
0.016395826
0.016797354
0.016577814
0.01652017
0.016203448
0.01726092
0.016844558
0.016259396
0.016368633
0.016898518
0.01661349
0.0163794
0.0162009
0.015992688
0.016543543
0.016910167
0.0163995
0.016009893
0.017371492
0.01652908
0.016332917
0.016826555
0.01658552
0.016357105
0.016406944
0.016416425
0.01653628
0.016080242
0.01677417
0.016327033
0.016820943
0.016394207
0.016287737
0.01635371
0.016272971
0.016196592
0.016555222
0.016293595
0.016541554
0.01602485
0.016276693
0.01610513
0.016117405
0.016180387
0.01618805
0.016343107
0.016595257
0.016005727
0.016408402
0.016401308
0.01605262
0.016026797
0.01630442
0.016331056
0.015931891
0.016103981
0.016272878
0.015994519
0.016143302
0.016603028
0.01634644
0.01616188
0.016123325
0.016750356
0.016143039
0.016549017
0.016187781
0.01636279
0.017092774
0.016162638
0.016449304
0.016357481
0.01650915
0.016369026
0.016766058
0.016512906
0.016574662
0.016162923
0.016327767
0.01620762
0.016477937
0.016871642
0.016543036
0.016328512
0.017042326
0.016556036
0.016508253
0.017187368
0.016498905
0.016189262
0.01661733
0.016174888
0.016533898
0.016133271
0.016098922
0.016639024
0.016547628
0.016983833
0.016456587
0.016380103
0.01653622
0.015962927
0.016314691
0.016365806
0.016223894
0.015976714
0.016110977
0.016588176
0.016125942
0.016151758
0.016413573
0.016168311
0.016532835
0.01668894
0.016091308
0.01626745
0.016274078
0.016141381
0.016253857
0.01643064
0.016294815
0.016028976
0.016194921
0.015900584
0.015933443
0.016470235
0.01595219
0.016380385
0.01651018
0.015934153
0.016126988
0.01638056
0.016023431
0.01673301
0.016475808
0.016075127
0.016437927
0.016533041
0.016137624
0.016598966
0.016175352
0.015954124
0.016263867
0.01608194
0.016264632
0.015967553
0.016385948
0.01601211
0.016539637
0.015827369
0.01596227
0.01609346
0.016483463
0.01598262
0.015919158
0.015920583
0.016240759
0.016533032
0.016215343
0.016973017
0.016130343
0.016284086
0.016378455
0.016865566
0.016494194
0.016640963
0.016641185
0.017416798
0.01692508
0.016643
0.0163008
0.016330883
0.01636725
0.016205216
0.016826063
0.016379928
0.016015043
0.01597341
0.016125275
0.016000725
0.015960539
0.015984394
0.01662066
0.016116008
0.01607649
0.016205693
0.016115407
0.016004862
0.015921628
0.015943443
0.016108418
0.015914107
0.016558908
0.016355107
0.016158314
0.016329754
0.016215246
0.016081717
0.016156895
0.016165469
0.015909381
0.016157659
0.015883544
0.016188625
0.016060442
0.015592594
0.016105015
0.016286138
0.016049456
0.016067546
0.01603871
0.016012056
0.01645612
0.01671774
0.015989117
0.01632256
0.016667776
0.016046014
0.016054496
0.015849745
0.015804557
0.016273227
0.015929641
0.01574193
0.016167022
0.01576968
0.015913969
0.015982285
0.016002353
0.015851859
0.01558498
0.016435312
0.015733091
0.016648753
0.015847981
0.015949912
0.015541108
0.016079905
0.016304173
0.01589047
0.016073426
0.016179074
0.015715983
0.01641453
0.016238004
0.015857022
0.01607127
0.01625219
0.01621468
0.016427176
0.016104186
0.0163817
0.016157521
0.016232716
0.015912483
0.016128937
0.016042382
0.015955865
0.01626993
0.01617653
0.016107647
0.0162865
0.016237967
0.01624644
0.015925525
0.015763676
0.016137542
0.016429449
0.016156303
0.016242899
0.015840584
0.015934667
0.016965764
0.015964543
0.015925214
0.01606399
0.015972514
0.015739428
0.015994873
0.015966773
0.016015373
0.016369255
0.015706884
0.01594485
0.016220279
0.015821315
0.015674885
0.015998727
0.016194541
0.015504305
0.016444927
0.015761975
0.016037105
0.015634323
0.015761107
0.016010782
0.016367547
0.015859177
0.015738692
0.015730957
0.01640794
0.016182402
0.015561643
0.015864808
0.015771078
0.016129443
0.015987279
0.015606759
0.015908975
0.015601521
0.015941653
0.015761122
0.01561784
0.016010603
0.015535325
0.015748246
0.015814442
0.015557495
0.015658263
0.015594192
0.01574329
0.015916957
0.015857192
0.015635911
0.015628131
0.01568413
0.01572464
0.01578729
0.01584227
0.015477992
0.016160062
0.015786868
0.015530058
0.015816271
0.015518891
0.016085893
0.015670206
0.015629822
0.015679069
0.015718618
0.015621184
0.015915286
0.015592852
0.015954921
0.015534341
0.016006887
0.015901256
0.015800321
0.015738513
0.01598121
0.015848726
0.016130231
0.015826967
0.015546571
0.015908964
0.016199084
0.015875898
0.015901765
0.016383778
0.016036976
0.015878037
0.01609706
0.015671374
0.015941994
0.01566058
0.016063021
0.015901985
0.015655978
0.015905377
0.016077073
0.01605948
0.015813814
0.015904399
0.015729642
0.015723478
0.015816163
0.015416879
0.01603624
0.015751073
0.015555151
0.015942616
0.015738979
0.015566926
0.015738409
0.016550563
0.015677828
0.015459991
0.015517722
0.015883178
0.015765188
0.0154295955
0.015560024
0.015821733
0.015523329
0.01572177
0.015642364
0.015377024
0.01602165
0.015774917
0.015871994
0.015830131
0.015791046
0.015706515
0.015760649
0.015218054
0.0153317815
0.015834248
0.015546636
0.015289791
0.015699875
0.0155690685
0.015910188
0.015722418
0.015861856
0.015327026
0.016113617
0.015501962
0.015360822
0.015734958
0.015821194
0.015351554
0.015638217
0.01545311
0.015251024
0.015495457
0.015204281
0.015458984
0.015483748
0.015787851
0.015563983
0.0153637305
0.01526846
0.01549418
0.015529105
0.015309093
0.015894469
0.016006364
0.01582892
0.015789675
0.015650226
0.016649349
0.015986232
0.015539019
0.016121808
0.015476333
0.015672144
0.016140172
0.015459578
0.015384994
0.016178068
0.015738823
0.015945988
0.015678331
0.015881099
0.01582635
0.015809411
0.015560042
0.015532818
0.015875626
0.015194074
0.0154743865
0.015621994
0.01553538
0.0153653035
0.015455409
0.015516435
0.01560589
0.01531138
0.015967524
0.015228397
0.015453694
0.015581261
0.015576939
0.01569343
0.015466577
0.015532941
0.01541346
0.015156964
0.015359901
0.015159834
0.015805697
0.015769877
0.015449509
0.015099351
0.015622719
0.015323477
0.01565694
0.015833626
0.015496977
0.015645104
0.015994878
0.015362384
0.015553109
0.015523076
0.015459994
0.015728943
0.015468677
0.016145034
0.015443318
0.016920451
0.015456681
0.016063081
0.015483054
0.015487205
0.01581027
0.015812902
0.0155004915
0.01642465
0.016091429
0.016289886
0.015907738
0.015298557
0.015400493
0.015960611
0.015618239
0.015679412
0.0154785225
0.015278095
0.015211252
0.015522601
0.0153954895
0.015336461
0.015357956
0.015716443
0.015815927
0.01566378
0.015805785
0.01550046
0.015815271
0.015332091
0.015405509
0.015511143
0.015653113
0.01534511
0.015941186
0.01587679
0.015702406
0.01534208
0.015266204
0.015383024
0.015207865
0.01520295
0.015391958
0.015386023
0.015785946
0.015707988
0.015495356
0.01548166
0.015993632
0.015655888
0.016355291
0.015682539
0.015858132
0.015488367
0.015512142
0.015267316
0.016378887
0.016025728
0.015448065
0.016083227
0.015617665
0.01596642
0.016241929
0.015625447
0.016159724
0.01599608
0.015512713
0.015605265
0.015982382
0.01583687
0.015406248
0.015658913
0.015451572
0.01570018
0.015239326
0.015260867
0.015418466
0.015357717
0.015765373
0.015102743
0.015529974
0.015184926
0.01545599
0.015291058
0.015544121
0.015425517
0.015283024
0.015617485
0.015066876
0.01593458
0.015301878
0.015288234
0.015464711
0.01521668
0.015554686
0.015488457
0.015398413
0.01548191
0.015117878
0.015772343
0.015832333
0.015128913
0.015555011
0.015543851
0.015631482
0.015173126
0.015625838
0.015302104
0.015541832
0.015303909
0.015422206
0.015490158
0.015116773
0.015668977
0.015309109
0.01540622
0.015428241
0.015379715
0.015700465
0.015525671
0.0154947555
0.015426924
0.015514845
0.015038722
0.015397556
0.015442861
0.015341385
0.0153202675
0.015676966
0.015771944
0.015680514
0.015525961
0.0157525
0.016094388
0.015182013
0.01522227
0.015179334
0.015418089
0.015770884
0.015350564
0.015033919
0.015486609
0.015336431
0.0153327305
0.015023297
0.015467526
0.015272134
0.015029565
0.015174632
0.015077305
0.015253126
0.015193442
0.015694842
0.015361809
0.015180842
0.015387699
0.015744869
0.014905376
0.015301417
0.015588915
0.014956117
0.015205248
0.015695281
0.01539759
0.015107181
0.01530847
0.014943512
0.014944846
0.015117368
0.014959232
0.01506495
0.015263297
0.015339246
0.015169822
0.015556345
0.015423523
0.015017337
0.015436962
0.0149311945
0.015397351
0.015400752
0.015221826
0.015768377
0.015191373
0.015180671
0.015289668
0.015469441
0.015915912
0.015016115
0.015728794
0.015368509
0.0154795125
0.015648542
0.015318572
0.015609872
0.014910867
0.01531845
0.015147267
0.015103843
0.014906905
0.015174271
0.015312118
0.015153108
0.01489543
0.015198538
0.014979764
0.015292899
0.015010276
0.0152143715
0.014891542
0.015282655
0.014984785
0.015451581
0.014971956
0.014917324
0.014935786
0.015190547
0.015731808
0.0150537165
0.01545639
0.014867559
0.01467015
0.015198117
0.01563039
0.014858485
0.014942461
0.015047539
0.015261602
0.014802891
0.014895621
0.015287584
0.014893911
0.014881899
0.0154168075
0.014902323
0.01574336
0.014983009
0.014991924
0.015161951
0.015430184
0.015212198
0.015092292
0.015120187
0.015321389
0.015392722
0.015058243
0.015017485
0.0149599025
0.015859783
0.015198623
0.015178844
0.014983329
0.015000578
0.0148618445
0.0150564015
0.0150470985
0.015000823
0.015139907
0.014803251
0.015070119
0.015034566
0.015661284
0.015143799
0.015125659
0.015121067
0.015405871
0.015554123
0.015259375
0.014898371
0.014911593
0.015258839
0.01485462
0.014749392
0.014703586
0.01499464
0.015014482
0.015219894
0.015609285
0.015060758
0.0150343925
0.015178156
0.014655728
0.014787409
0.01519839
0.014863143
0.014688921
0.015200499
0.01523188
0.01499523
0.015099337
0.014830488
0.015455027
0.015104856
0.014993897
0.015103436
0.014734629
0.014857823
0.015201525
0.015158406
0.015228997
0.015341132
0.0149755385
0.015090924
0.015357876
0.015139343
0.014972491
0.014927443
0.015149896
0.015342764
0.015674815
0.014832037
0.01587233
0.015313692
0.014753464
0.015306719
0.015004319
0.0150510855
0.015098372
0.014906527
0.014824536
0.015239905
0.014889613
0.015607221
0.01492204
0.015242203
0.014651958
0.015100507
0.014841157
0.014836177
0.015058472
0.014709831
0.014877542
0.014690844
0.014946018
0.01464618
0.014917878
0.014850413
0.014584113
0.015025233
0.014860595
0.014813315
0.01456958
0.014933545
0.015472112
0.015137573
0.014945247
0.014976237
0.014646995
0.015081689
0.015243505
0.015002556
0.0151106
0.015044709
0.015125427
0.015247932
0.015760262
0.014663319
0.014897315
0.014924059
0.014527692
0.0150373345
0.014642339
0.014986986
0.01478476
0.0150459595
0.014720487
0.014797821
0.014996836
0.014796769
0.015472156
0.014709054
0.014977923
0.014476308
0.014901689
0.01489893
0.014783228
0.014971985
0.014622903
0.014817799
0.015236947
0.015094482
0.015046709
0.015055429
0.015143625
0.014923515
0.014875012
0.014878942
0.014721108
0.014780738
0.014805078
0.015154768
0.014644478
0.01496025
0.014880911
0.0149904955
0.014820462
0.014975964
0.014743702
0.014932721
0.014924578
0.015182373
0.014649446
0.014589151
0.015365595
0.015912442
0.0146875465
0.014650675
0.014751476
0.014693964
0.015114477
0.014587208
0.015265703
0.014819942
0.015075606
0.015098359
0.014357036
0.015260638
0.01478758
0.014532756
0.01485927
0.014793164
0.014717736
0.015133496
0.01458664
0.014981106
0.014760277
0.014735337
0.014819318
0.015237936
0.015103777
0.015119523
0.015085132
0.014630367
0.014579171
0.014691036
0.015222713
0.014808752
0.014797068
0.014999958
0.014478168
0.014903797
0.014809141
0.01466138
0.015176923
0.014622212
0.014565556
0.014563445
0.014728749
0.014525167
0.014734825
0.014379191
0.01516758
0.014662688
0.015374478
0.015578007
0.01502782
0.014840064
0.014583569
0.015134318
0.014373484
0.014512777
0.014852273
0.015026235
0.014985743
0.014786673
0.014945134
0.014727018
0.014675894
0.01456257
0.014690266
0.014793489
0.014746832
0.01478047
0.014740738
0.014486949
0.014949016
0.014477962
0.01446767
0.015633319
0.014445168
0.014917583
0.014896348
0.014326896
0.014659845
0.015334866
0.014878253
0.014833822
0.01486844
0.014517399
0.015150834
0.014865871
0.014899197
0.014966843
0.014882959
0.014795443
0.014588094
0.014513771
0.014837007
0.014683519
0.01481126
0.014535945
0.014965281
0.015046552
0.014601922
0.014840099
0.014588482
0.0145137
0.014655184
0.014538761
0.01493171
0.014735664
0.014620177
0.014858741
0.0145589365
0.014474813
0.014951547
0.01466241
0.015094223
0.015002847
0.015064376
0.014857393
0.014948636
0.014293531
0.014982061
0.015354294
0.014867277
0.014665701
0.01488191
0.014808608
0.014836672
0.014624089
0.0145970285
0.014625084
0.0142908925
0.0149763925
0.014876258
0.0144008435
0.0146286525
0.014571072
0.014595738
0.014568149
0.014800613
0.014657893
0.014767837
0.014770031
0.014649929
0.014447817
0.014863346
0.015200237
0.014721932
0.014746087
0.014957337
0.014467291
0.014488534
0.014733241
0.014504771
0.014263862
0.015072368
0.014526863
0.014730389
0.014762931
0.014553916
0.014708649
0.014247643
0.0147836525
0.01447429
0.014522537
0.01428387
0.014705038
0.014598201
0.014724049
0.014787161
0.014496581
0.014456738
0.014693692
0.014983099
0.014945097
0.014588851
0.014484979
0.01428088
0.014821811
0.014682332
0.014564318
0.0148409605
0.014469964
0.014489534
0.014605239
0.014370548
0.014587155
0.0144454
0.014820841
0.014803826
0.014501971
0.014308913
0.01444451
0.014267193
0.014256102
0.015126809
0.014555043
0.014789183
0.0143072605
0.014607132
0.01466104
0.015214828
0.014645737
0.014708738
0.014566399
0.014318574
0.014820408
0.014840165
0.014560109
0.015058139
0.014833475
0.015282233
0.014585158
0.014297624
0.014902363
0.014455675
0.014500682
0.015011524
0.014599133
0.014924244
0.014670512
0.014347771
0.014128385
0.014976292
0.014457898
0.015161052
0.014998455
0.014311399
0.0146039035
0.0145656755
0.014664467
0.014589858
0.014527131
0.014676266
0.014331203
0.0146598015
0.014807434
0.014845251
0.015020854
0.014755713
0.014473369
0.014526391
0.014628602
0.01459828
0.014568188
0.01459283
0.014299944
0.0145496875
0.014300229
0.014610606
0.014570113
0.014660851
0.01493167
0.014142599
0.01440401
0.014442828
0.014437182
0.014249755
0.01442102
0.014430974
0.01450868
0.014576445
0.014592593
0.014388295
0.014665439
0.014530605
0.014721991
0.014478313
0.014359687
0.014442444
0.014639247
0.014768195
0.014488972
0.014345337
0.014558134
0.014363544
0.014412505
0.014299346
0.014290129
0.014611511
0.014713215
0.0145962695
0.0145311635
0.014408749
0.014177516
0.015341887
0.014451209
0.014830198
0.015027106
0.014530921
0.014490948
0.014517879
0.014594746
0.014337465
0.014418504
0.014252248
0.014150687
0.014325889
0.014548331
0.0145863285
0.014329325
0.01412455
0.014158606
0.0142686
0.014465738
0.01490638
0.014347093
0.014395619
0.01473683
0.014035299
0.014300414
0.014545302
0.014212735
0.014175989
0.014838557
0.015110643
0.014279236
0.014097127
0.014043128
0.014492724
0.0142489
0.014063223
0.014586728
0.01473854
0.014381164
0.014185067
0.014433553
0.01447124
0.014626442
0.014600554
0.014350892
0.014442628
0.0147099225
0.014113913
0.014101654
0.013983111
0.014767343
0.014209149
0.014187351
0.014102975
0.014179619
0.014247414
0.014180384
0.01389448
0.014201821
0.014270931
0.01378557
0.013937364
0.014490232
0.014662796
0.014379196
0.014039134
0.014041208
0.01408169
0.013910978
0.014176304
0.014380455
0.014603288
0.014305424
0.014386079
0.01415274
0.014239908
0.014181729
0.014309647
0.014134287
0.014459888
0.014386712
0.0144161815
0.014474598
0.014398949
0.014558696
0.014018836
0.014454161
0.014508882
0.014095496
0.014137604
0.014374581
0.014296586
0.014107989
0.0141252875
0.01394044
0.014295802
0.014386347
0.01448867
0.014418933
0.014167345
0.0142659
0.014278551
0.014177817
0.014063814
0.014132961
0.0143082505
0.0144715775
0.01434604
0.014040156
0.01434397
0.014193467
0.014688422
0.014153451
0.014403956
0.014189498
0.014291309
0.014377757
0.0140089765
0.014279204
0.014024203
0.014376413
0.014307164
0.014087085
0.014406058
0.014473626
0.014094323
0.014187753
0.014391001
0.013928591
0.014151498
0.014164562
0.014305387
0.01427565
0.014381325
0.013992745
0.014441103
0.013995069
0.014294564
0.0141193755
0.014343673
0.014310844
0.014292717
0.014156413
0.013964567
0.014153623
0.014444
0.014493177
0.0143346945
0.014463614
0.013957794
0.01416299
0.014053989
0.014243008
0.014055633
0.013985727
0.014219138
0.014240266
0.014314902
0.0140548
0.0138316145
0.01453264
0.01382763
0.014362367
0.014317832
0.014385533
0.014659515
0.014360848
0.014807425
0.01425308
0.014034049
0.014233758
0.014317477
0.014199316
0.014074967
0.014015762
0.014236942
0.015179543
0.01416862
0.014447686
0.014120086
0.014295702
0.014653576
0.01402197
0.014064661
0.013896385
0.014398905
0.014187344
0.014264825
0.014366225
0.01401729
0.014179054
0.014466388
0.01376898
0.014049346
0.0141741615
0.013795177
0.014153826
0.013966855
0.013968662
0.014175829
0.013994754
0.01419375
0.013837366
0.014154511
0.01387915
0.01443981
0.013782978
0.013910588
0.014366763
0.013933274
0.0138698695
0.014276066
0.014055585
0.014203253
0.014247763
0.014403804
0.013973313
0.0140964165
0.014126779
0.014077379
0.014263707
0.014061761
0.014059977
0.01406785
0.014488385
0.013984756
0.013962865
0.014648133
0.013997844
0.014132212
0.014112566
0.014099458
0.014279866
0.0140985735
0.014539014
0.014151084
0.014311036
0.014385731
0.014284356
0.013928994
0.014836975
0.014149681
0.014306721
0.013917665
0.014175873
0.014106637
0.013930762
0.013584825
0.014026253
0.013866354
0.014068355
0.014294568
0.0141070355
0.014519846
0.0139705585
0.014172382
0.01424499
0.013965342
0.013744222
0.014694114
0.014064078
0.014512682
0.014590783
0.013636494
0.014383221
0.014195586
0.014239732
0.0141013
0.014007186
0.01375686
0.013968681
0.014477556
0.013937929
0.014059498
0.014323472
0.014149938
0.013888888
0.013844919
0.013741883
0.013780222
0.014145971
0.013948934
0.014019455
0.014436315
0.013776896
0.014288097
0.013963529
0.013936174
0.014061557
0.013865395
0.014246074
0.014118132
0.013881654
0.013960897
0.013862866
0.014183946
0.014427054
0.014101741
0.0140788155
0.014229335
0.014258914
0.013869882
0.014031966
0.013835744
0.014220211
0.013628393
0.013876223
0.013975419
0.014347711
0.01434054
0.013810928
0.01386067
0.013926619
0.013768959
0.014357131
0.013844502
0.014226055
0.014026237
0.014071063
0.014115754
0.014009056
0.013782258
0.013839553
0.013820878
0.013941853
0.014269803
0.014298417
0.014132283
0.013931722
0.014085395
0.013662184
0.013924324
0.014422264
0.014632065
0.013675819
0.014751466
0.01389465
0.014101525
0.013707087
0.013972826
0.013985788
0.014300575
0.013863625
0.013696493
0.014270215
0.013962603
0.014112142
0.013817062
0.014035449
0.013719614
0.013681436
0.013943221
0.014083355
0.013867541
0.014207411
0.013862815
0.013609148
0.013870062
0.01419526
0.013714341
0.013949641
0.013538093
0.013657337
0.013962923
0.014026556
0.013892123
0.0137602035
0.014389796
0.013965942
0.013766298
0.013799728
0.014251191
0.014265484
0.013606313
0.014045002
0.014322415
0.014123315
0.0141542815
0.014185129
0.014091231
0.013704551
0.0140387425
0.013989895
0.013906761
0.01408046
0.014136144
0.013724253
0.014088193
0.013887667
0.014256962
0.014460569
0.013730355
0.014117469
0.014365597
0.0141618
0.013944319
0.014062461
0.013927315
0.0139536895
0.013953952
0.013918456