20 358.3 0.26 358.55 0.081 19 28 0.08 0.0 
40 355.81 0.76 356.57 0.135 39 68 0.16 0.0 
60 352.58 0.82 353.39 0.205 59 114 0.24 0.0 
80 350.25 1.08 351.33 0.269 79 159 0.32 0.0 
100 348.44 1.18 349.62 0.345 99 199 0.4 0.0 
120 345.36 1.0 346.36 0.405 119 243 0.49 0.0 
140 343.07 1.07 344.14 0.461 137 284 0.56 0.0 
160 340.21 1.3 341.51 0.495 155 329 0.63 0.0 
180 339.7 1.45 341.15 0.518 175 378 0.71 0.0 
200 336.25 1.5 337.76 0.553 194 426 0.79 0.0 
220 334.19 1.44 335.63 0.578 212 477 0.86 0.0 
240 332.97 1.53 334.5 0.59 231 522 0.94 0.0 
260 331.21 1.43 332.65 0.612 249 585 1.02 0.01 
280 328.72 1.51 330.23 0.631 267 642 1.09 0.01 
300 327.3 1.5 328.8 0.646 287 696 1.17 0.01 
320 325.55 1.71 327.26 0.659 302 758 1.23 0.01 
340 324.42 1.78 326.2 0.674 320 811 1.3 0.01 
360 323.8 1.7 325.5 0.685 335 873 1.37 0.01 
380 322.39 1.78 324.18 0.698 352 933 1.43 0.01 
400 321.85 1.77 323.62 0.705 368 988 1.5 0.01 
420 322.24 1.65 323.89 0.718 383 1049 1.56 0.01 
440 321.12 1.73 322.85 0.726 400 1103 1.63 0.01 
460 320.73 1.82 322.55 0.741 417 1163 1.7 0.01 
480 320.05 1.82 321.87 0.748 435 1238 1.77 0.01 
500 318.56 1.91 320.47 0.753 450 1311 1.83 0.01 
520 315.4 2.18 317.58 0.762 468 1365 1.91 0.01 
540 314.48 2.19 316.67 0.769 484 1432 1.97 0.01 
560 313.01 2.18 315.2 0.774 501 1507 2.04 0.01 
580 311.91 2.22 314.13 0.78 515 1576 2.1 0.01 
600 310.57 2.19 312.75 0.786 532 1655 2.17 0.02 
620 309.22 2.18 311.4 0.792 549 1716 2.24 0.02 
640 307.77 2.03 309.8 0.797 562 1791 2.29 0.02 
660 307.55 2.02 309.57 0.805 575 1856 2.34 0.02 
680 305.89 2.2 308.09 0.811 590 1927 2.41 0.02 
700 305.88 2.02 307.9 0.813 602 2020 2.45 0.02 
720 305.07 1.94 307.01 0.818 620 2090 2.53 0.02 
740 304.33 1.97 306.3 0.825 637 2175 2.6 0.02 
760 304.35 1.9 306.24 0.829 653 2254 2.66 0.02 
780 302.77 1.97 304.75 0.833 669 2346 2.73 0.02 
800 302.09 1.92 304.01 0.836 681 2418 2.78 0.02 
820 302.09 2.06 304.15 0.839 696 2478 2.84 0.02 
840 300.94 2.03 302.97 0.844 711 2557 2.9 0.02 
860 299.51 2.03 301.55 0.845 724 2639 2.95 0.02 
880 298.89 2.05 300.95 0.846 739 2723 3.01 0.03 
900 298.97 2.12 301.09 0.849 753 2807 3.07 0.03 
920 298.51 2.01 300.52 0.85 766 2881 3.12 0.03 
940 297.59 2.15 299.74 0.856 781 2950 3.18 0.03 
960 297.63 2.39 300.02 0.859 794 3027 3.24 0.03 
980 295.23 2.39 297.61 0.86 812 3099 3.31 0.03 
1000 295.32 2.43 297.74 0.863 824 3194 3.36 0.03 
1020 294.89 2.36 297.25 0.866 839 3271 3.42 0.03 
1040 294.29 2.36 296.66 0.868 854 3359 3.48 0.03 
1060 293.35 2.35 295.7 0.871 871 3459 3.55 0.03 
1080 293.89 2.3 296.18 0.872 886 3551 3.61 0.03 
1100 291.73 2.39 294.12 0.874 902 3641 3.68 0.03 
1120 291.33 2.33 293.65 0.876 919 3732 3.75 0.03 
1140 290.23 2.4 292.63 0.877 932 3825 3.8 0.04 
1160 290.39 2.23 292.62 0.878 944 3920 3.85 0.04 
1180 289.67 2.23 291.9 0.881 958 4002 3.91 0.04 
1200 289.97 2.14 292.11 0.884 969 4103 3.95 0.04 
1220 288.1 2.19 290.29 0.885 982 4201 4.0 0.04 
1240 287.57 2.18 289.75 0.886 997 4294 4.06 0.04 
1260 286.71 2.2 288.91 0.886 1014 4392 4.13 0.04 
1280 286.7 2.15 288.84 0.889 1028 4503 4.19 0.04 
1300 285.69 2.19 287.88 0.892 1043 4592 4.25 0.04 
1320 285.34 2.28 287.62 0.893 1058 4705 4.31 0.04 
1340 284.28 2.33 286.61 0.895 1073 4807 4.37 0.04 
1360 284.45 2.34 286.79 0.897 1089 4906 4.44 0.05 
1380 283.14 2.46 285.6 0.897 1104 5008 4.5 0.05 
1400 282.19 2.59 284.78 0.9 1117 5094 4.55 0.05 
