20 194.1 0.26 194.37 0.088 19 146 0.42 0.01 
40 190.39 0.68 191.07 0.173 38 318 0.83 0.02 
60 186.0 1.33 187.33 0.219 58 493 1.27 0.02 
80 184.08 1.66 185.74 0.294 78 655 1.71 0.03 
100 180.12 1.96 182.08 0.349 98 854 2.15 0.04 
120 177.39 2.41 179.8 0.384 118 1042 2.59 0.05 
140 175.21 2.83 178.03 0.416 134 1248 2.94 0.06 
160 171.19 3.37 174.56 0.458 154 1449 3.38 0.07 
180 168.27 3.84 172.11 0.493 172 1650 3.77 0.08 
200 165.34 4.42 169.76 0.53 191 1868 4.19 0.09 
220 163.4 4.84 168.24 0.556 209 2090 4.58 0.1 
240 159.78 5.24 165.02 0.572 227 2329 4.98 0.12 
260 156.57 5.91 162.48 0.593 244 2582 5.35 0.13 
280 154.13 6.55 160.68 0.609 259 2869 5.68 0.14 
300 152.06 7.01 159.07 0.618 277 3144 6.07 0.16 
320 148.63 7.62 156.25 0.638 295 3418 6.47 0.17 
340 146.33 8.29 154.62 0.65 312 3678 6.84 0.18 
360 144.36 8.77 153.13 0.657 330 3918 7.24 0.19 
380 141.34 9.49 150.84 0.675 349 4191 7.65 0.21 
400 139.64 10.13 149.77 0.688 367 4417 8.05 0.22 
420 136.99 10.71 147.71 0.707 382 4672 8.38 0.23 
440 135.27 11.25 146.52 0.711 401 4954 8.79 0.25 
460 133.18 11.86 145.04 0.718 417 5231 9.14 0.26 
480 131.78 12.4 144.18 0.726 436 5531 9.56 0.28 
500 128.74 13.11 141.85 0.731 452 5809 9.91 0.29 
520 127.25 13.67 140.92 0.742 468 6067 10.26 0.3 
540 125.27 14.29 139.56 0.748 486 6371 10.66 0.32 
560 122.97 14.85 137.82 0.757 502 6699 11.01 0.33 
580 121.0 15.54 136.54 0.761 518 6995 11.36 0.35 
600 120.07 16.23 136.3 0.767 537 7318 11.78 0.36 
620 118.38 16.81 135.19 0.775 552 7618 12.11 0.38 
640 117.39 17.53 134.92 0.78 570 7945 12.5 0.4 
660 115.71 18.15 133.85 0.784 583 8237 12.79 0.41 
680 113.76 18.74 132.5 0.787 598 8534 13.11 0.42 
700 111.54 19.4 130.94 0.79 616 8896 13.51 0.44 
720 109.33 20.07 129.4 0.794 632 9219 13.86 0.46 
740 107.37 20.77 128.14 0.799 648 9540 14.21 0.47 
760 105.37 21.48 126.85 0.802 664 9844 14.56 0.49 
780 104.48 22.04 126.52 0.806 681 10188 14.93 0.51 
800 102.58 22.79 125.37 0.809 697 10514 15.29 0.52 
820 101.12 23.49 124.61 0.811 713 10863 15.64 0.54 
840 99.25 24.29 123.55 0.815 731 11156 16.03 0.55 
860 98.11 25.09 123.19 0.816 749 11516 16.43 0.57 
880 96.43 25.92 122.35 0.817 764 11861 16.75 0.59 
900 94.6 26.6 121.2 0.818 780 12200 17.11 0.61 
920 94.01 27.28 121.28 0.82 795 12546 17.43 0.62 
940 91.78 27.97 119.75 0.826 815 12854 17.87 0.64 
960 89.84 28.66 118.49 0.832 831 13140 18.22 0.65 
980 89.16 29.37 118.53 0.833 849 13481 18.62 0.67 
1000 88.09 30.12 118.21 0.834 865 13851 18.97 0.69 
1020 86.18 30.84 117.02 0.835 881 14193 19.32 0.71 
1040 85.42 31.45 116.87 0.837 894 14553 19.61 0.72 
1060 84.02 32.26 116.28 0.839 911 14901 19.98 0.74 
1080 83.06 33.01 116.07 0.84 926 15254 20.31 0.76 
1100 81.18 33.75 114.93 0.844 942 15607 20.66 0.78 
1120 80.13 34.49 114.63 0.843 956 15946 20.96 0.79 
1140 78.32 35.16 113.47 0.846 972 16302 21.32 0.81 
1160 76.78 35.86 112.64 0.848 986 16659 21.62 0.83 
1180 75.83 36.47 112.31 0.849 997 17005 21.86 0.85 
1200 73.33 37.06 110.39 0.852 1013 17328 22.21 0.86 
1220 72.3 37.7 110.0 0.854 1028 17666 22.54 0.88 
1240 71.72 38.33 110.05 0.857 1044 17999 22.89 0.9 
1260 70.46 39.03 109.49 0.859 1059 18341 23.22 0.91 
1280 68.77 39.8 108.57 0.861 1076 18671 23.6 0.93 
1300 67.98 40.48 108.46 0.864 1091 19012 23.93 0.95 
1320 66.18 41.21 107.39 0.866 1107 19380 24.28 0.96 
1340 65.46 42.0 107.46 0.865 1124 19768 24.65 0.98 
1360 64.3 42.59 106.89 0.865 1135 20146 24.89 1.0 
1380 63.18 43.3 106.48 0.866 1148 20486 25.18 1.02 
1400 62.22 43.95 106.17 0.87 1163 20852 25.5 1.04 
1420 61.02 44.59 105.61 0.87 1179 21196 25.86 1.05 
1440 59.41 45.32 104.73 0.869 1196 21583 26.23 1.07 
1460 58.6 46.12 104.72 0.872 1213 21936 26.6 1.09 
1480 57.22 46.83 104.04 0.873 1229 22292 26.95 1.11 
1500 56.2 47.51 103.71 0.872 1242 22657 27.24 1.13 
1520 55.31 48.18 103.49 0.873 1258 22997 27.59 1.14 
1540 53.95 48.86 102.81 0.874 1273 23359 27.92 1.16 
1560 53.06 49.47 102.53 0.875 1286 23663 28.2 1.18 
1580 51.67 50.16 101.83 0.879 1301 24009 28.53 1.19 
1600 50.4 50.87 101.27 0.88 1319 24353 28.93 1.21 
1620 49.32 51.54 100.86 0.881 1335 24704 29.28 1.23 
1640 49.27 52.26 101.52 0.88 1350 25062 29.61 1.25 
1660 48.04 52.87 100.91 0.88 1364 25422 29.91 1.26 
1680 47.08 53.51 100.59 0.883 1378 25764 30.22 1.28 
1700 46.19 54.23 100.43 0.884 1391 26116 30.5 1.3 
1720 44.84 54.94 99.77 0.884 1405 26495 30.81 1.32 
1740 43.62 55.64 99.26 0.885 1419 26858 31.12 1.34 
1760 42.67 56.35 99.02 0.886 1434 27191 31.45 1.35 
1780 41.0 56.89 97.89 0.888 1445 27502 31.69 1.37 
1800 40.29 57.57 97.87 0.888 1460 27886 32.02 1.39 
1820 39.63 58.17 97.8 0.89 1475 28200 32.35 1.4 
1840 39.24 58.97 98.21 0.889 1488 28556 32.63 1.42 
1860 37.54 59.69 97.23 0.891 1503 28899 32.96 1.44 
1880 36.55 60.34 96.89 0.891 1515 29254 33.22 1.45 
1900 35.49 60.97 96.46 0.893 1530 29608 33.55 1.47 
1920 34.9 61.68 96.58 0.892 1545 29978 33.88 1.49 
1940 33.45 62.32 95.77 0.893 1559 30346 34.19 1.51 
1960 32.23 63.17 95.4 0.896 1571 30695 34.45 1.53 
1980 31.33 63.8 95.12 0.896 1585 31030 34.76 1.54 
2000 30.62 64.45 95.06 0.897 1596 31384 35.0 1.56 
2020 29.19 65.11 94.3 0.899 1610 31719 35.31 1.58 
2040 28.05 65.83 93.89 0.899 1622 32073 35.57 1.59 
2060 26.74 66.49 93.23 0.9 1632 32442 35.79 1.61 
