
0.41264734
0.38538697
0.3789269
0.38107145
0.38829857
0.36699402
0.3628007
0.4306148
0.407266
0.35996467
0.35556167
0.36646223
0.34033147
0.3359674
0.34656605
0.36708784
0.3378071
0.33675647
0.34004244
0.35616562
0.32008356
0.32873487
0.33922413
0.33219853
0.34155244
0.32415643
0.32266653
0.3231389
0.36103874
0.3279176
0.32957911
0.31993106
0.32126328
0.32738575
0.31097662
0.31145933
0.3188838
0.32078752
0.30746976
0.32376552
0.32518232
0.33265623
0.30683023
0.2986921
0.30679545
0.2995978
0.299184
0.2924367
0.29152796
0.29648688
0.29882973
0.29375067
0.28450808
0.2875727
0.28182158
0.29979208
0.28032747
0.2798705
0.27914575
0.28434289
0.27647686
0.2764755
0.27506799
0.27194467
0.2717228
0.2693912
0.26683685
0.2724932
0.2704571
0.27692693
0.28023455
0.28405854
0.26373702
0.2717102
0.26211235
0.26694217
0.26018336
0.26220465
0.254943
0.26042286
0.2487697
0.25172937
0.25347546
0.2460803
0.24472535
0.24292694
0.24518113
0.24368955
0.24443278
0.24492973
0.2393485
0.24839018
0.23826493
0.23919582
0.23994976
0.23660487
0.24144211
0.23716345
0.23825496
0.23405215
0.24069397
0.23187187
0.23556286
0.23377925
0.23387028
0.23419544
0.23171252
0.22755183
0.22683588
0.22526482
0.22810502
0.2264
0.22061281
0.25045004
0.21846643
0.22545643
0.22441353
0.21916844
0.22465967
0.2222944
0.2118322
0.21537155
0.22148967
0.21860108
0.21971466
0.21239622
0.21932676
0.221582
0.21572508
0.21433574
0.21000265
0.21751054
0.22296679
0.21831644
0.22048333
0.2109481
0.21197754
0.21215178
0.20725825
0.20556535
0.20600237
0.20283607
0.20181724
0.20336659
0.20675018
0.21019506
0.20213751
0.20648666
0.2072284
0.20874594
0.20570803
0.199786
0.20274442
0.20148167
0.20191965
0.1993532
0.20116097
0.20347576
0.19535257
0.19356169
0.1979158
0.19595
0.2092938
0.19725035
0.20392415
0.20016292
0.20551671
0.19160411
0.19317369
0.19203569
0.1863834
0.18810657
0.1894747
0.19278364
0.19219837
0.19087732
0.18751776
0.18458095
0.18979993
0.19022237
0.19353113
0.19562125
0.19459222
0.18761279
0.18720558
0.18300289
0.18993615
0.18926223
0.18807445
0.18890059
0.18407132
0.1843146
0.18347672
0.18714388
0.18544973
0.18110031
0.18472116
0.18090527
0.18137854
0.17960908
0.18115796
0.18712588
0.18116061
0.1849687
0.18920264
0.18061563
0.18627642
0.18294446
0.18555073
0.18396816
0.18260571
0.18238688
0.18728888
0.18262339
0.17940076
0.18009691
0.18345508
0.1768348
0.1726187
0.17344734
0.17723171
0.17066324
0.17525408
0.17170118
0.17134932
0.17349868
0.17128913
0.17298374
0.17059723
0.17170908
0.17002843
0.17213216
0.1730581
0.17532118
0.17302631
0.16795987
0.17394963
0.16949356
0.17017719
0.1684598
0.17048848
0.16270836
0.16567746
0.16896166
0.16507836
0.16523346
0.16324113
0.172621
0.16653799
0.16581611
0.16777983
0.16392115
0.16586533
0.16455555
0.16710706
0.1651092
0.16040592
0.16097048
0.16295692
0.1623378
0.16398175
0.15885378
0.15731743
0.1579623
0.159425
0.16052076
0.1543048
0.15868512
0.1591633
0.15742376
0.15549967
0.15860224
0.1594569
0.15554757
0.15563887
0.15607238
0.16348705
0.15252447
0.15351228
0.15753531
0.15572229
0.15173472
0.15156804
0.15543056
0.15400213
0.15264298
0.15417981
0.15479247
0.15370192
0.1512821
0.15018387
0.15236114
0.15542544
0.15486217
0.15730411
0.15051681
0.15127245
0.14949273
0.14691173
0.14888518
0.14768991
0.14819905
0.1484573
0.14863232
0.1503788
0.15084538
0.1478377
0.1444902
0.14678165
0.1464486
0.14775306
0.14975668
0.14280362
0.14396565
0.14833471
0.14510494
0.14332214
0.14185499
0.14400478
0.14481527
0.14752051
0.1438527
0.14153032
0.14219911
0.13996243
0.14540574
0.14202416
0.14006598
0.14001656
0.14087915
0.13884184
0.1436464
0.14425336
0.13852365
0.14284018
0.14181791
0.14485323
0.13892123
0.14271836
0.13907899
0.13898332
0.13989681
0.14124209
0.13757911
0.13650753
0.13650942
0.13723026
0.14271031
0.13754883
0.13608336
0.14935647
0.14009246
0.13855073
0.13664024
0.13587005
0.13852108
0.13319595
0.13469912
0.13583602
0.13663031
0.1365168
0.13399744
0.13564628
0.1399617
0.13357228
0.1376313
0.13640411
0.13322945
0.13493162
0.13427281
0.13266559
0.13168077
0.13407336
0.13219038
0.13121577
0.13053803
0.13293298
0.12956628
0.13516866
0.13093309
0.13028371
0.13088636
0.12787479
0.13266347
0.13229533
0.12999377
0.13031058
0.12925951
0.13135728
0.13175333
0.12893705
0.1258443
0.13084513
0.1319866
0.12729028
0.12733875
0.12833944
0.1268115
0.12809594
0.12899567
0.12836841
0.12678987
0.12791178
0.12718856
0.12800193
0.12869808
0.12589389
0.12708268
0.12654203
0.12666766
0.1298265
0.12650485
0.12870812
0.12535441
0.12261637
0.12459782
0.12638576
0.12296126
0.12293842
0.1234803
0.12645718
0.12348189
0.124470234
0.124383815
0.12791048
0.13062982
0.12280527
0.12465536
0.12108813
0.12240936
0.1258613
0.12204798
0.12260936
0.12159219
0.118357964
0.12088281
0.121324934
0.12119431
0.12099471
0.1215086
0.12115106
0.12234224
0.12274055
0.11950963
0.12203095
0.1229891
0.12153797
0.12324124
0.122169934
0.121612586
0.12018009
0.120153
0.11827267
0.11923862
0.12257166
0.12295853
0.116225645
0.118454374
0.12365767
0.11840411
0.12104873
0.12115661
0.11674572
0.118119575
0.12156646
0.1147508
0.11830429
0.117309086
0.12023858
0.11692908
0.11622013
0.11385233
0.11559356
0.120639235
0.11633322
0.119303286
0.116666324
0.11914336
0.11356851
0.114076056
0.121346354
0.11359142
0.11436013
0.113047935
0.11481899
0.11399658
0.11824269
0.11392078
0.11287484
0.118101865
0.11473809
0.117284484
0.11748048
0.11398678
0.1146525
0.11240997
0.11373531
0.11293508
0.11313362
0.116312936
0.11240893
0.1130725
0.11464122
0.114424825
0.111619145
0.11312945
0.11092651
0.11117014
0.11458425
0.11546291
0.1129751
0.11770516
0.11317088
0.109990954
0.110091254
0.11043356
0.11003107
0.11114346
0.1104727
0.111725725
0.11559636
0.11181517
0.11202971
0.1102434
0.108906485
0.11458798
0.11310372
0.11412663
0.10776124
0.1123383
0.11021284
0.11011006
0.10833541
0.10761121
0.10757026
0.108057156
0.10768945
0.10714012
0.110377096
0.10898017
0.10801898
0.108142726
0.10732723
0.10725984
0.10702199
0.10786814
0.10841303
0.10871733
0.105493344
0.106666125
0.10690586
0.10595132
0.10436443
0.11244569
0.10308247
0.10884126
0.10418124
0.103135474
0.105324484
0.106181584
0.1059946
0.10486258
0.10358236
0.10468379
0.10289445
0.10944284
0.10390233
0.10462633
0.10511069
0.10560856
0.10538674
0.102078706
0.10495368
0.103861906
0.1012908
0.104814015
0.110968485
0.10145234
0.10313832
0.10275928
0.10492278
0.10630931
0.101477146
0.10214183
0.103036046
0.10075159
0.100700475
0.10107119
0.10614142
0.102002285
0.10130488
0.104157604
0.10301268
0.102235205
0.10011448
0.101597585
0.10493483
0.10439146
0.09916224
0.1026598
0.10316231
0.100519635
0.100414366
0.10598429
0.10073815
0.10175943
0.10120748
0.10333003
0.09923452
0.099424295
0.10043266
0.098752454
0.101162
0.09985458
0.1006567
0.09923778
0.098902926
0.09866858
0.10089243
0.10203706
0.098547556
0.098541364
0.10060893
0.09879954
0.09672772
0.09996266
0.09628617
0.10380187
0.09839331
0.09758473
0.09753932
0.09806196
0.09557759
0.09553127
0.09940706
0.09869823
0.099012084
0.09669753
0.098631196
0.09559033
0.09622456
0.09744098
0.09654226
0.094825335
0.097537346
0.100491434
0.10026928
0.09655503
0.09472883
0.095328346
0.097036585
0.09343514
0.09621852
0.096181616
0.09384316
0.094129935
0.09411274
0.09882355
0.09704967
0.09597635
0.09430473
0.09253056
0.09480061
0.0940122
0.09328806
0.095725425
0.09627709
0.09501155
0.0979931
0.0922739
0.09501631
0.094651595
0.09283535
0.09188663
0.0925804
0.09218238
0.09220162
0.09499572
0.09135997
0.09349344
0.09319229
0.09226239
0.094490565
0.092030086
0.09109656
0.090215944
0.09204737
0.09249067
0.09283951
0.09329623
0.09272178
0.092007235
0.091812864
0.0918959
0.09138442
0.091198586
0.09217823
0.09057261
0.09363986
0.09311432
0.09236061
0.09014198
0.090957336
0.08915615
0.09281296
0.091846764
0.09113338
0.09520857
0.09021593
0.09298618
0.08996371
0.09185028
0.08962617
0.08850481
0.0915531
0.090378985
0.090089284
0.08950842
0.090774894
0.088653736
0.09065323
0.08996193
0.092961974
0.08745947
0.091826506
0.08959508
0.09044875
0.08857455
0.09011404
0.08969003
0.08922391
0.08871239
0.08960337
0.091529526
0.088860184
0.08895658
0.089059494
0.0907436
0.08780774
0.087954
0.089220576
0.09132359
0.08877062
0.089219235
0.087853275
0.087257266
0.091383696
0.088984855
0.08855929
0.08729092
0.091848224
0.08766982
0.08965834
0.087486416
0.08810506
0.08906485
0.08896273
0.08777173
0.088615045
0.087212205
0.08920575
0.09029563
0.085677885
0.087470576
0.086815126
0.08635826
0.08663498
0.08778915
0.08846021
0.088539146
0.08810164
0.08499899
0.087332554
0.08583235
0.0870313
0.088631466
0.08581524
0.08985205
0.08546365
0.08691775
0.085353546
0.085020855
0.084074065
0.083842024
0.08378699
0.08542737
0.084469646
0.085312404
0.08541959
0.08444815
0.082679205
0.08532312
0.08486318
0.08377485
0.08321461
0.08705754
0.08554785
0.08340939
0.08486441
0.083808884
0.08364651
0.08434553
0.08215531
0.081708595
0.08237974
0.08315812
0.08565458
0.08334403
0.08173693
0.0828892
0.08231574
0.08305069
0.08275224
0.08386064
0.08213301
0.08232055
0.083733656
0.08231272
0.08058854
0.08449238
0.0845061
0.084500246
0.08322728
0.083603
0.08251716
0.083603814
0.08336769
0.080501534
0.08039267
0.08316067
0.08104453
0.08207352
0.081125535
0.08344062
0.08305276
0.086878635
0.08353042
0.08220477
0.08135387
0.08281746
0.083945714
0.08465766
0.08824741
0.08133848
0.081986435
0.08028314
0.08379685
0.08489785
0.08050804
0.08228171
0.08160317
0.08199075
0.08350401
0.08102192
0.079815626
0.08299543
0.082021534
0.078702375
0.08019087
0.080271095
0.07938489
0.08022405
0.0811224
0.08084952
0.07963104
0.08092102
0.078787796
0.08003736
0.08060086
0.08028714
0.08249459
0.084083244
0.082875006
0.07919672
0.07828832
0.08021526
0.08097843
0.07845204
0.078230046
0.078966714
0.0804835
0.08298631
0.078140646
0.07828482
0.08034841
0.081029035
0.08378051
0.07919044
0.08091618
0.077467576
0.08038577
0.08014228
0.07880222
0.07776556
0.07939558
0.07773719
0.07952149
0.078162506
0.07659832
0.07741018
0.07826259
0.07668569
0.077483386
0.0793197
0.077629805
0.07947347
0.07884214
0.077672675
0.07763762
0.07839499
0.07663828
0.0778747
0.07782098
0.07570462
0.07840385
0.078694835
0.076958545
0.07696323
0.077809714
0.08059953
0.07779514
0.08117132
0.07548663
0.079233766
0.07615248
0.076038994
0.07802657
0.07653492
0.07547363
0.075323075
0.07659437
0.07961727
0.07525552
0.075942345
0.07685041
0.07761002
0.07769648
0.07943863
0.07822458
0.07781597
0.0779024
0.077279985
0.07722183
0.07540128
0.07593396
0.07485757
0.07678501
0.07787664
0.0774564
0.07615395
0.07668152
0.076025516
0.07712372
0.07553133
0.07731525
0.0730217
0.07743169
0.0736982
0.074249946
0.07459568
0.07598422
0.07453604
0.07530858
0.07424691
0.074794
0.07347538
0.07463791
0.07287905
0.073917486
0.075669184
0.07592149
0.074078366
0.072124295
0.07388631
0.07286408
0.07507076
0.073939264
0.07414034
0.0754867
0.0760414
0.073780745
0.07243885
0.073708095
0.074279085
0.07374107
0.07524364
0.074330084
0.0740025
0.07723686
0.071816176
0.07316678
0.07524563
0.07345439
0.07319746
0.07549621
0.072958976
0.07379492
0.07456744
0.075723395
0.07465549
0.072933815
0.0746589
0.07239807
0.08101845
0.072373554
0.07348212
0.0749374
0.072102204
0.07236176
0.07266381
0.07483252
0.073150165
0.072368294
0.073336974
0.07151898
0.07626125
0.08097989
0.07444097
0.0717392
0.0727888
0.07007438
0.07123475
0.070689514
0.07025243
0.072167024
0.07342821
0.072847724
0.07373468
0.07153438
0.07131114
0.073655576
0.07009038
0.07304548
0.072220795
0.07129146
0.072544985
0.07244466
0.071045384
0.070623815
0.07368325
0.07304272
0.07305179
0.07114361
0.07275138
0.07419961
0.07335234
0.07322918
0.06944252
0.07323412
0.072016284
0.07192231
0.0699407
0.07274521
0.072123684
0.07047293
0.07235073
0.07132657
0.07068491
0.07093006
0.07409508
0.070877664
0.06943275
0.07243888
0.072322115
0.068650596
0.06878808
0.070100464
0.07141378
0.06878075
0.06927174
0.07019404
0.07061308
0.07122125
0.075481944
0.069257595
0.07024831
0.069675595
0.07153334
0.069317006
0.07012227
0.07100218
0.07084161
0.06862769
0.071352944
0.070617706
0.069264635
0.06916669
0.07178088
0.069010004
0.07052052
0.070773214
0.069130644
0.06923044
0.06853645
0.0722594
0.06808558
0.06968968
0.06913767
0.069919184
0.068944
0.069003195
0.06928982
0.07066233
0.07123513
0.06948891
0.06788567
0.06981029
0.06812043
0.07065405
0.07081035
0.06957519
0.069289155
0.068752706
0.0684816
0.069374755
0.06864764
0.0704849
0.070725374
0.06817682
0.06775825
0.067554764
0.06825249
0.066497214
0.07016016
0.066585064
0.06856244
0.06692788
0.07037668
0.067531034
0.067805775
0.06956912
0.06639999
0.06621885
0.06816179
0.06723526
0.0706461
0.06655355
0.0682806
0.06778847
0.06724963
0.07028753
0.06660809
0.067881994
0.06784936
0.06833562
0.069206275
0.06752305
0.066068724
0.066500224
0.0705732
0.06560939
0.069087535
0.066914275
0.068506196
0.06766098
0.06713134
0.06525461
0.06779619
0.066932224
0.066380695
0.066295125
0.06600277
0.06633898
0.06727856
0.06928085
0.066697374
0.06720098
0.06818163
0.06652688
0.06740723
0.06565992
0.06670327
0.06443385
0.06616536
0.06844452
0.06634991
0.06534897
0.06763962
0.06737034
0.06484153
0.06573808
0.06641144
0.0643739
0.067103654
0.06513191
0.06694241
0.06457798
0.06738376
0.06520408
0.065686114
0.06516504
0.06554862
0.0658589
0.06497059
0.06690586
0.06484351
0.0664098
0.065233275
0.065018274
0.06474452
0.065842904
0.06434192
0.06482918
0.06499815
0.06358123
0.06667892
0.063556984
0.064388
0.063549176
0.06389139
0.06489486
0.06408233
0.06545571
0.06558548
0.06382339
0.06702428
0.06751038
0.066678196
0.06497215
0.066339135
0.06373148
0.06789529
0.063790046
0.06532031
0.06568915
0.06689533
0.065093756
0.06344729
0.06467709
0.062389117
0.06446058
0.0639211
0.06424859
0.06557725
0.06505837
0.065736674
0.06420575
0.06696662
0.06539516