
0.17855603
0.15959884
0.17198388
0.14901759
0.14550906
0.148004
0.14534199
0.1476544
0.13890396
0.14975676
0.1335359
0.13095996
0.135426
0.13128206
0.13197589
0.13304976
0.13681345
0.1297245
0.130499
0.12670389
0.12565777
0.12448612
0.12530263
0.12581106
0.12675266
0.12309059
0.11922075
0.12081041
0.12017048
0.120479494
0.123875916
0.12072408
0.12337365
0.117285416
0.117676616
0.1195511
0.11897659
0.12206007
0.11660319
0.120590344
0.121930785
0.11964904
0.11451343
0.11452855
0.123306684
0.11743258
0.11531481
0.11284497
0.11244263
0.11249203
0.11191995
0.11118065
0.11735925
0.1095527
0.11006445
0.113685265
0.10966824
0.109663926
0.11034709
0.10800981
0.108493105
0.10531274
0.105603255
0.10430471
0.10745191
0.10810862
0.10501028
0.1101996
0.102278434
0.104133256
0.10846012
0.107996
0.10320845
0.103628464
0.1029583
0.10395419
0.102477856
0.1012431
0.1031339
0.10204513
0.10127376
0.10257551
0.10005359
0.101423986
0.10000287
0.10166438
0.100995176
0.10141988
0.09952035
0.100019686
0.09994916
0.09841045
0.096492074
0.098644085
0.09909967
0.0980405
0.09729249
0.100683264
0.09604242
0.098421015
0.095458545
0.0951
0.095029
0.09484478
0.09495876
0.09676209
0.09260517
0.094391935
0.09636202
0.092636585
0.093848415
0.093125805
0.09247405
0.09593381
0.093642175
0.0935128
0.091230735
0.08985892
0.08967946
0.09045759
0.08787626
0.08797489
0.09092143
0.09074846
0.09026152
0.09056078
0.08756846
0.08862415
0.08933609
0.087680385
0.090227425
0.08710131
0.08770285
0.08814322
0.087204136
0.08926781
0.090793915
0.08520016
0.08956069
0.08985037
0.10214366
0.089725085
0.08624525
0.0850387
0.08710281
0.086018845
0.08619038
0.085501894
0.08441999
0.08563929
0.084098436
0.08587302
0.08656355
0.084269784
0.08288655
0.08357555
0.085921586
0.08458923
0.085167944
0.08242105
0.08343432
0.08529743
0.083154984
0.08493192
0.08299559
0.081688404
0.08280671
0.08353852
0.08221767
0.08222223
0.08228134
0.081662156
0.08225935
0.081275
0.081838034
0.083397746
0.08261096
0.07910564
0.07984644
0.08013021
0.079579346
0.07966198
0.07909797
0.079066925
0.0792279
0.07956568
0.07805089
0.07714553
0.07896247
0.08058015
0.07875385
0.0784796
0.079191305
0.079682805
0.079843394
0.0787066
0.07863426
0.07864454
0.07828278
0.07763576
0.07873168
0.0782963
0.075244166
0.07561231
0.07560246
0.074587606
0.07645792
0.084181115
0.07366687
0.07244195
0.072776325
0.0747966
0.07358869
0.07416766
0.075416036
0.07527052
0.07327253
0.07744379
0.07506986
0.07218579
0.07571142
0.07609833
0.0719369
0.07213121
0.07306876
0.07236637
0.07186489
0.072031215
0.07355959
0.07192345
0.07317606
0.07578942
0.0737354
0.071737215
0.07199839
0.07069028
0.0746544
0.07141459
0.07188712
0.07054775
0.0733854
0.07044539
0.07077441
0.07178053
0.07100231
0.07185568
0.070904784
0.07044584
0.07478094
0.069898106
0.070685305
0.06959553
0.06969029
0.070391424
0.06824638
0.068985544
0.06788651
0.068005346
0.06957311
0.06838329
0.06728457
0.06851408
0.0679528
0.06656751
0.06768137
0.06476047
0.067627296
0.06598449
0.066249005
0.06869242
0.06622257
0.06554286
0.06890693
0.06649273
0.06629351
0.067150675
0.06699359
0.06575905
0.065421335
0.065250285
0.06714152
0.065077685
0.06382427
0.06716505
0.06516614
0.06519203
0.0649753
0.066381104
0.06448831
0.064642645
0.06457941
0.063276075
0.063951395
0.06316187
0.06580711
0.0629974
0.06542031
0.06687083
0.06475471
0.064515434
0.06424817
0.06326923
0.06470509
0.06432984
0.06541264
0.06373039
0.06527857
0.061719242
0.06221638
0.062762514
0.06164883
0.063761175
0.06104518
0.06282721
0.0617472
0.061264582
0.07544223
0.06226284
0.06123559
0.060890198
0.06075195
0.060855594
0.06213218
0.061774436
0.06071787
0.061027557
0.060762364
0.063090585
0.062384218
0.059895474
0.06197028
0.0602134
0.06102896
0.062289566
0.059864037
0.060459964
0.05948456
0.061319407
0.05997815
0.06015926
0.059352744
0.058353268
0.059765123
0.059323613
0.059966225
0.060482867
0.05935356
0.059416246
0.059730496
0.059196513
0.05988228
0.059056357
0.058494035
0.057734527
0.058357
0.058741894
0.057523355
0.058048856
0.058409285
0.05919967
0.059278466
0.05682846
0.05608812
0.0576095
0.058539286
0.058175087
0.0573694
0.056261614
0.05577729
0.05724986
0.060710352
0.057646345
0.057233203
0.05704644
0.056629784
0.057108577
0.05688574
0.056670297
0.05715198
0.056383464
0.055977922
0.05571333
0.056599308
0.05640542
0.057924207
0.056540523
0.055773903
0.054574445
0.056711525
0.05605479
0.057171024
0.057453837
0.056163393
0.055832915
0.05577817
0.055290964
0.055374753
0.055690177
0.055700827
0.054682314
0.05618157
0.05485746
0.05473814
0.056565203
0.055932146
0.05351442
0.055571258
0.05456431
0.05496242
0.05369999
0.054751765
0.05500107
0.05412408
0.05395933
0.054269403
0.054234054
0.05360413
0.053133626
0.052873917
0.053215116
0.05395698
0.05379053
0.05235181
0.054279845
0.053777315
0.05303635
0.052903127
0.053219177
0.053462666
0.051392183
0.054015007
0.05163647
0.0526703
0.05240969
0.051678862
0.051504556
0.053667624
0.051909763
0.05218971
0.05157679
0.05192421
0.05154756
0.05342566
0.05194726
0.05234936
0.05276257
0.052800324
0.051957443
0.05235372
0.05224834
0.051011246
0.052495003
0.051939752
0.051015086
0.050216764
0.05203484
0.05026182
0.051692188
0.0530865
0.050646156
0.05278596
0.05146407
0.051199056
0.049423963
0.0497819
0.05009231
0.049761195
0.051829427
0.053038307
0.04909474
0.049347542
0.049726974
0.04920884
0.048563685
0.049636282
0.049305152
0.048640978
0.049012817
0.04927327
0.048564315
0.04880715
0.04884372
0.04852784
0.04974874
0.049391348
0.049635205
0.049190152
0.048784375
0.049288165
0.04859921
0.05060596
0.049645998
0.049839206
0.049044013
0.049548585
0.04927129
0.049608413
0.050373048
0.047943622
0.048893493
0.048058722
0.048006404
0.04827992
0.048715632
0.04824224
0.049766522
0.04795258
0.04839585
0.04750939
0.047535338
0.04785019
0.047687735
0.04736674
0.04752671
0.04802073
0.047877584
0.046973817
0.048117325
0.0462916
0.047052756
0.04847124
0.04773794
0.047015116
0.046669275
0.04710296
0.045595963
0.046116196
0.046918232
0.04640726
0.047508206
0.046248157
0.047201898
0.046185706
0.047279123
0.046531975
0.04612967
0.04599526
0.046558335
0.047401574
0.04703268
0.04690397
0.044953443
0.046960358
0.045512117
0.04604321
0.045433696
0.045966182
0.045531075
0.0447315
0.04611819
0.045509964
0.045037083
0.04663525
0.046411477
0.04745887
0.04723247
0.046327733
0.045121297
0.047597777
0.045337148
0.045387935
0.04663991
0.04679473
0.045329444
0.046560794
0.045767482
0.04423944
0.047467362
0.044626765
0.045045204
0.045242134
0.044934805
0.045921534
0.04496472
0.04559969
0.04523501
0.044984326
0.044647846
0.044373754
0.04520982
0.04393125
0.044519164
0.045471393
0.044001166
0.045207284
0.04389954
0.04378105
0.045148782
0.044329897
0.043443196
0.04426606
0.04402988
0.04268599
0.043572836
0.043837674
0.04386257
0.043949645
0.0433774
0.043380465
0.044052087
0.042688444
0.044045515
0.044124763
0.043690234
0.043484353
0.043420527
0.044011526
0.044778813
0.043845374
0.043794315
0.042781606
0.042906046
0.04296708
0.04342322
0.041662537
0.043252423
0.0433203
0.042319667
0.042807557
0.042053297
0.042751152
0.043067023
0.042517643
0.04274066
0.042560287
0.043073293
0.04220435
0.04246869
0.042119842
0.042162053
0.042600997
0.042713717
0.042236634
0.041251656
0.04386245
0.04137156
0.041186497
0.042173073
0.04203144
0.042429306
0.04190358
0.042119246
0.041927528
0.041530006
0.043532155
0.043043308
0.042038396
0.040994275
0.040887553
0.042548303
0.041325767
0.041470896
0.04085787
0.041118972
0.04131234
0.04055276
0.04071922
0.041176084
0.041022096
0.041167106
0.04270119
0.04051415
0.040975608
0.04088605
0.04075392
0.041497823
0.041586917
0.040510938
0.040682044
0.039932426
0.040901612
0.042001866
0.040655382
0.041511565
0.040192477
0.040803514
0.04109316
0.040487103
0.0406163
0.041097727
0.040475335
0.04058167
0.040859934
0.039444838
0.040205292
0.040698104
0.040461004
0.041696295
0.040636305
0.041175783
0.040276628
0.04057649
0.04071821
0.04058479
0.04026356
0.04007055
0.040181477
0.039438862
0.03962847
0.04047085
0.039583687
0.039401915
0.040793166
0.03994346
0.039136704
0.040201854
0.04021209
0.039993044
0.04184411
0.039582036
0.039695222
0.04008527
0.041022245
0.04002605
0.039567817
0.040165424
0.039639045
0.040067118
0.039762408
0.040231623
0.03896291
0.03872995
0.039181147
0.038729858
0.04014996
0.03839561
0.039630055
0.03908332
0.03922401
0.039326563
0.039050136
0.038996942
0.040957186
0.038443904
0.038778063
0.038201004
0.03938269
0.03829318
0.038510498
0.038309906
0.039070815
0.039420377
0.038458012
0.038610734
0.03950465
0.039758455
0.038723525
0.039586138
0.03843253
0.039122917
0.039420333
0.039251972
0.03898949
0.039949074
0.038135942
0.03892167
0.040305402
0.03789158
0.039739627
0.038310707
0.03955854
0.038281605
0.038784217
0.038556367
0.039125368
0.038380273
0.03795898
0.037174065
0.039350927
0.038765147
0.040573686
0.038299408
0.03808784
0.03771892
0.038352802
0.039540537
0.03949057
0.037551317
0.0381193
0.03866041
0.038249124
0.037740406
0.03749994
0.03791392
0.038078588
0.037737045
0.03726177
0.03748287
0.038081694
0.037280317
0.037982374
0.03778189
0.037037008
0.036670864
0.036708407
0.03842973
0.037380345
0.036524653
0.037303135
0.03661548
0.036821764
0.037345752
0.0367171
0.037082046
0.036297023
0.036728196
0.037631728
0.03721766
0.036407504
0.036269728
0.03752977
0.036339257
0.037526898
0.036051422
0.03629247
0.035794146
0.037330855
0.037219994
0.037056237
0.037845157
0.036157284
0.035816826
0.03620353
0.036246024
0.035929933
0.036863957
0.036767744
0.035965025
0.035882715
0.035841737
0.036649022
0.035895217
0.036136247
0.036309578
0.036724996
0.03599824
0.036677293
0.036247697
0.03601723
0.03637977
0.035645362
0.035951644
0.036214873
0.0372292
0.0353235
0.035745412
0.035457607
0.03589337
0.03538031
0.036121424
0.03637353
0.03576014
0.03562687
0.03597073
0.035935145
0.03560855
0.035917804
0.035393864
0.036402557
0.034563564
0.03677559
0.03570178
0.035777
0.036623064
0.037006866
0.036357567
0.036680564
0.03630717
0.03641356
0.03613329
0.036192868
0.03560762
0.035643045
0.03693362
0.03457996
0.03607487
0.035366435
0.03491124
0.035101872
0.03585539
0.03444093
0.034750674
0.03490507
0.034694564
0.034369633
0.03614003
0.034214072
0.034871496
0.03583936
0.034795176
0.033970162
0.03532549
0.036160905
0.03427583
0.034081623
0.03450138
0.03457958
0.034280803
0.035193834
0.03538151
0.03490221
0.034009933
0.035257354
0.034671534
0.03454644
0.0343207
0.03527479
0.034583293
0.03583208
0.03446028
0.034514368
0.034141686
0.03442573
0.033740435
0.034209784
0.03521685
0.034686875
0.034022946
0.034651186
0.033301782
0.034570415
0.03413722
0.03432964
0.034621805
0.034462705
0.034169734
0.0339519
0.035792075
0.034274995
0.034065723
0.03454996
0.03414102
0.034340914
0.03371888
0.03374326
0.03346426
0.03371619
0.03388871
0.034815475
0.034010638
0.033524614
0.033494413
0.03328138
0.033717353
0.03508465
0.03388311
0.033606812
0.03322806
0.034095075
0.034298707
0.032925915
0.034103923
0.033151798
0.0339092
0.033391662
0.0329637
0.03327328
0.034087848
0.032861374
0.03355297
0.033798166
0.033525072
0.033094667
0.033871487
0.034141902
0.03321334
0.034670718
0.032585826
0.033051837
0.033710297
0.03272211
0.03311237
0.032620262
0.032810554
0.032617692
0.033646226
0.032955263
0.032451764
0.03313801
0.032934986
0.032645255
0.03359538
0.034300897
0.03330661
0.032597523
0.032231178
0.032189548
0.03358745
0.033297535
0.032875746
0.033496283
0.033636
0.033323493
0.033360332
0.033189714
0.03341391
0.032472864
0.033248674
0.03402363
0.0333633
0.03267603
0.032668017
0.03230959
0.033114024
0.032812513
0.032790285
0.032536272
0.03225657
0.031993926
0.033376157
0.03199449
0.032271154
0.032818716
0.033221878
0.03478323
0.031913634
0.032225307
0.032336492
0.03301631
0.03310979
0.0325287
0.032896426
0.033350356
0.03392856
0.033583004
0.032767523
0.032426078
0.032440517
0.032832686
0.031602155
0.032237902
0.032586996
0.03211053
0.032277063
0.031816885
0.031839557
0.03340961
0.032629635
0.032172304
0.031980775
0.032388646
0.03245544
0.032919053
0.031945113
0.032210782
0.032737687
0.032587152
0.031801995
0.031822238
0.032044906
0.031442802
0.031818528
0.032172598
0.032197587
0.031405274
0.031727105
0.031170461
0.03144362
0.03312355
0.031658407
0.031611755
0.032037295
0.031707834
0.031327855
0.031195283
0.031581666
0.03193435
0.03101103
0.031175043
0.03187952
0.03202984
0.03226534
0.03324783
0.031462528
0.031219313
0.030988242
0.03210553
0.030870358
0.031117877
0.030944789
0.031636097
0.030624473
0.03099148
0.03213891
0.030961541
0.03107363
0.03099546
0.032034896
0.030872595
0.030916275
0.030888315
0.031982347
0.030760465
0.031700805
0.031505212
0.03126167
0.03180035
0.03109909
0.030523874
0.03241877
0.03212433
0.030904341
0.031070726
0.032009035
0.030398006
0.030909881
0.031259682
0.030311137
0.031244926
0.030906426
0.030433666
0.030971443
0.03223278
0.03050462
0.03169942
0.030509915
0.030755667
0.03039036
0.0318246
0.030653486
0.030874602
0.030347962
0.0313452
0.029901061
0.03093352
0.031126715
0.03067358
0.03056953
0.03035083
0.03107788
0.03172364
0.031286076
0.030758655
0.029904066
0.030214073
0.03008743
0.030811578
0.03015794
0.030021073
0.02952424
0.031051569
0.030753588
0.03174906
0.031010836
0.029912353
0.030450005
0.030268304
0.03145283
0.030697208
0.030577876
0.031459946
0.03061442
0.030101158
0.03043935
0.030333066
0.029993221
0.029983388
0.030319737
0.029234739
0.030298881
0.02972069
0.02985661
0.029799506
0.02969106
0.030922865
0.029655231
0.030592443
0.029418392
0.030691793
0.029645013
0.03069918
0.031224243
0.029853843
0.029645853
0.030057332
0.02991174
0.029905088
0.030100161
0.029553557
0.02971878
0.030097805
0.030115819
0.030241314
0.030331172
0.029581929
0.02997935
0.029539982
0.029893206
0.029247563
0.029592756
0.029373229
0.02932085
0.03018621
0.029837042
0.02982523
0.02916294
0.029894952
0.029676132
0.029890375
0.029932143
0.02930504
0.031181742
0.030124167
0.029197719
0.029310044
0.02988644
0.030119084
0.02999165
0.029781437
0.029690377
0.028936883
0.029498186
0.029923916
0.029401952
0.029767474
0.029509027
0.029303476
0.029828154
0.029445194
0.02910189
0.02931434
0.029111117
0.030081073
0.029723978
0.029251274
0.02887157
0.029704958
0.029290613
0.029315196
0.028999042
0.02958444
0.029329255
0.02905743
0.029055303
0.028841851
0.030411525
0.028493278
0.02924681
0.029382031
0.029135536
0.029457016
0.03019175
0.029588776
0.028491728
0.028751355
0.02878431
0.028394701
0.028677192
0.02816445
0.02885202
0.028909871
0.028291535
0.028660186
0.029422788
0.028942965
0.028425638
0.02867632
0.028589534
0.029208714
0.028615376
0.029046929
0.029264865
0.029209338
0.030006366
0.029226698
0.029330958
0.028876312
0.029216478
0.029081455
0.028103521
0.02886947
0.028371228
0.029076044
0.028589446
0.029359462
0.028220216
0.029057462
0.028792016
0.029012002
0.028506538
0.028270999
0.029754795
0.029366665
0.028757025
0.028679023
0.028406955
0.028844519
0.028641196
0.028697167
0.028249806
0.02812449
0.028047254
0.028067265
0.029022302
0.028011244
0.02738792
0.02769162
0.027816506
0.027682401
0.028221615
0.028546685
0.02862149
0.028061751
0.02881968
0.028168293
0.028582048
0.027836401
0.02833031
0.028451204
0.028600384
0.027935835
0.028041832
0.027668066
0.028683605
0.02791317
0.030125907
0.028561218
0.027673736
0.027910538
0.027499435
0.028198972
0.028016899
0.02803017
0.027955122
0.028349895
0.027637454
0.028396416
0.028415173
0.028584957
0.029101927
0.028747857
0.027744146
0.02804825
0.028127767
0.027684933
0.028315393
0.027584156
0.028379003
0.027889067
0.027756488
0.02845052
0.027503049
0.02770752
0.0274508
0.027888637
0.028062528
0.027770266
0.027605588
0.028000169
0.027598374
0.028197004
0.02704876
0.026945174
0.027833983
0.027214322
0.028227257
0.026919665
0.027583493
0.027814396
0.02689455
0.027123313
0.027730674
0.02746197
0.02764486
0.027110573
0.02694331
0.02715874
0.02690882
0.02741185
0.027878689
0.028244274
0.026756085
0.027692057
0.026766004
0.026860872
0.027087593
0.028268363
0.027700363
0.027266154
0.02763133
0.028396262
0.027612353
0.027329119
0.027068147
0.027310023
0.027443074
0.02735701
0.027777143
0.028485887
0.026923083
0.02770545
0.027772233
0.028709922
0.026863221
0.026968857
0.026898367
0.027087085
0.026859757
0.027321253
0.027164651
0.026936224
0.026782975
0.027274631
0.027527686
0.028019484
0.027340855
0.026949685
0.026858967
0.02802453
0.026604433
0.02644693
0.027019985
0.02738715
0.027665926
0.027403187
0.027433913
0.027821822
0.027224923
0.027773669
0.027409792
0.028059091
0.026820043
0.027210204
0.026688073
0.027222123
0.026723465
0.02751415
0.026817802
0.027136957
0.026524566
0.026604248
0.02678463
0.027652752
0.026992017
0.027188534
0.026925812
0.026896868
0.027210562
0.026535109
0.026769904
0.027104657
0.028195392
0.026111621
0.026542159
0.02654888
0.027233396
0.02702684
0.026877096
0.026665332
0.026727831
0.02694024
0.02847829
0.027163658
0.027232537
0.028319582
0.026973592
0.026831124
0.027626107
0.026474651
0.027522208
0.026839469
0.028317645
0.02706988
0.026400084
0.027041186
0.027718108
0.026675459
0.026751015
0.026660213
0.026949925
0.026984269
0.027483465
0.02610261
0.028060721
0.02636619
0.02619193
0.02624117
0.026796311
0.026938032
0.026532216
0.025860045
0.025962317
0.02653467
0.026705647
0.02623652
0.026689427
0.02646265
0.026988983
0.02752231
0.026543664
0.025657546
0.026718214
0.026932152
0.026250107
0.02580967
0.02660811
0.026361765
0.025839759
0.026732977
0.025831588
0.025654253
0.026079502
0.026175922
0.025919491
0.025963925
0.02640452
0.026186997
0.02589151
0.0258742
0.025377076
0.0271233
0.026459202
0.026374167
0.025658147
0.026085407
0.026168913
0.025971502
0.025777245
0.02628076
0.025610182
0.025608068
0.026498467
0.025725525
0.026078306
0.025877742
0.025876096
0.025657136
0.02543621
0.025295991
0.025434611
0.026583118
0.025581023
0.025865216
0.025509153
0.0261124
0.025778962
0.026219428
0.025523053
0.026571663
0.026107877
0.025156492
0.025266197
0.025818367
0.025729047
0.026295725
0.025423309
0.025613587
0.026371138
0.025912728
0.025816582
0.026061768
0.026490208
0.02605846
0.026403451
0.025413875
0.02642338
0.025494024
0.026457796
0.025933195
0.026189486
0.025601322
0.02526238
0.025846679
0.026344394
0.025699375
0.025632776
0.026453506
0.026280584
0.025771884
0.025901595
0.02569142
0.0267506
0.025868159
0.026356366
0.025552051
0.026023347
0.02574888
0.026502425
0.026175346
0.026263084
0.025193254
0.025609639
0.026012374
0.025236242
0.025410665
0.026051767
0.024803793
0.025127074
0.024922546
0.025720997
0.025231106
0.025770335
0.026157727
0.02467062
0.025479697
0.025284814
0.025200583
0.025347356
0.025502088
0.025475742
0.025395913
0.025203431
0.025762934
0.024986101
0.02500948
0.02561507
0.02517205
0.0252365
0.025262024
0.025955169
0.026468955
0.025230635
0.026040737
0.02689431
0.024599792
0.02534389
0.025143282
0.025418226
0.02517113
0.024743032
0.024559861
0.02457417
0.02502282
0.024938075
0.025109818
0.025077648
0.02515535
0.025339492
0.026260938
0.024767395
0.025958583
0.025299346
0.02505303
0.024861367
0.024359714
0.024498126
0.025678184
0.024751853
0.024769641
0.024850497
0.024983425
0.025328485
0.024949532
0.02533091
0.024760049
0.025110098
0.025681641
0.025029257
0.024916017
0.025378587
0.024673272
0.024559682
0.024811288
0.025088433
0.024846047
0.025572548
0.025018306
0.02508861
0.024921678
0.024540724
0.025527436
0.025001163
0.02429866
0.024350883
0.025675254
0.025064228
0.02581011
0.024506927
0.025111068
0.024829373
0.025542209
0.024461508
0.025653906
0.025076563
0.025300607
0.02459991
0.025115732
0.024851495
0.024532367
0.024918074
0.025284877
0.024867682
0.024416205
0.024245571
0.024359258
0.024723893
0.024291875
0.024646895
0.02467494
0.024904082
0.025290774
0.025113264
0.024716517
0.02489565
0.025041066
0.025091307
0.024229366
0.025827246
0.025124857
0.024648625
0.024400115
0.024876794
0.025135206
0.024585724
0.025359739
0.024351472
0.024965558
0.024867136
0.024067186
0.024245966
0.025104377
0.025457269
0.024405401
0.024626644
0.024832597
0.024534626
0.024145702
0.024351457
0.024815442
0.024358613
0.024523117
0.02486935
0.025018938
0.02408906
0.02432423
0.024927353
0.024040379
0.024674492
0.025061475
0.024461282
0.024684899
0.024771994
0.024144154
0.024108982
0.024444355
0.025776267
0.024559282
0.02457969
0.024489304
0.025451379
0.025465362
0.024784626
0.024309274
0.02412923
0.02531656
0.024055693
0.024296334
0.024637166
0.02481101
0.025131263
0.0240201
0.025007954
0.023915153
0.024451206
0.023762047
0.024869056
0.024475696
0.023895035
0.023387434
0.024422603
0.023938606
0.024276847
0.024627015
0.024403416
0.023583483
0.024927437
0.024059236
0.024360204
0.02342751
0.02472175
0.024094775
0.02320813
0.02469652
0.024296595
0.024571734
0.025297115
0.023265356
0.023541227
0.023776045
0.023439625
0.024028018
0.02341295
0.02454817
0.023968812
0.02413318
0.024065835
0.023869412
0.02353915
0.024770502
0.023804128
0.0233056
0.024365619
0.023523638
0.024285486
0.023441557
0.023409573
0.023296572
0.024489611
0.023854207
0.023270853
0.024351668
0.024094898
0.023897476
0.023524076
0.0246358
0.02380589
0.023587989
0.023531763
0.023544116
0.02392219
0.023113662
0.02445994
0.02415769
0.022990093
0.023491453
0.02339083
0.023543648
0.02322433
0.023762489
0.023766119
0.024109978
0.023691362
0.023669958
0.023198172
0.024454271
0.02358586
0.023712019
0.023569021
0.023739567
0.024716193
0.024106668
0.023415633
0.023855988
0.024102626
0.02352914
0.023923868
0.024017781
0.023165895
0.023710709
0.023535425
0.023939975
0.024859583
0.025258541
0.023370083
0.023660174
0.02405091
0.02351552
0.023994535
0.023748927
0.02387061
0.023415092
0.02363888
0.023866951
0.024130918
0.023777911
0.023576358
0.02330139
0.024259519
0.024198845
0.024177637
0.023741903
0.023397433
0.02331763
0.023545155
0.02379192
0.02343627
0.023547001
0.02372802
0.023928015
0.024193896
0.023332048
0.023429403
0.024164984
0.023081087
0.023623247
0.023605155
0.023160258
0.024289515
0.023336608
0.023484284
0.023922335
0.023025844
0.023654344
0.023042273
0.024468949
0.022991512
0.0233557
0.023062956
0.023273489
0.023420596
0.023968149
0.023349442
0.02293142
0.023030382
0.023531938
0.023918187
0.02383387
0.023067154
0.023283927
0.023046674
0.023074962
0.023157036
0.023309479
0.023156129
0.023788229
0.022808988
0.022801045
0.02335308
0.022585938
0.023544399
0.023622965
0.023638781
0.022948297
0.023194235
0.023018146
0.022781141
0.022876337
0.02379491
0.023590932
0.02374824
0.023285864
0.023341868
0.023988953
0.023465473
0.023150004
0.023467444
0.023374366
0.023106892
0.023720264
0.022990806
0.023523146
0.022618538
0.02296299
0.023323942
0.023420824
0.02263839
0.023258146
0.022928733
0.022769535
0.023112824
0.02309585
0.02301224
0.023318036
0.02339951
0.023133589
0.023230944
0.023469983
0.022971235
0.023417126
0.02256224
0.022879062
0.022706833
0.022572275
0.02247541
0.0226508
0.022476206
0.023298917
0.02288375
0.023272853
0.023408396
0.02356328
0.023422193
0.023964109
0.02276318
0.023599477
0.023193864
0.023377003
0.023449933
0.023264738
0.02346303
0.022473082
0.023014158
0.022782924
0.022514643
0.023114344
0.023829082
0.023511413
0.022899827
0.022585789
0.02269182
0.023116319
0.023409491
0.023479227
0.022855008
0.02262512
0.02234002
0.022158101
0.022807628
0.022794787
0.02252163
0.023182804
0.022918943
0.02279282
0.023405557
0.022600418
0.02283376
0.022780545
0.022513015
0.022477925
0.023100067
0.02290059
0.023350377
0.02288064
0.0225762
0.022899138
0.023104774
0.022479469
0.02345941
0.023587814
0.022915335
0.022798928
0.023497557
0.022913868
0.023170352
0.022556547
0.022696255
0.02234578
0.022519158
0.022509499
0.022030517
0.022594431
0.022009015
0.022579655
0.022132702
0.02329623
0.022685895
0.022554446
0.022545293
0.023451502
0.02256575
0.022911994
0.023339149
0.023069294
0.02318277
0.022910187
0.022552306
0.022500476
0.022157228
0.02365231
0.021955257
0.023584902
0.02368021
0.022958828
0.02282718
0.022849867
0.022397285
0.022804461
0.023165505
0.022655264
0.022349693
0.022265516
0.02209387
0.02187925
0.022355597
0.022969015
0.0229706
0.022887504
0.022093428
0.023418427
0.022446493
0.02206976
0.021938149
0.022625094
0.023189405
0.022729829
0.022335261
0.022653863
0.022258174
0.022881325
0.022874398
0.022213746
0.022075456
0.022214845
0.022380587
0.0234143
0.021923868
0.02222015
0.021981956
0.022478689
0.021786395
0.022070345
0.022338208
0.021981856
0.022260617
0.021968048
0.022178538
0.022782827
0.021761136
0.021756673
0.02291925
0.022658413
0.022401178
0.022140188
0.022122014
0.022426056
0.02286479
0.02225778
0.021923661
0.022080813
0.021633202
0.0218929
0.021814346
0.021632243
0.022499997
0.023205021
0.021818837
0.021622607
0.021655468
0.02196079
0.022295984
0.02201464
0.022338232
0.022219053
0.021668134
0.022455381
0.021839948
0.022818753
0.021402312
0.022505494
0.02261692
0.021369044
0.02197927
0.022247361
0.021841945
0.02185025
0.022248272
0.021814112
0.021951623
0.02178896
0.022359459
0.021994565
0.021728761
0.022503711
0.021940084
0.02239106
0.022011431
0.021718545
0.021854427
0.022549205
0.022174252
0.021988371
0.0220348
0.022003176
0.022422213
0.022229485
0.022482282
0.022592384
0.022161521
0.022108434
0.02260382
0.022073116
0.021872412
0.022586888
0.022126354
0.022301298
0.02203326
0.02145186
0.021487305
0.02199233
0.022161419
0.022294782
0.021880645
0.022117011
0.022366373
0.02124309
0.021206338
0.021944629
0.021886189
0.021821458
0.021759842
0.021444669
0.021744123
0.021212455
0.022082323
0.021859528
0.022060635
0.021304335
0.02181479
0.021483397
0.02152781
0.022093428
0.02174473
0.021697048
0.021722673
0.021786159
0.022296498
0.021228401
0.021881595
0.021241639
0.022014063
0.02135549
0.022164408
0.02218758
0.021509944
0.020973241
0.021658048
0.022116104
0.021878514
0.021255774
0.021847593
0.021507613
0.02129313
0.021799814
0.021195604
0.021275189
0.021504335
0.022052081
0.0217594
0.021362728
0.021890579
0.02148682
0.021292478
0.021709505
0.021891221
0.021829028
0.022071304
0.021893192
0.021672789
0.022081243
0.021551905
0.020954737
0.021406341
0.020976957
0.021537766
0.021158693
0.021384733
0.021745224
0.021524515
0.02090785
0.021798927
0.020908697
0.021564038
0.021381114
0.021581667
0.022160865
0.021510983
0.02141506
0.020817686
0.021182843
0.021556986
0.021438217
0.021641096
0.021203332
0.021134757
0.021427695
0.021876756
0.021284368
0.02132866
0.02159566
0.021194682
0.022193925
0.02151722
0.020903192
0.021992818
0.02222634
0.02134266
0.021319216
0.021969147
0.021880612
0.021479258
0.021510053
0.021885077
0.021040695
0.020761784
0.020724269
0.021373326
0.022827992
0.021109091
0.020900011
0.021053754
0.020895764
0.02104543
0.021704176
0.021064747
0.020906592
0.02072662
0.021156982
0.021093503
0.020498544
0.020844901
0.020659424
0.020861302
0.02112101
0.021458054
0.022012407
0.021145992
0.020957077
0.021150686
0.02133548
0.02099415
0.021135649
0.021845626
0.020763353
0.021201706
0.020928549
0.020876696
0.021047598
0.021202726
0.021235196
0.02115437
0.021458145
0.021149592
0.021076858
0.021849018
0.02076753
0.020585734
0.021273663
0.020821098
0.021030704
0.021005435
0.021658141
0.021161685
0.02219752
0.021056991
0.021029571
0.022563903
0.021853639
0.021293977
0.021361133
0.021301914
0.021627141
0.020911254
0.021352513
0.021318967
0.020913659
0.021205556
0.020600338
0.020972177
0.020776374
0.021232054
0.021113914
0.021048088
0.02152808
0.020957585
0.021474576
0.021443022
0.020789322
0.021334605
0.021497736
0.020756029
0.020499377
0.021546697
0.02084139
0.020955
0.022754472
0.021299046
0.020610442
0.021347847
0.021375157
0.02097991
0.020632891
0.021074567
0.022107752
0.020896379
0.020311283
0.020601703
0.02061054
0.02055719
0.020806324
0.020755898
0.020553648
0.02041873
0.020435562
0.020652113
0.021330826
0.020727077
0.0211119
0.021252856
0.021516219
0.021223288
0.02101248
0.021670552
0.020486774
0.020642417
0.020818377
0.02076448
0.020716336
0.02171384
0.020850193
0.020710314
0.020641277
0.020668203
0.02128015
0.020781495
0.020504605
0.02152707
0.02092388
0.021297116
0.020845827
0.021058038
0.021650715
0.021095986
0.021271184
0.02076521
0.020638786
0.020327242
0.020967228
0.021141987
0.020632863