20 46.31 0.29 46.6 0.508 9 19 0.8 0.07 
40 45.35 0.6 45.95 0.621 16 37 1.42 0.13 
60 43.97 0.87 44.84 0.654 20 53 1.77 0.19 
80 43.29 1.09 44.37 0.681 22 72 1.95 0.26 
100 42.1 1.38 43.48 0.7 27 89 2.39 0.32 
120 41.22 1.61 42.83 0.714 31 108 2.75 0.38 
140 40.59 1.91 42.5 0.741 36 125 3.19 0.44 
160 39.55 2.11 41.66 0.755 45 145 3.99 0.51 
180 39.21 2.4 41.61 0.762 49 163 4.34 0.58 
200 38.36 2.61 40.97 0.772 57 181 5.05 0.64 
220 37.89 2.88 40.77 0.781 61 197 5.41 0.7 
240 37.13 3.13 40.25 0.793 68 212 6.03 0.75 
260 36.44 3.37 39.81 0.797 74 228 6.56 0.81 
280 35.82 3.66 39.47 0.81 79 243 7.0 0.86 
300 35.12 3.92 39.04 0.812 90 262 7.98 0.93 
320 34.81 4.21 39.02 0.821 98 279 8.69 0.99 
340 34.36 4.44 38.8 0.83 110 297 9.75 1.05 
360 34.17 4.72 38.89 0.842 120 316 10.64 1.12 
380 33.64 4.93 38.57 0.839 127 332 11.26 1.18 
400 33.17 5.21 38.37 0.846 134 349 11.88 1.24 
420 32.65 5.51 38.15 0.848 139 365 12.32 1.29 
440 32.32 5.74 38.06 0.856 147 381 13.03 1.35 
460 32.05 6.02 38.07 0.86 155 397 13.74 1.41 
480 31.57 6.27 37.84 0.862 165 414 14.63 1.47 
500 30.98 6.49 37.46 0.869 175 433 15.51 1.54 
520 31.04 6.76 37.8 0.868 182 450 16.13 1.6 
540 30.97 7.02 37.99 0.877 190 469 16.84 1.66 
560 30.88 7.31 38.2 0.881 197 486 17.46 1.72 
580 30.64 7.54 38.18 0.883 206 506 18.26 1.79 
600 30.32 7.75 38.07 0.888 216 525 19.15 1.86 
620 30.31 8.0 38.31 0.889 223 541 19.77 1.92 
640 29.91 8.26 38.17 0.892 229 560 20.3 1.99 
660 29.71 8.49 38.2 0.897 236 578 20.92 2.05 
680 29.48 8.75 38.22 0.897 244 597 21.63 2.12 
700 28.87 8.97 37.84 0.903 256 615 22.7 2.18 
720 28.68 9.18 37.86 0.906 262 632 23.23 2.24 
740 28.7 9.41 38.11 0.907 270 651 23.94 2.31 
760 28.33 9.65 37.98 0.909 280 667 24.82 2.37 
780 28.19 9.87 38.07 0.911 288 683 25.53 2.42 
800 27.98 10.14 38.12 0.915 294 700 26.06 2.48 
820 27.88 10.36 38.24 0.916 303 720 26.86 2.55 
840 27.72 10.59 38.31 0.918 308 735 27.3 2.61 
860 27.37 10.84 38.21 0.919 315 754 27.93 2.67 
880 27.24 11.09 38.33 0.919 321 773 28.46 2.74 
900 27.19 11.34 38.52 0.922 328 790 29.08 2.8 
920 26.81 11.54 38.35 0.925 332 809 29.43 2.87 
940 26.59 11.77 38.36 0.925 343 829 30.41 2.94 
960 26.5 11.98 38.48 0.928 348 848 30.85 3.01 
980 26.16 12.19 38.35 0.926 352 865 31.21 3.07 
1000 25.95 12.41 38.36 0.93 358 883 31.74 3.13 
1020 25.66 12.6 38.26 0.931 367 903 32.54 3.2 
1040 25.26 12.78 38.05 0.93 373 921 33.07 3.27 
1060 25.36 12.97 38.33 0.933 377 941 33.42 3.34 
1080 25.25 13.18 38.42 0.931 382 960 33.87 3.4 
1100 24.95 13.38 38.33 0.935 388 977 34.4 3.46 
1120 25.01 13.58 38.59 0.933 394 997 34.93 3.54 
1140 24.79 13.79 38.58 0.934 400 1016 35.46 3.6 
1160 24.57 14.02 38.59 0.935 406 1035 35.99 3.67 
1180 24.29 14.21 38.51 0.936 411 1055 36.44 3.74 
1200 24.14 14.42 38.57 0.935 417 1074 36.97 3.81 
1220 23.98 14.61 38.6 0.938 417 1091 36.97 3.87 
1240 23.8 14.77 38.57 0.94 421 1109 37.32 3.93 
1260 23.7 15.01 38.71 0.938 427 1125 37.85 3.99 
1280 23.54 15.22 38.76 0.942 433 1144 38.39 4.06 
1300 23.34 15.43 38.77 0.94 439 1162 38.92 4.12 
1320 23.07 15.66 38.72 0.942 442 1180 39.18 4.18 
1340 22.9 15.83 38.72 0.942 447 1198 39.63 4.25 
1360 22.75 16.02 38.77 0.944 450 1214 39.89 4.3 
1380 22.44 16.21 38.65 0.943 457 1231 40.51 4.37 
1400 22.55 16.38 38.92 0.945 463 1250 41.05 4.43 
1420 22.61 16.56 39.17 0.945 467 1269 41.4 4.5 
1440 22.48 16.76 39.24 0.944 470 1288 41.67 4.57 
1460 22.34 16.91 39.25 0.944 471 1305 41.76 4.63 
1480 22.4 17.12 39.52 0.945 477 1324 42.29 4.7 
1500 22.06 17.32 39.38 0.947 483 1344 42.82 4.77 
1520 21.87 17.5 39.37 0.949 486 1362 43.09 4.83 
1540 21.63 17.68 39.32 0.947 493 1379 43.71 4.89 
1560 21.37 17.87 39.25 0.948 499 1398 44.24 4.96 
1580 21.21 18.05 39.25 0.949 504 1417 44.68 5.02 
1600 21.35 18.22 39.57 0.949 509 1437 45.12 5.1 
1620 21.4 18.41 39.81 0.951 513 1454 45.48 5.16 
