20 194.49 -0.01 194.48 0.09 19 134 0.42 0.01 
40 191.27 0.01 191.28 0.159 38 278 0.83 0.01 
60 187.58 0.31 187.89 0.238 58 413 1.27 0.02 
80 184.64 0.41 185.05 0.298 78 578 1.71 0.03 
100 182.5 0.54 183.04 0.337 97 735 2.13 0.04 
120 179.76 0.79 180.55 0.389 115 898 2.52 0.04 
140 178.77 1.11 179.88 0.408 134 1041 2.94 0.05 
160 175.62 1.27 176.88 0.44 153 1231 3.36 0.06 
180 171.91 1.53 173.44 0.482 171 1390 3.75 0.07 
200 168.74 1.79 170.53 0.521 191 1564 4.19 0.08 
220 167.03 2.13 169.16 0.539 209 1780 4.58 0.09 
240 165.6 2.43 168.03 0.562 225 1980 4.93 0.1 
260 162.05 2.75 164.8 0.587 244 2184 5.35 0.11 
280 160.24 3.04 163.28 0.601 262 2393 5.75 0.12 
300 157.46 3.41 160.87 0.619 282 2614 6.18 0.13 
320 155.15 3.81 158.97 0.637 299 2832 6.56 0.14 
340 152.9 4.15 157.05 0.65 316 3075 6.93 0.15 
360 150.4 4.5 154.9 0.666 335 3276 7.35 0.16 
380 148.91 4.86 153.76 0.679 352 3513 7.72 0.17 
400 147.29 5.17 152.46 0.687 371 3748 8.14 0.19 
420 145.76 5.55 151.31 0.705 388 3985 8.51 0.2 
440 142.99 5.87 148.87 0.713 407 4225 8.93 0.21 
460 141.2 6.15 147.35 0.722 425 4473 9.32 0.22 
480 140.2 6.48 146.68 0.728 442 4736 9.69 0.24 
500 138.34 6.92 145.27 0.735 459 4984 10.07 0.25 
520 136.03 7.34 143.37 0.741 474 5234 10.39 0.26 
540 134.59 7.71 142.3 0.75 493 5496 10.81 0.27 
560 133.1 8.1 141.2 0.753 513 5761 11.25 0.29 
580 131.84 8.57 140.42 0.761 531 6043 11.64 0.3 
600 130.31 9.05 139.36 0.769 546 6319 11.97 0.31 
620 129.2 9.53 138.73 0.77 563 6611 12.35 0.33 
640 128.39 10.0 138.39 0.776 579 6904 12.7 0.34 
660 125.98 10.43 136.42 0.781 594 7188 13.03 0.36 
680 124.48 10.98 135.46 0.788 608 7493 13.33 0.37 
700 123.93 11.46 135.39 0.791 622 7779 13.64 0.39 
720 122.11 11.97 134.08 0.794 641 8089 14.06 0.4 
740 120.97 12.51 133.47 0.798 657 8365 14.41 0.42 
760 119.68 13.0 132.68 0.801 673 8675 14.76 0.43 
780 118.1 13.4 131.5 0.803 688 8929 15.09 0.44 
800 116.3 13.82 130.12 0.809 705 9243 15.46 0.46 
820 115.29 14.32 129.61 0.81 721 9534 15.81 0.47 
840 114.22 14.83 129.05 0.814 737 9809 16.16 0.49 
860 112.31 15.29 127.6 0.82 752 10092 16.49 0.5 
880 111.21 15.79 127.0 0.823 765 10377 16.78 0.52 
900 110.04 16.4 126.44 0.825 784 10675 17.19 0.53 
920 108.9 16.87 125.77 0.827 801 10984 17.57 0.55 
940 107.24 17.5 124.75 0.831 819 11268 17.96 0.56 
960 106.12 18.08 124.2 0.834 834 11581 18.29 0.58 
980 105.5 18.52 124.03 0.837 849 11861 18.62 0.59 
1000 103.24 19.04 122.29 0.839 866 12175 18.99 0.61 
1020 102.94 19.48 122.41 0.838 881 12481 19.32 0.62 
1040 101.08 20.1 121.18 0.842 898 12795 19.69 0.64 
1060 99.99 20.5 120.49 0.844 913 13077 20.02 0.65 
1080 99.0 20.95 119.95 0.846 925 13414 20.29 0.67 
1100 98.56 21.51 120.07 0.845 939 13735 20.59 0.68 
1120 97.0 21.97 118.97 0.848 958 14047 21.01 0.7 
1140 95.91 22.48 118.39 0.849 971 14340 21.29 0.71 
1160 94.89 23.0 117.88 0.853 987 14603 21.64 0.73 
1180 92.97 23.51 116.49 0.855 1002 14906 21.97 0.74 
1200 92.59 24.04 116.63 0.857 1015 15207 22.26 0.76 
1220 91.11 24.68 115.79 0.86 1031 15493 22.61 0.77 
1240 90.37 25.35 115.72 0.859 1044 15817 22.89 0.79 
1260 89.12 25.93 115.04 0.862 1060 16123 23.25 0.8 
1280 88.44 26.42 114.86 0.864 1075 16451 23.57 0.82 
1300 87.8 27.03 114.82 0.863 1088 16787 23.86 0.83 
1320 86.73 27.55 114.28 0.865 1101 17099 24.14 0.85 
1340 84.82 28.08 112.9 0.866 1116 17400 24.47 0.87 
1360 83.51 28.69 112.2 0.869 1133 17715 24.85 0.88 
1380 82.66 29.36 112.02 0.869 1147 18012 25.15 0.9 
1400 81.83 29.84 111.68 0.87 1161 18306 25.46 0.91 
1420 81.21 30.33 111.54 0.87 1179 18602 25.86 0.93 
1440 80.32 31.01 111.33 0.872 1195 18940 26.21 0.94 
1460 78.98 31.48 110.46 0.872 1208 19224 26.49 0.96 
1480 77.62 32.08 109.71 0.874 1222 19541 26.8 0.97 
1500 77.04 32.66 109.7 0.874 1235 19876 27.08 0.99 
1520 75.64 33.22 108.86 0.875 1250 20159 27.41 1.0 
1540 74.61 33.75 108.35 0.879 1262 20493 27.68 1.02 
1560 73.61 34.22 107.83 0.879 1275 20792 27.96 1.03 
1580 73.33 34.78 108.11 0.881 1290 21099 28.29 1.05 
1600 72.61 35.35 107.97 0.881 1302 21433 28.55 1.07 
1620 71.91 35.88 107.78 0.883 1312 21751 28.77 1.08 
1640 70.57 36.4 106.97 0.885 1327 22025 29.1 1.1 
1660 70.01 37.01 107.02 0.884 1342 22340 29.43 1.11 
1680 68.93 37.53 106.46 0.886 1355 22639 29.71 1.13 
1700 68.1 37.97 106.07 0.888 1368 22967 30.0 1.14 
1720 67.14 38.56 105.7 0.888 1383 23255 30.33 1.16 
1740 66.31 39.03 105.34 0.889 1395 23583 30.59 1.17 
1760 65.76 39.51 105.28 0.888 1409 23876 30.9 1.19 
1780 64.56 40.0 104.56 0.89 1423 24196 31.21 1.2 
1800 63.71 40.48 104.19 0.89 1436 24506 31.49 1.22 
1820 62.94 41.07 104.01 0.891 1447 24821 31.73 1.23 
1840 62.08 41.69 103.77 0.893 1462 25129 32.06 1.25 
1860 60.98 42.22 103.2 0.89 1476 25414 32.37 1.26 
1880 60.18 42.74 102.92 0.891 1488 25703 32.63 1.28 
1900 59.35 43.3 102.65 0.894 1499 25995 32.87 1.29 
1920 58.19 43.84 102.02 0.894 1511 26334 33.14 1.31 
1940 57.76 44.34 102.1 0.896 1526 26596 33.46 1.32 
1960 56.59 44.73 101.33 0.896 1538 26907 33.73 1.34 
1980 55.76 45.28 101.04 0.896 1551 27186 34.01 1.35 
2000 55.06 45.85 100.92 0.899 1564 27504 34.3 1.37 
2020 54.38 46.42 100.8 0.899 1574 27854 34.52 1.39 
2040 53.69 47.07 100.76 0.899 1585 28187 34.76 1.4 
2060 52.61 47.68 100.29 0.899 1599 28497 35.07 1.42 
2080 52.38 48.24 100.62 0.899 1613 28841 35.37 1.43 
2100 51.28 48.69 99.97 0.899 1627 29172 35.68 1.45 
2120 50.45 49.24 99.68 0.899 1639 29496 35.94 1.47 
2140 49.9 49.72 99.63 0.901 1649 29830 36.16 1.48 
