20 197.5 -0.32 197.18 0.074 18 26 0.39 0.0 
40 196.69 -0.84 195.85 0.089 33 52 0.72 0.0 
60 195.69 -1.35 194.34 0.116 48 81 1.05 0.0 
80 194.46 -1.81 192.65 0.129 62 109 1.36 0.01 
100 193.75 -1.87 191.88 0.168 77 137 1.69 0.01 
120 193.56 -2.35 191.2 0.186 85 170 1.86 0.01 
140 192.56 -2.55 190.01 0.214 100 197 2.19 0.01 
160 190.81 -2.64 188.18 0.246 113 227 2.48 0.01 
180 191.08 -2.89 188.18 0.272 127 252 2.79 0.01 
200 189.99 -3.4 186.59 0.287 137 293 3.0 0.01 
220 189.46 -3.73 185.74 0.3 149 332 3.27 0.02 
240 189.19 -3.92 185.27 0.304 159 368 3.49 0.02 
260 188.09 -4.24 183.85 0.329 170 404 3.73 0.02 
280 186.93 -4.47 182.45 0.344 180 434 3.95 0.02 
300 186.0 -4.78 181.22 0.352 192 472 4.21 0.02 
320 184.86 -5.1 179.75 0.368 205 507 4.5 0.03 
340 184.93 -5.31 179.61 0.381 219 536 4.8 0.03 
360 184.45 -5.66 178.79 0.391 231 573 5.07 0.03 
380 183.11 -5.82 177.29 0.409 246 612 5.39 0.03 
400 182.22 -6.05 176.17 0.414 256 646 5.61 0.03 
420 181.59 -6.45 175.14 0.425 268 685 5.88 0.03 
440 181.33 -6.66 174.67 0.436 280 717 6.14 0.04 
460 180.99 -6.85 174.14 0.452 295 754 6.47 0.04 
480 179.89 -6.97 172.92 0.465 307 787 6.73 0.04 
500 179.73 -7.28 172.45 0.473 319 829 7.0 0.04 
520 179.13 -7.31 171.82 0.486 329 866 7.21 0.04 
540 178.72 -7.55 171.17 0.488 340 905 7.46 0.05 
560 177.95 -7.55 170.4 0.502 350 939 7.68 0.05 
580 176.96 -7.79 169.17 0.512 363 978 7.96 0.05 
600 176.28 -7.93 168.34 0.518 374 1014 8.2 0.05 
620 175.51 -8.29 167.22 0.531 388 1057 8.51 0.05 
640 174.51 -8.4 166.11 0.536 401 1100 8.79 0.05 
660 174.58 -8.6 165.97 0.542 414 1142 9.08 0.06 
680 173.66 -8.82 164.84 0.552 428 1179 9.39 0.06 
700 173.41 -9.07 164.35 0.554 439 1219 9.63 0.06 
720 172.53 -9.13 163.4 0.561 450 1259 9.87 0.06 
740 172.2 -9.31 162.89 0.573 459 1306 10.07 0.06 
760 171.78 -9.3 162.49 0.579 469 1347 10.29 0.07 
780 171.28 -9.27 162.01 0.584 478 1381 10.48 0.07 
800 170.65 -9.51 161.14 0.59 490 1423 10.75 0.07 
820 169.92 -9.88 160.03 0.6 499 1463 10.94 0.07 
840 170.03 -10.06 159.97 0.599 508 1503 11.14 0.07 
860 169.78 -10.14 159.64 0.606 520 1546 11.4 0.08 
880 169.63 -10.05 159.58 0.616 531 1588 11.64 0.08 
900 168.32 -10.02 158.3 0.623 545 1629 11.95 0.08 
920 167.63 -10.08 157.55 0.622 555 1673 12.17 0.08 
940 166.98 -10.11 156.87 0.634 564 1716 12.37 0.09 
960 166.36 -10.2 156.17 0.635 573 1767 12.57 0.09 
980 165.28 -10.24 155.05 0.642 583 1808 12.79 0.09 
1000 165.06 -10.35 154.71 0.644 592 1851 12.98 0.09 
1020 164.19 -10.47 153.72 0.649 604 1900 13.25 0.09 
1040 163.38 -10.68 152.7 0.664 615 1940 13.49 0.1 
1060 163.55 -10.89 152.66 0.663 628 1986 13.77 0.1 
1080 162.36 -10.88 151.49 0.668 636 2037 13.95 0.1 
1100 161.71 -11.01 150.71 0.671 645 2078 14.14 0.1 
1120 161.73 -11.32 150.41 0.677 650 2130 14.25 0.11 
1140 161.61 -11.47 150.15 0.679 659 2179 14.45 0.11 
1160 161.12 -11.53 149.58 0.683 671 2221 14.71 0.11 
1180 160.86 -11.55 149.32 0.686 680 2275 14.91 0.11 
1200 159.92 -11.6 148.32 0.69 691 2322 15.15 0.12 
1220 159.47 -11.61 147.86 0.694 699 2368 15.33 0.12 
1240 159.46 -11.6 147.85 0.696 710 2415 15.57 0.12 
1260 158.62 -11.75 146.87 0.704 722 2466 15.83 0.12 
1280 158.32 -11.58 146.74 0.709 735 2508 16.12 0.12 
1300 157.7 -11.47 146.23 0.711 747 2550 16.38 0.13 
1320 157.44 -11.41 146.03 0.713 757 2591 16.6 0.13 
1340 157.61 -11.46 146.16 0.715 768 2636 16.84 0.13 
1360 156.36 -11.38 144.99 0.719 779 2683 17.08 0.13 
1380 156.31 -11.39 144.93 0.722 790 2734 17.32 0.14 
1400 155.95 -11.25 144.71 0.725 795 2780 17.43 0.14 
1420 154.88 -11.3 143.58 0.729 802 2828 17.59 0.14 
1440 154.79 -11.37 143.42 0.729 810 2880 17.76 0.14 
1460 154.5 -11.33 143.17 0.733 821 2929 18.0 0.15 
1480 153.9 -11.39 142.51 0.732 832 2980 18.25 0.15 
1500 154.21 -11.49 142.72 0.738 838 3033 18.38 0.15 
1520 153.49 -11.51 141.98 0.738 847 3088 18.57 0.15 
1540 153.51 -11.55 141.96 0.741 856 3134 18.77 0.16 
1560 153.26 -11.66 141.6 0.741 866 3186 18.99 0.16 
1580 152.9 -11.58 141.33 0.745 872 3239 19.12 0.16 
1600 152.39 -11.68 140.71 0.748 880 3296 19.3 0.16 
1620 152.74 -11.61 141.12 0.749 888 3336 19.47 0.17 
1640 152.68 -11.6 141.09 0.748 897 3388 19.67 0.17 
1660 151.79 -11.66 140.13 0.749 904 3439 19.82 0.17 
1680 150.89 -11.64 139.25 0.753 912 3494 20.0 0.17 
1700 150.47 -11.68 138.79 0.755 920 3542 20.18 0.18 
1720 149.71 -11.71 137.99 0.755 928 3597 20.35 0.18 
1740 149.86 -11.73 138.13 0.761 937 3650 20.55 0.18 
1760 149.51 -11.74 137.77 0.763 944 3698 20.7 0.18 
1780 148.98 -11.7 137.28 0.766 950 3749 20.83 0.19 
1800 147.99 -11.68 136.3 0.769 958 3798 21.01 0.19 
1820 147.78 -11.67 136.11 0.77 965 3849 21.16 0.19 
1840 147.87 -11.66 136.21 0.773 970 3904 21.27 0.19 
1860 147.38 -11.62 135.76 0.773 980 3956 21.49 0.2 
1880 146.84 -11.56 135.28 0.773 986 4018 21.62 0.2 
1900 146.97 -11.54 135.43 0.776 990 4072 21.71 0.2 
1920 146.11 -11.43 134.68 0.776 1005 4122 22.04 0.2 
1940 145.47 -11.47 133.99 0.778 1016 4174 22.28 0.21 
1960 145.66 -11.52 134.14 0.781 1025 4226 22.48 0.21 
1980 145.47 -11.58 133.89 0.779 1031 4285 22.61 0.21 
2000 145.05 -11.54 133.51 0.78 1039 4333 22.79 0.22 
2020 144.49 -11.5 132.99 0.784 1044 4383 22.89 0.22 
2040 143.97 -11.55 132.42 0.787 1054 4435 23.11 0.22 
2060 143.82 -11.45 132.37 0.787 1061 4490 23.27 0.22 
2080 143.33 -11.4 131.93 0.79 1071 4542 23.49 0.23 
2100 143.29 -11.44 131.85 0.789 1076 4595 23.6 0.23 
2120 143.3 -11.36 131.94 0.791 1086 4650 23.82 0.23 
2140 143.12 -11.29 131.83 0.792 1094 4702 23.99 0.23 
2160 143.36 -11.35 132.01 0.793 1102 4767 24.17 0.24 
2180 142.64 -11.25 131.39 0.794 1110 4825 24.34 0.24 
2200 141.79 -11.23 130.56 0.798 1118 4876 24.52 0.24 
2220 141.17 -11.21 129.96 0.796 1126 4925 24.69 0.24 
2240 140.92 -11.28 129.64 0.796 1135 4985 24.89 0.25 
2260 141.64 -11.28 130.36 0.8 1144 5040 25.09 0.25 
2280 141.24 -11.16 130.08 0.802 1149 5080 25.2 0.25 
2300 140.35 -11.15 129.2 0.804 1155 5136 25.33 0.26 
2320 140.45 -11.19 129.26 0.805 1161 5198 25.46 0.26 
2340 140.29 -11.03 129.27 0.805 1170 5246 25.66 0.26 
2360 140.32 -10.93 129.39 0.807 1176 5296 25.79 0.26 
2380 140.26 -10.82 129.43 0.807 1186 5353 26.01 0.27 
2400 139.18 -10.66 128.52 0.809 1195 5409 26.21 0.27 
2420 138.8 -10.6 128.2 0.808 1204 5464 26.4 0.27 
2440 138.73 -10.54 128.2 0.81 1212 5522 26.58 0.27 
2460 138.25 -10.47 127.78 0.81 1219 5576 26.73 0.28 
2480 137.91 -10.33 127.57 0.812 1225 5630 26.86 0.28 
2500 137.68 -10.27 127.41 0.811 1232 5684 27.02 0.28 
2520 137.29 -10.16 127.13 0.815 1241 5742 27.21 0.29 
2540 136.99 -10.06 126.93 0.816 1248 5799 27.37 0.29 
2560 136.62 -10.02 126.6 0.818 1252 5861 27.46 0.29 
2580 136.4 -9.97 126.43 0.818 1259 5915 27.61 0.29 
2600 136.03 -9.85 126.18 0.819 1266 5969 27.76 0.3 
2620 136.14 -9.83 126.32 0.819 1270 6024 27.85 0.3 
2640 136.62 -9.83 126.78 0.819 1282 6080 28.11 0.3 
2660 136.21 -9.79 126.42 0.819 1291 6139 28.31 0.31 
2680 135.88 -9.65 126.24 0.822 1297 6194 28.44 0.31 
2700 135.21 -9.59 125.62 0.822 1302 6253 28.55 0.31 
2720 134.69 -9.53 125.16 0.823 1310 6311 28.73 0.31 
2740 134.69 -9.49 125.19 0.822 1315 6364 28.84 0.32 
2760 134.16 -9.48 124.68 0.824 1324 6421 29.04 0.32 
2780 134.55 -9.4 125.15 0.825 1329 6476 29.14 0.32 
2800 134.43 -9.32 125.11 0.825 1338 6530 29.34 0.32 
2820 133.38 -9.18 124.2 0.827 1347 6585 29.54 0.33 
2840 133.46 -9.13 124.33 0.828 1355 6635 29.71 0.33 
2860 133.18 -9.16 124.03 0.83 1362 6690 29.87 0.33 
2880 132.63 -9.05 123.59 0.827 1370 6739 30.04 0.34 
2900 132.17 -9.03 123.14 0.83 1374 6794 30.13 0.34 
2920 131.99 -9.06 122.93 0.83 1376 6862 30.18 0.34 
2940 132.23 -9.03 123.19 0.829 1381 6918 30.29 0.34 
2960 131.77 -8.96 122.81 0.831 1385 6978 30.37 0.35 
2980 132.24 -8.79 123.45 0.832 1391 7034 30.5 0.35 
3000 132.05 -8.81 123.24 0.831 1400 7086 30.7 0.35 
3020 131.77 -8.64 123.13 0.834 1408 7143 30.88 0.36 
3040 131.47 -8.46 123.01 0.836 1416 7195 31.05 0.36 
3060 130.76 -8.37 122.39 0.836 1425 7253 31.25 0.36 
3080 130.48 -8.32 122.17 0.835 1429 7305 31.34 0.36 
3100 130.36 -8.24 122.12 0.835 1434 7362 31.45 0.37 
3120 130.14 -8.19 121.94 0.837 1441 7419 31.6 0.37 
3140 130.15 -8.1 122.05 0.838 1448 7477 31.75 0.37 
3160 129.86 -8.03 121.83 0.838 1455 7536 31.91 0.37 
3180 130.16 -7.97 122.19 0.837 1460 7594 32.02 0.38 
3200 128.85 -7.87 120.98 0.84 1466 7642 32.15 0.38 
3220 128.95 -7.82 121.14 0.84 1469 7693 32.21 0.38 
3240 128.52 -7.58 120.94 0.84 1476 7746 32.37 0.39 
3260 128.54 -7.56 120.98 0.841 1477 7805 32.39 0.39 
3280 128.16 -7.42 120.74 0.842 1481 7859 32.48 0.39 
3300 127.52 -7.36 120.15 0.844 1490 7916 32.68 0.39 
3320 127.7 -7.26 120.44 0.845 1496 7973 32.81 0.4 
3340 127.99 -7.17 120.83 0.844 1504 8028 32.98 0.4 
3360 127.64 -6.98 120.66 0.845 1507 8090 33.05 0.4 
3380 127.21 -6.83 120.38 0.846 1514 8155 33.2 0.41 
3400 126.77 -6.77 120.0 0.846 1517 8218 33.27 0.41 
3420 126.44 -6.69 119.75 0.845 1525 8280 33.44 0.41 
3440 126.53 -6.66 119.87 0.846 1531 8335 33.57 0.41 
3460 126.17 -6.57 119.6 0.845 1536 8398 33.68 0.42 
3480 125.58 -6.49 119.09 0.847 1540 8454 33.77 0.42 
3500 125.73 -6.41 119.32 0.847 1547 8510 33.93 0.42 
3520 125.85 -6.26 119.59 0.849 1558 8569 34.17 0.43 
3540 125.79 -6.19 119.6 0.849 1559 8625 34.19 0.43 
3560 125.6 -6.08 119.52 0.85 1567 8679 34.36 0.43 
3580 124.49 -5.98 118.51 0.852 1573 8738 34.5 0.43 
3600 124.31 -5.87 118.44 0.85 1583 8797 34.71 0.44 
3620 124.11 -5.79 118.32 0.851 1589 8850 34.85 0.44 
3640 123.47 -5.64 117.83 0.854 1598 8906 35.04 0.44 
3660 123.27 -5.48 117.79 0.852 1601 8964 35.11 0.45 
3680 123.15 -5.44 117.7 0.855 1604 9025 35.18 0.45 
3700 122.91 -5.3 117.62 0.855 1609 9081 35.29 0.45 
3720 122.5 -5.21 117.3 0.856 1613 9141 35.37 0.45 
3740 122.25 -5.05 117.2 0.856 1620 9193 35.53 0.46 
3760 121.91 -5.02 116.89 0.856 1624 9251 35.61 0.46 
3780 122.2 -5.0 117.21 0.857 1633 9316 35.81 0.46 
3800 122.03 -4.93 117.09 0.857 1638 9381 35.92 0.47 
3820 121.29 -4.83 116.46 0.855 1643 9436 36.03 0.47 
3840 120.84 -4.73 116.12 0.855 1647 9490 36.12 0.47 
3860 120.67 -4.6 116.06 0.857 1651 9547 36.21 0.47 
3880 120.63 -4.59 116.04 0.859 1652 9611 36.23 0.48 
3900 120.54 -4.56 115.98 0.859 1660 9669 36.4 0.48 
3920 120.08 -4.52 115.56 0.86 1665 9729 36.51 0.48 
3940 119.84 -4.38 115.45 0.86 1672 9786 36.67 0.49 
3960 120.03 -4.27 115.76 0.86 1680 9841 36.84 0.49 
3980 119.92 -4.19 115.73 0.86 1689 9892 37.04 0.49 
4000 119.38 -4.06 115.32 0.862 1694 9943 37.15 0.49 
4020 119.42 -3.85 115.57 0.863 1703 9998 37.35 0.5 
4040 119.6 -3.77 115.83 0.864 1712 10059 37.54 0.5 
4060 119.59 -3.7 115.9 0.863 1721 10124 37.74 0.5 
4080 119.56 -3.53 116.04 0.863 1726 10180 37.85 0.51 
4100 119.26 -3.31 115.95 0.862 1730 10226 37.94 0.51 
4120 118.37 -3.12 115.25 0.862 1735 10286 38.05 0.51 
4140 118.29 -3.04 115.24 0.864 1740 10347 38.16 0.51 
4160 117.99 -2.86 115.12 0.865 1749 10406 38.36 0.52 
4180 117.66 -2.7 114.96 0.864 1753 10468 38.44 0.52 
4200 117.91 -2.61 115.3 0.866 1760 10532 38.6 0.52 
4220 117.67 -2.58 115.09 0.866 1764 10594 38.68 0.53 
4240 117.32 -2.51 114.82 0.865 1769 10653 38.79 0.53 
4260 117.02 -2.39 114.63 0.866 1774 10712 38.9 0.53 
4280 116.4 -2.25 114.15 0.868 1782 10772 39.08 0.54 
4300 116.59 -2.22 114.36 0.869 1787 10829 39.19 0.54 
4320 116.78 -2.16 114.63 0.868 1797 10890 39.41 0.54 
4340 116.84 -2.03 114.82 0.868 1801 10956 39.5 0.54 
4360 116.43 -1.91 114.52 0.868 1808 11013 39.65 0.55 
4380 116.3 -1.72 114.58 0.869 1813 11071 39.76 0.55 
4400 115.62 -1.61 114.01 0.869 1817 11132 39.85 0.55 
4420 115.69 -1.49 114.2 0.869 1823 11188 39.98 0.56 
4440 115.15 -1.4 113.75 0.87 1827 11252 40.07 0.56 
4460 115.42 -1.29 114.14 0.871 1831 11308 40.15 0.56 
4480 115.33 -1.23 114.1 0.872 1835 11366 40.24 0.57 
4500 114.89 -1.13 113.76 0.872 1839 11423 40.33 0.57 
4520 114.77 -1.08 113.7 0.873 1843 11483 40.42 0.57 
4540 114.47 -0.92 113.55 0.874 1849 11541 40.55 0.57 
4560 114.65 -0.79 113.85 0.874 1854 11605 40.66 0.58 
4580 114.49 -0.69 113.8 0.874 1856 11672 40.7 0.58 
4600 114.04 -0.57 113.47 0.875 1860 11732 40.79 0.58 
4620 113.79 -0.44 113.35 0.874 1863 11800 40.86 0.59 
4640 114.08 -0.3 113.79 0.875 1867 11860 40.94 0.59 
4660 113.67 -0.17 113.49 0.875 1870 11922 41.01 0.59 
4680 113.21 -0.06 113.15 0.876 1873 11980 41.07 0.6 
4700 112.65 0.04 112.69 0.875 1879 12037 41.21 0.6 
4720 112.32 0.09 112.41 0.874 1886 12101 41.36 0.6 
4740 112.45 0.12 112.56 0.876 1890 12168 41.45 0.61 
4760 112.55 0.12 112.67 0.876 1894 12232 41.54 0.61 
4780 112.14 0.23 112.37 0.876 1904 12291 41.75 0.61 
4800 112.23 0.39 112.61 0.875 1907 12349 41.82 0.61 
4820 111.93 0.52 112.45 0.877 1909 12412 41.86 0.62 
4840 111.81 0.55 112.36 0.877 1916 12479 42.02 0.62 
4860 111.89 0.69 112.58 0.877 1920 12541 42.11 0.62 
4880 111.85 0.8 112.65 0.875 1923 12598 42.17 0.63 
4900 111.4 1.01 112.41 0.878 1929 12660 42.3 0.63 
4920 111.58 1.11 112.69 0.878 1932 12723 42.37 0.63 
4940 111.51 1.19 112.69 0.878 1938 12791 42.5 0.64 
4960 111.15 1.31 112.46 0.879 1942 12850 42.59 0.64 
4980 111.27 1.43 112.7 0.878 1945 12914 42.65 0.64 
5000 110.9 1.44 112.34 0.879 1948 12971 42.72 0.65 
5020 110.93 1.58 112.51 0.878 1952 13030 42.81 0.65 
5040 110.67 1.72 112.4 0.88 1960 13089 42.98 0.65 
5060 110.43 1.84 112.27 0.88 1964 13150 43.07 0.65 
5080 110.38 1.93 112.3 0.879 1966 13220 43.11 0.66 
5100 110.37 2.0 112.36 0.881 1970 13283 43.2 0.66 
