20 200.85 0.85 201.7 0.097 19 158 0.42 0.01 
40 196.09 2.16 198.25 0.157 38 343 0.83 0.02 
60 191.02 3.03 194.05 0.241 58 502 1.27 0.02 
80 187.0 3.94 190.94 0.312 78 706 1.71 0.04 
100 183.0 4.98 187.98 0.361 97 897 2.13 0.04 
120 179.37 5.83 185.2 0.396 115 1132 2.52 0.06 
140 177.26 6.67 183.92 0.437 134 1314 2.94 0.07 
160 171.33 7.58 178.91 0.486 152 1532 3.33 0.08 
180 167.61 8.57 176.17 0.513 171 1738 3.75 0.09 
200 163.84 9.44 173.28 0.531 189 2013 4.14 0.1 
220 160.64 10.39 171.03 0.563 206 2235 4.52 0.11 
240 156.58 11.29 167.87 0.594 224 2472 4.91 0.12 
260 152.94 12.3 165.24 0.62 243 2711 5.33 0.13 
280 150.0 13.21 163.21 0.634 260 2996 5.7 0.15 
300 147.88 14.27 162.15 0.642 273 3288 5.99 0.16 
320 144.01 15.17 159.18 0.658 292 3573 6.4 0.18 
340 140.11 16.02 156.13 0.673 311 3876 6.82 0.19 
360 137.72 16.98 154.7 0.686 328 4166 7.19 0.21 
380 134.93 17.96 152.89 0.698 347 4464 7.61 0.22 
400 133.08 18.86 151.94 0.703 362 4747 7.94 0.24 
420 130.28 19.79 150.07 0.717 382 5057 8.38 0.25 
440 128.35 20.55 148.9 0.725 400 5369 8.77 0.27 
460 126.33 21.41 147.74 0.729 416 5700 9.12 0.28 
480 123.63 22.29 145.91 0.74 434 5986 9.52 0.3 
500 122.06 23.23 145.3 0.744 450 6362 9.87 0.32 
520 119.06 24.11 143.17 0.75 467 6667 10.24 0.33 
540 115.77 24.96 140.73 0.761 485 6997 10.64 0.35 
560 113.27 25.79 139.06 0.77 504 7369 11.05 0.37 
580 110.57 26.77 137.34 0.777 518 7698 11.36 0.38 
600 108.55 27.66 136.2 0.779 534 8055 11.71 0.4 
620 106.56 28.51 135.07 0.786 552 8404 12.11 0.42 
640 104.18 29.49 133.68 0.795 571 8748 12.52 0.44 
660 102.83 30.43 133.26 0.795 586 9109 12.85 0.45 
680 100.62 31.36 131.98 0.797 601 9454 13.18 0.47 
700 98.83 32.22 131.06 0.796 617 9818 13.53 0.49 
720 97.12 33.14 130.26 0.801 637 10182 13.97 0.51 
740 94.08 33.99 128.07 0.807 653 10542 14.32 0.52 
760 93.35 34.73 128.08 0.806 669 10892 14.67 0.54 
780 90.76 35.6 126.36 0.812 686 11238 15.04 0.56 
800 87.99 36.42 124.41 0.817 702 11596 15.39 0.58 
820 85.87 37.25 123.12 0.82 720 11973 15.79 0.6 
840 83.87 38.24 122.1 0.82 732 12359 16.05 0.61 
860 81.82 39.14 120.97 0.826 749 12700 16.43 0.63 
880 80.63 40.08 120.71 0.825 766 13078 16.8 0.65 
900 78.35 41.1 119.45 0.832 785 13455 17.21 0.67 
920 76.53 41.94 118.47 0.833 800 13844 17.54 0.69 
940 75.02 42.74 117.76 0.833 815 14203 17.87 0.71 
960 73.61 43.71 117.32 0.836 831 14594 18.22 0.73 
980 72.27 44.46 116.73 0.836 844 14948 18.51 0.74 
1000 70.6 45.24 115.84 0.838 861 15309 18.88 0.76 
1020 68.14 46.12 114.25 0.842 879 15683 19.28 0.78 
1040 67.12 47.02 114.14 0.844 893 16077 19.58 0.8 
1060 66.01 47.9 113.91 0.843 911 16478 19.98 0.82 
1080 64.34 48.85 113.19 0.845 929 16880 20.37 0.84 
1100 62.73 49.76 112.49 0.848 947 17280 20.77 0.86 
1120 60.41 50.77 111.18 0.851 965 17657 21.16 0.88 
1140 58.83 51.81 110.63 0.856 979 18021 21.47 0.9 
1160 57.84 52.82 110.66 0.853 995 18444 21.82 0.92 
1180 56.18 53.64 109.83 0.855 1010 18846 22.15 0.94 
1200 54.19 54.46 108.65 0.858 1028 19247 22.54 0.96 
1220 52.38 55.47 107.85 0.857 1042 19657 22.85 0.98 
1240 50.63 56.25 106.88 0.861 1058 20019 23.2 1.0 
1260 49.02 57.05 106.08 0.862 1072 20420 23.51 1.02 
1280 47.94 57.91 105.85 0.861 1088 20819 23.86 1.04 
1300 46.08 58.81 104.89 0.863 1104 21215 24.21 1.05 
1320 45.38 59.74 105.13 0.861 1123 21632 24.63 1.08 
1340 43.56 60.71 104.27 0.865 1140 22024 25.0 1.1 
1360 41.78 61.7 103.47 0.866 1156 22407 25.35 1.11 
1380 40.22 62.66 102.88 0.867 1169 22810 25.64 1.13 
1400 38.41 63.56 101.97 0.868 1187 23181 26.03 1.15 
1420 38.15 64.43 102.58 0.867 1201 23574 26.34 1.17 
1440 35.64 65.28 100.93 0.871 1219 23985 26.73 1.19 
1460 34.21 66.17 100.39 0.873 1235 24383 27.08 1.21 
1480 33.13 67.09 100.22 0.871 1250 24752 27.41 1.23 
1500 31.16 67.87 99.03 0.875 1264 25148 27.72 1.25 
1520 30.35 68.86 99.21 0.874 1282 25538 28.11 1.27 
1540 29.19 69.65 98.84 0.877 1295 25887 28.4 1.29 
1560 27.49 70.56 98.05 0.877 1310 26287 28.73 1.31 
1580 25.41 71.42 96.83 0.879 1326 26660 29.08 1.33 
1600 24.41 72.36 96.76 0.881 1341 27072 29.41 1.35 
1620 23.11 73.18 96.29 0.882 1356 27447 29.74 1.36 
1640 22.2 74.14 96.34 0.881 1374 27797 30.13 1.38 
1660 21.36 75.1 96.46 0.88 1388 28204 30.44 1.4 
1680 19.83 75.99 95.82 0.881 1405 28577 30.81 1.42 
1700 18.11 76.78 94.89 0.882 1424 28954 31.23 1.44 
1720 16.49 77.8 94.29 0.885 1438 29330 31.54 1.46 
1740 14.71 78.81 93.51 0.887 1451 29707 31.82 1.48 
1760 13.84 79.74 93.58 0.885 1465 30113 32.13 1.5 
1780 12.69 80.64 93.33 0.886 1477 30505 32.39 1.52 
1800 11.35 81.53 92.87 0.887 1490 30889 32.68 1.54 
1820 10.35 82.27 92.61 0.886 1499 31278 32.87 1.56 
1840 8.86 83.2 92.06 0.889 1514 31644 33.2 1.57 
1860 7.95 84.15 92.1 0.89 1528 32046 33.51 1.59 
1880 6.25 84.98 91.23 0.89 1545 32434 33.88 1.61 
1900 5.27 85.95 91.23 0.891 1556 32826 34.12 1.63 
1920 3.24 86.76 89.99 0.893 1569 33188 34.41 1.65 
1940 1.62 87.55 89.17 0.893 1586 33550 34.78 1.67 
1960 0.43 88.39 88.82 0.893 1596 33965 35.0 1.69 
1980 -0.75 89.16 88.41 0.894 1608 34348 35.26 1.71 
2000 -1.83 89.9 88.07 0.895 1627 34743 35.68 1.73 
2020 -2.91 90.62 87.72 0.896 1642 35116 36.01 1.75 
2040 -3.59 91.43 87.84 0.895 1655 35518 36.29 1.77 
2060 -5.0 92.24 87.24 0.895 1663 35886 36.47 1.78 
2080 -6.55 93.06 86.51 0.897 1675 36280 36.73 1.8 
2100 -8.08 93.82 85.74 0.899 1684 36639 36.93 1.82 
2120 -8.88 94.64 85.76 0.9 1697 37039 37.21 1.84 
