
0.02443693
0.020791765
0.02102753
0.021759257
0.020148829
0.018479966
0.017927222
0.018194608
0.018148836
0.018595707
0.017018957
0.016916255
0.017032946
0.01683848
0.016208475
0.016312119
0.015748003
0.01620809
0.016441897
0.015220343
0.015777944
0.015309576
0.015565026
0.01564138
0.0151781
0.014570313
0.014926656
0.014453346
0.014117014
0.015695784
0.014518605
0.015305903
0.014458916
0.014343534
0.014127041
0.0143016055
0.014307109
0.013640964
0.013613332
0.013780332
0.013845941
0.014211924
0.013172151
0.013259687
0.013364106
0.013391968
0.012995021
0.013125917
0.013661598
0.012887977
0.013032335
0.01308065
0.013678822
0.0130775925
0.01258815
0.013199186
0.012548205
0.0126619665
0.0126397805
0.012860494
0.012575021
0.013163291
0.013029554
0.012408439
0.012784253
0.012606432
0.012637553
0.012577231
0.012460823
0.012917536
0.012555272
0.0125913685
0.012504475
0.012427818
0.012920822
0.012174821
0.012171589
0.011980473
0.012724747
0.011917367
0.011871672
0.0118682375
0.012096744
0.012296799
0.011652123
0.011591274
0.011632727
0.011561247
0.011437152
0.011601709
0.011993721
0.011650566
0.011377366
0.011464177
0.011774255
0.011669315
0.011794418
0.011382572
0.011350429
0.011332148
0.011314146
0.011905968
0.011425932
0.011306025
0.011522453
0.011091543
0.011238287
0.011142659
0.011396664
0.0116071
0.01121792
0.011543979
0.011864504
0.0117575275
0.011505566
0.011189872
0.011622979
0.012260956
0.011158676
0.0113465525
0.0114221955
0.012029503
0.01125797
0.011088077
0.011500305
0.010972017
0.011156666
0.010863187
0.010861652
0.011299786
0.010959887
0.010782545
0.010972684
0.011181215
0.010802387
0.010804865
0.0110233845
0.010818548
0.010854875
0.010803068
0.0108347405
0.010695075
0.011106352
0.0106994305
0.010897402
0.01048529
0.01045956
0.010236406
0.010469736
0.010414643
0.010439911
0.01073094
0.0105526885
0.010761445
0.010628483
0.010260337
0.010476072
0.01031951
0.010380244
0.010088616
0.0104308985
0.010043145
0.0104610715
0.010001946
0.0101783825
0.010264604
0.009942681
0.01008613
0.0101527665
0.009983004
0.010181545
0.0101292
0.010050883
0.009899079
0.010103743
0.009781506
0.009991702
0.009952242
0.010025786
0.009924381
0.010155002
0.009842425
0.009683766
0.009635888
0.00978857
0.009923083
0.00984778
0.009732547
0.009914208
0.009934678
0.009967406
0.009720792
0.009755252
0.009702299
0.009863461
0.0097062895
0.010004186
0.009772758
0.009860217
0.0096378345
0.0096574025
0.0100800395
0.0093333945
0.009511156
0.009332856
0.009494923
0.009362303
0.009575848
0.009313319
0.009619998
0.010084105
0.009634867
0.00941801
0.00967155
0.009531814
0.009457323
0.00937863
0.009517032
0.009440556
0.009768944
0.009502108
0.009293091
0.009289605
0.009123521
0.00937383
0.009402194
0.009454443
0.009120987
0.009752765
0.009141111
0.009202699
0.00912928
0.009174045
0.009248962
0.00905277
0.008905057
0.008946783
0.009118888
0.008901849
0.008981433
0.009120072
0.009104367
0.009043463
0.008830039
0.008759138
0.008834991
0.008948606
0.009076924
0.008774876
0.009207278
0.008953201
0.009028542
0.009191016
0.008978629
0.009078337
0.008792715
0.008884124
0.008822167
0.008725256
0.009003313
0.008985338
0.008587695
0.008580488
0.008827466
0.008962985
0.008693667
0.008631624
0.008601268
0.008950313
0.008824273
0.008532844
0.008638718
0.008749202
0.008594577
0.008583803
0.008426317
0.008687244
0.008496636
0.008371285
0.008860363
0.00858398
0.008526046
0.008779629
0.009265281
0.008485627
0.00849618
0.0086498605
0.008492707
0.008532465
0.008490155
0.009041583
0.008152245
0.008719554
0.008301808
0.008787204
0.008258717
0.008340438
0.008290025
0.008315814
0.008633803
0.00829288
0.008367211
0.008261113
0.008645018
0.008245823
0.0083773
0.008256487
0.008173673
0.008082067
0.008239651
0.008534732
0.008041807
0.008478305
0.009060292
0.008363619
0.008274217
0.008249786
0.008244477
0.008188331
0.008013004
0.008198466
0.007900031
0.007957269
0.008120279
0.008011649
0.008372591
0.00805378
0.0078087323
0.00815316
0.0079297405
0.007984673
0.007956899
0.008539449
0.007887852
0.008005236
0.007884347
0.008200725
0.008153442
0.008254664
0.008045425
0.00781333
0.00786257
0.008151401
0.007731297
0.007843859
0.0079358565
0.00796462
0.007844064
0.0077411146
0.00777289
0.008236406
0.00792172
0.0076530054
0.007837677
0.007573732
0.007627418
0.007574664
0.007660276
0.0076845777
0.0076338868
0.007891488
0.007716393
0.0076199677
0.0076529775
0.0075247088
0.0078041544
0.0077736313
0.007948671
0.007682042
0.0076569202
0.0076821786
0.007580624
0.007680357
0.0077359774
0.007622233
0.0075811623
0.0078079742
0.0075926026
0.007577207
0.0074776066
0.00751058
0.007784638
0.0076695876
0.008264833
0.007723281
0.0074691228
0.0076759886
0.0074913623
0.007405622
0.0075553725
0.0073836013
0.0075245555
0.007420061
0.007598879
0.007279961
0.0072836312
0.007262227
0.0074706753
0.007547819
0.0073971455
0.0073683597
0.0073751137
0.0073358566
0.0086191865
0.007380243
0.007328945
0.007279381
0.0072225463
0.0074485256
0.0074777585
0.007520419
0.0072977785
0.00725245
0.0071994914
0.007124288
0.007162626
0.0073936405
0.0071328846
0.0071145035
0.0072984896
0.0071108025
0.0072740926
0.0072300904
0.0072647445
0.00730732
0.0070360755
0.0069398694
0.0069728913
0.00726187
0.0068643675
0.006940439
0.007161716
0.0071966643
0.006954163
0.0069496213
0.0072098332
0.006908873
0.0068109767
0.0069434727
0.006872351
0.007040515
0.0070448644
0.0068728495
0.0072820964
0.00690984
0.007142959
0.0068875165
0.007101157
0.0069836825
0.0070283655
0.0068717576
0.0070027728
0.0068081166
0.007183732
0.0071297996
0.0069478205
0.006824304
0.00705784
0.006728736
0.0067498414
0.0068409075
0.0066561582
0.0067205164
0.0066563
0.0069313105
0.0067996527
0.0069105057
0.006814751
0.0069915648
0.0068484335
0.00678415
0.0067719836
0.006636955
0.0067096967
0.00670334
0.006861206
0.0067709205
0.006803776
0.0067298217
0.006712459
0.0067442493
0.0067295106
0.0069239154
0.0067168055
0.0067254235
0.0065681897
0.006690324
0.006681149
0.0066497317
0.006748357
0.0066241794
0.006772287
0.0064351102
0.0065392926
0.006610705
0.0066023436
0.006606253
0.0064288815
0.006545641
0.006563484
0.0065104263
0.006741845
0.0067623244
0.006420199
0.006588773
0.006677732
0.0065096817
0.0067225993
0.0065340553
0.0067432914
0.006489114
0.00644934
0.006734688
0.0064349063
0.006403578
0.0066111293
0.006356822
0.0064954683
0.0064996644
0.0066508176
0.0064182933
0.006509019
0.0064407326
0.0065225204
0.007258278
0.0065967753
0.006579234
0.006331699
0.0064623393
0.0064170584
0.006464837
0.006594996
0.006642603
0.0064135976
0.006314906
0.006292256
0.0062206355
0.0061942325
0.0061766873
0.0063044033
0.00631394
0.006258097
0.0061248727
0.0062590004
0.0062207463
0.006112031
0.0063010026
0.00647812
0.006138888
0.0063102334
0.0060536284
0.006137645
0.0061101886
0.00602961
0.0064495336
0.0062167915
0.006057877
0.00628486
0.006368203
0.0060656876
0.0060671982
0.0061579687
0.0061714756
0.0061842944
0.0060990583
0.006043908
0.0062597697
0.0063964264
0.006292986
0.0063167033
0.0063702166
0.00608886
0.006003389
0.006038262
0.006008253
0.0060044397
0.0062745884
0.0058629434
0.0060083335
0.0060338737
0.00603433
0.0060312585
0.0060519846
0.005954912
0.005963848
0.005899658
0.0060913046
0.0060088527
0.006013362
0.006086436
0.006018703
0.0060064187
0.006033787
0.006017041
0.006126515
0.0060884734
0.0060385047
0.0059052208
0.006045053
0.0058155674
0.0059671965
0.0057187146
0.0059940233
0.0061085224
0.006104388
0.005815815
0.0057650404
0.0059617315
0.0059023434
0.0059451982
0.0061019612
0.005917556
0.005816408
0.0057833237
0.005757973
0.0058880383
0.0058871526
0.0057901847
0.0060236305
0.005749538
0.00601089
0.005752221
0.0058902367
0.00579789
0.005757508
0.0057621915
0.005919514
0.0059321
0.005798037
0.0056553846
0.0057705324
0.0057368814
0.005918422
0.005728893
0.005747817
0.0060629393
0.0058130585
0.0057194666
0.006066812
0.005974145
0.0056968513
0.0058218427
0.0057629105
0.0057734726
0.005782081
0.0056501892
0.0057512294
0.006072785
0.0057267505
0.005765294
0.005824248
0.005960211
0.005871967
0.005699648
0.0058141295
0.0056917714
0.005720629
0.0059308866
0.005668663
0.0056226114
0.0056674117
0.0057999194
0.0059770886
0.005691378
0.005770139
0.005670799
0.0055506006
0.005587003
0.00562084
0.005560708
0.00573034
0.0056178626
0.0057945005
0.0056551355
0.005492612
0.005536965
0.0056171394
0.005531407
0.0056240307
0.0056311185
0.0054904916
0.005487877
0.0054779863
0.005541615
0.0054504178
0.0055478797
0.0054770317
0.0055759004
0.005540288
0.005473102
0.005439441
0.0055569164
0.0056444686
0.0054890867
0.005541468
0.005545051
0.005604969
0.005551063
0.005468735
0.0055178637
0.00554556
0.005440011
0.0057085757
0.0055264872
0.005681056
0.0054248404
0.005384939
0.0053354166
0.0054267854
0.005493093
0.005553758
0.005384731
0.0055946363
0.0054075364
0.005496453
0.005573186
0.005367758
0.005440146
0.005463504
0.0053818594
0.0054427343
0.0054653888
0.005546372
0.0052918443
0.0053731697
0.0053892033
0.0055253673
0.0056031058
0.0055843894
0.005382452
0.0056252102
0.005341638
0.005411845
0.0053952495
0.005391827
0.005461062
0.005530495
0.0053358884
0.005575827
0.0053061903
0.005365925
0.005441546
0.0053278934
0.0052872226
0.005242591
0.005354245
0.0053879865
0.005378365
0.0055412715
0.0052753277
0.005189513
0.0052365293
0.0054055555
0.005204205
0.0052334317
0.0053181583
0.0053254487
0.0052614342
0.005171246
0.005167156
0.005305006
0.005278329
0.005107985
0.0051071346
0.0052005886
0.005073446
0.005189728
0.0051809284
0.005241448
0.005103465
0.0056056855
0.005299019
0.005287994
0.0055056647
0.0050564585
0.0052054077
0.005105346
0.005009096
0.0052017197
0.0050615673
0.0051564854
0.005403363
0.0050679697
0.005032083
0.00508002
0.0051729428
0.0051815733
0.005064694
0.005095884
0.0051613525
0.005159806
0.005157918
0.00515589
0.005058768
0.005389557
0.005015018
0.004942463
0.0052138492
0.0051021473
0.0051410943
0.0051349606
0.0051131314
0.0050710435
0.005105873
0.005205042
0.0050602555
0.0051339995
0.0050874366
0.005062707
0.0051091835
0.005009453
0.00500025
0.0050312756
0.0052904985
0.004945708
0.004884149
0.005015732
0.0049925656
0.0049832
0.0050175423
0.0049642124
0.0050714402
0.0049995864
0.0049565234
0.0047962437
0.004905428
0.004918361
0.005060574
0.00484044
0.00488572
0.004855585
0.004830497
0.004975706
0.005095016
0.004904897
0.004861408
0.0049284277
0.0048535224
0.0048228265
0.0048831017
0.00489108
0.00483054
0.004992218
0.004870599
0.00490617
0.0048166197
0.004865597
0.0048574493
0.00486365
0.0048364345
0.005013972
0.004813036
0.0050106705
0.0048066294
0.0049224985
0.004852861
0.004838885
0.004831297
0.0047927722
0.004944097
0.004822123
0.004795911
0.004877859
0.0048503564
0.004866009
0.0051730103
0.004862807
0.004806608
0.00480702
0.00477318
0.0047795237
0.004866435
0.0047147814
0.004903583
0.0048941537
0.004748044
0.004845505
0.0046949973
0.0046743457
0.0047224546
0.0047164657
0.004923529
0.0047070757
0.0047441847
0.004605724
0.004675436
0.0047113732
0.004817313
0.0046390267
0.0046460084
0.004695517
0.0046651936
0.004640778
0.004749391
0.004682203
0.0046422323
0.0045665777
0.004629986
0.004707565
0.004668811
0.0046280157
0.0048814295
0.0046325666
0.004633907
0.004654785
0.0048239143
0.0046529365
0.004910377
0.0045900894
0.0045828633
0.00455578
0.0045549152
0.0045435964
0.004454358
0.0045521203
0.0046023508
0.0046038334
0.0044869715
0.0046921642
0.004494206
0.004594338
0.004624082
0.0046361145
0.00459905
0.0047995797
0.0045537604
0.0045982846
0.0046276595
0.0045073405
0.0045826314
0.0046120966
0.004583977
0.004530464
0.004594399
0.004684209
0.004676705
0.004600929
0.004602672
0.004557001
0.004543705
0.004494078
0.004508738
0.0045307004
0.0044980766
0.0046237223
0.004472541
0.004451947
0.0045509166
0.0045516915
0.0045590554
0.0045613707
0.004507194
0.0046219868
0.0044578374
0.0044053234
0.0043069776
0.0045281323
0.0044351676
0.0045700036
0.004411585
0.004438263
0.00445513
0.004466924
0.0044350377
0.0044210576
0.0043827365
0.0044550644
0.0043368083
0.00454027
0.004451588
0.0044909497
0.00464817
0.0043600323
0.00435588
0.004458729
0.004581537
0.0043513183
0.004661589
0.0043877573
0.004386854
0.004341116
0.004487304
0.0045087812
0.004501032
0.004303334
0.004335732
0.004363182
0.004390371
0.0044208146
0.004400753
0.0042937654
0.004491905
0.0043729097
0.004376264
0.004331063
0.0042929295
0.0043134764
0.004386262
0.004575107
0.0042726574
0.0044201026
0.00428962
0.0043455646
0.0043682237
0.004398266
0.004329205
0.004274037
0.0042781224
0.0045340564
0.0042964043
0.004544386
0.004262538
0.0043091145
0.004389563
0.0042874906
0.004331521
0.0041990243
0.0042433185
0.0044000302
0.004220264
0.004380327
0.0042527923
0.0043453495
0.00429466
0.0042547793
0.0043520792
0.004173575
0.0042525847
0.0043571466
0.0044238144
0.0042583235
0.0042639757
0.004288334
0.004226544
0.004314867
0.004374405
0.0042614387
0.004211123
0.004309661
0.004443438
0.0041561117
0.0041821627
0.0041485694
0.0042380514
0.004301496
0.004385391
0.004230803
0.004225794
0.00416719
0.0042086523
0.0041304617
0.0043499353
0.0041446155
0.0043397187
0.0041672005
0.0042182733
0.0042802575
0.004352675
0.0043910616
0.0041245027
0.0042949724
0.00415244
0.0043642945
0.0041453354
0.004356622
0.004225314
0.004181448
0.00419251
0.004236813
0.0041419603
0.0043322067
0.0041517047
0.004183319
0.004204707
0.004220051
0.004222275
0.0043121395
0.0042298255
0.004214258
0.004116924
0.0041596047
0.0041179177
0.004130933
0.0040717344
0.0041082175
0.004163019
0.0040606293
0.0040865573
0.00402978
0.004175196
0.0040523224
0.0040887697
0.0040900777
0.004194038
0.0040900134
0.0040102964
0.004110418
0.0041095032
0.0040669623
0.0042320797
0.0041767573
0.0042020376
0.0040454175
0.004147875
0.0041797576
0.00405089
0.0040771216
0.004140402
0.0040642237
0.0040274733
0.004304621
0.0041399198
0.0040263296
0.004038051
0.0040656854
0.004048893
0.0040210066
0.004081322
0.0041781277
0.0041148467
0.004258133
0.004044326
0.0041107177
0.004030473
0.0040430925
0.0040352624
0.0041086483
0.0040753423
0.0040516187
0.0039800527
0.0040654656
0.0040106964
0.0039967475
0.00407527
0.0039409567
0.003961065
0.0040970673
0.00399887
0.003989859
0.004045981
0.0041321553
0.004110897
0.004044214
0.0039603896
0.003966829
0.0041225
0.0041355407
0.00391285
0.004003723
0.0038870836
0.0039919
0.003988556
0.0039914693
0.0039784624
0.004018311
0.003997992
0.0039801155
0.0039429865
0.0039621196
0.0040289294
0.0039223433
0.0039152363
0.0039150934
0.004052677
0.0039719073
0.0039435145
0.004041497
0.003960529
0.0039601084
0.003844601
0.003931559
0.0038506736
0.0038292306
0.0039370353
0.0038241632
0.003987687
0.0039310004
0.003906256
0.0039786864
0.003933946
0.0039336476
0.0039776918
0.0040009343
0.0040112482
0.004023303
0.0039503756
0.0038603886
0.0038652772
0.0039256522
0.003988931
0.0038844682
0.00392787
0.0041373093
0.0038194882
0.0037904033
0.003799808
0.0039679403
0.0040088426
0.0038068618
0.00395553
0.00395626
0.003967503
0.0039022486
0.003907753
0.0038066923
0.0037449505
0.00377933
0.00386473
0.0038523371
0.0037428644
0.0038728842
0.003881095
0.003763391
0.003859882
0.0038360043
0.0038742234
0.003806254
0.0037684883
0.0038356145
0.0038073084
0.0038444512
0.0038519131
0.0037514302
0.0038110116
0.0039182086
0.0037614517
0.0038082423
0.0038218098
0.003776299
0.0038855013
0.0037796092
0.0037516223
0.0038934646
0.0038297982
0.0037232386
0.003711831
0.0037618019
0.0037687018
0.0037770926
0.0038065966
0.003753955
0.003805507
0.003926813
0.00387317
0.003802244
0.0037498053
0.0037925262
0.0037383717
0.003696713
0.0037314608
0.0038342995
0.0038139406
0.0040777177
0.0037664473
0.0037713624
0.0037555695
0.0037117952
0.00388512
0.0037114408
0.003892513
0.0037674822
0.0036742357
0.0038000976
0.0038256622
0.0036711947
0.003685058
0.0036967297
0.003793133
0.0036741688
0.003909666
0.0036955222
0.003712566
0.0037116362
0.0036227854
0.003655845
0.0037884852
0.0036378463
0.0036905336
0.0037457594
0.003666789
0.0037609464
0.003808012
0.0036259193
0.0038033065
0.0037049358
0.003875302
0.003703931
0.0038522824
0.0036528576
0.0036777107
0.0036741379
0.0036646917
0.00361309
0.00373624
0.0036139665
0.003607029
0.0036237629
0.003661435
0.003675376
0.0037190802
0.0036250832
0.0037196034
0.0036200366
0.003690132
0.003843359
0.0037450076
0.0041174064
0.003725309
0.0036796378
0.0036751023
0.0035914532
0.0037297304
0.0037091707
0.003693353
0.0037929167
0.0038558582
0.0036418748
0.0037670673
0.0036695423
0.003671892
0.00377297
0.0036282456
0.0035907612
0.0036416894
0.0036543936
0.0037726332
0.0036481286
0.0037338757
0.0036188443
0.0036650677
0.0037916785
0.0036936244
0.00365936
0.00380175
0.0037281574
0.0036333546
0.0036768445
0.003581085
0.0036116813
0.0035594595
0.0036253305
0.0035770833
0.0035630665
0.0036307296
0.0036155672
0.003689072
0.003544799
0.0036431586
0.0035408942
0.0035986642
0.003555196
0.0035546673
0.0036132874
0.0035992656
0.0036834269
0.0035737143
0.0035292439
0.0036225903
0.0036238548
0.003635079
0.0035193632
0.0035034122
0.0035885086
0.0035914115
0.0035830713
0.0035930064
0.0035411841
0.0035844322
0.0036094885
0.0035951624
0.0035484333
0.003514176
0.003586107
0.0035195865
0.003573769
0.003597179
0.0037040631
0.00355237
0.0035031051
0.0035342916
0.0035683431
0.0036098808
0.0035321042
0.0036583603
0.0035042996
0.0035168594
0.0034845266
0.0035168917
0.0035938695
0.0034611612
0.0036464173
0.0035040046
0.0037242754
0.0035283035
0.0034845946
0.0035469583
0.0035099152
0.0035402472
0.003599691
0.003496848
0.0034903437
0.003509066
0.0034776025
0.0034674243
0.0034344716
0.0034653896
0.0035174037
0.0034765217
0.0034011889
0.0034065868
0.0035051017
0.0034493376
0.003445846
0.003505351
0.003448317
0.0034545693
0.003512399
0.003416605
0.003418231
0.0034502463
0.0035038977
0.0034387135
0.003473653
0.0034432427
0.0035185127
0.0035662658
0.0034165808
0.0034183292
0.003407144
0.0035659615
0.0033896891
0.0034828924
0.0035900883
0.0033728566
0.0034165452
0.0033806495
0.0033337916
0.0034471946
0.0033956408
0.0034223148
0.003511708
0.0034402758
0.0036504935
0.0034655763
0.0034445382
0.0034968422
0.0034917982
0.0034762924
0.0034049912
0.0033984492
0.0033964105
0.0034179832
0.0033976573
0.0034272915
0.0033870158
0.0034476633
0.0034912296
0.0034973102
0.0033858162
0.0034318585
0.0033751936
0.0034015481
0.0034995694
0.003395821
0.003349697
0.0033325804
0.003399012
0.0033686904
0.003397919
0.0032959103
0.0035555677
0.0033908724
0.0034831527
0.0033384652
0.0033362503
0.003396534
0.0033233436
0.0033858202
0.0033823315
0.0033299704
0.0034076546
0.0033917075
0.0033480397
0.0032933915
0.0033786222
0.003325986
0.0033609583
0.0033681476
0.0034818028
0.0032783404
0.0032888064
0.0034639412
0.0033725358
0.0033179738
0.0032880206
0.0033852481
0.003512883
0.003354193
0.0033495782
0.0032674512
0.0033523757
0.0034050392
0.0034528163
0.003388761
0.0033923045
0.0032592134
0.0032993695
0.0033378133
0.003296586
0.0032597766
0.0033827398
0.0033714331
0.0033399365
0.0033985288
0.0033603457
0.0033589525
0.0032658211
0.003252318
0.0033981767
0.0033865138
0.0033750052
0.0034195574
0.0033176735
0.0033121652
0.0033907285
0.0032442068
0.003249708
0.003389802
0.0032154853
0.003307559
0.0032850602
0.003322042
0.0032709248
0.0032482035
0.0032737982
0.0032963087
0.0033039004
0.0032366537
0.0034273057
0.0033260745
0.0034031356
0.0032968856
0.0032752147
0.0033090878
0.0032956204
0.0033200148
0.0032957066
0.0032609743
0.003306843
0.0032519458
0.0033302973
0.0032695357
0.0032565547
0.003292076
0.003248864
0.0032722484
0.0034582745
0.003241584
0.0033377586
0.0032906085
0.0032477288
0.003312208
0.0032918705
0.0032593387
0.0032799265
0.003195005
0.003312737
0.0032728857
0.003206827
0.003307999
0.0032430408
0.003308173
0.003360094
0.0032772198
0.0031831777
0.0032717213
0.0032123614
0.0032205356
0.003313172
0.0032373224
0.003319865
0.0032420063
0.003261415
0.0032538415
0.0032721658
0.00324166
0.0032588474
0.0031507832
0.0032380968
0.003167014
0.0031992984
0.003124765
0.0031974008
0.0031859882
0.0031668907
0.003256205
0.0032611694
0.0033085248
0.0032041634
0.003276862
0.0031318835
0.0032673883
0.0032586248
0.003169399
0.0031507208
0.0032181102
0.003160414
0.0031706314
0.0031488456
0.0032025264
0.0032136112
0.003260017
0.0031605442
0.0032693157
0.0031380532
0.0032400694
0.0033095735
0.003229889
0.0032882353
0.003289765
0.003205608
0.003354368
0.0030859
0.0031726006
0.00310679
0.0031724565
0.0032105113
0.0032997734
0.0031723855
0.0032146692
0.0031160403
0.003285622
0.003205879
0.003099705
0.0031514268
0.0032029229
0.003145211
0.0031525113
0.0031128617
0.003117605
0.0031391038
0.0031945151
0.0031930998
0.003231097
0.003211573
0.0031622394
0.0031713848
0.0031427925
0.003108002
0.0031587437
0.0032667348
0.003082311
0.0031051724
0.003102843
0.003166581
0.0031356385
0.0030945633
0.0031767702
0.0031760815
0.0030989766
0.0031314548
0.0031710407
0.003083442
0.003088709
0.0030746593
0.0031515309
0.003154307
0.00300942
0.0031420507
0.0032367199
0.0030784244
0.0031001563
0.003102444
0.0031641712
0.0031028648
0.0031005016
0.003133992
0.0030287767
0.0031772354
0.003094319
0.0031168605
0.0031748028
0.0030866894
0.0031033347
0.00304667
0.0030487743
0.0031530939
0.0031511988
0.003095947
0.0030932128
0.003132551
0.0030975898
0.0030879944
0.0030895562
0.0030677498
0.0030779743
0.0030107861
0.0030982073
0.0031165497
0.0030734092
0.0030674473
0.0030410485
0.003129099
0.003053029
0.003050562
0.003010315
0.0031680353
0.0030329977
0.0031643251
0.0030544314
0.003099857
0.0030448209
0.0032799663
0.0030748416
0.0029853298
0.003020562
0.003069687
0.0031038614
0.0031226887
0.003016001
0.0030708793
0.0030945756
0.0031148256
0.0030076634
0.0030616866
0.0030193394
0.0031180717
0.0030928485
0.0030458074
0.0032092417
0.0031197593
0.0031115313
0.0031615004
0.0029833743
0.0030598885
0.0031474836
0.0030788137
0.0030599365
0.0029990063
0.002995538
0.0030291134
0.0030946594
0.0029537245
0.003039064
0.0030299113
0.003065254
0.0029793195
0.003003185
0.003010562
0.0030461054
0.0030753443
0.003013311
0.0030533555
0.0030309055
0.0030181913
0.0030940527
0.003021508
0.0030258014
0.003016772
0.0030467005
0.0030274477
0.003009566
0.0031585882
0.003101497
0.0031051796
0.003190696
0.0029765782
0.0029450867
0.0030488006
0.00301717
0.002950787
0.0030831695
0.0030335889
0.0030155175
0.0030943237
0.003130303
0.002966788
0.0030209492
0.0031278417
0.0029998044
0.0029210395
0.003017785
0.003055274
0.0029953243
0.0030103368
0.002942612
0.0029974955
0.0031455231
0.0029977388
0.0029784162
0.002993817
0.0029242907
0.0029783526
0.0030303095
0.002913327
0.0029353034
0.0029674931
0.0030647102
0.0029813985
0.0029776483
0.0030270035
0.002994866
0.0030976874
0.003046459
0.0030169797
0.0030142944
0.003024063
0.0029922104
0.0030020375
0.0029814523
0.0028929487
0.002935852
0.0029837713
0.003054556
0.0031336534
0.0030478712
0.0030195273
0.0029861017
0.0029245957
0.0029843508
0.002951516
0.002967846
0.003108823
0.0029647334
0.002941581
0.00296716
0.0029907068
0.0029369604
0.0029282756
0.0029851517
0.0030184942
0.0030330198
0.0029202653
0.0029139675
0.00299478
0.0029573543
0.002929138
0.0029927483
0.0030458588
0.0029857974
0.0029011911
0.003044447
0.00295784
0.0031921584
0.0030904436
0.0029563103
0.0031211865
0.003005755
0.0030356885
0.0029358142
0.0029636137
0.002963438
0.00297285
0.002965656
0.0029304132
0.002931696
0.0029778953
0.0029258498
0.0030261092
0.0029614184
0.0029036065
0.0029850223
0.0029422566
0.002896062
0.002917754
0.0029532805
0.002982153
0.0028835912
0.002981129
0.0029084955
0.0029658496
0.0028404836
0.002938949
0.0028560888
0.0030436958
0.002952866
0.0029107674
0.0028774876
0.0029215903
0.0028221959
0.0029004985
0.0029701225
0.0029038435
0.0028839905
0.0029302933
0.002936674
0.0028786934
0.002849107
0.0030177806
0.0028750377
0.002870226
0.0029117127
0.0029247918
0.0028664025
0.00285619
0.0029658212
0.0028294115
0.0028906914
0.0029475475
0.0029159288
0.0028443914
0.0028222424
0.0028982551
0.0029347597
0.0028743278
0.0029441442
0.0028990535
0.002936785
0.002809741
0.0028822592
0.0029194483
0.0028592604
0.0028907903
0.0029193342
0.002920914
0.002908072
0.0028507921
0.0028538955
0.0028576935
0.0028275216
0.0029000218
0.0028891133
0.0028980144
0.0028806215
0.0028596278
0.0028787595
0.002911724
0.0030104485
0.0028655217
0.0029197724
0.0028658982
0.0029042752
0.0028847833
0.0029654107
0.002841202
0.0029293485
0.0028775588
0.0030243543
0.0028345524
0.0029058878
0.0028990954
0.0028332123
0.002964529
0.002853593
0.0028066041
0.002910223
0.002798427
0.0029341057
0.0028270206
0.0028659827
0.00285427
0.0028140568
0.0029165929
0.0028419257
0.0027760426
0.0029091465
0.0028353415
0.0028518136
0.0027928445
0.00292678
0.0028740445
0.0028111227
0.002837771
0.0028959299
0.0028312432
0.0028340248
0.002822731
0.002844399
0.0028602022
0.0028334663
0.0028791046
0.0028661494
0.002785684
0.0028389618
0.0028932954
0.0028292104
0.0027508722
0.002786352
0.0028348472
0.0029072394
0.0029083528
0.002784101
0.0028102796
0.0028008695
0.0028079646
0.0028181998
0.002723638
0.0029890954
0.002809959
0.002804449
0.0028340786
0.0028006833
0.0027957074
0.002760576
0.0027902937
0.0028836948
0.0027551423
0.0028322125
0.0028912562
0.0027707813
0.0027998644
0.002864672
0.0027634457
0.0028041652
0.0028813984
0.0028388062
0.002807911
0.002765644
0.0028615536
0.0027298713
0.0027926748
0.0027859434
0.0028076023
0.002844614
0.002744131
0.0028231381
0.0028594702
0.0028032614
0.002766777
0.002886496
0.002752738
0.0027913125
0.0028693508
0.0027966823
0.002967923
0.0028592965
0.0027393897
0.002849901
0.0028287538
0.00275432
0.0027529574
0.0027386076
0.0027297721
0.00271047
0.002766376
0.0027447091
0.002760335
0.0029026538
0.002864343
0.002741965
0.00284284
0.0027527306
0.002812911
0.0027531707
0.0028464303
0.0027148044
0.002760242
0.0028890593
0.0028036346
0.0027666418
0.0027859411
0.0028300046
0.002708816
0.0027559272
0.002746654
0.002849468
0.0027007202
0.0027666441
0.002844031
0.0028078319
0.0027422952
0.00279568
0.0028400235
0.002715839
0.0027098483
0.0027614876
0.0027276103
0.0027516924
0.002934537
0.0027722535
0.0026683104
0.0026980496
0.0028882953
0.0028158904
0.0027399226
0.002794658
0.0027862843
0.0027066148
0.0027137678
0.002735341
0.0027340872
0.0028236797
0.0027121378
0.002745672
0.002755186
0.0026935483
0.0026850265
0.0027335298
0.002719385
0.002712121
0.0026832428
0.0027165518
0.002784525
0.0026967055
0.0026551643
0.002843306
0.0027179366
0.0027623603
0.0027284585
0.0026401945
0.0027364772
0.002806858
0.0027253064
0.0026976578
0.0027730332
0.0027032313
0.0026911283
0.0027062155
0.0027896385
0.0027038231
0.002684755
0.0027699382
0.002742888
0.0027848824
0.0027885349
0.0027168537
0.0027741042
0.0026899967
0.0027049289
0.0027393298
0.0027844268
0.0027095093
0.0026619828
0.0026690015
0.002693717
0.0027466158
0.002676175
0.0026576198
0.0026807792
0.0026814197
0.0026503082
0.0027010296
0.0026446634
0.0026041584
0.0026609984
0.0026941916
0.0026693954
0.0027616723
0.0026928762
0.0026394834
0.0027049743
0.0027622464
0.0027474535
0.0027297882
0.0027690395
0.0027067468
0.0027229928
0.0027394968
0.002665354
0.0026878703
0.0028458117
0.0026299073
0.0027070038
0.0026995596
0.0026937856
0.0027326045
0.0028269736
0.002820045
0.002682432
0.0026527466
0.0026435019
0.0027734737
0.0026908424
0.002687103
0.0026824053
0.002798928
0.0027846405
0.0027083473
0.0027170628
0.002770117
0.002655134
0.0027310273
0.002727846
0.0028087758
0.0027334243
0.002698637
0.0026657959
0.0027511187
0.002657169
0.0027291474
0.002627645
0.0027280145
0.002630045
0.0026491215
0.0026644724
0.0027829309
0.0027355468
0.0026119382
0.0026433344
0.0027273865
0.002769796
0.0026151955
0.0026806118
0.0027653007
0.002621222
0.0025848984
0.0025831612
0.0026567935
0.0026292196
0.002660438
0.0026682646
0.0026716322
0.00263066
0.0026205773
0.0026746176
0.0026655472
0.0026652517
0.0026336217
0.0028510506
0.0026013658
0.0026512071
0.0026818595
0.002658339
0.0028098673
0.0026752613
0.0026189864
0.0027028683
0.0026673726
0.0027269383
0.002664736
0.002580772
0.002607569
0.0026829655
0.0026207608
0.002629553
0.002589926
0.002565088
0.0025533629
0.002588236
0.0027359838
0.0025815375
0.0026255362
0.002655855
0.0026465515
0.0026701058
0.002789041
0.0026756444
0.0027467362
0.0026880961
0.0026460418
0.0026729729
0.0026756262
0.0026016547
0.0028438414
0.0026720928
0.0026361567
0.002648414
0.0025981076
0.0025961364
0.0026705982
0.0025943704
0.0025819796
0.0025683497
0.002556106
0.0026246242
0.0026540172
0.0025862395
0.0027335621
0.0026389214
0.0026220344
0.002722922
0.0025860963
0.0026203387
0.0026079032
0.0026638359
0.0025816488
0.0025785416
0.0025889564
0.0025764029
0.0026129766
0.0025949865
0.0026731538
0.0025818772
0.0026569818
0.002594636
0.0026361388
0.0025928163
0.0025493177
0.0025576684
0.0026255457
0.0025490609
0.0025529088
0.0026594698
0.0026050026
0.0026452295
0.0026607553
0.002634031
0.0026992522
0.0027954418
0.0026069046
0.0026292212
0.0025225817
0.0026458113
0.0025952621
0.0026672066
0.0025685255
0.0026747168
0.0025791125
0.002628397
0.002560527
0.0026287113
0.0025418396
0.0026452388
0.0026339362
0.0025821344
0.0025368384
0.0025323462
0.0025384533
0.0026152905
0.0026494702
0.0025851429
0.0025663357
0.0025877296
0.0025273932
0.0025505058
0.0026681956
0.0025877634
0.0025565068
0.0026081887
0.0024990502
0.0025708503
0.0025202169
0.002516621
0.0024821926
0.002538162
0.0026365889
0.0026607744
0.0025586272
0.0026003798
0.002593705
0.002617614
0.0025381593
0.002559183
0.0025449228
0.0025975537
0.002517341
0.0026535813
0.002549133
0.0025525573
0.0025030952
0.002614514
0.0025250819
0.00255467
0.0026300529
0.002471764
0.0025886593
0.0026031346
0.0025908684
0.002515769
0.0026558242
0.0025659027
0.0025406939
0.0025320838
0.0025745556
0.002484607
0.0025334535
0.0025312144
0.0025696235
0.0026548996
0.0025737537
0.0025778355
0.0025809875
0.0025160944
0.0026010945
0.0025254393
0.0025991672
0.0025945962
0.0025410475
0.0025449274
0.0024892192
0.0025348216
0.002547807
0.002514905
0.0026443955
0.0024862387
0.002453887
0.0024829495
0.0025513421
0.0026562756
0.002506448
0.0026111084
0.0024669757
0.0024690488
0.002564387
0.002455936
0.0025337108
0.0024874075
0.0025313117
0.0026417226
0.0024941491
0.002469757
0.0026168905
0.0025365758
0.0025782795
0.0024957806
0.0025707756
0.0026166732
0.0025004132
0.00260371
0.0025125288
0.0025368608
0.0025085902
0.0024580832
0.0024828399
0.0026155193
0.0025235415
0.002533991
0.002533715
0.0024470557
0.0025645867
0.0025629108
0.0024470342
0.0025421404
0.002736947
0.0025132855
0.0025012477
0.0025387818
0.002457301
0.0025477249
0.0025817677
0.0024778366
0.0025994647
0.002576404
0.0025163188
0.0026256102
0.0026259185
0.0025264367
0.0024591766
0.0024635375
0.0025207088
0.0025111535
0.002537292
0.002558326
0.0024906471
0.0024887132
0.0024683422
0.0025030829
0.0024538364
0.002459365
0.0024781493
0.00256124
0.002564052
0.0024206582
0.0024986216
0.0024979769
0.00252214
0.002521562
0.0025987697
0.002498074
0.0024435185
0.002532603
0.0025662903
0.0025181524
0.0024432207
0.0024347173
0.002471788
0.0024543162
0.0025160443
0.0024880532
0.0024702095
0.002467729
0.0024759255
0.0024193244
0.0025067166
0.0024773567
0.0025146124
0.0025397635
0.0024700353
0.0024132999
0.0024955813
0.0024065974
0.002445093
0.0025020333
0.0024195858
0.0025972659
0.0024213076
0.0024293645
0.0024414193
0.0024718326
0.0024958872
0.0024202326
0.002498514
0.0024763548
0.0024987527
0.0024313736
0.0024140447
0.0024398726
0.0024677867
0.0025256227
0.002441502
0.0024591414
0.0024473884
0.0024587165
0.0024504997
0.0024561086
0.0025095118
0.0025197158
0.0024364816
0.0023649612
0.0024515814
0.0024461062
0.0025516436
0.0024627256
0.0024015533
0.0024438943
0.0024594925
0.0024555805
0.002486787
0.0023937454
0.00243165
0.0024373864
0.002433171
0.002408381
0.0024466047
0.0024477085
0.0024574704
0.0025093376
0.002497342
0.0024753264
0.0025080154
0.0024164077
0.0024591573
0.0024320083
0.0023818514
0.0025407968
0.0023971095
0.0025143374
0.0024076402
0.0023909523
0.0023833637
0.0025411325
0.0024808683
0.0024760724
0.0025013122
0.0024301833
0.002496235
0.0024561496
0.0024402214
0.0024482824
0.0024461113
0.0024407865
0.0023962155
0.0024375622
0.0024378255
0.0024298336
0.002413977
0.0024069771
0.0024088195
0.0023956823
0.0024213688
0.0023855509
0.0025149877
0.0023754586
0.002445291
0.002409952
0.0024722496
0.0024611563
0.0024254515
0.0024222839
0.0024335876
0.0023748814
0.0025301059
0.0024112565
0.0024333717
0.0024647228
0.0024014304
0.0024696551
0.0024791283
0.0025074992
0.0025320672
0.0024404274
0.0025008556
0.002501534
0.0024213302
0.0024099704
0.0024639603
0.0025037583
0.0025842749
0.0024275812
0.0025388133
0.0024144277
0.0024729057
0.0024323727
0.0024347866
0.002396909
0.002400499
0.0023841616
0.0024518166
0.002496558
0.002377052
0.0024787688
0.002502767
0.0025163107
0.0024982016
0.0025051078
0.0023784249
0.0023931833
0.0024398328
0.0024856282
0.0023990902
0.0024574315
0.0023957065
0.0024928567
0.002344932
0.002385222
0.0023805448
0.0024383017
0.0023747873
0.0024807102
0.0024611678
0.0023604906
0.00238294
0.0023760516
0.0024015373
0.0024024972
0.0024367399
0.0023987794
0.0025011785
0.0024339336
0.0024049599
0.0024356395
0.002464579
0.0023757669
0.002413371
0.0024569263
0.0023365363
0.0023811732
0.002366291
0.002426972
0.0023990532
0.0025515372
0.0024460708
0.002394842
0.0023500512
0.0023489601
0.0023828642
0.0024686237
0.0024090006
0.0023244626
0.002314851
0.0024072323
0.0024180284
0.002328225
0.0023387333
0.0023555853
0.0024074132
0.00233319
0.0024422947
0.002325982
0.002377516
0.002385248
0.0024240538
0.002308319
0.0023497832
0.0023381477
0.0023354318
0.0023510451
0.002416878
0.002386579
0.002365614
0.0024661138
0.0023811415
0.002374262
0.0023755122
0.0025665923
0.0023819376
0.0023988609
0.00234758
0.002407001
0.0023791026
0.0023572524
0.0024257703
0.0024267556
0.0023930655
0.0023872901
0.002332323
0.0023738984
0.002408492
0.0023668401
0.0023445345
0.0023298715
0.002350792
0.0023327598
0.002409442
0.0024426177
0.0023345787
0.0024272013
0.002381194
0.002320473
0.0023924196
0.002361652
0.002461072
0.0023183879
0.002408726
0.0024268506
0.0023794987
0.0023938383
0.0024259551
0.0023191138
0.0023805592
0.0023210102
0.002408386
0.0023197534
0.002375883
0.0024188426
0.0023175806
0.0023728735
0.0023191376
0.0023276636
0.002347616
0.002389585
0.002304679
0.0023018073
0.0023914822
0.002335766
0.0023837131
0.0023618094
0.0022694764
0.0023407794
0.0023538417
0.00235362
0.0024501116
0.0022983977
0.0025065918
0.0022680284
0.0022866693
0.0023155194
0.0022811256
0.0023315728
0.0023180174
0.0023766921
0.0023701962
0.0023917211
0.0023710667
0.0023391368
0.0023205434
0.0023169646
0.0023978327
0.0024854
0.0023121736
0.0023842328
0.0023906075
0.0023633342
0.0023262217
0.002329083
0.0022900158
0.0023059985
0.002326181
0.0023214766
0.0023171413
0.0023407135
0.0023013535
0.0022844998
0.0024328695
0.0023623104
0.002337988
0.0023038825
0.0023186202
0.0023124903
0.0022841266
0.0023186996
0.0023953381
0.002292736
0.0023720285
0.0022910351
0.0023081556
0.0023279856
0.0023219066
0.0022949816
0.0023190104
0.0023932832
0.002345074
0.0023789979
0.002325945
0.0022803124
0.0023366434
0.002304122
0.0023560692
0.002373028
0.0023272429
0.002387597
0.002284794
0.0023955056
0.0023301323
0.0023055407
0.002342448
0.0023802228
0.002326218
0.0022978403
0.0023746875
0.0023289435
0.0023324175
0.00235035
0.0023393147
0.0024179532
0.0022814064
0.002291886
0.0023123466
0.0022568472
0.002296918
0.002313209
0.0023106807
0.002257274
0.0022984485
0.002281731
0.0022966538
0.0023343575
0.0022989123
0.0023088101
0.0023006853
0.002334521
0.0023304324
0.0022834688
0.0023500896
0.0022619478
0.0024061492
0.002230981
0.0023172323
0.0023875278
0.0022544381
0.0022985502
0.002327059
0.002405391
0.0024592374
0.0023272184
0.0022573764
0.0022654908
0.0022666336
0.0024129094
0.0023695582
0.0022764273
0.0023357049
0.0022729496
0.00229645
0.0022084713
0.0022407523
0.0022336561
0.0022557606
0.0022698224
0.0022923406
0.0023182787
0.002253104
0.0023204347
0.0022694045
0.0022412161
0.0022290708
0.0022959004
0.0022697009
0.0022444627
0.0022763766
0.002257526
0.0022853143
0.0022546102
0.002310038
0.0022825908
0.0022858323
0.0023399408
0.0022636147
0.0022547748
0.0022773829
0.0022927013
0.0022513987
0.002318525
0.002407946
0.0021986545
0.0022483321
0.0022478674
0.0022132026
0.0024043508
0.0023108977
0.002246729
0.0022758637
0.002279309
0.0023608324
0.0022169335
0.0023147787
0.002321155
0.0022805997
0.0022713325
0.002301947
0.0022671856
0.0022773275
0.0022488295
0.0022756923
0.0023463473
0.0022292018
0.0022663372
0.0022002629
0.0022478683
0.0022525038
0.0022436962
0.0022335846
0.0022793727
0.002252054
0.0022373653
0.0022024845
0.002353792
0.00222586
0.0022286633
0.0022580903
0.0023354262
0.0023032695
0.0021942314
0.0022436474
0.0022529636
0.002241971
0.0023439706
0.002246325
0.0022676229
0.0022930026
0.0022334435
0.0022027984
0.0022289143
0.0023004883
0.0023207592
0.0022140862
0.0022391207
0.0022862563
0.0022795922
0.0023421256
0.0022669293
0.0021796366
0.0022349295
0.0022947812
0.0023061489
0.0022881234
0.00232395
0.002234464
0.0022337895
0.002225625
0.002282069
0.0022624969
0.0023190328
0.0022549778
0.0022844856
0.0021998705
0.002313484
0.0022634978
0.0022715311
0.0022691735
0.0021773418
0.002284532
0.0023483275
0.0022328473
0.002230253
0.0022105537
0.0022435253
0.0022075772
0.0022302533
0.0022283553
0.0022057972
0.002175879
0.002241629
0.002279085
0.0022610845
0.0022224297
0.0022261806
0.002257804
0.0022273425
0.002287466
0.0022179
0.002171701
0.002202873
0.0022604188
0.0022248283
0.0021951548
0.0022591269
0.0022781505
0.0022331637
0.00217128
0.0022960159
0.002194926
0.0022069383
0.0022303078
0.0022687253
0.0022975092
0.0022063619
0.002188586
0.0022631714
0.0021738645
0.00223725
0.0022264847
0.002290382
0.0022739035
0.0022193193
0.0022324272
0.0023235476
0.0022385216
0.0022882516
0.0022547962
0.0021366368
0.0023043964
0.0022168735
0.0021498364
0.0022337532
0.00217988
0.0021909124
0.0021848017
0.0022209906
0.0022708084
0.002204693
0.0022571883
0.0021893221
0.0021829107
0.002330641
0.0023057712
0.0022172588
0.002330961
0.0022512248
0.0021587196
0.0021908227
0.0022060068
0.002178078
0.002203257
0.0022018952
0.0021777959
0.0022151787
0.0021624733
0.0021714247
0.0021722761
0.002213761
0.0021801286
0.0021570327
0.002218652
0.0021276334
0.0022160045
0.0022318058
0.002235477
0.0021683015
0.0022695085
0.0021453246
0.0022192511
0.0022573983
0.0022231597
0.002147973
0.0022246565
0.0022026058
0.0021568246
0.002146607
0.0022186013
0.0022574847
0.0022658834
0.0021490431
0.0023170214
0.0022101442
0.0022755635
0.002286654
0.0022185259
0.002311005
0.0022103328
0.0022699656
0.0022279837
0.0022045434
0.002219754
0.0022246304
0.00214746
0.0021579869
0.002152335
0.0022641022
0.002202043
0.0022681493
0.0021619676
0.0022123966
0.0022649162
0.0020950476
0.0021806736
0.0022532048
0.0021878255
0.002282303
0.0021754464
0.0022117305
0.0021592062
0.002166471
0.002147067
0.0021840855
0.0021739954
0.0022029907
0.002187084
0.002150342
0.0021944323
0.0022675467
0.0022556395
0.002204899
0.0021839982
0.0022255413
0.0021782431
0.0021223312
0.002149848
0.002176295
0.002121668
0.0021431628
0.002255585
0.0021405977
0.0021782
0.0021715302
0.002182896
0.0022169007
0.0021446585
0.0021664544
0.0021010903
0.002152493
0.0022961434
0.0021496948
0.002190363
0.0021496315
0.0021266972
0.0021689085
0.0021277075
0.002167679
0.0021885044
0.0022333642
0.0021196303
0.0022603776
0.0023209488
0.00214739
0.002114997
0.0021466063
0.0021975376
0.0022422147
0.0021785505
0.002172317
0.0022256684
0.0021389674
0.0021332293
0.0021664524
0.002153372
0.0021132282
0.002137689
0.002068898
0.0021079862
0.0021180538
0.0020943189
0.0021640605
0.002109184
0.0022177405
0.0021940405
0.0022394448
0.002157806
0.002159965
0.0021586118
0.0021563196
0.002135935
0.0021977294
0.0021453863
0.0021064717
0.0021444869
0.0021151705
0.0021521482
0.0021337294
0.0022545413
0.002178118
0.0021425153
0.0022337674
0.0022121621
0.0022012526
0.0021071245
0.0021693567
0.0021987755
0.002110591
0.0021453567
0.0021168992
0.0021254162
0.0021644002
0.002158693
0.0021481419
0.0020883207
0.0020903382
0.0021611378
0.0021228744
0.0021026048
0.0021190757
0.0021046153
0.0021302465
0.0021381527
0.0021988854
0.0022542502
0.0020900655
0.0021220613
0.0021494231
0.0021427877
0.0021323713
0.002082732
0.0020897028
0.0021000858
0.00208794
0.0021573843
0.0020824193
0.0021400084
0.0020787276
0.0021357639
0.0021854504
0.0020943237
0.0020964267
0.00208105
0.0021526879
0.0021421455
0.0021469158
0.0021037462
0.0020987552
0.0020957957
0.0020716295
0.0021333941
0.002175286
0.002139642
0.0021076323
0.0021227119
0.0021185188
0.002172176
0.0021392736
0.0022132958
0.002152675
0.0021465519
0.0020448049
0.002146795
0.0021582395
0.0020804089
0.002079306
0.0021143926
0.0020884823
0.0020929468
0.0020575894
0.0022632645
0.0021724286
0.0021808904
0.0021783777
0.0021579552
0.002108711
0.0020912546
0.0021255347
0.002065853
0.002122451
0.0021421716
0.0021498257
0.002124684
0.0022145435
0.002186745
0.002085717
0.0021045117
0.0021418058
0.002109859
0.0021482508
0.002136432
0.0021161563
0.0020839178
0.0021745292
0.0021453197
0.002107209
0.0020976006
0.0020789441
0.0021358854
0.0021050319
0.0020755795
0.0021225237
0.0021205335
0.0021457453
0.0020869325
0.0021633778
0.0021132617
0.002088507
0.0021056125
0.0021258031
0.002197632
0.0021406906
0.0021491928
0.0021062873
0.0021128668
0.0022365295
0.0021702568
0.0021130654
0.0021217617
0.002157805
0.0021259256
0.0020840548
0.0020662071
0.0021019978
0.002121351
0.002146158
0.0021230346
0.0020918497
0.0020859765
0.0021418333
0.0021150545
0.002178582
0.0020926495
0.0021366556
0.0021185842
0.002056676
0.0021480937
0.002079327
0.0021235384
0.0020997508
0.002145694
0.0021731479
0.0021853521
0.0021117001
0.002122765
0.0020444375
0.00216589
0.0020644271
0.0021030516
0.0021379865
0.0020955002
0.002094728
0.002152073
0.0020550878
0.0021128976
0.0020834005
0.0021160527
0.00207005
0.002179122
0.0020385622
0.00212311
0.0021557992
0.0020677322
0.0020701105
0.002125087
0.0020833444
0.0020657287
0.0020635184
0.0020937102
0.0021478166
0.0020587246
0.0021623215
0.002114316
0.0020690148
0.002080032
0.0021538977
0.0020862618
0.0021038433
0.002061481
0.002055646
0.002155559
0.0020948288
0.002100882
0.0020742842
0.0020866357
0.0021163244
0.0020755348
0.0020842496
0.0021234269
0.002048775
0.0020465993
0.0021019108
0.0020645503
0.0020576261
0.002085023
0.0021542776
0.0021273904
0.002073418
0.0020909952
0.002076747
0.0020457446
0.0021161435
0.0021304868
0.0021247575
0.0020913612
0.0020700616
0.0020976022
0.0020630793
0.0021097853
0.0021324058
0.0021120382
0.0020401254
0.0020999177
0.002151697
0.0020679308
0.0020672292
0.0020876136
0.0020680795
0.0020477737
0.002081948
0.0021712142
0.0020720456
0.002061996
0.002111764
0.0020459334
0.0021521186
0.0020515067
0.0020799104
0.0021152364
0.0020349745
0.002078919
0.0020589065
0.0020453115
0.0021131192
0.0020862117
0.0020409808
0.0021164368
0.0020745462
0.002110273
0.002087288
0.0022330873
0.002031186
0.0021717034
0.0020663305
0.0022620833
0.0020669582
0.0020539328
0.0020928418
0.0020652688
0.0021316316
0.0020705105
0.0021443772
0.0020922741
0.0020609205
0.0020978407
0.002122802
0.0020984518
0.0020962688
0.0020164987
0.0021329182
0.002081736
0.002039478
0.0021488108
0.0020744915
0.0021012009
0.0021409877
0.0020690032
0.0021138208
0.0020581777
0.0020342567
0.0020778219
0.0020641547
0.0020950278
0.002094258
0.0020446682
0.0020534527
0.0020519525
0.0020635661
0.002108552
0.0021195454
0.002078562
0.0020319258
0.0020376171
0.0020490906
0.002044208
0.0020295451
0.002044172
0.002018234
0.0020553705
0.0020916932
0.0020260185
0.0020034532
0.0021391225
0.002022655
0.0021613485
0.0020247102
0.0020017799
0.0020166207
0.0020755876
0.0020048446
0.0020487732
0.0020025503
0.0019961593
0.002030588
0.0020583384
0.00199931
0.002012046
0.0020008222
0.0020154836
0.0020890315
0.0020501383
0.0021100338
0.002071566
0.0020429734
0.0020747376
0.0020249716
0.0020179988
0.0020482435
0.0020114179
0.0020481418
0.0019890917
0.0020117054
0.002035915
0.0021211016
0.0019795895
0.0019983505
0.00204844
0.0019898012
0.002017343
0.001976912
0.0020040784
0.0020612911
0.0020419895
0.0020221246
0.0019839623
0.002056296
0.002062227
0.0020259973
0.0020805406
0.0020141082
0.0021128103
0.002000642
0.0020856324
0.0020564569
0.0019986792
0.002051542
0.0020950926
0.002017498
0.0020388796
0.0020563754
0.0020624057
0.001997555
0.002097059
0.0020843807
0.0020337002
0.002011524
0.0019943498
0.0020511649
0.002118087
0.002066709
0.0020444314
0.0020939356
0.001978212
0.002048404
0.0020402577
0.0020860804
0.0020656001
0.0019791645
0.0019697018
0.0019670257
0.0020062053
0.0020265698
0.0019879446
0.0021314905
0.002038874
0.002047337
0.0021355385
0.001998342
0.0020269738
0.0019991987
0.0020250494
0.0020352125
0.002018006
0.0020532007
0.0019889297
0.0020617354
0.001960242
0.002019577
0.0020254727
0.0020052558
0.0019793743
0.0020468647
0.0019960096
0.002047528
0.0020357
0.0019911965
0.002000056
0.0021503393
0.0020095583
0.0021298507
0.00202387
0.0020164668
0.0020077792
0.0020401843
0.0020147623
0.0019984462
0.0019815331
0.0019662029
0.002152199
0.0021444943
0.0019684257
0.0020329282
0.0020910515
0.0019767962
0.0020957743
0.0020134207
0.0019872165
0.00195738
0.0019986385
0.0019912857
0.0019955283
0.002003141
0.0020135213
0.0019605495
0.0020305442
0.0021258078
0.0019951041
0.0021370258
0.0019825709
0.0021065224
0.002083255
0.0019906028
0.0020213528
0.0020838415
0.001976347
0.0020326476
0.0019898443
0.002082644
0.0019904706
0.0019799327
0.0020659317
0.0020402425
0.0019652941
0.0019991945
0.0020606045
0.0020913205
0.002016488
0.0020142247
0.0020439734
0.0020278648
0.0020791714
0.0019939675
0.0020711715
0.0021071658
0.001989793
0.0020041121
0.0019862987
0.002020894
0.0019582647
0.0020448947
0.0019957563
0.0019837897
0.0020013342
0.0020596962
0.0019817639
0.0020483083
0.002000359
0.0019826954
0.0019862617
0.0020394379
0.0019456563
0.00199863
0.0019554857
0.0019673575
0.0021042123
0.0019519726
0.0020255167
0.0019558987
0.0019720788
0.0020236124
0.0020254008
0.002027317
0.001981843
0.0020397038
0.0020753243
0.0019949689
0.001922549
0.001978651
0.0020129106
0.0020900148
0.001996316
0.0019252154
0.001952888
0.0020009163
0.001972469
0.0020299933
0.0019777124
0.0019812377
0.0020016988
0.0019707137
0.00196676
0.0019564978
0.0019818542
0.0019854908
0.002101659
0.0020569107
0.0020581393
0.0019874189
0.0019145476
0.0019449551
0.0019354403
0.0019720725
0.0019341913
0.001970267
0.0019764171
0.0020093166
0.0019682453
0.0019631914
0.0019234432
0.0019997142
0.0020090977
0.0019856193
0.002012211
0.0020264904
0.0019417105
0.0019228879
0.00196564
0.002053965
0.0019818107
0.0020602255
0.0020762237
0.002010819
0.0019756996
0.0019356359
0.0019376018
0.0020224995
0.0019998532
0.0019778912
0.0019406681
0.0019546812
0.0019475581
0.002036114
0.0019504305
0.0020821192
0.0019234042
0.001989866
0.0019433765
0.0019347197
0.0019954662
0.0021446643
0.0020460319
0.0020252054
0.0019931379
0.0020030478
0.0019596715
0.001959666
0.0020060833
0.0019563963
0.0019646331
0.0019468934
0.0019779631
0.001989246
0.0019877728
0.0020054362
0.0019116148
0.002009179
0.0019342453
0.0020070602
0.0019472496
0.0019255062
0.0019792481
0.0019431871
0.0019842135
0.0019412412
0.0020241882
0.0020616525
0.001938828
0.001980872
0.0019842002
0.0020376674
0.0019643223
0.0020461455
0.0019783506
0.0019352607
0.002032947
0.0020072234
0.001996517
0.001954966
0.0019789424
0.0019495569
0.0019878692
0.0019205638
0.0019711351
0.0019936683
0.0019565125
0.0019834966
0.0019348536
0.00201848
0.0019753838
0.0019174453
0.0019410017
0.0019628624
0.0019812721
0.0019693514
0.0019298824
0.0019604971
0.0019068273
0.001978344
0.0019289909
0.0019317463
0.0019870833
0.0019429439
0.0019333665
0.0019940836
0.0019575343
0.0019964362
0.0019396141
0.0019282826
0.0019150957
0.0019463131
0.0019958168
0.0019161861
0.0019150473
0.0019926433
0.0019652946
0.0020128614
0.0019165082
0.0019727715
0.001975305
0.0019715976
0.0019218352
0.0019909246
0.0019110988
0.0019722204
0.0020021105
0.0019468296
0.0019637917
0.0019093127
0.0019006496
0.0018855559
0.0019070723
0.0019751645
0.0019172207
0.0019779364
0.0019377761
0.0019228188
0.0019420008
0.0019422034
0.0019135765
0.001891207
0.0019408902
0.0019676771
0.0019184881
0.0019100538
0.0019057771
0.0019396433
0.0019606987
0.001954118
0.001936873
0.0019087999
0.0019523109
0.0019405634
0.0018963066
0.0019540035
0.0019182974
0.0019135845
0.0019301509
0.0019168615
0.0019364414
0.0019174705
0.0019522603
0.001951769
0.001964075
0.001947267
0.0019514328
0.0019833401
0.0019391485
0.0019059438
0.0019995153
0.0019232638
0.0019408136
0.0019578931
0.0019407441
0.0018676653
0.0019202402
0.0019677721
0.0019413644
0.0019266186
0.0019068813
0.001958653
0.001982215
0.0019093292
0.0019536885
0.0019787862
0.001948209
0.0019911842
0.0019268565
0.0019265704
0.001980811
0.001981886
0.0018723039
0.0019119453
0.0019177208
0.0019426763
0.0019255885
0.0019252378
0.0019069719
0.0018902749
0.001981498
0.001905474
0.0019400936
0.0019954694
0.002060777
0.001893682
0.0020293056
0.001956364
0.0019827622
0.0019170693
0.0019139837
0.0019706786
0.001955649
0.0019540472
0.0018886984
0.0019234135
0.0019245913
0.001932671
0.0019189699
0.0018941272
0.001971457
0.0019031034
0.0020408316
0.0018983706
0.0019121221
0.0018603661
0.0018664107
0.0019184182
0.0019194637
0.0019969037
0.0019118005
0.0019068847
0.0019261714
0.0019293673
0.0019670837
0.0019279815
0.0019593968
0.0019213526
0.0019253133
0.00202872
0.0020028658
0.001967111
0.0019296673
0.0019129856
0.0019242277
0.0018739854
0.001975398
0.001977976
0.0019191173
0.0019593292
0.0019270311
0.0019698108
0.0020244804
0.0019467245
0.0018908939
0.0019148964
0.0019524714
0.0019287538
0.001925373
0.0019194785
0.0018584658
0.0018974779
0.0019045555
0.0019834558
0.0018987486
0.0020468037
0.0018704603
0.0018961706
0.0018699138
0.0018457535
0.0018798675
0.0019303247
0.0019280588
0.0019288667
0.0019863662
0.0019069723
0.0019534058
0.0018653816
0.001918873
0.001958102
0.0018788825
0.0018919383
0.001961565
0.0018946467
0.0019001644
0.0019478328
0.0018530805
0.0018810695
0.0019262736
0.0019097185
0.0019003565
0.0019374856
0.0018925581
0.0018295376
0.0019277189
0.0019309309
0.0019148426
0.0018808285
0.001849694
0.001937806
0.0019176704
0.0019141341
0.001935153
0.0018770564
0.0019769717
0.0019454953
0.0019445393
0.0018520046
0.0018702296
0.0018687277
0.0018891329
0.0019011385
0.0018834062
0.0019343002
0.0018680316
0.0019053183
0.0019247463
0.0019080493
0.0019527791
0.0019453984
0.0019193259
0.0019433398
0.0019123111
0.0018753748
0.0019524179
0.0019036961
0.0019540235
0.0019039868
0.0019086921
0.0018716159
0.0018558636
0.0019637302
0.0018930897
0.0019134661
0.0019608384
0.00190484
0.0018870592
0.0019229271
0.0019126274
0.0019418851
0.0019213905
0.0019029948
0.0019038924
0.0018653452
0.001853372
0.0019391453
0.0019100931
0.0018502244
0.0018915405
0.0018912172
0.0019254915
0.0019005804
0.0018856841
0.001887175
0.0018808072
0.001820549
0.0018757123
0.0019177021
0.0018775867
0.001894707
0.0018382451
0.0018974529
0.001912185
0.0019120928
0.0018938371
0.0019047967
0.0018433129
0.0018435778
0.0019230011
0.0018989854
0.0019450554
0.0020133534
0.0019240367
0.0019489996
0.0019050329
0.0018743189
0.0018602905
0.0020030271
0.0018371762
0.0018576015
0.0018540558
0.0019491863
0.0019390939
0.0019753168
0.001918607
0.0018951573
0.0018504586
0.0019009875
0.0019542077
0.0019234639
0.0018698602
0.0018679805
0.001932118
0.0018689325
0.0019309783
0.0018465018
0.0019468641
0.0018585566
0.0018603329
0.0018223865
0.0018462732
0.0019503885
0.0018904513
0.0018631335
0.0018760484
0.0018571211
0.001903003
0.0018495462
0.0018723366
0.0018969387
0.001829445
0.0018781812
0.0019013917
0.0018516687
0.0018762713
0.0019260704
0.0018735921
0.0018852499
0.0019322868
0.0018363121
0.001827428
0.0018471495
0.0018609425
0.0018532702
0.0018137847
0.0018994742
0.0018875552
0.0018635069
0.0019212588
0.0018440868
0.0018607578
0.0018480875
0.0018570954
0.001893795
0.0019049362
0.0018128445
0.0018075018
0.0019389875
0.0018649428
0.0018435337
0.0018670384
0.0018769694
0.0018934293
0.0018249314
0.0018764134
0.0018339967
0.0019560873
0.0018648809
0.0018635831
0.0018346199
0.001808114
0.0019429922
0.0018669965
0.0018228847
0.0018510411
0.0019599036
0.001983273
0.0018818012
0.0018665463
0.0018767185
0.0019674322
0.0018580533
0.0018966179
0.0019516216
0.001942639
0.0019259778
0.0019033205
0.0019925165
0.0019352115
0.0018473672
0.0018532063
0.0018726703
0.0018805128
0.0018231203
0.0019132826
0.0018739003
0.0018801971
0.0018776866
0.001841063
0.0018606496
0.0018296827
0.0018688445
0.0019052278
0.0018838629
0.0018654811
0.0019407368
0.0019400659
0.0020377766
0.0018733555
0.0018716857
0.001867805
0.0018627305
0.0018678191
0.0018721567
0.0018536632
0.0019018924
0.001858825
0.0018846779
0.0018628858
0.0018424967
0.0018773926
0.001835855
0.001829483
0.0018544495
0.0019693407
0.0018609185
0.0018368764
0.0019016424
0.0018803335
0.0018814729
0.0018560698
0.0019034124
0.0018414952
0.0018413463
0.0018282741
0.0018213054
0.0020375103
0.0018742703
0.0018722714
0.0018597653
0.0018334141
0.0018169907
0.0019135849
0.0018878181
0.0018762003
0.001857559
0.001952387
0.0018659774
0.0018698882
0.0018388435
0.0018211129
0.0018509168
0.0018467986
0.0018804426
0.001850681
0.0018958988
0.0019044665
0.0018461318
0.0018465007
0.0019303226
0.0018901844
0.0018248644
0.0018721805
0.0018973247
0.001870016
0.0018406498
0.0018384068
0.001816646
0.0019071422
0.0018421591
0.0018307441
0.0018510605
0.0018078828
0.0018865505
0.0018352657
0.0018437814
0.0018688003
0.0018903649
0.0018527212
0.001882718
0.0018962942
0.0018733633
0.0018891384
0.0017969196
0.0018225434
0.0018412814
0.0018354162
0.0018429899
0.0018629616
0.0018473456
0.0018300753
0.001993845
0.0019106335
0.0018571725
0.001797791
0.0018343218
0.0018677408
0.0018785968
0.0018913571
0.001779069
0.0018553763
0.001801623
0.0018280859
0.0018710654
0.0018314489
0.0018552585
0.0018101045
0.0018132516
0.0018277375
0.0019349959
0.0018234601
0.0018844599
0.0017756302
0.001890005
0.0019291309
0.0018415332
0.0018054224
0.0018132069
0.0018712995
0.0018287014
0.0018566363
0.0018561053
0.0018918695
0.0018367918
0.0018552986
0.0018268498
0.0018104909
0.001853997
0.0019295203
0.0018430727
0.0018289055
0.0018365772
0.0018092188
0.0018679262
0.001857923
0.0019398441
0.0019050671
0.0017882019
0.0018780886
0.0018774364
0.0018443123
0.001797986
0.0018157107
0.0018046013
0.0018411565
0.0017888737
0.0018003602
0.0017958605
0.0017903612
0.0018288738
0.0017814833
0.001832858
0.0018312485
0.0018355619
0.0018255307
0.0018385364
0.0018025576
0.0018479674
0.0018274816
0.0018965066
0.0018369744
0.0018080374
0.0018373535
0.0018689397
0.0018434761
0.0018018183
0.0018652116
0.0018583053
0.0018215061
0.001868823
0.001862335
0.0018069985
0.0019140672
0.0018092666
0.0018420155
0.0018476755
0.0018344934
0.0018400395
0.0018685819
0.0020106577
0.0018264531
0.0018145076
0.001801582
0.0018491758
0.0019295837
0.0018173909
0.0018227343
0.0018616316
0.0018276086
0.0020002085
0.0018731043
0.0018370041
0.0018421216
0.0018347818
0.0018539279
0.0018668433
0.0018314641
0.0018277437
0.0018193963
0.0020309922
0.0018598734
0.0017981555
0.0017892588
0.0017815116
0.0018062885
0.0018851955
0.0018095415
0.001824731
0.0018245208
0.0017682654
0.0017788651
0.0018122843
0.0017975131
0.0018904239
0.0018067614
0.001863314
0.0017999541
0.0017930334
0.0018158036
0.0018574931
0.0018011368
0.0017788273
0.001796063
0.001761274
0.0018565434
0.0018157726
0.0018027966
0.0018280988
0.0018509555
0.0018052112
0.0017720375
0.001783893
0.0018191944
0.0018094273
0.0018092121
0.0017949174
0.0019096822
0.0018457855
0.0017950524
0.0018014149
0.0018157269
0.0018479308
0.0017553527
0.0017704802
0.0019295455
0.0017858457
0.0017807336
0.0018240482
0.0018239177
0.0018582568
0.001810122
0.0017772426
0.0017711597
0.0018374795
0.0017685755
0.0017972563
0.0017958519
0.0017780645
0.0017710159
0.0018137092
0.0018650676
0.0018241537
0.0018292395
0.0017715587
0.0018214216
0.0017910245
0.0018429245
0.0018279696
0.0018978806
0.0018262455
0.001743282
0.0018081162
0.0017840962
0.001819275
0.001880099
0.0018193888
0.0018720096
0.002006951
0.0018025978
0.001859192
0.0018682106
0.0018167648
0.0018843944
0.001832554
0.001797973
0.0017845214
0.0019173784
0.0018165131
0.0018084297
0.0018537776
0.0017429863
0.0017962945
0.0017866668
0.0017689061
0.0017886106
0.0017713937
0.0019232833
0.0018026353
0.001871226
0.0017621629
0.0017854525
0.00175501
0.00178703
0.0018279012
0.0017550101
0.0017803644
0.0018303855
0.001747588
0.0017912003
0.001746433
0.0017950985
0.0017970013
0.0018200143
0.0018573396
0.0017706811
0.0017491521
0.0017973628
0.0017365052
0.0017807764
0.0017810698
0.0018519103
0.001741629
0.0017789098
0.001806423
0.0018577878
0.0018591373
0.0018106425
0.0018198006
0.001790472
0.0017630092
0.0017366947
0.00175566
0.0017798007
0.0017464657
0.0018048143
0.0018417968
0.001749947
0.0018119474
0.0017391205
0.0017874966
0.0017440387
0.0017785394
0.0017770018
0.0018074261
0.0017835075
0.0018172312
0.0018159389
0.0017384529
0.0017371408
0.0018109762
0.0018007177
0.0018686443
0.001774189
0.0017824144
0.0018050198
0.0017625466
0.0018109628
0.001791333
0.0017578729
0.0018064354
0.0017806299
0.0017892001
0.0017467005
0.0017572461
0.0017637797
0.0017303057
0.0017349841
0.0017859709
0.0017399968
0.0018072054
0.0017381827
0.0017609649
0.0017347233
0.0018061842
0.0018157256
0.0018171333
0.0017940943
0.0017347402
0.0017877878
0.0017979612
0.0017093777
0.001782807
0.001749269
0.0017611654
0.0017690324
0.0017403333
0.0017605026
0.0017355105
0.0017715258
0.0017534507
0.0017905188
0.0017745038
0.0017919939
0.0017100754
0.0017908022
0.0017670067
0.0018249298
0.0018162053
0.0018574828
0.0017829287