
0.8710983
0.856684
0.69345254
0.6466497
0.5631633
0.5172288
0.44032258
0.4249801
0.42758816
0.371823
0.35011384
0.2967154
0.3209605
0.27690303
0.27002016
0.25852796
0.29504666
0.23428357
0.21143489
0.20602821
0.2079222
0.19800194
0.20322777
0.19149044
0.17841229
0.17897034
0.1701115
0.16967607
0.16080016
0.14343636
0.13982804
0.1443416
0.1294788
0.13348131
0.117019266
0.1267479
0.106905065
0.11072351
0.108769916
0.10784757
0.104358375
0.10302375
0.10546305
0.093738675
0.09975069
0.09441522
0.09774111
0.090527885
0.096675515
0.09591832
0.08987302
0.08528763
0.08432154
0.08040652
0.08292282
0.077795096
0.07707679
0.07213026
0.06953296
0.07585792
0.07602111
0.06535811
0.0667584
0.069965586
0.07139638
0.071414925
0.062354792
0.0587514
0.059645347
0.058449704
0.060009666
0.0577426
0.05998304
0.05968831
0.054662023
0.052816767
0.058603678
0.064020276
0.060776785
0.05343696
0.05134549
0.052730307
0.04748621
0.053434804
0.05040911
0.049534544
0.046944603
0.050807193
0.04940365
0.0472113
0.048614025
0.04502746
0.04507619
0.04137063
0.04506248
0.043472696
0.042847853
0.047304023
0.04001744
0.048799463
0.040891133
0.04105306
0.04038128
0.041810244
0.042028118
0.039562114
0.038731087
0.045380533
0.039423086
0.03856344
0.04075989
0.041252024
0.03620734
0.040207263
0.040121734
0.040277448
0.039623328
0.03953575
0.035310227
0.035319462
0.035105456
0.036872957
0.03635822
0.04130796
0.037012875
0.033508003
0.035017017
0.033367105
0.036290023
0.04023005
0.031612758
0.036401317
0.038430434
0.034676664
0.035383992
0.034571055
0.032962233
0.029270552
0.03628013
0.03341948
0.031050755
0.032222223
0.030462023
0.03386652
0.030585585
0.029360585
0.031153332
0.029569631
0.029960392
0.029686017
0.031493656
0.029115112
0.030017488
0.027979713
0.027739426
0.027172614
0.030378785
0.027767302
0.027961472
0.02801389
0.030611178
0.02748013
0.027459133
0.028015347
0.026578192
0.026065983
0.02583871
0.026265139
0.026029589
0.029599337
0.026060998
0.02546741
0.02955768
0.026323907
0.024847096
0.026029194
0.024520509
0.02692109
0.029489247
0.026540682
0.028938958
0.025764214
0.028048104
0.024380168
0.024950663
0.024982667
0.02932707
0.024934294
0.03106173
0.026685834
0.025749309
0.027457949
0.024320738
0.02376175
0.02324901
0.025488442
0.026131004
0.024829652
0.025356429
0.02173995
0.024719667
0.023029737
0.023052547
0.022639848
0.025425997
0.023939945
0.027538618
0.02492213
0.023313398
0.023505142
0.025862034
0.025811644
0.023957776
0.023008045
0.023755528
0.028986538
0.023577608
0.022002019
0.02129481
0.02184114
0.02169724
0.02201937
0.021184444
0.023959922
0.022224806
0.019193951
0.025690615
0.020094851
0.020562902
0.021759562
0.022443542
0.02228249
0.02148373
0.022320325
0.019034436
0.019298894
0.01962748
0.02237823
0.0198314
0.020513356
0.019907316
0.020395875
0.020444848
0.019406077
0.0194129
0.01936246
0.01898554
0.019800937
0.021454405
0.02043317
0.019640848
0.02151149
0.020136772
0.019027682
0.022262054
0.022018977
0.019331645
0.020122703
0.018850198
0.02123407
0.02028041
0.020116275
0.01994807
0.020381033
0.02276146
0.020939488
0.019497355
0.019837994
0.021177502
0.019696204
0.020887537
0.019288795
0.021111371
0.020969654
0.018214138
0.018713495
0.02012859
0.019188678
0.018534329
0.01953386
0.018732978
0.019488936
0.020935964
0.01806939
0.017700236
0.017973565
0.019947056
0.019344248
0.018445672
0.018628342
0.018333359
0.017640073
0.018075561
0.019032251
0.01769304
0.017993147
0.018639816
0.019554943
0.01709497
0.01704732
0.017446686
0.017453147
0.019141924
0.019703025
0.017437752
0.017550658
0.018172655
0.017635237
0.017677838
0.018307455
0.018670328
0.016690686
0.019251572
0.018264867
0.016795212
0.015898615
0.016375853
0.016007088
0.01801631
0.016951784
0.015517812
0.017738637
0.01713312
0.016674913
0.01754136
0.017019767
0.017465262
0.01655561
0.017509557
0.017420474
0.018292613
0.018108657
0.016541226
0.017384166
0.016690433
0.017070914
0.016530767
0.015876815
0.019588187
0.015955325
0.017680913
0.015857669
0.016975148
0.01778768
0.017667796
0.015101338
0.014131706
0.016076889
0.015241075
0.01555373
0.017085057
0.015322037
0.015657192
0.0154645685
0.015681127
0.015924646
0.016762843
0.015392952
0.016690256
0.018032867
0.01506716
0.0158627
0.017380627
0.016959012
0.015652865
0.015072176
0.016791966
0.014938308
0.016323972
0.015865844
0.016552344
0.0149702765
0.013437001
0.014380962
0.016901413
0.01580298
0.014922145
0.014862102
0.017565455
0.014431817
0.0148220025
0.016281042
0.015209056
0.0141949095
0.017261013
0.015388341
0.01598746
0.016211845
0.014499716
0.014575757
0.014296354
0.014401089
0.020403376
0.015070416
0.014747598
0.017136712
0.017821666
0.014596575
0.014447412
0.016149828
0.015630923
0.014136978
0.015472112
0.015012046
0.014296393
0.014523396
0.015885083
0.016043594
0.013448697
0.014377239
0.013528791
0.015417256
0.0135739045
0.013897739
0.01657131
0.015509903
0.014723677
0.017283712
0.01612823
0.01374198
0.013371186
0.0134774055
0.012699147
0.0135387285
0.014961681
0.015912201
0.016259942
0.015375045
0.014677089
0.015290651
0.017198853
0.013337995
0.014313468
0.016233837
0.016360994
0.014660418
0.015270446
0.016780756
0.014916812
0.013977042
0.013843268
0.015237085
0.014372854
0.015248157
0.014559679
0.016296782
0.014662795
0.014171516
0.017942853
0.014422591
0.014399271
0.014290992
0.015189268
0.013773371
0.014541625
0.013960856
0.013437963
0.016469948
0.013812901
0.014202717
0.013458227
0.0133356545
0.014075891
0.014051254
0.013729426
0.012559224
0.0134590445
0.014046386
0.014708234
0.014023238
0.014156303
0.013902689
0.014278283
0.012933187
0.014184474
0.013293046
0.015137907
0.014599648
0.013726547
0.01196651
0.013038962
0.013619725
0.016509263
0.014892135
0.013410369
0.014956074
0.012867074
0.013046813
0.01369752
0.011239717
0.011979715
0.014509979
0.014650461
0.011656964
0.015219253
0.01458446
0.012716673
0.013937661
0.012146375
0.012425934
0.012828884
0.012952916
0.011521067
0.011801744
0.012921653
0.013626792
0.013514204
0.014079244
0.012715391
0.0135244215
0.012924372
0.014028097
0.012941159
0.013801092
0.01321405
0.012598015
0.012556785
0.013571488
0.013882965
0.014595279
0.01242498
0.011725606
0.012493281
0.014872064
0.012481964
0.011743032
0.01391076
0.012722007
0.011958008
0.013900061
0.01179064
0.011868533
0.0142098665
0.014570864
0.013054327
0.013137718
0.014473966
0.013636562
0.012422788
0.012513093
0.013795581
0.012777997
0.012810448
0.012651269
0.013716169
0.0119100325
0.012441688
0.011373936
0.011793914
0.013064223
0.012143696
0.014108751
0.011501467
0.012384037
0.01589457
0.015527154
0.012070737
0.012296778
0.011394934