20 198.4 0.08 198.48 0.058 19 20 0.42 0.0 
40 198.09 0.19 198.27 0.086 31 41 0.68 0.0 
60 197.48 0.2 197.68 0.099 43 63 0.94 0.0 
80 196.99 -0.01 196.98 0.129 61 86 1.34 0.0 
100 196.5 -0.06 196.44 0.159 72 109 1.58 0.01 
120 196.01 -0.2 195.81 0.17 83 130 1.82 0.01 
140 195.34 -0.29 195.04 0.182 93 152 2.04 0.01 
160 195.04 -0.34 194.7 0.213 105 174 2.3 0.01 
180 194.59 -0.46 194.13 0.238 120 194 2.63 0.01 
200 193.88 -0.75 193.14 0.254 133 217 2.92 0.01 
220 193.79 -0.82 192.96 0.261 142 238 3.11 0.01 
240 193.6 -0.88 192.72 0.269 150 257 3.29 0.01 
260 193.72 -0.95 192.77 0.283 162 278 3.55 0.01 
280 193.12 -0.92 192.2 0.296 174 298 3.82 0.01 
300 193.02 -1.02 192.0 0.309 186 323 4.08 0.02 
320 192.65 -1.0 191.65 0.325 195 347 4.28 0.02 
340 192.1 -0.87 191.22 0.336 206 370 4.52 0.02 
360 191.36 -0.61 190.75 0.353 220 390 4.82 0.02 
380 190.8 -0.74 190.07 0.359 228 412 5.0 0.02 
400 190.52 -0.76 189.76 0.365 234 433 5.13 0.02 
420 189.91 -0.68 189.23 0.376 245 457 5.37 0.02 
440 189.57 -0.89 188.68 0.382 257 477 5.64 0.02 
460 188.8 -0.96 187.84 0.391 272 504 5.96 0.03 
480 188.32 -1.04 187.28 0.403 285 528 6.25 0.03 
500 187.92 -1.09 186.83 0.416 294 551 6.45 0.03 
520 187.46 -1.15 186.32 0.418 302 577 6.62 0.03 
540 187.65 -1.28 186.37 0.424 311 602 6.82 0.03 
560 187.35 -1.41 185.95 0.433 320 623 7.02 0.03 
580 186.48 -1.36 185.12 0.443 329 646 7.21 0.03 
600 186.64 -1.38 185.26 0.454 340 669 7.46 0.03 
620 186.6 -1.35 185.24 0.458 348 692 7.63 0.03 
640 185.89 -1.3 184.6 0.464 356 718 7.81 0.04 
660 185.56 -1.36 184.2 0.472 364 739 7.98 0.04 
680 185.2 -1.47 183.73 0.476 373 763 8.18 0.04 
700 185.05 -1.54 183.5 0.481 382 788 8.38 0.04 
720 185.09 -1.55 183.54 0.486 391 812 8.57 0.04 
740 184.31 -1.48 182.83 0.489 397 838 8.71 0.04 
760 184.28 -1.66 182.62 0.492 408 864 8.95 0.04 
780 183.8 -1.83 181.97 0.497 420 891 9.21 0.04 
800 183.51 -1.98 181.53 0.504 428 918 9.39 0.05 
820 183.27 -2.08 181.2 0.51 434 942 9.52 0.05 
840 182.83 -2.18 180.64 0.518 442 967 9.69 0.05 
860 182.48 -2.22 180.26 0.516 449 995 9.85 0.05 
880 182.28 -2.28 180.0 0.524 456 1022 10.0 0.05 
900 181.85 -2.38 179.47 0.528 461 1042 10.11 0.05 
920 181.63 -2.71 178.92 0.532 468 1066 10.26 0.05 
940 181.02 -2.82 178.2 0.543 480 1093 10.53 0.05 
960 181.22 -2.86 178.36 0.55 485 1122 10.64 0.06 
980 180.95 -2.87 178.08 0.555 493 1149 10.81 0.06 
1000 180.53 -3.1 177.43 0.557 504 1181 11.05 0.06 
1020 180.34 -3.13 177.2 0.564 510 1209 11.18 0.06 
1040 180.48 -3.21 177.27 0.566 518 1233 11.36 0.06 
1060 180.28 -3.31 176.97 0.571 526 1263 11.54 0.06 
1080 179.94 -3.38 176.55 0.578 535 1289 11.73 0.06 
1100 179.77 -3.47 176.31 0.576 547 1314 12.0 0.07 
1120 179.83 -3.43 176.39 0.581 551 1341 12.08 0.07 
1140 179.44 -3.55 175.88 0.586 561 1368 12.3 0.07 
1160 178.86 -3.54 175.32 0.587 573 1396 12.57 0.07 
1180 178.68 -3.59 175.09 0.593 582 1418 12.76 0.07 
1200 178.51 -3.72 174.8 0.599 589 1444 12.92 0.07 
1220 178.59 -3.87 174.72 0.598 597 1475 13.09 0.07 
1240 178.28 -3.85 174.43 0.605 603 1504 13.22 0.07 
1260 177.4 -3.89 173.5 0.61 613 1533 13.44 0.08 
1280 177.02 -3.93 173.09 0.611 620 1558 13.6 0.08 
1300 176.39 -3.95 172.43 0.617 628 1586 13.77 0.08 
1320 176.27 -4.06 172.21 0.62 635 1612 13.93 0.08 
1340 176.56 -4.2 172.36 0.621 641 1646 14.06 0.08 
1360 176.39 -4.31 172.07 0.623 648 1676 14.21 0.08 
1380 176.35 -4.44 171.91 0.628 657 1706 14.41 0.08 
1400 175.43 -4.55 170.89 0.63 665 1732 14.58 0.09 
1420 175.75 -4.63 171.11 0.633 674 1758 14.78 0.09 
1440 175.14 -4.63 170.51 0.636 679 1782 14.89 0.09 
1460 174.77 -4.86 169.92 0.639 690 1810 15.13 0.09 
1480 174.83 -4.8 170.03 0.64 701 1837 15.37 0.09 
1500 174.55 -4.78 169.77 0.643 709 1869 15.55 0.09 
1520 173.92 -4.84 169.08 0.648 716 1897 15.7 0.09 
1540 173.45 -5.0 168.45 0.65 725 1925 15.9 0.1 
1560 173.35 -5.09 168.27 0.651 732 1953 16.05 0.1 
1580 172.67 -5.25 167.42 0.656 741 1984 16.25 0.1 
1600 173.04 -5.45 167.59 0.658 748 2013 16.4 0.1 
1620 172.46 -5.55 166.91 0.661 758 2040 16.62 0.1 
1640 172.6 -5.73 166.87 0.665 763 2070 16.73 0.1 
1660 172.6 -5.78 166.82 0.664 773 2096 16.95 0.1 
1680 172.45 -5.84 166.61 0.669 775 2128 17.0 0.11 
1700 172.01 -5.92 166.1 0.67 782 2163 17.15 0.11 
1720 171.63 -6.01 165.62 0.674 786 2193 17.24 0.11 
1740 171.45 -6.12 165.33 0.677 791 2220 17.35 0.11 
1760 171.57 -6.24 165.32 0.678 798 2248 17.5 0.11 
1780 171.21 -6.39 164.83 0.68 809 2280 17.74 0.11 
1800 171.14 -6.41 164.73 0.683 813 2309 17.83 0.11 
1820 170.78 -6.44 164.34 0.687 819 2338 17.96 0.12 
1840 170.66 -6.5 164.15 0.687 828 2367 18.16 0.12 
1860 170.62 -6.53 164.09 0.688 835 2394 18.31 0.12 
1880 170.1 -6.58 163.52 0.692 844 2423 18.51 0.12 
1900 169.99 -6.62 163.37 0.695 853 2448 18.71 0.12 
1920 169.76 -6.75 163.01 0.694 858 2476 18.82 0.12 
1940 169.5 -6.79 162.7 0.696 865 2505 18.97 0.12 
1960 169.93 -6.8 163.13 0.699 870 2538 19.08 0.13 
1980 169.56 -6.82 162.74 0.697 878 2571 19.25 0.13 
2000 169.58 -6.76 162.82 0.701 883 2603 19.36 0.13 
2020 169.03 -6.87 162.15 0.705 893 2635 19.58 0.13 
2040 168.95 -6.97 161.98 0.704 900 2658 19.74 0.13 
2060 168.9 -6.93 161.97 0.707 909 2689 19.93 0.13 
2080 168.23 -6.92 161.31 0.709 915 2716 20.07 0.14 
2100 168.26 -6.95 161.31 0.714 919 2745 20.15 0.14 
2120 167.7 -6.89 160.81 0.714 926 2773 20.31 0.14 
2140 167.67 -6.83 160.83 0.714 934 2796 20.48 0.14 
2160 167.55 -7.0 160.55 0.713 940 2824 20.61 0.14 
2180 167.58 -6.93 160.64 0.718 949 2856 20.81 0.14 
2200 167.59 -7.06 160.53 0.72 958 2891 21.01 0.14 
2220 167.46 -7.16 160.3 0.723 965 2924 21.16 0.15 
2240 167.15 -7.13 160.02 0.726 978 2952 21.45 0.15 
2260 166.25 -7.03 159.23 0.727 987 2983 21.64 0.15 
2280 166.26 -7.08 159.17 0.726 993 3017 21.78 0.15 
2300 165.86 -7.05 158.81 0.729 1002 3049 21.97 0.15 
2320 165.71 -7.13 158.58 0.731 1009 3081 22.13 0.15 
2340 165.71 -7.12 158.59 0.733 1013 3117 22.21 0.16 
2360 165.53 -7.18 158.35 0.734 1020 3148 22.37 0.16 
2380 164.84 -7.22 157.62 0.734 1024 3186 22.46 0.16 
2400 164.68 -7.33 157.35 0.737 1033 3219 22.65 0.16 
2420 164.82 -7.35 157.47 0.738 1042 3250 22.85 0.16 
2440 164.76 -7.38 157.38 0.738 1048 3279 22.98 0.16 
2460 164.44 -7.32 157.12 0.74 1054 3306 23.11 0.16 
2480 163.97 -7.36 156.6 0.741 1062 3335 23.29 0.17 
2500 163.33 -7.34 155.99 0.741 1069 3368 23.44 0.17 
2520 163.65 -7.45 156.2 0.746 1072 3400 23.51 0.17 
2540 163.44 -7.5 155.94 0.745 1081 3431 23.71 0.17 
2560 162.96 -7.52 155.44 0.746 1085 3462 23.79 0.17 
2580 162.78 -7.65 155.13 0.745 1093 3498 23.97 0.17 
2600 162.96 -7.76 155.2 0.748 1100 3528 24.12 0.18 
2620 162.92 -7.78 155.14 0.75 1109 3563 24.32 0.18 
2640 163.02 -7.87 155.15 0.753 1114 3598 24.43 0.18 
2660 162.26 -7.82 154.45 0.754 1120 3628 24.56 0.18 
2680 162.09 -7.97 154.12 0.753 1129 3664 24.76 0.18 
2700 161.99 -8.08 153.91 0.753 1132 3701 24.82 0.18 
2720 162.29 -8.13 154.16 0.756 1139 3732 24.98 0.19 
2740 161.95 -8.2 153.75 0.757 1147 3764 25.15 0.19 
2760 161.77 -8.14 153.62 0.757 1156 3794 25.35 0.19 
2780 161.89 -8.24 153.65 0.759 1166 3830 25.57 0.19 
2800 161.84 -8.3 153.54 0.76 1177 3869 25.81 0.19 
2820 161.18 -8.3 152.88 0.76 1181 3897 25.9 0.19 
2840 161.43 -8.36 153.07 0.763 1187 3936 26.03 0.2 
2860 161.02 -8.38 152.64 0.764 1196 3969 26.23 0.2 
2880 160.79 -8.42 152.37 0.767 1201 4001 26.34 0.2 
2900 160.94 -8.38 152.56 0.768 1207 4035 26.47 0.2 
2920 160.85 -8.31 152.54 0.766 1212 4064 26.58 0.2 
2940 160.37 -8.35 152.02 0.769 1221 4098 26.78 0.2 
2960 160.14 -8.43 151.71 0.77 1229 4128 26.95 0.21 
2980 159.86 -8.44 151.43 0.768 1235 4164 27.08 0.21 
3000 160.13 -8.42 151.71 0.77 1240 4201 27.19 0.21 
3020 160.16 -8.4 151.76 0.773 1246 4237 27.32 0.21 
3040 159.6 -8.38 151.22 0.772 1253 4268 27.48 0.21 
3060 160.18 -8.41 151.78 0.774 1259 4299 27.61 0.21 
3080 159.34 -8.53 150.82 0.774 1265 4333 27.74 0.22 
3100 159.69 -8.59 151.1 0.774 1273 4370 27.92 0.22 
3120 158.95 -8.5 150.45 0.777 1281 4403 28.09 0.22 
3140 158.72 -8.52 150.2 0.777 1287 4435 28.22 0.22 
3160 158.41 -8.55 149.86 0.781 1291 4470 28.31 0.22 
3180 158.49 -8.46 150.04 0.781 1296 4504 28.42 0.22 
3200 158.17 -8.48 149.69 0.78 1303 4541 28.57 0.23 
3220 157.85 -8.47 149.37 0.782 1311 4571 28.75 0.23 
3240 157.58 -8.6 148.98 0.78 1313 4607 28.79 0.23 
3260 158.09 -8.8 149.29 0.785 1320 4639 28.95 0.23 
3280 157.99 -8.85 149.14 0.786 1324 4681 29.04 0.23 
3300 157.7 -8.87 148.83 0.786 1327 4716 29.1 0.23 
3320 157.24 -8.89 148.35 0.786 1334 4746 29.25 0.24 
3340 157.42 -8.96 148.46 0.787 1337 4780 29.32 0.24 
3360 157.45 -8.95 148.5 0.788 1341 4816 29.41 0.24 
3380 157.04 -8.97 148.08 0.789 1347 4849 29.54 0.24 
3400 157.56 -9.02 148.54 0.791 1356 4884 29.74 0.24 
3420 157.19 -9.07 148.13 0.79 1361 4923 29.85 0.24 
3440 157.46 -9.03 148.42 0.791 1367 4955 29.98 0.25 
3460 156.83 -9.07 147.76 0.794 1375 4993 30.15 0.25 
3480 156.94 -9.14 147.79 0.795 1382 5033 30.31 0.25 
3500 156.42 -9.12 147.3 0.794 1384 5067 30.35 0.25 
3520 156.48 -9.05 147.43 0.795 1387 5094 30.42 0.25 
3540 155.86 -9.1 146.76 0.795 1390 5128 30.48 0.26 
3560 155.71 -9.19 146.52 0.794 1398 5164 30.66 0.26 
3580 155.48 -9.28 146.2 0.797 1407 5192 30.86 0.26 
3600 155.67 -9.33 146.34 0.796 1413 5228 30.99 0.26 
3620 155.34 -9.39 145.95 0.798 1417 5268 31.07 0.26 
3640 155.41 -9.5 145.91 0.799 1422 5305 31.18 0.26 
3660 155.23 -9.5 145.73 0.799 1429 5341 31.34 0.27 
3680 155.73 -9.49 146.24 0.798 1432 5378 31.4 0.27 
3700 155.45 -9.54 145.91 0.801 1437 5407 31.51 0.27 
3720 155.26 -9.58 145.68 0.8 1442 5439 31.62 0.27 
3740 155.28 -9.57 145.71 0.802 1445 5475 31.69 0.27 
3760 154.75 -9.54 145.21 0.802 1452 5508 31.84 0.27 
3780 154.66 -9.52 145.15 0.805 1456 5544 31.93 0.28 
3800 154.32 -9.48 144.83 0.802 1462 5576 32.06 0.28 
3820 154.74 -9.6 145.14 0.802 1469 5615 32.21 0.28 
3840 154.22 -9.53 144.69 0.804 1477 5647 32.39 0.28 
3860 153.86 -9.53 144.32 0.802 1482 5682 32.5 0.28 
3880 154.31 -9.55 144.75 0.807 1489 5715 32.65 0.28 
3900 153.91 -9.54 144.37 0.807 1492 5750 32.72 0.29 
3920 154.26 -9.49 144.77 0.807 1495 5780 32.79 0.29 
3940 153.83 -9.5 144.33 0.81 1503 5821 32.96 0.29 
3960 153.7 -9.45 144.25 0.806 1510 5862 33.11 0.29 
3980 153.91 -9.43 144.48 0.809 1512 5895 33.16 0.29 
4000 153.84 -9.46 144.38 0.811 1520 5929 33.33 0.29 
4020 153.15 -9.37 143.77 0.811 1524 5964 33.42 0.3 
4040 152.94 -9.44 143.5 0.811 1529 5996 33.53 0.3 
4060 152.78 -9.5 143.29 0.81 1533 6029 33.62 0.3 
4080 152.67 -9.62 143.04 0.809 1541 6069 33.79 0.3 
4100 152.59 -9.68 142.91 0.81 1546 6106 33.9 0.3 
4120 152.53 -9.64 142.89 0.811 1551 6145 34.01 0.31 
4140 152.37 -9.75 142.63 0.813 1559 6176 34.19 0.31 
4160 152.37 -9.8 142.57 0.814 1565 6209 34.32 0.31 
4180 151.72 -9.82 141.89 0.812 1569 6246 34.41 0.31 
4200 151.95 -9.82 142.14 0.813 1575 6278 34.54 0.31 
4220 152.29 -9.87 142.42 0.816 1582 6312 34.69 0.31 
4240 152.27 -9.96 142.31 0.817 1589 6345 34.85 0.32 
4260 152.3 -9.96 142.34 0.817 1590 6384 34.87 0.32 
4280 151.69 -9.99 141.69 0.819 1597 6419 35.02 0.32 
4300 151.64 -9.99 141.66 0.82 1605 6454 35.2 0.32 
4320 150.89 -10.0 140.89 0.814 1608 6491 35.26 0.32 
4340 151.14 -10.1 141.04 0.817 1614 6523 35.39 0.32 
4360 151.19 -10.08 141.12 0.819 1619 6557 35.5 0.33 
4380 151.34 -10.01 141.33 0.82 1620 6593 35.53 0.33 
4400 151.04 -9.92 141.12 0.821 1624 6623 35.61 0.33 
4420 150.81 -9.89 140.93 0.821 1631 6660 35.77 0.33 
4440 150.2 -9.92 140.28 0.822 1637 6693 35.9 0.33 
4460 150.34 -9.91 140.43 0.822 1643 6725 36.03 0.33 
4480 150.57 -9.91 140.66 0.821 1648 6769 36.14 0.34 
4500 150.4 -9.91 140.49 0.822 1653 6803 36.25 0.34 
4520 150.01 -9.92 140.09 0.821 1658 6831 36.36 0.34 
4540 149.77 -9.92 139.85 0.823 1662 6870 36.45 0.34 
4560 149.76 -9.91 139.84 0.823 1669 6903 36.6 0.34 
4580 149.87 -9.99 139.88 0.822 1676 6937 36.75 0.34 
4600 149.52 -9.97 139.55 0.822 1678 6968 36.8 0.35 
4620 149.9 -10.02 139.87 0.827 1685 7005 36.95 0.35 
4640 149.99 -10.0 139.99 0.828 1688 7040 37.02 0.35 
4660 149.8 -9.95 139.86 0.826 1693 7068 37.13 0.35 
4680 149.24 -9.92 139.33 0.826 1694 7104 37.15 0.35 
4700 149.43 -9.9 139.53 0.825 1699 7138 37.26 0.35 
4720 149.28 -9.95 139.33 0.826 1704 7177 37.37 0.36 
4740 149.12 -9.9 139.22 0.828 1707 7212 37.43 0.36 
4760 148.56 -9.88 138.67 0.828 1712 7243 37.54 0.36 
4780 148.81 -9.87 138.95 0.829 1716 7280 37.63 0.36 
4800 148.43 -9.87 138.57 0.83 1722 7315 37.76 0.36 
4820 148.48 -9.83 138.65 0.83 1728 7349 37.89 0.37 
4840 148.53 -9.87 138.66 0.83 1732 7386 37.98 0.37 
4860 148.27 -9.81 138.47 0.83 1741 7414 38.18 0.37 
4880 148.12 -9.82 138.31 0.833 1744 7444 38.25 0.37 
4900 147.63 -9.77 137.85 0.834 1750 7485 38.38 0.37 
4920 147.93 -9.86 138.07 0.833 1758 7518 38.55 0.37 
4940 147.66 -9.84 137.82 0.833 1759 7548 38.57 0.38 
4960 147.9 -9.93 137.97 0.834 1761 7589 38.62 0.38 
4980 147.55 -9.88 137.67 0.834 1763 7620 38.66 0.38 
5000 147.59 -9.89 137.69 0.835 1767 7660 38.75 0.38 
5020 147.64 -9.91 137.73 0.834 1771 7695 38.84 0.38 
5040 147.44 -9.94 137.5 0.834 1775 7729 38.93 0.38 
5060 147.54 -9.94 137.6 0.836 1781 7767 39.06 0.39 
5080 146.74 -9.96 136.79 0.836 1786 7803 39.17 0.39 
5100 147.37 -9.97 137.39 0.837 1790 7846 39.25 0.39 
5120 147.07 -9.93 137.14 0.838 1793 7888 39.32 0.39 
5140 146.96 -9.94 137.01 0.839 1799 7920 39.45 0.39 
5160 146.66 -9.99 136.67 0.839 1803 7959 39.54 0.4 
5180 146.68 -10.02 136.66 0.839 1809 7987 39.67 0.4 
5200 146.47 -10.07 136.41 0.838 1810 8021 39.69 0.4 
5220 146.51 -10.07 136.44 0.839 1813 8059 39.76 0.4 
5240 146.08 -10.04 136.04 0.838 1817 8090 39.85 0.4 
5260 146.49 -10.13 136.36 0.837 1821 8134 39.93 0.4 
5280 146.28 -10.08 136.2 0.84 1823 8166 39.98 0.41 
5300 146.17 -10.09 136.08 0.841 1826 8200 40.04 0.41 
5320 146.34 -10.03 136.3 0.84 1832 8233 40.18 0.41 
5340 146.33 -10.02 136.31 0.841 1837 8266 40.29 0.41 
5360 146.02 -10.02 135.99 0.841 1842 8304 40.39 0.41 
5380 145.38 -10.0 135.38 0.842 1846 8343 40.48 0.41 
5400 145.25 -10.04 135.2 0.84 1848 8378 40.53 0.42 
5420 145.2 -10.1 135.11 0.842 1852 8412 40.61 0.42 
5440 145.3 -10.12 135.18 0.843 1855 8456 40.68 0.42 
5460 145.09 -10.13 134.97 0.843 1857 8498 40.72 0.42 
5480 144.87 -10.17 134.7 0.843 1860 8538 40.79 0.42 
5500 145.0 -10.26 134.74 0.845 1868 8583 40.96 0.43 
5520 144.79 -10.32 134.46 0.844 1872 8618 41.05 0.43 
