
0.02443693
0.020791765
0.02102753
0.021759257
0.020148829
0.018479966
0.018147102
0.018406453
0.018319754
0.017519806
0.017697934
0.017278794
0.01741241
0.016527439
0.017028464
0.016312119
0.016217047
0.01620809
0.016351799
0.015729643
0.0163409
0.016949048
0.015933355
0.01587003
0.015559104
0.015637105
0.015264876
0.01515409
0.01534758
0.015913365
0.015135868
0.0155123435
0.015762847
0.015173156
0.015283875
0.014965274
0.015264316
0.015087057
0.014783697
0.014784461
0.015120378
0.015012831
0.014616353
0.014769077
0.0147175975
0.01474172
0.014278347
0.014136943
0.014087404
0.013922958
0.014360599
0.014356882
0.013722233
0.01382105
0.013518273
0.013911893
0.0138219325
0.013795806
0.013706187
0.01352583
0.013541476
0.014053178
0.013737439
0.014131051
0.013862746
0.013558345
0.013295538
0.01360201
0.013094768
0.013300792
0.013356461
0.013422751
0.013425082
0.0132442545
0.013128837
0.012783063
0.013002059
0.012847111
0.012784233
0.012825118
0.013160156
0.0134274
0.01266288
0.01277262
0.012839272
0.012513912
0.0126848575
0.012678132
0.012968745
0.012540381
0.012887737
0.012702965
0.012642139
0.01262194
0.012686656
0.012968367
0.012751846
0.01258145
0.012344389
0.012606983
0.012526615
0.012473797
0.012137861
0.012279581
0.012432449
0.01246041
0.012628888
0.012803756
0.01274092
0.012401567
0.013300031
0.012701838
0.012339514
0.012298558
0.012588744
0.012470323
0.012097782
0.012493172
0.012095842
0.012082563
0.0119754225
0.012180366
0.01243091
0.011888105
0.01226426
0.012006867
0.012120005
0.011824521
0.011762654
0.01215203
0.011606353
0.012222529
0.011781505
0.01180992
0.011899227
0.011608348
0.011999212
0.011828128
0.011860091
0.011809476
0.011819762
0.011505094
0.012030449
0.01145784
0.011916894
0.01163539
0.0120348465
0.011926872
0.011780916
0.011661192
0.012076554
0.011618877
0.011603441
0.011468883
0.01203173
0.011722296
0.011426584
0.011729805
0.011777133
0.011539617
0.011526885
0.011866576
0.012594959
0.011412107
0.011529048
0.011524303
0.011343527
0.011415697
0.011364199
0.011169782
0.011222004
0.011301276
0.011441554
0.011563754
0.011047337
0.011649973
0.010981113
0.010977018
0.010984204
0.0110626435
0.0110926805
0.0110950265
0.011130279
0.010934281
0.011018981
0.010834603
0.011187852
0.011231848
0.011280311
0.010929045
0.01116908
0.01116256
0.010967171
0.011430683
0.011021467
0.011216962
0.011109064
0.010797028
0.011009007
0.010838869
0.010489288
0.010807413
0.011305972
0.010593351
0.0112100905
0.010809903
0.0105577195
0.010534279
0.01061599
0.010548574
0.010554267
0.0106276125
0.011066843
0.010833662
0.010573505
0.010359195
0.010420036
0.010574937
0.010340153
0.010489194
0.010532107
0.010516806
0.010439168
0.010695736
0.010945713
0.010917838
0.010605098
0.010607235
0.01061218
0.010513968
0.010577742
0.010492028
0.010470487
0.010797649
0.010585181
0.010537532
0.010510751
0.010300761
0.010289663
0.010376025
0.0110620335
0.010388773
0.01040353
0.010982602
0.010314285
0.010706804
0.010361894
0.01029694
0.010244139
0.010160947
0.010264985
0.010023971
0.010036554
0.010113942
0.010224547
0.010236454
0.01056031
0.010361256
0.010254815
0.010056665
0.0101491725
0.010020381
0.009923619
0.010195054
0.010062877
0.010102212
0.009910902
0.010027024
0.009987767
0.010241013
0.010211493
0.010039656
0.010418348
0.009909084
0.010163225
0.010078148
0.010277607
0.009910433
0.009917288
0.010113567
0.0099497
0.010388804
0.010030469
0.009834404
0.010313111
0.010052917
0.010040049
0.010137021
0.009856522
0.010016846
0.009837935
0.009934982
0.009878213
0.0097597595
0.009668374
0.009871121
0.009866501
0.009850393
0.009903284
0.00980303
0.01038283
0.009997945
0.010017143
0.009738187
0.009981325
0.009833355
0.01004764
0.010002175
0.009744865
0.009950839
0.010036965
0.009761829
0.009795017
0.009895619
0.010082813
0.009784272
0.00982229
0.009666305
0.010148184
0.009810086
0.009940061
0.009839349
0.010397117
0.010130044
0.010174728
0.009624992
0.010162587
0.009880821
0.0100464765
0.009769237
0.00991635
0.009883455
0.010280293
0.009888094
0.009964503
0.009751275
0.009940976
0.009862565
0.009723093
0.010223893
0.009827895
0.009693545
0.0098320935
0.009678146
0.009795897
0.01003221
0.009839538
0.009542885
0.009601661
0.009654514
0.0095025245
0.009673214
0.009765782
0.009692558
0.009986341
0.009636945
0.009563571
0.009706483
0.009911918
0.009424066
0.009410369
0.009762675
0.009624062
0.009503579
0.009589513
0.009696532
0.00958261
0.0097225625
0.009458716
0.009779698
0.009431146
0.00948736
0.00965038
0.009166826
0.009260261
0.009274682
0.009393512
0.009346186
0.009294994
0.0094306525
0.009493337
0.009300482
0.009410151
0.009810625
0.009421684
0.009440394
0.009705387
0.009814137
0.00958431
0.009512178
0.009749425
0.0093196295
0.009519656
0.00920987
0.009238674
0.009277544
0.009115462
0.009230366
0.009135824
0.009152837
0.009219558
0.009277089
0.009144577
0.009142263
0.009455444
0.009634562
0.009808498
0.009386324
0.009602921
0.009491346
0.009261723
0.009353877
0.009511529
0.009429693
0.009325246
0.009112226
0.009290292
0.009397824
0.009170139
0.009382611
0.00932311
0.009018547
0.009207677
0.009093092
0.0089386115
0.008902558
0.008917732
0.008984934
0.00900194
0.009135267
0.008814944
0.009066067
0.0092633795
0.008927306
0.0088743
0.009584868
0.0091158515
0.009109937
0.008996465
0.009390043
0.0092877
0.008922997
0.009437314
0.009028352
0.00899142
0.009051178
0.00925652
0.009263007
0.009186482
0.009505815
0.008952624
0.009406392
0.009162939
0.009092866
0.008870264
0.008886212
0.0092644775
0.008915907
0.0090553025
0.009009053
0.008771186
0.008988804
0.008961088
0.008910666
0.008900328
0.008791082
0.008906415
0.008921736
0.009150887
0.009205273
0.009382753
0.008897488
0.008984874
0.009022838
0.009437428
0.008804651
0.008700988
0.009005005
0.009076823
0.008918282
0.0088324305
0.009060387
0.008901994
0.008672614
0.008905708
0.008810535
0.008704124
0.008727465
0.009051411
0.009005961
0.00889272
0.008956515
0.008926588
0.008658114
0.00892443
0.00874523
0.008536133
0.008799883
0.008794177
0.009389732
0.009902531
0.0086690085
0.0088639045
0.008887976
0.008675016
0.008554174
0.008508913
0.008676953
0.008646645
0.008582523
0.009359718
0.0084692845
0.008560903
0.008512699
0.00891357
0.008865025
0.008702229
0.00865134
0.008517608
0.008798995
0.008862199
0.008583714
0.008746891
0.008470849
0.008529151
0.008585538
0.00906789
0.008855895
0.008543701
0.0085526975
0.008566868
0.008404564
0.008542012
0.008400221
0.008546048
0.00875501
0.008538062
0.008587404
0.008442037
0.008656855
0.008486569
0.008447666
0.008593363
0.008755916
0.0085436525
0.008281303
0.008425395
0.008714053
0.00856488
0.008254615
0.00872808
0.008269884
0.008442179
0.008508368
0.008363982
0.008399151
0.008444686
0.008211522
0.008256868
0.008547743
0.008469192
0.00854212
0.008270536
0.008300136
0.008423242
0.008375614
0.008176889
0.008536379
0.0085103335
0.008080435
0.008724984
0.008354118
0.008435071
0.0082447445
0.008441425
0.008253013
0.008161842
0.00849826
0.008418954
0.008956851
0.008322612
0.008207757
0.008114133
0.008469121
0.008288925
0.008434665
0.008344935
0.008323921
0.00817923
0.008282791
0.008092488
0.008209713
0.008281353
0.008005264
0.008168299
0.008210265
0.008358871
0.00831562
0.00807343
0.008237821
0.008089507
0.008306445
0.008105036
0.008209481
0.008121927
0.008402735
0.008000629
0.008241156
0.008533882
0.008076298
0.008016427
0.0081604505
0.007954179
0.008031824
0.008104666
0.008107966
0.008106103
0.007904322
0.00787622
0.008015288
0.008072568
0.008084135
0.008047046
0.007907791
0.00804558
0.007983096
0.007888568
0.007955854
0.008024817
0.008379001
0.008118736
0.008071015
0.008007364
0.008059151
0.007834484
0.008066574
0.008003482
0.0078791855
0.007988112
0.008033928
0.008349291
0.007929337
0.008046581
0.008296227
0.007988101
0.008041961
0.007857344
0.008113783
0.008000852
0.008059328
0.007956626
0.007978355
0.008039052
0.007972266
0.008298178
0.007807515
0.007986975
0.007950911
0.0076964935
0.007857391
0.007841733
0.007868056
0.007924828
0.007581443
0.007814463
0.007786917
0.007808281
0.007740714
0.0076378435
0.007848262
0.0078215925
0.0079202475
0.0076544704
0.007825094
0.0077436883
0.007715922
0.0076568583
0.00783016
0.007958351
0.007887089
0.0078033987
0.008010287
0.0077321944
0.007887957
0.0076839454
0.0077334074
0.0077661816
0.007654456
0.0076652756
0.007658403
0.007699759
0.007728427
0.0076778024
0.007788038
0.0076974365
0.007789376
0.0078077284
0.007882597
0.007613102
0.0077171274
0.0077252644
0.0076229856
0.007547337
0.0074936883
0.0074765636
0.007707293
0.0076220552
0.007610276
0.0074880985
0.007725321
0.0075671705
0.007484459
0.007847992
0.007776338
0.0077856174
0.0076829414
0.007586832
0.0076205013
0.007583083
0.0076834774
0.007542842
0.007587665
0.007572847
0.0075914674
0.0077115525
0.0075275055
0.007785379
0.007788126
0.0075526647
0.0075375056
0.007626946
0.007469552
0.0077263056
0.007538278
0.0075766686
0.007683231
0.007552921
0.007644033
0.0075675785
0.00758518
0.0076379674
0.007677173
0.0075470605
0.007719034
0.007575903
0.0076371906
0.0076010404
0.007600112
0.0076009566
0.007591463
0.0075079706
0.007582902
0.007437043
0.007682832
0.007402233
0.0074729496
0.007364577
0.0074636834
0.0075690993
0.0074390643
0.0072873733
0.007286181
0.007523335
0.00754345
0.007636416
0.007245559
0.0073142294
0.007338315
0.0076286294
0.007350881
0.007621937
0.0074423277
0.007568696
0.007417561
0.0073321257
0.0072000604
0.0073182746
0.007428686
0.007735508
0.0074608866
0.007295387
0.007310516
0.0074118325
0.007485786
0.0074563874
0.007352547
0.0076019387
0.0072684246
0.007525299
0.0074165156
0.0073188986
0.0072741318
0.0075359675
0.007345267
0.0072627463
0.0071263867
0.0072615147
0.007372557
0.0073349425
0.0072129657
0.0074031726
0.0074155335
0.007311617
0.007282596
0.0073699187
0.0074297595
0.0073697213
0.00714156
0.0072585354
0.0072271028
0.007179154
0.0071075726
0.007299363
0.0071590706
0.007213408
0.0072818785
0.0074087274
0.007365931
0.0071426835
0.007244849
0.0073321257
0.0072895796
0.0075104134
0.0073240744
0.0073998207
0.0071057472
0.007290687
0.007088497
0.007000482
0.007237916
0.0071104458
0.007135323
0.00737803
0.007298503
0.0071312836
0.0070920554
0.0071618278
0.0071159774
0.0069934805
0.0071065533
0.007206816
0.00722549
0.0073017604
0.0070946096
0.007008792
0.0071417512
0.0075650457
0.007430391
0.0073228884
0.007112732
0.007114415
0.007055247
0.007090649
0.007056582
0.007135563
0.0070034526
0.0069601135
0.0069142277
0.007077308
0.007054672
0.00707536
0.0070006573
0.0070314845
0.0070398794
0.0070550614
0.0069762557
0.0070686997
0.00692945
0.0069791423
0.007012096
0.0070731696
0.0070329374
0.0068703773
0.0069071907
0.0069562797
0.0070461193
0.0069876285
0.007051508
0.0070995055
0.007085528
0.0070678215
0.0069849147
0.007005907
0.0069571175
0.006920827
0.0069645243
0.006849648
0.007019134
0.0070852158
0.006920717
0.0069141737
0.0072230054
0.0068461653
0.0067805494
0.006951416
0.0068603316
0.0068665068
0.006991058
0.0068812585
0.0069497908
0.006927236
0.0071060564
0.007111433
0.007165405
0.006938121
0.0068566995
0.006752528
0.0069015315
0.006916348
0.006841609
0.0070200823
0.006927868
0.006837937
0.0069001764
0.006865919
0.006980161
0.0068142293
0.0069333273
0.007085431
0.006716627
0.0067281616
0.007012698
0.0068077403
0.007195014
0.0066903397
0.006779344
0.0067327907
0.007099597
0.0068762125
0.0070871017
0.00711924
0.006866745
0.0069540855
0.0069721127
0.0066945087
0.006920504
0.006799216
0.0067435624
0.006817038
0.006797514
0.00678745
0.006887005
0.006730125
0.006736949
0.006955802
0.0069425195
0.0067497864
0.0067979875
0.0066838823
0.0067295907
0.0067485403
0.006913323
0.006759077
0.0067473846
0.006960534
0.0068374174
0.006782215
0.006654154
0.00688208
0.0067594913
0.006824849
0.0070351274
0.0068115145
0.0067803995
0.006764905
0.006608813
0.0066747637
0.006825378
0.0068806503
0.0067587686
0.006789694
0.0066659674
0.007091006
0.006702007
0.0066933506
0.0067367195
0.0067814197
0.0066860653
0.0066013555
0.0067561385
0.0065813973
0.006798933
0.006676077
0.006585879
0.0067175613
0.006731039
0.006721794
0.0067719934
0.006816923
0.0067197285
0.0065396545
0.0068926024
0.006765258
0.0065958737
0.0065695136
0.006524196
0.006440921
0.0066409856
0.0066907285
0.006635828
0.0066629536
0.0064418204
0.006507417
0.006565952
0.00659598
0.006453097
0.006487169
0.0066095754
0.0064597744
0.006571005
0.006631127
0.006584585
0.006424186
0.0066212253
0.006593562
0.006590204
0.006486168
0.006578586
0.006512604
0.0066446993
0.006631278
0.0066976417
0.006635838
0.0066786925
0.0066256556
0.0065046726
0.0066591306
0.006631327
0.0065639853
0.0066473493
0.0067328196
0.0065918383
0.00676811
0.006509633
0.0064001568
0.0065387003
0.0064762365
0.0065220753
0.006445364
0.0065075285
0.0065146205
0.006554189
0.0064056376
0.006663332
0.006440947
0.006446657
0.006516922
0.0063843513
0.0064055957
0.006457252
0.0064218463
0.006555361
0.00673981
0.006321149
0.006501915
0.0064096856
0.0064435084
0.006343805
0.0064412677
0.006375429
0.0063778744
0.0064491704
0.006368091
0.0063940114
0.0065394677
0.0063397894
0.0064544114
0.006472319
0.0064341873
0.006486488
0.006531613
0.0064837695
0.006397504
0.0064303386
0.006402435
0.0062395176
0.006591035
0.006367837
0.0063988706
0.0063129566
0.006367179
0.0063477987
0.0063155573
0.0063992986
0.006496966
0.006349442
0.006821192
0.0063506225
0.0063591953
0.006609859
0.0064246464
0.006387165
0.0064828163
0.0062903827
0.0065617715
0.006265657
0.0063106515
0.0063608657
0.0064262613
0.006369099
0.0063104136
0.00652059
0.006260482
0.006295698
0.006425492
0.0063421777
0.006225998
0.0064874976
0.0062451074
0.0062097367
0.006305425
0.0063045854
0.0065587433
0.00635243
0.0062935567
0.006344805
0.006306552
0.006202019
0.006564269
0.0062871496
0.0062952423
0.006296787
0.006246059
0.006282564
0.0061855125
0.006391569
0.0062554833
0.006141574
0.006430424
0.006288352
0.006407011
0.0063846163
0.0062735057
0.006237748
0.006216555
0.006412982
0.00625189
0.0061872005
0.006262847
0.0062053846
0.006221218
0.0062737805
0.00623789
0.0062179244
0.0063446565
0.006399397
0.006227182
0.006237176
0.0061717276
0.0062951213
0.0061496203
0.006132513
0.006185544
0.006169108
0.0063387626
0.006268401
0.0061101606
0.006086634
0.0061340816
0.006357537
0.0061998116
0.006405824
0.006202289
0.006028077
0.006208948
0.006078755
0.006024249
0.00613581
0.0062143933
0.0062401323
0.006131507
0.0060724933
0.006347167
0.0062063723
0.0064784777
0.006235745
0.0061751837
0.0063688494
0.006104984
0.006161897
0.006077438
0.00619403
0.0063384306
0.0060515613
0.006108073
0.0061081215
0.006203835
0.006118744
0.0060731377
0.006111304
0.006079368
0.0062391018
0.0062332363
0.0061293854
0.005938043
0.0061058644
0.006161452
0.0061503598
0.0061261873
0.006396434
0.0061030923
0.006249185
0.005977381
0.005929813
0.0059273257
0.006068966
0.0059329015
0.0060247374
0.0061578727
0.0060587307
0.0060520847
0.0060148383
0.006087599
0.006072634
0.005958829
0.0060750376
0.0061014513
0.0060560047
0.005964523
0.0060891532
0.006392636
0.0060275723
0.006047883
0.0059343083
0.0059551285
0.0060174717
0.006237631
0.0058735576
0.005938417
0.00636499
0.006136983
0.0060300687
0.0059628217
0.0061540273
0.005963393
0.0060142973
0.0060391715
0.006014115
0.005926733
0.0060022143
0.00585804
0.0059831464
0.0059699495
0.0059173405
0.0060960674
0.0059413034
0.0059925774
0.0058956845
0.006024443
0.0058894036
0.005925743
0.006090114
0.0060663135
0.005921164
0.0058332104
0.0059143007
0.0059529427
0.0060401214
0.006055451
0.006009868
0.005955022
0.005929322
0.005769782
0.006127618
0.0058902823
0.005886479
0.0060117017
0.005821481
0.0059243264
0.005952884
0.005957464
0.0057514324
0.0059218495
0.006020203
0.0058131325
0.005935099
0.0059591066
0.005814027
0.0058871903
0.005925718
0.0057722353
0.005916332
0.0057875
0.005786476
0.0058386074
0.005912555
0.005873826
0.0057793316
0.005819993
0.00600697
0.0058641853
0.0058831596
0.0058367327
0.0057921577
0.005840624
0.0058648293
0.0057395026
0.006250833
0.0058592614
0.0059334286
0.0058486233
0.005763969
0.0059288866
0.005764155
0.005806141
0.006044496
0.005845599
0.005909259
0.0059305932
0.0058612768
0.0058599096
0.005763513
0.0057373513
0.0059239585
0.0058914614
0.005837585
0.005895708
0.0059232092
0.0058866055
0.006055585
0.0058378885
0.0057046507
0.0056376946
0.005634436
0.0057665557
0.005731564
0.0058270176
0.005758583
0.005696998
0.0059345737
0.005715452
0.0058542807
0.0056135156
0.0057143266
0.005834654
0.0056945537
0.0057871505
0.0055991607
0.0056624766
0.005760828
0.0057449006
0.005643042
0.005739894
0.0057459455
0.005731084
0.0057013594
0.0056218826
0.0057358462
0.005589916
0.0056352154
0.0060820812
0.0058996845
0.005803079
0.0056693642
0.0057833185
0.0055965423
0.0057378407
0.005682534
0.0056477278
0.0057517453
0.005694487
0.0056803604
0.0056944126
0.0056637097
0.0057190484
0.0056492165
0.0055836933
0.0059690056
0.0058119507
0.0056188693
0.0057168785
0.0057338555
0.005791967
0.0056032296
0.0056631183
0.0055423547
0.005691593
0.0057579735
0.005664614
0.0057259877
0.00576629
0.0056855213
0.005738884
0.0055675874
0.0056912415
0.005729358
0.005552532
0.0056863497
0.005711472
0.005725454
0.005668018
0.0056166425
0.005697898
0.005837583
0.0057902467
0.0056086634
0.005513456
0.0055093463
0.0057185316
0.005591382
0.005564048
0.005636169
0.0056464076
0.005865503
0.0056469585
0.0056438837
0.0056388597
0.005789385
0.005512678
0.0057085557
0.0055936635
0.0054664672
0.005697099
0.0056321607
0.005717709
0.005661047
0.005731919
0.00602397
0.005519897
0.0055739824
0.0054968353
0.0057795662
0.005507653
0.00542412
0.005642509
0.0053910436
0.0055991216
0.005507442
0.005607957
0.005532815
0.005581955
0.0055893217
0.005534644
0.0056151906
0.005734434
0.0054916223
0.005636798
0.0056544384
0.0056216787
0.0055810018
0.0055126073
0.0057027233
0.0055797757
0.005586533
0.0055427533
0.005491027
0.005659216
0.005562954
0.0054697264
0.005888267
0.005542955
0.0054856236
0.0054790657
0.005595158
0.0055720806
0.0054415786
0.005586405
0.0055502816
0.0055663055
0.0056992513
0.0055089206
0.005640304
0.0053674066
0.0054920954
0.0055655255
0.005478053
0.005628176
0.0055856146
0.0054524187
0.005538711
0.0057185763
0.0053516855
0.0056658173
0.005637402
0.005512228
0.005527138
0.00553793
0.0054307566
0.005389653
0.0055883997
0.0055386364
0.005555403
0.0055049337
0.005528903
0.005482391
0.005342766
0.005498123
0.0055523147
0.0054227924
0.0054858527
0.005460819
0.0054272823
0.0054230895
0.0053499066
0.0055463277
0.0056411787
0.0055632466
0.005392959
0.0055599962
0.0055585685
0.0054769525
0.0054410184
0.0056056036
0.005424323
0.0054893116
0.005394112
0.0053728283
0.0054521104
0.005444228
0.0056693675
0.005583191
0.0055482397
0.005441024
0.005388377
0.0053568967
0.0054016393
0.005418367
0.0053163627
0.005374325
0.0052917036
0.005424225
0.005296888
0.0053705196
0.0054720463
0.0053230105
0.005281759
0.005382937
0.0055760313
0.0054706666
0.005363063
0.005417646
0.0054398016
0.005397334
0.005253728
0.005445813
0.0053531416
0.0054820557
0.0053831046
0.005402736
0.00533425
0.005342225
0.0054768673
0.0053281877
0.00540259
0.005265601
0.00549046
0.00571596
0.0052843443
0.0053658783
0.005357872
0.005282233
0.005363331
0.005298892
0.0054042204
0.005417301
0.005444184
0.005441324
0.0053733834
0.0053160605
0.0054032872
0.0053809313
0.0052766083
0.0053405035
0.005260672
0.0052551613
0.005265128
0.005310169
0.005240468
0.0053005517
0.0053157834
0.0052937
0.0052829
0.0053371615
0.0052477494
0.005342522
0.005315251
0.005109825
0.0052787606
0.005347262
0.0052433624
0.0052486244
0.0054452084
0.005199448
0.0052708136
0.0054145185
0.005205305
0.0053055296
0.0053890957
0.005173057
0.0052910065
0.005289021
0.005289261
0.0053151087
0.0052972795
0.005239057
0.005249436
0.005207595
0.0051497486
0.005347103
0.0052440413
0.0052443827
0.005195972
0.0051503945
0.005095082
0.005565514
0.005108058
0.005145937
0.005144813
0.0051748436
0.0052939937
0.0051857773
0.005099201
0.0051875003
0.0051460406
0.005202713
0.005211878
0.0052172174
0.00522146
0.005239228
0.0051892255
0.0053119897
0.0052982573
0.0053875246
0.005254704
0.005092545
0.005178505
0.0051964438
0.0051717954
0.0052312617
0.0050370307
0.0051834397
0.0051181675
0.005117895
0.0050798277
0.005103617
0.005196126
0.005134993
0.0050559286
0.005127885
0.0052818987
0.0051716333
0.005234329
0.005202279
0.0051763747
0.005195459
0.0052172136
0.005168229
0.005130577
0.00508173
0.0052097975
0.0052577257
0.0051348135
0.0053163124
0.0051694093
0.0052226023
0.0052769696
0.005141326
0.0051856246
0.0053822766
0.0052018273
0.005149994
0.0052012205
0.0051546
0.005119974
0.005074616
0.0052675586
0.0052092345
0.0052717566
0.005372301
0.0052180663
0.005172915
0.005279311
0.0052197105
0.005150751
0.0052225143
0.005198431
0.0053204405
0.0051858476
0.0051981905
0.0051503973
0.0051473845
0.0052305134
0.0052675833
0.0050557717
0.0050608814
0.00508324
0.005105311
0.005117524
0.005141491
0.0050827283
0.0050764685
0.0051861503
0.005073842
0.005113716
0.005096337
0.0050799926
0.0051070265
0.00508798
0.005203282
0.005325447
0.005007707
0.0052154674
0.005156171
0.005183278
0.0053571686
0.0050209425
0.0050643454
0.00522457
0.0050645466
0.0051210555
0.005179986
0.005149363
0.0050055943
0.005077218
0.0050697634
0.0051043066
0.005212763
0.005194838
0.0050202496
0.005007931
0.005097924
0.0052892445
0.005053393
0.0050337696
0.0050644577
0.004979321
0.0051032025
0.005064273
0.005061866
0.0049193846
0.0049945423
0.004992284
0.0051213168
0.0050479174
0.005156182
0.005002799
0.005125592
0.004960647
0.0050374176
0.0050229034
0.0051728603
0.0049717603
0.0051403856
0.005074757
0.0050664763
0.0049704514
0.0050712745
0.0050755967
0.0050282557
0.005075131
0.005088761
0.004935695
0.0049927817
0.004991071
0.0049985605
0.0049392288
0.005171077
0.0049924715
0.0050611566
0.0051317676
0.0049583954
0.004962784
0.0049950583
0.004997055
0.0050246613
0.004934688
0.0052133505
0.0051100426
0.0049834456
0.005143064
0.004973001
0.0050428086
0.005020775
0.0051266514
0.0051813107
0.004976363
0.0049541867
0.0049479157
0.0049160374
0.005057117
0.0048768357
0.004958757
0.004933203
0.004893975
0.0049834363
0.0049364693
0.004969359
0.004964353
0.0049574194
0.004917574
0.0049481117
0.0050733467
0.0049328106
0.0049830736
0.0048667844
0.0049115447
0.0050436114
0.004892734
0.0050128344
0.005028726
0.004806213
0.005066683
0.004931905
0.004927344
0.0050826916
0.0050548613
0.0049249395
0.0049655056
0.0051157656
0.00487355
0.004937522
0.0049833204
0.0049013407
0.0050795483
0.005047505
0.0049816463
0.0048519354
0.0049138553
0.0047771083
0.0047797086
0.0048768413
0.0048596812
0.004878743
0.0049697016
0.004798333
0.0048348615
0.0049131215
0.0048599136
0.0048400005
0.004918966
0.0049219416
0.00481207
0.0048438227
0.0048001157
0.0049032965
0.0048724054
0.0047581345
0.004845903
0.0048070634
0.004897495
0.005019831
0.004870986
0.004839265
0.004849919
0.004828321
0.004889166
0.0049397685
0.00477893
0.0048356573
0.0048361723
0.005011864
0.0048108306
0.004964965
0.0051289555
0.004953928
0.004989178
0.0048292447
0.0048282817
0.004822618
0.0049064956
0.0047343075
0.0050943843
0.005004728
0.004812725
0.004841671
0.005077325
0.0048682904
0.004749956
0.0049461587
0.004777813
0.0047784913
0.0048397626
0.00480706
0.005095781
0.004812281
0.00518906
0.004810325
0.0047422275
0.004968954
0.004637963
0.004781441
0.004762003
0.0049226903
0.00482812
0.00478386
0.0046813786
0.0046961494
0.004885556
0.0048054955
0.0048347795
0.0048965625
0.004760251
0.0047789956
0.004750508
0.004872492
0.004927507
0.0047046123
0.0049822563
0.0047183475
0.0047897142
0.004790973
0.00481209
0.0046925177
0.0049178395
0.004685796
0.0048010447
0.00482251
0.0048029716
0.0046351557
0.0047058254
0.0048698294
0.004936113
0.0047934223
0.0046183155
0.004731377
0.004799752
0.004636847
0.0047859005
0.004888762
0.0047946367
0.0048190155
0.0046624187
0.0047489437
0.004744738
0.0047772643
0.0046951114
0.0047479193
0.0047543226
0.0047910204
0.004652993
0.004656104
0.004678388
0.0047042826
0.0047485502
0.004704136
0.0049439375
0.0046908907
0.0047019646
0.0047659664
0.00472137
0.004650606
0.0047865086
0.004660604
0.004749103
0.0047122366
0.0046620048
0.0046275323
0.0046802876
0.0046515195
0.004750136
0.0046345014
0.004660008
0.004728168
0.004661926
0.0047185454
0.0047044107
0.00475273
0.004686336
0.0048147156
0.0047408678
0.004753641
0.0046495423
0.0047040973
0.004667119
0.0046842876
0.004685044
0.0046730987
0.004652397
0.0046197907
0.004759488
0.0047112275
0.0047328677
0.0046961517
0.0048055737
0.004697307
0.004599652
0.0046631936
0.0046597896
0.004868737
0.004617999
0.004760164
0.0046758237
0.004567833
0.004711531
0.004698943
0.0046038963
0.004686872
0.004738944
0.0047718305
0.004555996
0.00466049
0.0046122163
0.0046953666
0.0046013948
0.0046642353
0.004663681
0.004699483
0.004818456
0.0046423753
0.0046500033
0.0045903027
0.004726636
0.004652966
0.004617516
0.004699347
0.0045266496
0.0046331366
0.004627214
0.0047503463
0.004634177
0.0045225592
0.004552654
0.0046244725
0.0046193227
0.004616196
0.0046770507
0.004677394
0.0046261097
0.0046748854
0.0047271685
0.0045709303
0.0047411984
0.0045870617
0.004532987
0.0047984915
0.0046656355
0.004666977
0.0045997985
0.0046705552
0.004763535
0.004575057
0.0046724016
0.004574234
0.0045882664
0.0046388214
0.0047347094
0.0048223217
0.004731679
0.0047587836
0.004546756
0.004620801
0.004649974
0.0045952518
0.004603907
0.0046569663
0.0046474105
0.0046469183
0.0046410803
0.0045245965
0.004600301
0.004565766
0.0046401205
0.0045244154
0.004662116
0.004620905
0.004596187
0.0048250398
0.0045296303
0.004607637
0.0048008286
0.0045406767
0.004628096
0.0046083215
0.004510081
0.004555888
0.0045167985
0.0046201837
0.004730353
0.004675433
0.0045867194
0.0044849585
0.0046196827
0.004641416
0.0046626832
0.0045199464
0.00457664
0.0045768023
0.0047154007
0.0047266358
0.004518225
0.004806852
0.0046554063
0.0044951444
0.0047773067
0.004613385
0.004594693
0.0046971813
0.0045484905
0.00467445
0.004562278
0.0046278224
0.004484436
0.0045366953
0.004590077
0.004506258
0.0045879325
0.0044679036
0.0045878924
0.004573791
0.004479208
0.004467562
0.0044907886
0.0043973043
0.0045360797
0.004517546
0.00446855
0.004608628
0.0045324713
0.0045468467
0.004636442
0.004577284
0.0045400755
0.0044597588
0.004591916
0.004532496
0.004488333
0.0045535103
0.004530217
0.0044628778
0.0044351835
0.004628883
0.0045620007
0.0045287977
0.004483423
0.0046336576
0.0045747585
0.0044361865
0.004570582
0.0046025817
0.004446757
0.004484102
0.004546401
0.0045684217
0.004514962
0.00461946
0.0045433277
0.0046629556
0.004435999
0.004609997
0.0044473894
0.004486395
0.004437761
0.0043882155
0.004500525
0.004425753
0.0044623264
0.0044363327
0.0044369656
0.0045386185
0.0044362685
0.0045843665
0.00440811
0.0043915333
0.0044606505
0.0044358913
0.004481116
0.0044376943
0.0044987467
0.00445543
0.0044463086
0.0044269008
0.0044978475
0.0043653823
0.0043598562
0.0044602235
0.0044516725
0.004563029
0.004561605
0.0045402087
0.004513151
0.004381211
0.00440954
0.004413026
0.004467809
0.0044061732
0.0047480846
0.004479199
0.004409856
0.00449911
0.004347927
0.004371823
0.0043894956
0.004498614
0.0043549193
0.0044398145
0.004428825
0.00446712
0.004378926
0.004614067
0.004386377
0.0043659117
0.004436268
0.004520372
0.0045403843
0.0043692514
0.0045147054
0.004420744
0.004381613
0.0045356406
0.004467564
0.0044680326
0.0044382135
0.0044223685
0.0043785432
0.0044632554
0.004372542
0.0044039483
0.0043306537
0.004399994
0.0044522337
0.0043451632
0.0043860995
0.0045294855
0.004275688
0.004494525
0.0043372074
0.0043743365
0.00457773
0.004362308
0.004282776
0.004363006
0.004383347
0.004390741
0.0044045756
0.004282436
0.0043585207
0.004295495
0.0043311915
0.004440063
0.004344943
0.0044848872
0.0043477067
0.004564827
0.004383805
0.0042814147
0.0043440643
0.0044309595
0.0043296195
0.0044488357
0.0043804087
0.004455362
0.004475388
0.0043682083
0.004304459
0.0044559683
0.004340383
0.004298931
0.0043970873
0.0042577777
0.004499704
0.004275309
0.004242537
0.0042913975
0.004338154
0.004324622
0.004356138
0.0043768426
0.004350703
0.0043077
0.0042880895
0.0043180017
0.004416026
0.0042629056
0.0044427062
0.004286866
0.0043029985
0.004405976
0.0043226103
0.0042757625
0.0042529856
0.0044689565
0.0044295983
0.0043209544
0.0043103327
0.00426199
0.0043233423
0.004387636
0.004295541
0.0042292285
0.004326351
0.004321893
0.0043347282
0.00446956
0.0042415713
0.0042750197
0.004322026
0.004244564
0.0043196594
0.004294342
0.004357817
0.004187903
0.0043220795
0.0042194636
0.004262298
0.0042268964
0.0042654565
0.0043284134
0.0042708707
0.0043934598
0.0041933497
0.00449665
0.0041935965
0.0042755483
0.004345165
0.0042444477
0.0041926466
0.0042596087
0.004277361
0.0043160585
0.0042307354
0.0043106764
0.004285239
0.0043970374
0.004245531
0.0043429774
0.004305567
0.0044213915
0.0043031885
0.004325884
0.0042697885
0.004363257
0.004159048
0.0043341294
0.004257903
0.00426116
0.004277755
0.00436574
0.004219836
0.0041654194
0.0043075522
0.004275188
0.0043265573
0.0041763904
0.0042599957
0.004315675
0.0042081894
0.0042040674
0.004195324
0.004196577
0.004188715
0.0041044676
0.0042265034
0.0042216848
0.0042301645
0.0041308296
0.004091152
0.0042157606
0.004285793
0.0044121854
0.0042023663
0.004212227
0.004148987
0.0040864833
0.004325846
0.004158744
0.0041448837
0.0042178514
0.0041336147
0.004168258
0.004211426
0.004159235
0.0043530255
0.004151528
0.0041787545
0.004092581
0.004133318
0.004207691
0.004282662
0.004179608
0.0042056455
0.0042121583
0.0041859513
0.004159171
0.0042017084
0.0041878843
0.004290918
0.0041680816
0.0041229404
0.004309294
0.0042290892
0.0041627414
0.004204066
0.004167071
0.004174986
0.0041862032
0.0041854163
0.004159563
0.004128704
0.0041133673
0.004228814
0.00416224
0.0041745105
0.004075005
0.0042975275
0.004307836
0.004184557
0.00416381
0.004226374
0.004194446
0.0041861846
0.0042772028
0.0042542485
0.0043264376
0.004131694
0.004343142
0.004217358
0.004195259
0.004343977
0.004231124
0.0041980892
0.0041382103
0.00413385
0.004182078
0.0041339546
0.004173356
0.0041092476
0.004149668
0.004268347
0.0042775185
0.0041176407
0.0041741235
0.004146901
0.0043030414
0.0042639305
0.0040352982
0.004136131
0.0042701475
0.004081333
0.004236068
0.0042203343
0.0041904575
0.0041881097
0.0041055125
0.0041709756
0.004071774
0.004173339
0.0042222897
0.004188804
0.0042132563
0.0041658906
0.0041527976
0.0041939574
0.004218886
0.004201313
0.004201612
0.0041484125
0.004145828
0.0042335973
0.004146076
0.004155227
0.0043395194
0.004161053
0.004122759
0.0040822523
0.0041218163
0.0043106517
0.0041305986
0.004183753
0.0042066583
0.004157588
0.0041722846
0.00410328
0.0041276193
0.0041718422
0.0041932757
0.004153159
0.0042137275
0.004096399
0.00412336
0.0041553294
0.0041206456
0.0041584508
0.004217493
0.0041693705
0.004414393
0.0041972026
0.004129429
0.0040944964
0.004064386
0.004070828
0.0040349164
0.00405395
0.0041527725
0.0040813154
0.004280557
0.00412371
0.0040248353
0.0041606063
0.004100627
0.004083724
0.004121617
0.004243033
0.0040320703
0.0041669207
0.0040562055
0.00402295
0.004076526
0.0040536514
0.004190396
0.00412061
0.0041957414
0.004180029
0.004061471
0.0040683947
0.0041297246
0.004137637
0.004087286
0.004060961
0.004084604
0.004101951
0.004090706
0.0039776587
0.004074267
0.0040571247
0.0040914975
0.003955538
0.004071094
0.004101995
0.004125603
0.0040679732
0.004041609
0.004066871
0.0040512774
0.0040313904
0.0039639194
0.0040740874
0.0040111155
0.004095214
0.004085441
0.004033305
0.004019005
0.003999919
0.0040086275
0.003991482
0.004034585
0.004041761
0.004144621
0.004017353
0.0039781905
0.003979834
0.004071733
0.004082926
0.0039399406
0.004021433
0.0039496543
0.0041029253
0.0039758966
0.00397396
0.0039805295
0.0039523817
0.0041432995
0.0039107036
0.004040665
0.0039254273
0.004037658
0.003979541
0.0041337805
0.0040714475
0.0041211327
0.0039933138
0.004008175
0.0038840754
0.0039749676
0.0039769495
0.004025411
0.0040257517
0.0039463295
0.00413822
0.0040234635
0.004135205
0.0039629526
0.0040057125
0.0039819335
0.0039928844
0.004044348
0.0039975466
0.003981076
0.0040787384
0.004041997
0.004158987
0.0039745662
0.003986725
0.0040682536
0.003940086
0.0040315404
0.0039994153
0.0039484208
0.0040524867
0.0039590313
0.003912471
0.0039691413
0.0039498
0.0039100875
0.00395232
0.0040020267
0.0040262872
0.003958774
0.004089269
0.0042198733
0.0040127723
0.003990687
0.004040075
0.004056539
0.0039305934
0.004006047
0.0041440492
0.0039942954
0.0040009557
0.004034207
0.003945654
0.0040827426
0.0038761012
0.0039304644
0.0038916913
0.0040113637
0.004004076
0.0040505137
0.004049916
0.003948318
0.0040126173
0.0039560273
0.0039791856
0.003958052
0.0039823484
0.0039286795
0.0038703927
0.0039703613
0.004140316
0.0040026684
0.003973988
0.0039663925
0.004076657
0.0039901137
0.0039849333
0.0040594283
0.003958076
0.0039317226
0.003988495
0.0038875972
0.0039377036
0.004026866
0.0039754794
0.0039164177
0.0039024623
0.003930489
0.0038829595
0.0040195193
0.003992699
0.004029852
0.0039758813
0.0038865001
0.0039513414
0.0039707753
0.004012294
0.0040764897
0.003909277
0.0040863403
0.0039990945
0.003913541
0.003953079
0.0038850042
0.003918496
0.003897567
0.004014244
0.003909043
0.003912762
0.0039660134
0.003955929
0.0039470713
0.00391043
0.003959218
0.003915461
0.0040475284
0.0037949374
0.003929257
0.003940674
0.0038791788
0.0039194324
0.003857888
0.0039664228
0.0038990497
0.0039207204
0.0037778402
0.003882666
0.0039115087
0.0038452167
0.00386933
0.0039096116
0.0039793635
0.00414674
0.003971315
0.0038564082
0.0039931904
0.004091272
0.004031742
0.0038984881
0.0038919137
0.003876171
0.0038995056
0.0038884429
0.003882693
0.0039518443
0.0039495872
0.0039301743
0.0039173425
0.003931845
0.0038535052
0.0038650155
0.0038791292
0.0040312796
0.003845998
0.003937297
0.0039955582
0.0039059925
0.0038796968
0.003910316
0.0040764436
0.003855944
0.0037989917
0.0038593197
0.0038652418
0.0037800944
0.0038964476
0.00388373
0.0038837525
0.003844334
0.0038691782
0.0038328187
0.0038911449
0.003820666
0.0038993713
0.0038208112
0.00395054
0.003820857
0.003851996
0.0039661904
0.0038678718
0.0038357151
0.0038214913
0.0039084665
0.0038101242
0.003869783
0.0039064805
0.0038447469
0.0040032733
0.003952664
0.003855604
0.0037928214
0.0038442519
0.003775302
0.0038537814
0.0037560398
0.0038835518
0.0038153345
0.0038383096
0.0038546068
0.0038738234
0.0038900035
0.003825506
0.0038054045
0.0039657117
0.003784797
0.0038145606
0.0039317226
0.0037394518
0.0038299744
0.0038235988
0.003815201
0.0038324131
0.003907252
0.0038318064
0.0038580918
0.0038118174
0.0038373421
0.0037799717
0.0038437354
0.003776952
0.0037628217
0.003808632
0.0039213104
0.0038267933
0.0037475964
0.0038304585
0.0037999542
0.003822985
0.003769093
0.0038489674
0.0039845505
0.0037677838
0.0037549413
0.0037932112
0.0038487269
0.0038255646
0.0037823059
0.0038193178
0.0037510593
0.0037774027
0.0038372758
0.0037799622
0.003838311
0.0039355257
0.0038999247
0.0038578955
0.0039091036
0.0038371114
0.0038165853
0.0038274748
0.0038708798
0.0038837453
0.003915998
0.0037797068
0.0038391957
0.0038456065
0.0038401838
0.003807278
0.0038074146
0.0037899031
0.0038579386
0.003930595
0.003997327
0.0040707444
0.0037525403
0.0037295546
0.0038233113
0.0038133787
0.003752724
0.003747915
0.0038544475
0.003771827
0.0037984368
0.0038427892
0.0037732245
0.003715707
0.0039599193
0.0037467442
0.0037395395
0.0037278016
0.0037188716
0.0037209012
0.0037519224
0.003729877
0.0037733659
0.0037459466
0.0037724774
0.003880391
0.0037579585
0.003787565
0.003762888
0.003812201
0.0037046243
0.003756846
0.0037906547
0.0038711124
0.003882528
0.00377814
0.0038628897
0.0036867943
0.003807238
0.0038697426
0.003897756
0.0038363424
0.0037407507
0.0037369416
0.0038272084
0.003744253
0.0037343323
0.0037516854
0.0037534705
0.003915626
0.0039209626
0.003805124
0.0037015013
0.003707552
0.0037607886
0.0037353642
0.0037595998
0.0037232954
0.0038424903
0.0038424584
0.0036825114
0.0037498504
0.0036841023
0.0036999877
0.003738642
0.0038214398
0.0037918738
0.0038660532
0.00372844
0.0037723018
0.0037291856
0.0037524279
0.003723924
0.003721402
0.0037323725
0.0036831314
0.0037078857
0.0038619926
0.0036355972
0.0036788
0.00367135
0.003634459
0.0037048936
0.0036845142
0.0038149704
0.0037245874
0.0037172737
0.0037141899
0.0036580088
0.0039066845
0.0038235104
0.0037294875
0.0038120754
0.0037560882
0.0037685765
0.0037835967
0.0036794
0.0037329956
0.0037933998
0.0036781847
0.0037303844
0.0037876167
0.0036563282
0.0037646475
0.0036630728
0.0037192542
0.003737069
0.0036644554
0.003652684
0.0036815715
0.0037202614
0.0036794124
0.003679552
0.00378028
0.0038147576
0.0036550218
0.0036960365
0.0037107388
0.0037231464
0.0038141832
0.0036582572
0.0036914523
0.0036199703
0.0036103826
0.0039505907
0.00372173
0.003696102
0.0035819618
0.0037624724
0.0036507256
0.0036126513
0.003683089
0.0037147326
0.003695701
0.0036530301
0.0036847526
0.0037950992
0.003655549
0.0036675732
0.003672183
0.0036386547
0.0036409784
0.0036539591
0.0036521417
0.0037124446
0.0036571957
0.0035845602
0.0037733656
0.00369797
0.0038927204
0.0037424045
0.0036764452
0.0036837012
0.0036975797
0.0035885333
0.0038362187
0.003638883
0.003669486
0.003652525
0.0036933024
0.0036695017
0.0037167247
0.0036947161
0.0036700354
0.0036404822
0.0037015427
0.0036715732
0.0036929431
0.003712098
0.0036816024
0.0036985797
0.0038195166
0.0036969874
0.0038029018
0.0036120845
0.003680246
0.003647581
0.0036307087
0.0037047754
0.0036221321
0.0036558714
0.0036398612
0.003754319
0.0036579724
0.0036718461
0.003667357
0.0035888022
0.0038913174
0.0036706512
0.0037382017
0.0036078633
0.003639572
0.0036229554
0.0036710205
0.003686089
0.003659235
0.0036253864
0.003643048
0.0037922338
0.0036730038
0.0036650389
0.003593022
0.0036275939
0.003710442
0.003582709
0.0036395576
0.0036603692
0.003705024
0.0036191866
0.0037871746
0.003642301
0.0036153675
0.0036110631
0.0035419087
0.003558532
0.003628114
0.003606391
0.003697193
0.0036197419
0.0036841063
0.0036337583
0.0036056084
0.003606419
0.0037119011
0.003625379
0.003574915
0.0035992789
0.003680153
0.0035685147
0.003526504
0.0035502363
0.003587492
0.0036662896
0.0036422806
0.003675492
0.0036612046
0.0037008775
0.0036042864
0.0036553396
0.003605333
0.0035217463
0.0036785258
0.0035707576
0.0036479577
0.0036249445
0.0036262732
0.003744303
0.0035630076
0.003715536
0.0036104014
0.0036007827
0.0036155507
0.0035087198
0.003590147
0.0036796462
0.0036491991
0.0036333364
0.0036487526
0.0037057842
0.003652147
0.00357773
0.003692946
0.0036376254
0.0036238644
0.0035516298
0.0037338347
0.003540167
0.0035624146
0.003543068
0.0036285955
0.0035395336
0.003613771
0.0036793204
0.0035551153
0.0035438465
0.0035175644
0.0035759434
0.00365138
0.003548426
0.0035732777
0.0035707827
0.0036349336
0.0035798494
0.0037251427
0.0035397757
0.0036174967
0.0036369273
0.003552299
0.0035567589
0.0037349113
0.0035447904
0.0036264663
0.003690895
0.003745049
0.0035724633
0.0035680537
0.0035927305
0.003634701
0.003512184
0.0035855668
0.003609012
0.0037186907
0.0035841437
0.00372753
0.0035367121
0.0035718852
0.003547327
0.0035627636
0.0035316772
0.0035417643
0.0034991181
0.0036589256
0.0036040498
0.003605714
0.00352374
0.0036187838
0.003514014
0.00362248
0.0036178268
0.003577669
0.0035620108
0.00353093
0.003657261
0.003617068
0.0035813595
0.0035204361
0.0035965506
0.0034988609
0.0035315824
0.0035151748
0.0035934367
0.0035064924
0.00354594
0.0035563817
0.00352674
0.0035302944
0.0035128854
0.0035659596
0.0036397432
0.0035299168
0.0036244926
0.003492223
0.003590082
0.003497071
0.0036833754
0.0034879367
0.0035861207
0.0035164743
0.0035441043
0.0035404225
0.0035222895
0.0035854115
0.0036651783
0.0036104023
0.0037088396
0.0035879705
0.0035343086
0.0035897114
0.0035584748
0.0035371513
0.0036483656
0.0036424012
0.0035069904
0.0037050531
0.003649206
0.0036501389
0.0035137662
0.0036239608
0.0035911938
0.003527419
0.0037114474
0.0036140413
0.0035405396
0.0035675922
0.0035196904
0.0036078228
0.003646306
0.0035098938
0.003552916
0.0035398055
0.0034680406
0.0036448052
0.0035972383
0.0035399224
0.0035419075
0.0036247256
0.0036498092
0.003459486
0.003588691
0.0036686186
0.0034706257
0.0034997005
0.0034979146
0.0035989452
0.0034916298
0.003529246
0.0034742625
0.0035311005
0.0035206103
0.0034627845
0.003505141
0.0035085224
0.00346287
0.0035082356
0.0036011136
0.0035236285
0.0034797536
0.00350072
0.0034997452
0.0035361273
0.0034242256
0.0035371943
0.0035331692
0.0035378023
0.003673393
0.0034952397
0.0034774283
0.003563337
0.0034962601
0.003526724
0.0034588275
0.0034583642
0.0034648285
0.0034220333
0.0034748137
0.0036091441
0.0034368439
0.0035323484
0.0035001098
0.0035066814
0.0036100869
0.0035501649
0.0035191264
0.003561484
0.0036064894
0.003549994
0.0035249533
0.0036795305
0.0034800284
0.003504247
0.0035003924
0.0034183855
0.0035327245
0.003468632
0.0035655948
0.003516928
0.0034328834
0.003550351
0.0035405732
0.0035572918
0.0034032296
0.003436484
0.0035094745
0.0035392721
0.0035239046
0.003498635
0.003426338
0.0034672723
0.0035399925
0.0034240128
0.0034560063
0.0034621025
0.003513472
0.0034198624
0.0035283996
0.0034934676
0.00347177
0.0035563284
0.003421305
0.003484508
0.003444746
0.0034183436
0.0033970017
0.0034806298
0.0035185856
0.003436751
0.003391731
0.0033638624
0.0034752905
0.0035101317
0.0034052732
0.0033574756
0.0034737797
0.0034664941
0.0033905273
0.003476004
0.003369818
0.0034342592
0.0034322585
0.0034389917
0.0034207527
0.003501745
0.0034777066
0.0034150046
0.0035709615
0.0035307372
0.003593021
0.0034689459
0.0034522535
0.0035541398
0.0034908622
0.0034627456
0.0035071387
0.0034421708
0.0036142678
0.0034710804
0.003409551
0.0034289875
0.0035208534
0.0034323107
0.0035007712
0.003379823
0.0033904812
0.0034196163
0.0033772904
0.0033823673
0.0035330285
0.0034132432
0.0034981878
0.0034473662
0.0034570927
0.0034173813
0.0034182349
0.0034405761
0.0034263474
0.0034563239
0.0034036017
0.0034113796
0.0034776279
0.0033904368
0.0034916496
0.003463032
0.0034918603
0.003403457
0.0034199164
0.003477964
0.0034694257
0.0033810616
0.0034725214
0.003452956
0.003395793
0.0033591974
0.003414244
0.0033678191
0.0034753287
0.0034063386
0.0034176088
0.0033146807
0.003323134
0.0033040768
0.0035043673
0.0034261877
0.0034015144
0.0033789866
0.003513713
0.0034100097
0.0035328665
0.003371766
0.003374785
0.0034022408
0.0033711267
0.003538918
0.003576703
0.0034788845
0.0034304261
0.0035513218
0.003444106
0.0033164683
0.0033962866
0.0033362675
0.0034588373
0.0034106737
0.0034022334
0.003328857
0.003402519
0.003324389
0.0033605304
0.0034082334
0.0034778186
0.0034865045
0.0033801263
0.0034271874
0.003433658
0.0034189832
0.0034397845
0.0034137787
0.003393381
0.0034066336
0.0033234754
0.0034259625
0.0033639248
0.0034265893
0.003392225
0.0032848613
0.0033587755
0.0034120488
0.003449384
0.003353549
0.0033121803
0.0033147563
0.0035672844
0.0034286436
0.003426812
0.003336789
0.0033767058
0.003385863
0.003360503
0.0034032273
0.003373561
0.0033740741
0.003362579
0.0033536572
0.003388998
0.0033995367
0.0034036876
0.0033486811
0.0034715945
0.0034094327
0.0034321214
0.003342786
0.0033501105
0.0033753235
0.003346638
0.0033144907
0.003514388
0.0035181274
0.0034336445
0.003308481
0.0034049612
0.0033587732
0.00333331
0.0034142816
0.0033962722
0.003366068
0.003376377
0.0033256747
0.003285692
0.003279069
0.003428492
0.0035591624
0.0033237364
0.0033936412
0.003307449
0.0033192271
0.0034063887
0.0033831361
0.003390096
0.0032878672
0.003380461
0.003449808
0.0032968547
0.003372949
0.0033803156
0.003439033
0.0032707534
0.0034078497
0.00332995
0.0032995853
0.003346394
0.0033644016
0.0032845933
0.0033563424
0.0033863317
0.0033477477
0.0033759496
0.00330009
0.0033903632
0.0033681646
0.0033496083
0.0034087435
0.0032627678
0.0033124927
0.003299909
0.0032636437
0.0033891106
0.0033585143
0.003338225
0.0032862904
0.0033089516
0.0033690133
0.0032996612
0.0033504267
0.0035313813
0.0033547734
0.0033966578
0.003296074
0.0033188905
0.00332774
0.0033954682
0.003362471
0.0033121412
0.0033370764
0.003381948
0.003467018
0.0035017272
0.0034052967
0.0033806555
0.0033729163
0.003334429
0.003250753
0.0033531068
0.0033593161
0.0033408424
0.0033577406
0.0032701052
0.003431789
0.0033145838
0.003267809
0.0032916253
0.0034007796
0.003352839
0.003224336
0.0032687692
0.0032723104
0.0033285164
0.0032651303
0.003272945
0.003345102
0.0033772155
0.0033460725
0.0032742037
0.003354513
0.0032963206
0.0033697088
0.0033104343
0.0034245509
0.0035753648
0.0032942987
0.003298144
0.0034011158
0.0032938696
0.0033111258
0.003384439
0.0034169292
0.0032673408
0.003394475
0.0034000885
0.0033110215
0.003372465
0.003284718
0.0033393686
0.0033403933
0.0032914763
0.0033322913
0.0033050317
0.0032305594
0.0032806033
0.0033638482
0.0033547508
0.003369063
0.0033525056
0.0034124411
0.0032793558
0.003377987
0.0032917857
0.0033770746
0.0032878295
0.0032655292
0.0032849512
0.0033587683
0.0032936665
0.0032381362
0.003235177
0.0032886995
0.003261428
0.0032745455
0.0032889824
0.003306467
0.0032997043
0.0033036051
0.0032972689
0.003281044
0.0032315077
0.0031879945
0.0032216222
0.0032588302
0.003347958
0.0033426075
0.003280329
0.0033306116
0.0032650677
0.0032824534
0.0033005888
0.0032403157
0.0032752196
0.0032461302
0.003269401
0.0032627298
0.0033122436
0.003295242
0.0033882766
0.0032912875
0.0032827638
0.0032944053
0.0033266442
0.0032963397
0.0033128103
0.0032722184
0.00329885
0.0032500033
0.0032589945
0.0032350575
0.003305889
0.0032304435
0.0033056838
0.0033089363
0.0032371073
0.0032858683
0.0032471283
0.0033034277
0.0032529854
0.0032913983
0.003266712
0.0032631457
0.003219905
0.0031988218
0.0032330547
0.0031577365
0.0031818326
0.003217752
0.0032332917
0.0032226704
0.0032545761
0.003200795
0.0032264222
0.0032165549
0.003326186
0.003253942
0.0032617042
0.0032592092
0.00326231
0.0033038536
0.0032993348
0.0032481975
0.0032606707
0.0032962048
0.0033071868
0.0033196048
0.0033039036
0.0033034135
0.0032641084
0.003173825
0.0031284331
0.0032990293
0.0031971196
0.0031909584
0.0031607773
0.0032424736
0.0032146857
0.0032750936
0.0032500927
0.0032569182
0.0032919769
0.003308402
0.003256382
0.0032574094
0.003240349
0.0032155917
0.003212633
0.0033673933
0.0034044506
0.0032198608
0.0032247044
0.003312178
0.0034207709
0.0031671363
0.0031709648
0.0032164613
0.0032594553
0.0032256169
0.0031884792
0.0032366659
0.0031909556
0.0033033178
0.00325411
0.003154191
0.0032242206
0.0031993405
0.0031949184
0.0032882886
0.0031800086
0.0032434105
0.003254426
0.0032169558
0.0032521894
0.0032903578
0.0032127087
0.003235132
0.0031511562
0.0032034912
0.0033287571
0.0031692493
0.003234463
0.0032119032
0.0032359716
0.0032192613
0.0032674205
0.0032264667
0.0032590367
0.0032346519
0.0031702716
0.003205674
0.0032276695
0.0033584957
0.003300443
0.0032357234
0.0031095967
0.0031704986
0.0032608614
0.0031506645
0.0031839793
0.0032585645
0.003235716
0.0032364302
0.003342264
0.0031449187
0.0031546296
0.0032840872
0.0031369969
0.0031846992
0.0031840971
0.0031763013
0.00318912
0.00321227
0.003296795
0.0032266893
0.0032738033
0.0031956295
0.0032269058
0.0032009885
0.0031909014
0.0031973922
0.0031703427
0.003215669
0.0032503393
0.0032052654
0.0032714012
0.0033054077
0.0032608835
0.0031762077
0.0032850932
0.0031960332
0.0032420228
0.0031784547
0.00320407
0.0031806594
0.003197028
0.00323609
0.0031641247
0.0032511875
0.0032239354
0.0031150023
0.003242599
0.003231708
0.0032092072
0.003248355
0.003194648
0.0031648467
0.0031318371
0.0031774128
0.0031402453
0.0031508612
0.003240651
0.00322218
0.003171549
0.00312301
0.00318787
0.0032117104
0.0033691055
0.003229895
0.0032711073
0.0031860343
0.0031669515
0.003324673
0.0031914173
0.003204738
0.0032020987
0.0032191805
0.0031931638
0.003238987
0.0031680139
0.0033138394
0.0031451082
0.003130825
0.0031333896
0.0032111902
0.0031546005
0.0032321708
0.0031075305
0.0031420293
0.0031198177
0.0031881481
0.003164664
0.003191928
0.0031907486
0.00317554
0.0032050107
0.0032653597
0.003125545
0.0030939477
0.003176066
0.0031996255
0.0030916021
0.003149237
0.0032163018
0.0031231872
0.003226426
0.0032103746
0.0031816496
0.0032825556
0.0032734901
0.0032180012
0.0031861837
0.0032202085
0.0032051832
0.0031242245
0.0030789808
0.0031131844
0.003150601
0.0033845895
0.0032015522
0.0032776971
0.003106306
0.003140707
0.0031890473
0.0031941822
0.003149989
0.003139847
0.003272771
0.0031399687
0.0032249193
0.0031920797
0.003098124
0.0031309486
0.00321704
0.0031957175
0.0031887412
0.0031778498
0.0033136744
0.0032429777
0.0031986602
0.003141827
0.003168166
0.0032958903
0.0031924334
0.0033188683
0.0031584362
0.003125396
0.0031635123
0.003202268
0.0031211367
0.003171937
0.003189336
0.0030830535
0.003110567
0.0031187243
0.003122845
0.003135121
0.0031976379
0.0032136603
0.0032206448
0.0031715957
0.0031968213
0.00312897
0.0031749848
0.003172166
0.003184553
0.0030981284
0.003358081
0.003292229
0.0031759944
0.0031233302
0.0031550582
0.0030615644
0.0031822138
0.003221571
0.003071531
0.0031921663
0.0031457676
0.0031916432
0.0030971647
0.0032126128
0.0030863448
0.0031258687
0.003198133
0.0031072642
0.003125362
0.0032305832
0.003162859
0.003140087
0.0031596706
0.0033189284
0.0031785108
0.0031461657
0.0031904457
0.003095957
0.0031543383
0.0032059613
0.0031629365
0.0031650048
0.0031545549
0.0030856093
0.003185821
0.0031254108
0.003148487
0.003105593
0.0030963407
0.0031028914
0.003120204
0.003237641
0.0031477646
0.0032186678
0.0032516264
0.003153858
0.0032127264
0.00310545
0.0031692332
0.003244823
0.003156797
0.003081033
0.0031702814
0.0031609253
0.0031375347
0.003267893
0.003082825
0.0031020425
0.0030865516
0.003210439
0.0031945775
0.0030824968
0.0031310043
0.0032125758
0.0030843087
0.0031028364
0.0031618117
0.0030417743
0.003152338
0.003142078
0.0030701163
0.003117332
0.0032004374
0.0031460347
0.003087932
0.0031028565
0.0031735366
0.0031579917
0.0033196623
0.0030929209
0.0032083602
0.0030717717
0.0031974213
0.0031177353
0.0031975694
0.0030190414
0.0030340552
0.0030920343
0.0031018828
0.0031430821
0.0031091687
0.003102894
0.0031088404
0.0030818821
0.0030862896
0.0031999422
0.0031578501
0.0030767361
0.0031464102
0.003172098
0.00317359
0.003110519
0.0030319784
0.0030775515
0.0030762623
0.0030347046
0.0031623496
0.0031498529
0.0031158894
0.003136654
0.0031596317
0.0031192394
0.003105072
0.0031051254
0.0031247989
0.0031754237
0.0031247917
0.003367374
0.0031617864
0.0033169761
0.0031890098
0.0031819702
0.0031265402
0.0031557817
0.0031907344
0.0031289316
0.003085714
0.0031652672
0.003128513
0.0030561397
0.0031170025
0.003121793
0.0031137636
0.003139011
0.0031631165
0.0030638988
0.00307698
0.0030897234
0.0030958918
0.003079752
0.0030263248
0.003179203
0.0030332457
0.0031637643
0.0031514207
0.0030943698
0.003121968
0.0030597136
0.0030902138
0.0031637184
0.0032823817
0.0031682607
0.0030621951
0.0031049857
0.0030836677
0.00322043
0.0031122395
0.0030572442
0.0031179609
0.0030350073
0.0030601623
0.00310749
0.003079761
0.003130514
0.0032186706
0.0030849564
0.0031339738
0.0030365046
0.0030439708
0.0030830484
0.0030465533
0.0032472594
0.003060611
0.00310539
0.003127754
0.0030834838
0.0030929379
0.0031733892
0.003107042
0.0030990317
0.0030718176
0.0030688397
0.0031096956
0.0031226927
0.0030780162
0.0031188468
0.0030491862
0.0030982962
0.0030778414
0.0031647342
0.003021276
0.0031376246
0.00305476
0.0031127632
0.003148232
0.0030232642
0.0030966718
0.0032000544
0.0030072348
0.0031285565
0.0030868892
0.0030584538
0.0031662916
0.0031628406
0.0031193008
0.0031188522
0.0030667223
0.0031032776
0.0030245848
0.0030485652
0.0031321344
0.0030181126
0.0030633667
0.003075377
0.003014148
0.0030553357
0.003096631
0.0031590764
0.003105127
0.0030309884
0.0031862252
0.0030303376
0.0030353407
0.0030745773
0.003071797
0.0030484828
0.0030242212
0.003056806
0.0030536065
0.0031438959
0.003098411
0.0030147461
0.0031009603
0.0030729796
0.0030409452
0.0030627747
0.0030003085
0.0029847687
0.0030470118
0.0030697768
0.003010102
0.0030028152
0.003049498
0.0030860424
0.0030786796
0.0031600248
0.0030987475
0.0029777251
0.0030676348
0.003022722
0.0030497827
0.0030153664
0.0030332266
0.002997297
0.003016631
0.003120313
0.003067029
0.0030406036
0.002984841
0.002989943
0.0030544014
0.0030776807
0.0030019458
0.0030443396
0.0030178458
0.0030131196
0.0029893382
0.0031169846
0.0029832805
0.003062997
0.0030651472
0.0029562786
0.0029895345
0.002971613
0.00305417
0.0031468456
0.0030097456
0.0030017095
0.0030074827
0.003031319
0.0030260808
0.0030069086
0.0030499187
0.0030871618
0.0030778379
0.003019352
0.0030066613
0.0031576448
0.003061916
0.0030483506
0.0030967426
0.0030589385
0.003089233
0.0030234694
0.0031101597
0.003093604
0.0030702122
0.0030009053
0.0031488377
0.0030903723
0.0030500265
0.0030351633
0.0030372092
0.0030568137
0.0030491392
0.0029961842
0.003075382
0.0031744991
0.0031039745
0.003066619
0.0031253588
0.00297111
0.0029857187
0.0030417228
0.0030816058
0.003049911
0.0030881637
0.0030401733
0.0030313807
0.003094463
0.002989114
0.002986779
0.0030781436
0.0029926817
0.0031515323
0.0029954354
0.003049041
0.0029827142
0.003046261
0.0030136984
0.0031284061
0.0030370222
0.0029694901
0.0030710108
0.0030695284
0.002971389
0.0030374296
0.003056369
0.0030228067
0.0030528677
0.002973252
0.0030128118
0.0029700396
0.002996867
0.003002625
0.0029920654
0.0029837503
0.002975748
0.003054756
0.0029652545
0.0030260712
0.0030260698
0.002978083
0.0029951576
0.0030026136
0.0029989202
0.002943693
0.0030582396
0.003032084
0.0029733055
0.0029810164
0.0030329812
0.0031343908
0.0030565779
0.003108631
0.002972565
0.0029523848
0.0029697653
0.0029906975
0.0029902793
0.002985688
0.00298822
0.0029923297
0.003052677
0.0030526686
0.0029417349
0.003092883
0.002925939
0.0029778609
0.0029928489
0.0029737004
0.0029343292
0.0029655313
0.0031126866
0.0029503182
0.0030808332
0.0029583913
0.0029095074
0.0030934818
0.0030228246
0.0029513622
0.0029339488
0.0031022662
0.0030060809
0.003022946
0.0029619539
0.0030144788
0.0029758366
0.0030528775
0.0030107214
0.0029305266
0.002930354
0.0029262889
0.0030134153
0.002984298
0.0030057903
0.002943473
0.0029478723
0.0028934134
0.003060655
0.0030565215
0.0029816185
0.00304434
0.003017964
0.0030052806
0.0029771016
0.0030190246
0.002962195
0.002987832
0.002914041
0.0029726196
0.0029798476
0.0029577757
0.0029950377
0.0030360399
0.0029314677
0.0032077117
0.002974907
0.0030356334
0.0029300048
0.0031261095
0.0029669355
0.0030069065
0.0029705865
0.0031349573
0.002930437
0.0029486888
0.002943334
0.002998246
0.002976071
0.0029690566
0.0029671143
0.0029616258
0.0030256368
0.002945382
0.0029418562
0.0028899738
0.002970966
0.0030426783
0.0029345404
0.002973901
0.0029970114
0.0029765768
0.0030402103
0.0029129775
0.0029781875
0.002970507
0.0029899739
0.002881505
0.0030558568
0.003004055
0.0029368042
0.0029705195
0.002917536
0.0029194804
0.0029760166
0.0030044455
0.0029600305
0.0029724948
0.0030230242
0.002935506
0.0029374866
0.0029884304
0.0029320312
0.0029787482
0.0030375845
0.0029293648
0.0030319626
0.0028793192
0.002932003
0.0028935778
0.002983049
0.0029419677
0.0029075237
0.0028966633
0.003032464
0.002959806
0.0029454785
0.002875308
0.002970056
0.002934846
0.0029543692
0.0028640763
0.0029444972
0.0029319185
0.0028680316
0.0029429395
0.0028607121
0.0031255288
0.0029963853
0.0029071467
0.0029060552
0.0028964167
0.0029195154
0.002942739
0.0029962512
0.003039047
0.0029507452
0.0029808423
0.0030897397
0.0028696016
0.002991178
0.002945742
0.002962319
0.0029453444
0.002985003
0.0028952716
0.0028949454
0.0029077574
0.0029797452
0.0029179917
0.0028886844
0.0029535347
0.0030162022
0.0029459957
0.0028895454
0.0030206838
0.002889863
0.0029098222
0.0028410607
0.0029699581
0.0029213824
0.002933611
0.0030112613
0.0028994763
0.0029286975
0.0029161659
0.0029176385
0.0029391977
0.0029558167
0.0030015267
0.0029390878
0.0029059313
0.0029743114
0.002913711
0.0029536379
0.0028611266
0.0028881617
0.002961055
0.0029911145
0.00285641
0.0029059711
0.0028649366
0.0029104785
0.0028690617
0.0028055024
0.0029569953
0.0028601133
0.0028963604
0.0028616858
0.002930927
0.0029941413
0.0028144713
0.003024639
0.0029170203
0.00301991
0.0029940177
0.0028733355
0.0028694922
0.0029142874
0.0028757972
0.002960132
0.002997107
0.0028602278
0.0029696114
0.0028521933
0.0028486531
0.00283126
0.0029291408
0.0029134771
0.0028619592
0.0028179435
0.0028890935
0.0028114326
0.0028411215
0.0029082827
0.0028537298
0.0029444294
0.0029751307
0.0028963115
0.002848751
0.0028732324
0.0029415283
0.002868426
0.002839205
0.0028483155
0.0029071793
0.0028827954
0.0029143966
0.002922038
0.0028705148
0.0029124736
0.0029324752
0.0028897184
0.0028813696
0.0029184106
0.0028914013
0.0028473614
0.0028421378
0.0028593347
0.002905282
0.0028875622
0.0029057628
0.0029323716
0.00284649
0.0029510094
0.002896184
0.0029424909
0.002950827
0.0028615696
0.0028193481
0.0028527903
0.0028662526
0.0028534934
0.0028470522
0.0028421662
0.0029448443
0.0029378436
0.0030720953
0.0029396536
0.0029733218
0.0031040323
0.0031075713
0.0029022894
0.0029080443
0.0029697828
0.002952243
0.002910233
0.0029526576
0.0029272132
0.002921021
0.0029108669
0.0029144364
0.0028762189
0.0028819786
0.002961319
0.0030222195
0.0028414847
0.0027618902
0.0029833012
0.002906496
0.0028628304
0.0029496045
0.0028299806
0.0028410812
0.002907282
0.0028900285
0.0029064973
0.0028992791
0.0029114308
0.0028437586
0.0028844737
0.002951212
0.0028153097
0.0028264334
0.0028052996
0.0028660558
0.002849995
0.00290527
0.0028524918
0.0028849347
0.0028975669
0.002977595
0.002853767
0.002814134
0.0028863263
0.0028342595
0.0028243365
0.0028256555
0.0028756063
0.0028682486
0.003019706
0.0028195397
0.0029662608
0.0029429842
0.0030042545
0.002861393
0.0028018032
0.002845452
0.0028445988
0.002881935
0.002846635
0.002850646
0.0028798126
0.0028717844
0.0028535272
0.0028111027
0.0029899543
0.0028477043
0.0028236136
0.0029248847
0.0028744983
0.0029093595
0.0028498191
0.0029883662
0.0028807719
0.0028987562
0.002856066
0.0029757612
0.0031242892
0.002952016
0.0029176043
0.002890674
0.0028732198
0.0029392412
0.002865252
0.0028083066
0.0028758834
0.0028690626
0.0028579251
0.0028258131
0.002913548
0.0028807705
0.0028632118
0.0028083858
0.0028153276
0.002809572
0.0029685583
0.0028212443
0.0029565946
0.0028279312
0.0028879002
0.002783903
0.0029037572
0.0028333308
0.0028886467
0.00286779
0.0028504594
0.0028737558
0.0028366724
0.002829585
0.0028588078
0.0029247245
0.0028612176
0.0028849375
0.0029456944
0.0028692118
0.0029477417
0.0028383262
0.002931987
0.002861006
0.0028691888
0.00286524
0.0029254723
0.0028858178
0.0029039998
0.002957528
0.0029091921
0.0028345196
0.0028858157
0.0028222608
0.002840326
0.0028512569
0.0028087606
0.0028249898
0.0029080263
0.0028289976
0.0028316462
0.002803688
0.002931312
0.002934159
0.0028420908
0.0028606341
0.0029273704
0.0028719825
0.0028722922
0.0029762927
0.002824046
0.002826169
0.0028687203
0.002900689
0.0028374114
0.0028285806
0.002892804
0.0027911551
0.002783912
0.0028468533
0.0027825073
0.002828452
0.0027832605
0.002807944
0.0028916504
0.0028206203
0.002785146
0.0028377627
0.002915245
0.0028479719
0.0028437239
0.002816876
0.0028784284
0.0028520992
0.0028244955
0.0028123814
0.0027877851
0.0027991647
0.0028108044
0.0028117613
0.0029032403
0.0028752948
0.0028379294
0.002896471
0.0028052765
0.0027989089
0.0028549107
0.002857972
0.002870466
0.0029503293
0.0028134028
0.0028270306
0.0029255855
0.002814915
0.0029077653
0.002848968
0.0027912152
0.0028969937
0.002871377
0.0028870653
0.0028784904
0.00279369
0.0028002919
0.0028196583
0.0028053252
0.0028376048
0.0028092903
0.0028913973
0.0028396922
0.0028483693
0.0028103923
0.00280878
0.0028480284
0.0028178862
0.0030058532
0.0028144862
0.0027948609
0.002792364
0.0027970157
0.00285579
0.0028632444
0.0027919963
0.0028421222
0.0027818903
0.0028560315
0.0028296325
0.002842148
0.0028083401
0.0028273838
0.0029140383
0.0028095879
0.0028215372
0.0028336204
0.0028479882
0.002777811
0.0028128307
0.0029183743
0.0028213914
0.0027879036
0.0028203267
0.0028587072
0.0028401841
0.0027956194
0.002798461
0.0028059678
0.002741879
0.002795235
0.002972239
0.0028751064
0.0028978267
0.002807489
0.00279085
0.0027794105
0.002810987
0.0028242576
0.0028994996
0.002855398
0.0028101706
0.0027572876
0.0028423523
0.0027871295
0.0027536105
0.0028554057
0.002796376
0.0028192028
0.0028011738
0.0028905717
0.0027746367
0.0028897878
0.0028483407
0.0027672818
0.0027684346
0.0027988888
0.002836528
0.0028103157
0.0029072529
0.0028649108
0.0027310213
0.002877613
0.002816807
0.0028126333
0.0027798128
0.002872598
0.0027242845
0.0029047707
0.0027535933
0.0028109194
0.002794662
0.0028511158
0.0027430379
0.002790271
0.0028575219
0.0027938096
0.0027570035
0.0027825402
0.0028784533
0.0028324563
0.0027662877
0.0028512678
0.0027233008
0.0027997855
0.0028068433
0.002698162
0.0027144465
0.002775354
0.002818751
0.0027210717
0.0027136018
0.0027934017
0.0027322483
0.002766957
0.002765744
0.0027673251
0.0026942953
0.0028247312
0.0028110533
0.0027497564
0.002748973
0.002828897
0.002754688
0.0028006632
0.0027929347
0.0028362286
0.0028879913
0.0027928757
0.0027504032
0.0027857258
0.002771593
0.0028323242
0.0027903907
0.0027191269
0.0028273582
0.0027962746
0.0027971512
0.0027803231
0.002721793
0.0027650844
0.0028126135
0.0028286735
0.0027493027
0.0028893661
0.0028747674
0.0027699943
0.0027878848
0.0027886722
0.002926557
0.0028310698
0.002795884
0.002789075
0.0027835057
0.002821776
0.0028433062
0.002823828
0.0028294702
0.0026905958
0.0027577616
0.002799531
0.0027168484
0.0028408663
0.0027846752
0.0027717568
0.0028045038
0.0027503755
0.002745213
0.0027816377
0.0028379953
0.0028495556
0.0027437147
0.0027669822
0.0027983717
0.0028948332
0.0027484845
0.002718891
0.002773034
0.0027469958
0.002759641
0.0027554585
0.0027151124
0.002762554
0.0027670935
0.0027765948
0.0027139157
0.0028657883
0.0027977815
0.0027733769
0.0027954439
0.0027647864
0.0027978232
0.0026994448
0.0028342095
0.002744913
0.0027650564
0.002698831
0.002757398
0.0027537483
0.0027749173
0.0028294653
0.0027044725
0.0027531588
0.0027813208
0.002719234
0.0028673788
0.0029742115
0.0029167917
0.0027276445
0.0027648732
0.0027651743
0.0027907165
0.0027918695
0.002751685
0.0027572575
0.0027004525
0.002750027
0.002769989
0.0027519637
0.0027026802
0.0027257288
0.002683842
0.0027763247
0.003018893
0.0027448686
0.00274382
0.002753321
0.0026974783
0.0027284818
0.002752099
0.002744214
0.002727615
0.0028184315
0.0028022882
0.002745717
0.0027431825
0.0027146877
0.0028302458
0.002769765
0.0026797326
0.0027522189
0.0026848929
0.0027309346
0.0027489485
0.0027715182
0.0027643873
0.0027135992
0.002752665
0.0026891134
0.0027055824
0.0028337187
0.002770681
0.0026772644
0.0027501907
0.0027606047
0.0027230764
0.0027948509
0.0027758263
0.002810662
0.0027069484
0.0028444724
0.0027904501
0.0027653584
0.0027131161
0.0027342108
0.0026604403
0.002728544
0.0027619952
0.0027902464
0.0027776822
0.0026996604
0.0027125818
0.00267059
0.0027205232
0.0027988856
0.002686004
0.0027118511
0.0026499499
0.0028608162
0.002741249
0.0027550538
0.002699182
0.0027443785
0.0028352137
0.0027469022
0.0028010008
0.0027277088
0.0027210293
0.0027305782
0.0026722834
0.002665295
0.0028201514
0.0026827387
0.0027666448
0.0027132253
0.002740494
0.0027573737
0.0027530056
0.002702273
0.0027808223
0.0027471324
0.0027517916
0.0027134286
0.0027496123
0.0027715024
0.002696503
0.0027271204
0.002685076
0.0027739918
0.0026665148
0.002739284
0.0028031506
0.0027312797
0.0027267358
0.0027384136
0.0028106733
0.0027389699
0.0027658683
0.0027998504
0.0027867323
0.002733177
0.0027273593
0.0026997998
0.0026891283
0.0026758893
0.0027855872
0.002840697
0.0028139243
0.002725627
0.0027549975
0.002770662
0.0026811215
0.002683937
0.0027036031
0.002741126
0.0026997535
0.0027370523
0.0026973216
0.002695182
0.0026188768
0.0027047228
0.0027095028
0.0027167676
0.002755701
0.0026796672
0.0026802134
0.0027649307
0.0027402919
0.0026836412
0.0027278212
0.0026662739
0.0026162118
0.002884001
0.0027550175
0.0028139923
0.0026447931
0.002796671
0.0027119406
0.0026999807
0.0027093599
0.0027522955
0.0027560042
0.002700725
0.0027996476
0.0027045726
0.0026634824
0.0026914685
0.002653552
0.0027561733
0.0026778202
0.0026712995
0.0026754595
0.0027298143
0.0027415857
0.0027093866
0.0028269684
0.002655843
0.002701925
0.0026947167
0.0027825707
0.0026742828
0.0026417568
0.0026315202
0.0027070767
0.0026552076
0.0026491883
0.002846317
0.0026651416
0.002724323
0.0026562125
0.0026687286
0.0026809564
0.0026770039
0.0026659402
0.0026563595
0.0026754981
0.0027440162
0.002631558
0.0026769035
0.002671927
0.0026543618
0.002760377
0.0026759575
0.002742771
0.0027378066
0.002672463
0.002665582
0.00266148
0.0027064325
0.0026909458
0.0027034043
0.0027586452
0.002659429
0.0026184435
0.0026605772
0.0026420213
0.0026789352
0.0026719614
0.0026836975
0.00263155
0.0026893527
0.0027090253
0.0026560812
0.0027700784
0.002631371
0.002692944
0.0027090495
0.0026648303
0.0026544211
0.002651813
0.0026673288
0.002657705
0.002670957
0.002669173
0.0028110738
0.0026751724
0.0027301263
0.002709385
0.0027411699
0.0027079473
0.0026461866
0.002681788
0.0027489387
0.0027182894
0.0026579273
0.0027294124
0.002712658
0.0026996222
0.0026882582
0.00263447
0.002717247
0.0028138827
0.0026300345
0.0026136083
0.0026953814
0.002682473
0.0026795308
0.0026463973
0.0026125282
0.0027509825
0.0026815692
0.002636569
0.0027363582
0.0026799005
0.0026957523
0.002629409
0.0027254822
0.0027041459
0.002732185
0.0025776671
0.0026296545
0.0026394625
0.002707539
0.0026271916
0.0027314548
0.002700363
0.0026469817
0.0026050904
0.0026571767
0.002776178
0.002755995
0.0026966538
0.0026364967
0.0027240568
0.0026975945
0.0027244661
0.0026566456
0.0026604945
0.0027570338
0.0026302368
0.002623036
0.002590182
0.002623062
0.0026949751
0.0025792571
0.0026643798
0.0026775112
0.0026981933
0.0026950766
0.0026250447
0.0026954676
0.002651827
0.002660246
0.0026031095
0.002650337
0.0026077682
0.0026569036
0.0025936654
0.002695954
0.0026940776
0.0026357642
0.0027080916
0.002662077
0.0026341798
0.0026740322
0.0027109627
0.002698456
0.002732337
0.0026864114
0.0026529669
0.0026917798
0.0026914862
0.0026260887
0.0027286483
0.002616831
0.0026561415
0.0027310543
0.0025915846
0.0026839313
0.0026924221
0.0026102418
0.0026648778
0.0026567443
0.0027091508
0.002640695
0.0025882793
0.0026504134
0.0026467773
0.0027046085
0.002691217
0.0026496826
0.0026529767
0.0026827245
0.0026251345
0.0027519225
0.002680744
0.0026633136
0.0026648538
0.0026915513
0.0026323458
0.002811887
0.0027258608
0.002775409
0.0027131978
0.002615399
0.0027855232
0.0026564596
0.0027066148
0.0026333744
0.0026489038
0.0026388315
0.002625708
0.002786085
0.002622286
0.002791164
0.0027101957
0.0026169475
0.0027195648
0.0026394688
0.002848297
0.0026407717
0.0026737845
0.0026607919
0.0026377707
0.002746521
0.0026226712
0.0026757733
0.0025843307
0.00265595
0.0026605905
0.0026126099
0.0026324918
0.0025938689
0.002628199
0.0026060396
0.0025964382
0.0027052304
0.0026873148
0.0025948149
0.0026293446
0.0026098005
0.0026096448
0.00267198
0.002694973
0.0025599333
0.0026158134
0.002626393
0.0026392236
0.002684083
0.0026695447
0.0026717244
0.0026159694
0.0026997013
0.0025937886
0.0026796532
0.0026972594
0.0025975092
0.0026203059
0.0026117822
0.0025863983
0.0026671283
0.0025868583
0.0026195883
0.00260147
0.0026271627
0.002696698
0.0026556414
0.0027043407
0.0026114504
0.0026188074
0.00263351
0.002665714
0.0026445745
0.0026904922
0.0026361612
0.0026250768
0.00265351
0.0026176707
0.002722228
0.0025886772
0.0026208004
0.0026328624
0.0027119122
0.0027023817
0.0026930491
0.0026746914
0.0026872985
0.0026324852
0.0026107032
0.0026362569
0.0026657076
0.0026592868
0.00270748
0.002600448
0.0026313073
0.0026458348
0.0025720948
0.0026800304
0.0026681984
0.0026468681
0.0026340473
0.0026171494
0.0026869
0.0025870504
0.002537292
0.002619227
0.002634333
0.002589481
0.0026184157
0.002576959
0.0026167543
0.0025624582
0.0026265946
0.0026493135
0.0026482793
0.0025781456
0.0025925576
0.0025949157
0.0026236637
0.0026159307
0.0026625942
0.0026884547
0.0026002508
0.0027091932
0.0026127906
0.002713068
0.0026160993
0.0026656585
0.0025973376
0.0026278454
0.002584256
0.002601118
0.0025895925
0.0026412674
0.0026151154
0.0026021774
0.0025904293
0.0026228211
0.0026309483
0.002654821
0.0025982067
0.0025782203
0.002667639
0.0026648594
0.0025540763
0.0025432294
0.002603154
0.0026280298
0.0025573366
0.0026084583
0.0026140756
0.002602024
0.002605101
0.0026438502
0.002660188
0.0025795188
0.0026470686
0.002605213
0.0026217573
0.002566587
0.0025692673
0.002563847
0.0025888344
0.002594779
0.0025245924
0.002558163
0.0026297176
0.0025532173
0.0027666292
0.0026110555
0.0026444062
0.0026360208
0.0026797713
0.0026061467
0.0026505853
0.0026323851
0.00258173
0.0026329688
0.0026770022
0.0026617756
0.0025779018
0.002590467
0.0026506926
0.0026022415
0.0025660559
0.0025566947
0.0026664366
0.0025813663
0.002566894
0.0026008144
0.0025551852
0.0025427279
0.0025579256
0.002596129
0.0025557515
0.0025679944
0.0026359586
0.0026049777
0.0026632464
0.0025503372
0.002596601
0.0026633248
0.0026453955
0.0026451333
0.0026032433
0.0026440062
0.002603891
0.0026054555
0.002558584
0.0026217124
0.0025889145
0.0025832136
0.0025410717
0.0025505624
0.0026091558
0.0025595655
0.0026009723
0.0025831833
0.0026431566
0.002620168
0.0026267935
0.0025394037
0.0025812886
0.0026275665
0.0025287995
0.0025764273
0.0025844402
0.0025103688
0.0025169596
0.0025476406
0.0025793756
0.0026002272
0.0025156466
0.0025072715
0.0025424534
0.0026680592
0.0025615413
0.0025453446
0.002544668
0.0025678433
0.0025772357
0.0025440082
0.002606753
0.0026370522
0.00250198
0.002553077
0.0025386007
0.002599052
0.0026763
0.002575708
0.0026397263
0.0025753593
0.0025657092
0.002553979
0.0025402338
0.0025608002
0.002531043
0.0025854597
0.0025814031
0.0026000675
0.0025469596
0.0026085603
0.0025309236
0.0025663096
0.0026132024
0.0026458746