20 197.29 0.03 197.32 0.076 18 24 0.39 0.0 
40 196.36 -0.31 196.05 0.103 34 48 0.75 0.0 
60 195.44 -0.85 194.59 0.125 51 72 1.12 0.0 
80 195.37 -1.31 194.05 0.147 65 98 1.43 0.0 
100 195.14 -1.86 193.28 0.16 79 125 1.73 0.01 
120 193.85 -2.36 191.49 0.207 91 155 2.0 0.01 
140 193.96 -2.64 191.32 0.214 107 181 2.35 0.01 
160 193.3 -3.07 190.24 0.235 121 216 2.65 0.01 
180 192.23 -3.41 188.83 0.256 130 247 2.85 0.01 
200 191.19 -3.45 187.75 0.273 141 274 3.09 0.01 
220 190.32 -3.62 186.71 0.289 156 307 3.42 0.02 
240 189.48 -3.95 185.53 0.3 163 341 3.57 0.02 
260 189.11 -4.34 184.76 0.313 174 373 3.82 0.02 
280 187.66 -4.63 183.03 0.338 185 405 4.06 0.02 
300 187.4 -4.9 182.5 0.352 199 434 4.36 0.02 
320 187.32 -5.24 182.08 0.356 212 462 4.65 0.02 
340 186.98 -5.74 181.24 0.37 220 497 4.82 0.02 
360 185.92 -6.06 179.85 0.386 232 527 5.09 0.03 
380 185.26 -6.14 179.11 0.395 245 560 5.37 0.03 
400 184.77 -6.22 178.56 0.405 257 597 5.64 0.03 
420 184.29 -6.47 177.82 0.421 267 623 5.86 0.03 
440 183.76 -6.58 177.18 0.425 279 652 6.12 0.03 
460 183.8 -6.84 176.97 0.435 291 685 6.38 0.03 
480 183.02 -6.95 176.07 0.439 303 718 6.64 0.04 
500 182.28 -7.06 175.21 0.449 313 751 6.86 0.04 
520 181.78 -7.35 174.43 0.461 327 779 7.17 0.04 
540 181.44 -7.6 173.84 0.47 337 813 7.39 0.04 
560 180.76 -8.07 172.69 0.477 348 843 7.63 0.04 
580 180.34 -8.37 171.98 0.487 361 871 7.92 0.04 
600 179.1 -8.51 170.59 0.499 375 904 8.22 0.04 
620 178.53 -8.65 169.87 0.508 384 945 8.42 0.05 
640 178.79 -8.92 169.87 0.513 396 983 8.68 0.05 
660 177.69 -9.19 168.5 0.526 406 1018 8.9 0.05 
680 177.07 -9.46 167.6 0.533 415 1058 9.1 0.05 
700 176.17 -9.71 166.46 0.542 429 1094 9.41 0.05 
720 175.99 -9.96 166.02 0.547 441 1128 9.67 0.06 
740 175.2 -10.17 165.03 0.557 449 1169 9.85 0.06 
760 174.76 -10.35 164.41 0.56 461 1205 10.11 0.06 
780 174.97 -10.47 164.5 0.563 471 1244 10.33 0.06 
800 174.26 -10.68 163.57 0.569 482 1280 10.57 0.06 
820 173.88 -10.91 162.97 0.578 493 1318 10.81 0.07 
840 172.72 -11.01 161.7 0.582 504 1350 11.05 0.07 
860 172.78 -10.99 161.79 0.589 516 1387 11.32 0.07 
880 172.17 -11.25 160.93 0.594 527 1434 11.56 0.07 
900 172.34 -11.34 161.0 0.603 537 1475 11.78 0.07 
920 169.71 -11.59 158.12 0.612 549 1512 12.04 0.08 
940 169.79 -11.87 157.92 0.613 559 1555 12.26 0.08 
960 169.22 -11.95 157.26 0.622 572 1592 12.54 0.08 
980 169.29 -12.16 157.13 0.627 587 1637 12.87 0.08 
1000 168.92 -12.43 156.49 0.629 598 1679 13.11 0.08 
1020 168.89 -12.65 156.25 0.638 609 1723 13.36 0.09 
1040 168.55 -12.67 155.88 0.64 617 1759 13.53 0.09 
1060 168.16 -12.81 155.35 0.644 624 1798 13.68 0.09 
1080 167.33 -12.82 154.52 0.648 637 1837 13.97 0.09 
1100 167.1 -12.95 154.16 0.657 646 1879 14.17 0.09 
1120 166.63 -13.11 153.52 0.658 655 1920 14.36 0.1 
1140 166.21 -13.21 153.0 0.663 661 1963 14.5 0.1 
1160 166.05 -13.44 152.61 0.665 672 2004 14.74 0.1 
1180 164.8 -13.39 151.41 0.669 681 2044 14.93 0.1 
1200 164.2 -13.57 150.63 0.664 690 2087 15.13 0.1 
1220 164.41 -13.73 150.68 0.675 698 2128 15.31 0.11 
1240 163.77 -13.8 149.96 0.68 709 2166 15.55 0.11 
1260 163.97 -13.96 150.01 0.679 717 2208 15.72 0.11 
1280 163.83 -14.02 149.81 0.687 726 2245 15.92 0.11 
1300 163.06 -14.02 149.03 0.69 737 2280 16.16 0.11 
1320 162.55 -14.14 148.41 0.691 747 2329 16.38 0.12 
1340 161.62 -14.18 147.44 0.697 754 2374 16.54 0.12 
1360 161.41 -14.31 147.1 0.697 765 2412 16.78 0.12 
1380 161.23 -14.44 146.79 0.704 772 2456 16.93 0.12 
1400 160.83 -14.63 146.21 0.705 783 2496 17.17 0.12 
1420 160.51 -14.74 145.77 0.709 795 2534 17.43 0.13 
1440 159.98 -14.73 145.25 0.711 802 2572 17.59 0.13 
1460 159.85 -14.91 144.94 0.713 810 2621 17.76 0.13 
1480 160.19 -14.98 145.2 0.715 814 2671 17.85 0.13 
1500 160.33 -15.04 145.29 0.716 826 2716 18.11 0.14 
1520 159.52 -15.06 144.45 0.719 835 2765 18.31 0.14 
1540 159.05 -14.99 144.06 0.728 845 2803 18.53 0.14 
1560 158.63 -14.91 143.72 0.727 856 2843 18.77 0.14 
1580 158.07 -14.92 143.14 0.73 867 2884 19.01 0.14 
1600 157.78 -14.98 142.8 0.73 875 2931 19.19 0.15 
1620 157.53 -14.91 142.62 0.737 882 2974 19.34 0.15 
1640 156.8 -14.95 141.84 0.739 893 3017 19.58 0.15 
1660 156.92 -15.03 141.89 0.739 903 3067 19.8 0.15 
1680 156.68 -15.2 141.48 0.739 911 3114 19.98 0.15 
1700 156.54 -15.12 141.42 0.745 918 3161 20.13 0.16 
1720 155.79 -15.12 140.67 0.746 927 3198 20.33 0.16 
1740 156.11 -15.14 140.97 0.747 936 3244 20.53 0.16 
1760 154.77 -15.21 139.56 0.745 943 3288 20.68 0.16 
1780 155.28 -15.31 139.97 0.752 952 3340 20.88 0.17 
1800 154.74 -15.32 139.42 0.753 961 3381 21.07 0.17 
1820 154.89 -15.33 139.56 0.755 971 3424 21.29 0.17 
1840 154.22 -15.26 138.96 0.757 979 3468 21.47 0.17 
1860 153.63 -15.28 138.35 0.761 989 3509 21.69 0.17 
1880 153.63 -15.29 138.34 0.759 995 3555 21.82 0.18 
1900 152.95 -15.3 137.65 0.764 1006 3599 22.06 0.18 
1920 152.87 -15.21 137.65 0.764 1019 3651 22.35 0.18 
1940 152.65 -15.22 137.43 0.765 1028 3696 22.54 0.18 
1960 152.86 -15.27 137.59 0.768 1037 3739 22.74 0.19 
1980 152.39 -15.25 137.14 0.77 1048 3777 22.98 0.19 
2000 152.38 -15.22 137.16 0.774 1055 3821 23.14 0.19 
2020 151.91 -15.14 136.78 0.772 1058 3861 23.2 0.19 
2040 151.8 -15.21 136.59 0.776 1063 3910 23.31 0.19 
2060 151.04 -15.2 135.85 0.777 1073 3951 23.53 0.2 
2080 150.14 -15.2 134.94 0.776 1078 4001 23.64 0.2 
2100 150.14 -15.28 134.86 0.776 1085 4043 23.79 0.2 
2120 149.92 -15.31 134.62 0.779 1089 4095 23.88 0.2 
2140 149.06 -15.4 133.66 0.783 1097 4149 24.06 0.21 
2160 148.85 -15.35 133.5 0.782 1103 4197 24.19 0.21 
2180 148.23 -15.19 133.04 0.784 1112 4244 24.39 0.21 
2200 148.9 -15.23 133.67 0.785 1118 4293 24.52 0.21 
2220 148.99 -15.18 133.81 0.786 1125 4341 24.67 0.22 
2240 148.11 -15.17 132.93 0.788 1131 4392 24.8 0.22 
2260 147.28 -15.23 132.05 0.788 1140 4438 25.0 0.22 
2280 148.15 -15.29 132.86 0.793 1145 4491 25.11 0.22 
2300 147.84 -15.37 132.47 0.792 1153 4542 25.29 0.23 
2320 147.58 -15.38 132.2 0.793 1162 4590 25.48 0.23 
2340 147.3 -15.39 131.92 0.793 1173 4642 25.72 0.23 
2360 146.91 -15.32 131.59 0.796 1177 4692 25.81 0.23 
2380 146.44 -15.3 131.13 0.796 1182 4745 25.92 0.24 
2400 146.29 -15.27 131.02 0.795 1188 4801 26.05 0.24 
2420 146.18 -15.29 130.88 0.797 1199 4846 26.29 0.24 
2440 145.76 -15.12 130.64 0.798 1208 4891 26.49 0.24 
2460 145.4 -15.17 130.23 0.801 1211 4947 26.56 0.25 
2480 145.25 -15.16 130.09 0.801 1219 5002 26.73 0.25 
2500 144.67 -15.13 129.54 0.802 1225 5059 26.86 0.25 
2520 144.74 -15.13 129.61 0.804 1230 5108 26.97 0.25 
2540 144.66 -15.08 129.58 0.803 1240 5157 27.19 0.26 
2560 144.43 -15.11 129.32 0.807 1246 5209 27.32 0.26 
2580 143.87 -15.09 128.78 0.807 1255 5262 27.52 0.26 
2600 143.63 -15.09 128.54 0.806 1261 5319 27.65 0.26 
2620 143.63 -15.15 128.47 0.808 1272 5363 27.89 0.27 
2640 142.88 -15.03 127.85 0.807 1282 5412 28.11 0.27 
2660 142.76 -15.06 127.7 0.809 1291 5458 28.31 0.27 
2680 142.43 -15.12 127.31 0.809 1299 5513 28.49 0.27 
2700 141.66 -15.16 126.5 0.808 1307 5562 28.66 0.28 
2720 141.87 -15.26 126.6 0.809 1311 5611 28.75 0.28 
2740 141.95 -15.22 126.73 0.813 1316 5660 28.86 0.28 
2760 141.79 -15.16 126.63 0.815 1324 5710 29.04 0.28 
2780 141.16 -15.21 125.95 0.815 1335 5751 29.28 0.29 
2800 140.74 -15.03 125.71 0.817 1343 5798 29.45 0.29 
2820 140.0 -14.98 125.02 0.817 1351 5843 29.63 0.29 
2840 140.21 -14.92 125.29 0.819 1358 5891 29.78 0.29 
2860 140.46 -14.99 125.46 0.817 1363 5945 29.89 0.3 
2880 140.21 -14.94 125.27 0.822 1367 5986 29.98 0.3 
2900 140.1 -14.94 125.16 0.82 1377 6035 30.2 0.3 
2920 139.68 -14.93 124.75 0.822 1381 6089 30.29 0.3 
2940 139.23 -14.88 124.35 0.824 1383 6141 30.33 0.31 
2960 139.32 -14.86 124.47 0.824 1394 6188 30.57 0.31 
2980 138.84 -14.78 124.06 0.823 1401 6242 30.72 0.31 
3000 138.86 -14.76 124.1 0.827 1408 6291 30.88 0.31 
3020 138.6 -14.72 123.88 0.826 1413 6348 30.99 0.32 
3040 138.11 -14.76 123.35 0.826 1419 6400 31.12 0.32 
3060 138.11 -14.85 123.27 0.827 1425 6454 31.25 0.32 
3080 138.23 -14.89 123.34 0.829 1430 6506 31.36 0.32 
3100 138.18 -14.9 123.29 0.829 1435 6557 31.47 0.33 
3120 137.83 -14.83 123.0 0.831 1441 6609 31.6 0.33 
3140 138.07 -14.83 123.23 0.832 1447 6657 31.73 0.33 
3160 137.6 -14.85 122.75 0.834 1454 6705 31.89 0.33 
3180 137.1 -14.83 122.27 0.833 1460 6757 32.02 0.34 
3200 136.72 -14.95 121.76 0.833 1468 6807 32.19 0.34 
3220 136.05 -14.98 121.07 0.834 1473 6855 32.3 0.34 
3240 136.39 -14.95 121.44 0.838 1479 6902 32.43 0.34 
3260 136.5 -14.86 121.64 0.838 1484 6958 32.54 0.35 
3280 135.77 -14.74 121.03 0.838 1489 7009 32.65 0.35 
3300 135.41 -14.84 120.57 0.84 1493 7066 32.74 0.35 
3320 135.01 -14.86 120.14 0.838 1495 7120 32.79 0.35 
3340 134.71 -14.85 119.86 0.837 1500 7181 32.89 0.36 
3360 134.75 -14.93 119.82 0.84 1501 7234 32.92 0.36 
3380 135.31 -14.96 120.35 0.839 1508 7284 33.07 0.36 
3400 135.15 -14.96 120.19 0.84 1513 7333 33.18 0.36 
3420 134.82 -14.95 119.87 0.838 1519 7392 33.31 0.37 
3440 134.49 -14.95 119.54 0.84 1528 7439 33.51 0.37 
3460 134.87 -14.88 119.99 0.841 1533 7487 33.62 0.37 
3480 134.25 -14.75 119.5 0.844 1538 7536 33.73 0.37 
3500 133.59 -14.77 118.82 0.842 1544 7595 33.86 0.38 
3520 133.69 -14.73 118.95 0.844 1549 7649 33.97 0.38 
3540 133.83 -14.74 119.08 0.845 1555 7707 34.1 0.38 
3560 133.32 -14.66 118.66 0.844 1562 7756 34.25 0.39 
3580 133.67 -14.57 119.1 0.847 1571 7807 34.45 0.39 
3600 133.59 -14.51 119.08 0.846 1577 7866 34.58 0.39 
3620 133.23 -14.43 118.8 0.848 1580 7919 34.65 0.39 
3640 132.67 -14.45 118.22 0.848 1586 7973 34.78 0.4 
3660 133.07 -14.4 118.67 0.848 1593 8028 34.93 0.4 
3680 132.51 -14.33 118.18 0.848 1600 8081 35.09 0.4 
3700 132.22 -14.34 117.88 0.848 1608 8131 35.26 0.4 
3720 132.13 -14.31 117.83 0.848 1613 8182 35.37 0.41 
3740 132.08 -14.32 117.77 0.85 1620 8230 35.53 0.41 
3760 131.73 -14.2 117.52 0.85 1625 8284 35.64 0.41 
3780 131.24 -14.15 117.09 0.849 1631 8342 35.77 0.41 
3800 131.53 -14.15 117.39 0.851 1636 8401 35.88 0.42 
3820 131.14 -14.05 117.1 0.852 1640 8457 35.96 0.42 
3840 131.36 -13.97 117.39 0.851 1646 8506 36.1 0.42 
3860 130.91 -13.87 117.05 0.852 1651 8557 36.21 0.43 
3880 130.29 -13.84 116.45 0.853 1664 8601 36.49 0.43 
3900 130.47 -13.82 116.65 0.855 1667 8664 36.56 0.43 
3920 130.56 -13.77 116.79 0.854 1676 8715 36.75 0.43 
3940 130.04 -13.87 116.17 0.854 1681 8773 36.86 0.44 
3960 129.73 -13.94 115.79 0.855 1686 8826 36.97 0.44 
3980 129.49 -13.89 115.6 0.857 1695 8876 37.17 0.44 
4000 128.97 -13.85 115.11 0.856 1704 8927 37.37 0.44 
4020 129.04 -13.78 115.26 0.857 1707 8985 37.43 0.45 
4040 128.72 -13.8 114.92 0.859 1711 9042 37.52 0.45 
4060 128.82 -13.83 114.99 0.858 1714 9103 37.59 0.45 
4080 128.71 -13.73 114.98 0.857 1718 9168 37.68 0.46 
4100 128.52 -13.71 114.81 0.858 1720 9226 37.72 0.46 
4120 128.16 -13.74 114.42 0.859 1725 9287 37.83 0.46 
4140 127.58 -13.67 113.9 0.86 1731 9336 37.96 0.46 
4160 128.18 -13.77 114.41 0.86 1737 9387 38.09 0.47 
4180 128.08 -13.78 114.3 0.859 1742 9445 38.2 0.47 
4200 128.22 -13.78 114.45 0.857 1746 9501 38.29 0.47 
4220 127.66 -13.82 113.83 0.857 1747 9553 38.31 0.48 
4240 127.27 -13.84 113.44 0.859 1751 9607 38.4 0.48 
4260 127.28 -13.84 113.44 0.859 1755 9657 38.49 0.48 
4280 126.71 -13.85 112.86 0.861 1762 9706 38.64 0.48 
4300 127.14 -13.84 113.3 0.861 1765 9762 38.71 0.49 
4320 127.15 -13.76 113.39 0.861 1772 9808 38.86 0.49 
4340 127.46 -13.71 113.75 0.863 1776 9865 38.95 0.49 
4360 127.3 -13.61 113.69 0.863 1780 9919 39.04 0.49 
4380 127.11 -13.56 113.55 0.864 1787 9980 39.19 0.5 
4400 126.37 -13.52 112.85 0.864 1790 10037 39.25 0.5 
4420 126.62 -13.49 113.13 0.863 1792 10095 39.3 0.5 
4440 126.43 -13.37 113.05 0.864 1799 10143 39.45 0.5 
4460 126.29 -13.27 113.02 0.866 1802 10188 39.52 0.51 
4480 126.02 -13.09 112.93 0.866 1809 10242 39.67 0.51 
4500 125.87 -13.04 112.82 0.866 1815 10297 39.8 0.51 
4520 125.29 -12.96 112.33 0.867 1821 10359 39.93 0.52 
4540 125.79 -12.88 112.91 0.867 1830 10413 40.13 0.52 
4560 124.78 -12.78 112.0 0.866 1840 10463 40.35 0.52 
4580 123.87 -12.67 111.2 0.867 1850 10516 40.57 0.52 
4600 124.29 -12.69 111.6 0.867 1854 10572 40.66 0.53 
4620 124.4 -12.68 111.72 0.868 1857 10636 40.72 0.53 
4640 123.53 -12.59 110.94 0.868 1863 10685 40.86 0.53 
4660 123.09 -12.57 110.52 0.866 1869 10738 40.99 0.53 
4680 122.86 -12.61 110.25 0.868 1875 10787 41.12 0.54 
4700 123.16 -12.67 110.49 0.871 1880 10838 41.23 0.54 
4720 123.65 -12.59 111.06 0.87 1884 10896 41.32 0.54 
4740 123.17 -12.54 110.63 0.871 1885 10953 41.34 0.54 
4760 122.77 -12.53 110.24 0.871 1887 11009 41.38 0.55 
4780 122.31 -12.52 109.79 0.871 1896 11064 41.58 0.55 
4800 122.8 -12.6 110.19 0.872 1904 11124 41.75 0.55 
4820 122.46 -12.53 109.93 0.873 1910 11175 41.89 0.56 
4840 122.47 -12.41 110.06 0.872 1916 11233 42.02 0.56 
4860 122.38 -12.32 110.05 0.872 1918 11285 42.06 0.56 
4880 122.6 -12.27 110.33 0.872 1921 11342 42.13 0.56 
4900 121.91 -12.16 109.76 0.872 1927 11391 42.26 0.57 
4920 121.54 -12.11 109.43 0.872 1932 11446 42.37 0.57 
4940 121.15 -12.07 109.08 0.873 1934 11500 42.41 0.57 
4960 121.12 -12.07 109.04 0.873 1939 11556 42.52 0.57 
4980 121.17 -12.06 109.11 0.874 1945 11606 42.65 0.58 
5000 120.93 -12.02 108.91 0.874 1947 11664 42.7 0.58 
5020 120.79 -11.92 108.87 0.874 1953 11717 42.83 0.58 
5040 120.58 -11.92 108.65 0.874 1954 11770 42.85 0.59 
5060 120.51 -11.93 108.58 0.875 1957 11828 42.92 0.59 
5080 120.69 -11.9 108.79 0.875 1962 11891 43.03 0.59 
