20 197.8 -0.35 197.45 0.061 17 25 0.37 0.0 
40 196.56 -0.58 195.98 0.088 33 50 0.72 0.0 
60 196.05 -0.83 195.22 0.115 49 76 1.07 0.0 
80 195.43 -1.38 194.05 0.149 64 103 1.4 0.01 
100 195.05 -1.78 193.26 0.175 77 130 1.69 0.01 
120 194.81 -2.15 192.66 0.2 90 157 1.97 0.01 
140 193.5 -2.19 191.31 0.214 102 185 2.24 0.01 
160 192.3 -2.31 189.99 0.231 115 212 2.52 0.01 
180 192.27 -2.74 189.53 0.246 122 239 2.68 0.01 
200 191.77 -2.8 188.96 0.274 137 272 3.0 0.01 
220 190.92 -3.08 187.84 0.286 150 302 3.29 0.02 
240 190.26 -3.3 186.96 0.304 164 335 3.6 0.02 
260 189.68 -3.4 186.28 0.312 175 364 3.84 0.02 
280 188.67 -3.75 184.91 0.329 183 402 4.01 0.02 
300 187.88 -3.97 183.91 0.342 195 433 4.28 0.02 
320 187.33 -4.22 183.1 0.355 210 464 4.61 0.02 
340 187.07 -4.55 182.52 0.372 221 499 4.85 0.02 
360 186.12 -4.95 181.17 0.378 231 534 5.07 0.03 
380 185.46 -5.11 180.35 0.387 241 568 5.29 0.03 
400 185.17 -5.25 179.92 0.405 254 599 5.57 0.03 
420 183.74 -5.67 178.07 0.418 269 633 5.9 0.03 
440 183.37 -5.72 177.65 0.432 281 661 6.16 0.03 
460 182.71 -5.83 176.87 0.444 296 694 6.49 0.03 
480 182.47 -6.13 176.34 0.455 308 727 6.75 0.04 
500 181.84 -6.24 175.61 0.458 319 761 7.0 0.04 
520 181.82 -6.67 175.15 0.468 327 800 7.17 0.04 
540 181.52 -6.75 174.77 0.477 339 834 7.43 0.04 
560 181.3 -7.14 174.16 0.488 347 871 7.61 0.04 
580 180.34 -7.31 173.02 0.495 359 904 7.87 0.04 
600 180.26 -7.46 172.8 0.506 369 937 8.09 0.05 
620 179.34 -7.44 171.9 0.516 382 969 8.38 0.05 
640 178.24 -7.42 170.81 0.524 395 998 8.66 0.05 
660 177.18 -7.47 169.71 0.537 404 1031 8.86 0.05 
680 176.87 -7.76 169.11 0.546 417 1068 9.14 0.05 
700 176.64 -8.05 168.59 0.551 431 1109 9.45 0.06 
720 175.93 -8.3 167.63 0.558 440 1145 9.65 0.06 
740 175.47 -8.45 167.02 0.562 450 1184 9.87 0.06 
760 175.03 -8.68 166.35 0.566 458 1225 10.04 0.06 
780 174.51 -8.88 165.63 0.575 467 1264 10.24 0.06 
800 173.96 -9.04 164.92 0.579 475 1306 10.42 0.06 
820 173.91 -9.39 164.52 0.581 484 1356 10.61 0.07 
840 173.17 -9.38 163.79 0.592 495 1385 10.86 0.07 
860 173.49 -9.47 164.02 0.596 507 1419 11.12 0.07 
880 173.05 -9.54 163.51 0.604 516 1453 11.32 0.07 
900 173.05 -9.64 163.4 0.607 523 1485 11.47 0.07 
920 171.94 -9.76 162.18 0.613 533 1528 11.69 0.08 
940 172.25 -9.84 162.41 0.62 548 1567 12.02 0.08 
960 171.42 -9.94 161.48 0.625 559 1604 12.26 0.08 
980 170.85 -9.99 160.87 0.626 573 1643 12.57 0.08 
1000 170.15 -9.96 160.19 0.632 581 1680 12.74 0.08 
1020 169.22 -10.02 159.2 0.642 592 1718 12.98 0.09 
1040 168.66 -10.06 158.6 0.643 605 1754 13.27 0.09 
1060 168.91 -10.21 158.7 0.647 615 1802 13.49 0.09 
1080 168.4 -10.23 158.17 0.649 625 1840 13.71 0.09 
1100 167.6 -10.32 157.28 0.658 632 1881 13.86 0.09 
1120 167.04 -10.48 156.56 0.663 644 1922 14.12 0.1 
1140 166.61 -10.43 156.18 0.665 651 1959 14.28 0.1 
1160 167.04 -10.56 156.48 0.67 661 2002 14.5 0.1 
1180 165.89 -10.62 155.27 0.673 675 2041 14.8 0.1 
1200 165.92 -10.66 155.26 0.679 684 2081 15.0 0.1 
1220 165.61 -10.57 155.04 0.683 692 2120 15.18 0.11 
1240 165.04 -10.73 154.31 0.682 701 2162 15.37 0.11 
1260 164.53 -10.76 153.77 0.692 708 2200 15.53 0.11 
1280 163.69 -10.71 152.98 0.693 718 2239 15.75 0.11 
1300 163.87 -10.76 153.1 0.693 726 2285 15.92 0.11 
1320 163.79 -10.82 152.97 0.696 733 2326 16.07 0.12 
1340 163.55 -10.91 152.63 0.699 744 2368 16.32 0.12 
1360 162.78 -10.83 151.95 0.702 751 2406 16.47 0.12 
1380 162.08 -10.84 151.25 0.707 761 2454 16.69 0.12 
1400 162.34 -10.94 151.41 0.708 773 2500 16.95 0.12 
1420 162.0 -10.98 151.02 0.71 777 2547 17.04 0.13 
1440 161.33 -11.17 150.15 0.71 785 2592 17.21 0.13 
1460 161.03 -11.24 149.79 0.716 797 2637 17.48 0.13 
1480 160.66 -11.34 149.33 0.719 803 2684 17.61 0.13 
1500 160.26 -11.45 148.81 0.723 816 2729 17.89 0.14 
1520 160.23 -11.66 148.57 0.725 828 2775 18.16 0.14 
1540 160.04 -11.69 148.35 0.726 832 2819 18.25 0.14 
1560 160.03 -11.78 148.25 0.726 839 2864 18.4 0.14 
1580 159.04 -11.8 147.25 0.73 847 2907 18.57 0.14 
1600 158.39 -11.7 146.69 0.733 857 2948 18.79 0.15 
1620 158.4 -11.72 146.67 0.733 869 2992 19.06 0.15 
1640 157.76 -11.74 146.02 0.736 883 3037 19.36 0.15 
1660 157.8 -11.83 145.97 0.736 890 3081 19.52 0.15 
1680 156.64 -11.87 144.78 0.741 896 3119 19.65 0.16 
1700 156.82 -11.95 144.86 0.743 906 3163 19.87 0.16 
1720 156.57 -12.02 144.55 0.746 914 3214 20.04 0.16 
1740 155.81 -11.96 143.84 0.745 919 3261 20.15 0.16 
1760 155.73 -12.01 143.71 0.749 929 3300 20.37 0.16 
1780 155.37 -12.01 143.37 0.75 936 3340 20.53 0.17 
1800 155.11 -12.04 143.08 0.752 943 3381 20.68 0.17 
1820 154.26 -12.0 142.26 0.754 951 3428 20.86 0.17 
1840 153.48 -11.97 141.51 0.752 962 3468 21.1 0.17 
1860 153.76 -11.96 141.8 0.756 975 3500 21.38 0.17 
1880 153.67 -12.01 141.66 0.76 984 3542 21.58 0.18 
1900 153.86 -12.07 141.79 0.764 994 3594 21.8 0.18 
1920 152.94 -12.04 140.9 0.766 1002 3635 21.97 0.18 
1940 152.83 -11.96 140.87 0.766 1014 3688 22.24 0.18 
1960 152.75 -12.01 140.74 0.768 1018 3741 22.32 0.19 
1980 152.56 -12.06 140.5 0.766 1028 3791 22.54 0.19 
2000 152.3 -12.03 140.27 0.768 1033 3839 22.65 0.19 
2020 151.55 -12.13 139.41 0.771 1043 3885 22.87 0.19 
2040 151.83 -12.21 139.62 0.772 1052 3932 23.07 0.2 
2060 151.52 -12.27 139.24 0.775 1056 3982 23.16 0.2 
2080 151.15 -12.36 138.79 0.774 1063 4024 23.31 0.2 
2100 150.99 -12.33 138.66 0.777 1071 4074 23.49 0.2 
2120 150.75 -12.41 138.34 0.779 1080 4125 23.68 0.21 
2140 150.39 -12.35 138.04 0.781 1087 4172 23.84 0.21 
2160 150.36 -12.28 138.07 0.781 1092 4226 23.95 0.21 
2180 149.58 -12.26 137.32 0.782 1100 4281 24.12 0.21 
2200 149.58 -12.38 137.19 0.783 1106 4331 24.25 0.22 
2220 149.34 -12.33 137.01 0.783 1110 4376 24.34 0.22 
2240 149.2 -12.42 136.79 0.784 1115 4427 24.45 0.22 
2260 149.01 -12.42 136.59 0.788 1126 4473 24.69 0.22 
2280 148.55 -12.27 136.28 0.788 1132 4515 24.82 0.22 
2300 148.02 -12.26 135.76 0.787 1139 4566 24.98 0.23 
2320 147.99 -12.21 135.77 0.789 1142 4620 25.04 0.23 
2340 147.66 -12.2 135.46 0.789 1148 4670 25.18 0.23 
2360 147.01 -12.18 134.83 0.79 1159 4715 25.42 0.23 
2380 147.58 -12.2 135.38 0.793 1169 4767 25.64 0.24 
2400 147.43 -12.14 135.29 0.793 1174 4817 25.75 0.24 
2420 146.85 -12.16 134.69 0.794 1185 4865 25.99 0.24 
2440 146.71 -12.2 134.52 0.794 1191 4913 26.12 0.24 
2460 146.78 -12.11 134.67 0.798 1196 4963 26.23 0.25 
2480 146.95 -12.02 134.93 0.801 1200 5012 26.32 0.25 
2500 146.74 -11.86 134.88 0.802 1212 5053 26.58 0.25 
2520 146.38 -11.75 134.62 0.802 1221 5102 26.78 0.25 
2540 145.69 -11.69 134.0 0.802 1227 5148 26.91 0.26 
2560 145.36 -11.63 133.73 0.807 1238 5192 27.15 0.26 
2580 145.18 -11.58 133.61 0.805 1246 5237 27.32 0.26 
2600 145.12 -11.55 133.57 0.806 1249 5290 27.39 0.26 
2620 144.83 -11.53 133.29 0.807 1257 5340 27.57 0.27 
2640 144.78 -11.42 133.36 0.808 1261 5388 27.65 0.27 
2660 144.62 -11.3 133.31 0.809 1270 5433 27.85 0.27 
2680 144.18 -11.33 132.85 0.813 1279 5481 28.05 0.27 
2700 143.54 -11.21 132.33 0.811 1286 5529 28.2 0.27 
2720 143.25 -11.18 132.07 0.813 1294 5578 28.38 0.28 
2740 142.91 -11.15 131.75 0.817 1304 5630 28.6 0.28 
2760 143.28 -11.1 132.18 0.816 1310 5681 28.73 0.28 
2780 142.18 -11.03 131.16 0.817 1315 5726 28.84 0.28 
2800 141.82 -11.0 130.81 0.817 1318 5777 28.9 0.29 
2820 141.49 -11.07 130.41 0.818 1323 5828 29.01 0.29 
2840 141.53 -11.05 130.47 0.818 1333 5876 29.23 0.29 
2860 141.46 -11.03 130.43 0.819 1337 5929 29.32 0.29 
2880 141.05 -10.95 130.1 0.821 1343 5972 29.45 0.3 
2900 141.16 -11.02 130.13 0.822 1347 6021 29.54 0.3 
2920 140.61 -10.95 129.65 0.822 1354 6079 29.69 0.3 
2940 140.73 -11.01 129.72 0.823 1360 6130 29.82 0.3 
2960 140.82 -11.08 129.73 0.826 1372 6183 30.09 0.31 
2980 140.19 -11.05 129.15 0.827 1379 6234 30.24 0.31 
3000 139.95 -11.05 128.9 0.827 1385 6285 30.37 0.31 
3020 139.28 -11.05 128.23 0.825 1390 6341 30.48 0.32 
3040 139.81 -11.1 128.71 0.828 1399 6395 30.68 0.32 
3060 139.4 -11.12 128.28 0.828 1408 6441 30.88 0.32 
3080 139.38 -11.16 128.22 0.829 1413 6495 30.99 0.32 
3100 139.09 -11.14 127.94 0.83 1418 6550 31.1 0.33 
3120 139.17 -11.05 128.11 0.83 1425 6603 31.25 0.33 
3140 138.26 -11.05 127.21 0.833 1431 6657 31.38 0.33 
3160 138.24 -11.01 127.22 0.833 1437 6705 31.51 0.33 
3180 138.1 -11.04 127.06 0.833 1442 6764 31.62 0.34 
3200 138.02 -11.09 126.93 0.834 1448 6819 31.75 0.34 
3220 137.96 -11.06 126.9 0.832 1452 6874 31.84 0.34 
3240 137.59 -11.07 126.52 0.833 1461 6928 32.04 0.34 
3260 137.39 -11.1 126.29 0.834 1466 6974 32.15 0.35 
3280 137.37 -11.02 126.35 0.836 1473 7021 32.3 0.35 
3300 137.05 -10.92 126.13 0.837 1477 7066 32.39 0.35 
3320 136.87 -10.93 125.94 0.837 1485 7122 32.57 0.35 
3340 136.77 -11.04 125.72 0.837 1494 7170 32.76 0.36 
3360 136.75 -10.98 125.78 0.839 1499 7221 32.87 0.36 
3380 136.46 -11.0 125.46 0.84 1505 7286 33.0 0.36 
3400 136.38 -10.94 125.44 0.84 1513 7337 33.18 0.36 
3420 135.8 -10.8 125.0 0.84 1520 7387 33.33 0.37 
3440 135.63 -10.89 124.74 0.84 1524 7438 33.42 0.37 
3460 135.18 -10.91 124.27 0.841 1530 7493 33.55 0.37 
3480 135.15 -10.76 124.39 0.841 1535 7539 33.66 0.37 
3500 134.89 -10.63 124.26 0.842 1544 7582 33.86 0.38 
3520 134.94 -10.56 124.38 0.843 1547 7637 33.93 0.38 
3540 134.69 -10.51 124.18 0.844 1554 7694 34.08 0.38 
3560 134.51 -10.43 124.08 0.843 1559 7749 34.19 0.39 
3580 133.98 -10.35 123.63 0.842 1565 7798 34.32 0.39 
3600 133.47 -10.44 123.04 0.842 1570 7864 34.43 0.39 
3620 133.26 -10.44 122.82 0.845 1578 7912 34.61 0.39 
3640 133.93 -10.44 123.49 0.848 1583 7967 34.71 0.4 
3660 134.02 -10.46 123.56 0.849 1589 8014 34.85 0.4 
3680 133.9 -10.42 123.48 0.848 1593 8072 34.93 0.4 
3700 133.43 -10.39 123.04 0.85 1600 8128 35.09 0.4 
3720 133.42 -10.45 122.97 0.85 1604 8185 35.18 0.41 
3740 133.11 -10.25 122.85 0.848 1608 8239 35.26 0.41 
3760 132.73 -10.25 122.48 0.848 1613 8292 35.37 0.41 
3780 132.59 -10.18 122.41 0.849 1619 8342 35.5 0.41 
3800 132.79 -10.2 122.59 0.85 1623 8404 35.59 0.42 
3820 132.67 -10.06 122.62 0.851 1630 8453 35.75 0.42 
3840 132.49 -10.0 122.49 0.851 1633 8503 35.81 0.42 
3860 131.68 -9.9 121.79 0.851 1640 8563 35.96 0.43 
3880 131.24 -9.91 121.33 0.851 1646 8613 36.1 0.43 
3900 131.53 -9.92 121.61 0.853 1651 8668 36.21 0.43 
3920 131.39 -9.75 121.65 0.852 1657 8721 36.34 0.43 
3940 131.14 -9.73 121.4 0.854 1665 8776 36.51 0.44 
3960 130.96 -9.67 121.28 0.854 1669 8827 36.6 0.44 
3980 131.22 -9.65 121.58 0.855 1675 8879 36.73 0.44 
4000 130.45 -9.56 120.89 0.855 1680 8935 36.84 0.44 
4020 130.79 -9.57 121.22 0.855 1683 8994 36.91 0.45 
4040 129.82 -9.52 120.3 0.856 1687 9052 37.0 0.45 
4060 130.74 -9.49 121.25 0.856 1695 9106 37.17 0.45 
4080 130.27 -9.43 120.84 0.856 1704 9161 37.37 0.46 
4100 130.17 -9.39 120.77 0.856 1710 9216 37.5 0.46 
4120 129.94 -9.35 120.58 0.857 1712 9280 37.54 0.46 
4140 129.93 -9.3 120.62 0.858 1716 9339 37.63 0.46 
4160 129.45 -9.18 120.27 0.859 1721 9393 37.74 0.47 
4180 129.17 -8.98 120.19 0.862 1730 9444 37.94 0.47 
4200 128.68 -8.88 119.8 0.862 1732 9498 37.98 0.47 
4220 128.41 -8.81 119.61 0.863 1736 9543 38.07 0.47 
4240 128.28 -8.76 119.52 0.861 1738 9603 38.11 0.48 
4260 128.35 -8.81 119.54 0.86 1743 9662 38.22 0.48 
4280 128.49 -8.79 119.7 0.862 1745 9711 38.27 0.48 
4300 128.15 -8.71 119.44 0.863 1747 9768 38.31 0.49 
4320 128.05 -8.67 119.38 0.863 1752 9824 38.42 0.49 
4340 128.33 -8.71 119.63 0.863 1759 9876 38.57 0.49 
4360 127.64 -8.6 119.04 0.865 1767 9932 38.75 0.49 
4380 127.33 -8.51 118.81 0.865 1770 9978 38.82 0.5 
4400 127.41 -8.49 118.92 0.866 1777 10029 38.97 0.5 
4420 127.49 -8.36 119.13 0.863 1782 10083 39.08 0.5 
4440 126.79 -8.31 118.48 0.863 1788 10139 39.21 0.5 
4460 126.74 -8.25 118.5 0.865 1793 10195 39.32 0.51 
4480 126.5 -8.24 118.26 0.865 1799 10248 39.45 0.51 
4500 126.27 -8.22 118.05 0.865 1805 10305 39.58 0.51 
4520 125.98 -8.19 117.79 0.865 1812 10361 39.74 0.52 
4540 125.89 -8.13 117.76 0.866 1814 10429 39.78 0.52 
4560 125.7 -7.97 117.73 0.867 1820 10477 39.91 0.52 
4580 125.78 -7.89 117.89 0.868 1824 10521 40.0 0.52 
4600 125.26 -7.84 117.42 0.869 1827 10573 40.07 0.53 
4620 125.97 -7.7 118.28 0.868 1830 10627 40.13 0.53 
4640 125.76 -7.57 118.19 0.868 1837 10678 40.29 0.53 
4660 125.32 -7.45 117.87 0.868 1845 10732 40.46 0.53 
4680 124.84 -7.33 117.51 0.869 1849 10790 40.55 0.54 
4700 125.07 -7.25 117.82 0.869 1853 10848 40.64 0.54 
4720 124.72 -7.2 117.52 0.87 1856 10901 40.7 0.54 
4740 124.36 -7.09 117.28 0.871 1862 10952 40.83 0.54 
4760 123.98 -7.09 116.89 0.871 1865 11006 40.9 0.55 
4780 123.7 -7.0 116.71 0.871 1872 11061 41.05 0.55 
4800 123.36 -7.0 116.35 0.872 1875 11116 41.12 0.55 
4820 123.49 -6.95 116.54 0.872 1880 11179 41.23 0.56 
4840 123.42 -6.96 116.47 0.873 1882 11236 41.27 0.56 
4860 123.27 -6.89 116.38 0.874 1887 11294 41.38 0.56 
4880 123.1 -6.8 116.31 0.873 1889 11353 41.43 0.56 
4900 123.27 -6.79 116.47 0.872 1891 11407 41.47 0.57 
4920 122.54 -6.73 115.81 0.873 1896 11461 41.58 0.57 
4940 122.44 -6.71 115.73 0.873 1898 11516 41.62 0.57 
4960 122.49 -6.73 115.76 0.873 1907 11566 41.82 0.58 
4980 122.0 -6.71 115.29 0.874 1914 11621 41.97 0.58 
5000 122.67 -6.7 115.97 0.875 1921 11678 42.13 0.58 
5020 122.26 -6.64 115.62 0.875 1925 11731 42.21 0.58 
5040 122.47 -6.53 115.94 0.875 1929 11793 42.3 0.59 
5060 121.86 -6.46 115.4 0.877 1935 11846 42.43 0.59 
5080 121.89 -6.33 115.57 0.876 1937 11898 42.48 0.59 
5100 122.12 -6.24 115.89 0.876 1941 11957 42.57 0.59 
5120 122.09 -6.19 115.9 0.876 1946 12009 42.68 0.6 
5140 121.46 -6.15 115.31 0.876 1951 12062 42.79 0.6 
5160 121.41 -6.12 115.28 0.875 1955 12112 42.87 0.6 
