20 358.59 0.19 358.78 0.083 19 29 0.08 0.0 
40 354.23 0.4 354.63 0.146 39 75 0.16 0.0 
60 352.4 0.47 352.87 0.202 59 121 0.24 0.0 
80 351.12 0.5 351.62 0.287 79 165 0.32 0.0 
100 349.17 0.54 349.71 0.362 99 213 0.4 0.0 
120 345.95 0.54 346.48 0.412 117 262 0.48 0.0 
140 342.97 0.57 343.53 0.463 134 315 0.55 0.0 
160 339.7 0.68 340.38 0.499 152 368 0.62 0.0 
180 337.93 0.7 338.63 0.528 170 418 0.69 0.0 
200 334.82 0.69 335.51 0.559 187 475 0.76 0.0 
220 334.23 0.72 334.95 0.578 205 532 0.84 0.0 
240 332.02 0.92 332.94 0.606 221 590 0.9 0.01 
260 330.49 0.85 331.35 0.624 237 661 0.97 0.01 
280 327.65 0.87 328.53 0.637 253 716 1.03 0.01 
300 326.31 0.77 327.09 0.655 272 782 1.11 0.01 
320 325.53 0.88 326.41 0.662 291 841 1.19 0.01 
340 324.17 0.86 325.03 0.679 307 905 1.25 0.01 
360 323.6 0.83 324.43 0.69 325 980 1.32 0.01 
380 320.45 0.92 321.37 0.707 341 1051 1.39 0.01 
400 320.22 0.84 321.05 0.713 358 1113 1.46 0.01 
420 318.63 0.98 319.61 0.724 376 1168 1.53 0.01 
440 317.82 0.93 318.75 0.736 394 1236 1.61 0.01 
460 315.05 0.98 316.03 0.739 408 1315 1.66 0.01 
480 315.31 0.97 316.27 0.751 423 1387 1.72 0.01 
500 314.4 1.02 315.42 0.758 440 1457 1.79 0.01 
520 313.7 0.98 314.69 0.768 457 1533 1.86 0.01 
540 313.2 0.94 314.14 0.773 474 1611 1.93 0.01 
560 312.1 0.92 313.02 0.779 490 1690 2.0 0.02 
580 309.96 1.0 310.96 0.787 508 1765 2.07 0.02 
600 309.82 1.09 310.91 0.789 523 1849 2.13 0.02 
620 307.01 1.08 308.09 0.795 538 1937 2.19 0.02 
640 306.33 1.08 307.41 0.8 553 2010 2.25 0.02 
660 305.4 1.09 306.48 0.807 571 2090 2.33 0.02 
680 304.34 1.09 305.43 0.809 585 2187 2.38 0.02 
700 303.05 1.14 304.18 0.815 600 2271 2.45 0.02 
720 301.72 1.16 302.88 0.821 613 2348 2.5 0.02 
740 301.09 1.26 302.35 0.825 628 2431 2.56 0.02 
760 299.15 1.34 300.48 0.83 644 2518 2.63 0.02 
780 299.19 1.46 300.65 0.831 658 2608 2.68 0.02 
800 298.72 1.53 300.26 0.835 673 2695 2.74 0.02 
820 298.91 1.53 300.44 0.841 688 2777 2.8 0.03 
840 296.63 1.58 298.21 0.844 703 2885 2.87 0.03 
860 296.06 1.64 297.71 0.847 719 2966 2.93 0.03 
880 295.43 1.69 297.12 0.851 737 3049 3.0 0.03 
900 294.6 1.74 296.33 0.852 754 3147 3.07 0.03 
920 293.71 1.8 295.52 0.855 770 3248 3.14 0.03 
940 292.47 1.91 294.39 0.859 783 3348 3.19 0.03 
960 291.99 1.86 293.85 0.864 798 3422 3.25 0.03 
980 291.84 1.81 293.66 0.866 811 3544 3.31 0.03 
1000 291.66 1.95 293.61 0.868 827 3648 3.37 0.03 
1020 290.26 1.93 292.19 0.869 841 3750 3.43 0.03 
1040 288.88 2.03 290.91 0.871 857 3858 3.49 0.04 
1060 288.1 2.07 290.17 0.872 871 3964 3.55 0.04 
1080 287.21 2.14 289.34 0.875 884 4069 3.6 0.04 
1100 286.2 2.21 288.41 0.877 897 4189 3.66 0.04 
1120 285.51 2.26 287.77 0.88 912 4305 3.72 0.04 
1140 283.39 2.32 285.71 0.882 927 4395 3.78 0.04 
1160 282.81 2.55 285.36 0.884 940 4496 3.83 0.04 
1180 282.11 2.49 284.59 0.886 955 4600 3.89 0.04 
1200 283.28 2.53 285.81 0.888 969 4685 3.95 0.04 
1220 283.41 2.58 285.99 0.89 985 4778 4.02 0.04 
1240 281.75 2.48 284.23 0.892 998 4869 4.07 0.05 
1260 281.97 2.58 284.56 0.893 1017 4980 4.15 0.05 
1280 281.13 2.68 283.82 0.894 1031 5095 4.2 0.05 
1300 279.31 2.75 282.06 0.895 1045 5200 4.26 0.05 
1320 279.67 2.71 282.38 0.896 1058 5305 4.31 0.05 
1340 278.08 2.94 281.02 0.899 1070 5408 4.36 0.05 
1360 278.56 2.97 281.52 0.899 1083 5513 4.41 0.05 
1380 278.02 3.07 281.09 0.902 1096 5647 4.47 0.05 
