
0.21545054
0.19707462
0.18942684
0.19955894
0.20062499
0.19701698
0.20115647
0.18544023
0.18573219
0.17512302
0.17145956
0.1687039
0.16225794
0.17857938
0.16417667
0.16400026
0.1731701
0.17990175
0.17137058
0.16386323
0.16391325
0.16158865
0.16839568
0.16086797
0.15984942
0.16396146
0.15875989
0.1599855
0.15473033
0.1530475
0.1532649
0.15175223
0.16072741
0.15099053
0.15315095
0.15404584
0.15134767
0.1530024
0.15272225
0.15122296
0.15454173
0.14944683
0.14471023
0.14629905
0.14456247
0.14615475
0.15323877
0.15508999
0.14677332
0.14229447
0.14281464
0.1397023
0.13913761
0.14124078
0.14756511
0.14377132
0.13888937
0.14030883
0.1384046
0.1375781
0.13578935
0.13946025
0.13476549
0.13594626
0.1407224
0.13440321
0.13784827
0.14027344
0.13467917
0.13236417
0.14189526
0.13377766
0.1313887
0.13157032
0.12676688
0.13040152
0.13150388
0.12346603
0.121312834
0.12491338
0.12702924
0.1228789
0.122689664
0.12017057
0.12783697
0.1209172
0.12121968
0.12983239
0.11739866
0.11971313
0.118510135
0.119841285
0.12229725
0.117604546
0.113869146
0.11347009
0.12018598
0.11423557
0.11816644
0.111559875
0.11851906
0.11278066
0.11138506
0.11033091
0.11194183
0.10918845
0.10864972
0.107805796
0.105987996
0.10691746
0.11121449
0.105855286
0.10687899
0.107195295
0.10719301
0.103961416
0.103875615
0.10309133
0.10517905
0.10704442
0.104740925
0.103844814
0.104117185
0.10862943
0.102362394
0.10357076
0.10314781
0.10196659
0.10069936
0.10062762
0.10128124
0.100427866
0.09926819
0.10081198
0.1009237
0.1017798
0.10112379
0.09894108
0.09998868
0.09628235
0.096123725
0.09709207
0.0962257
0.09557526
0.0963148
0.094047256
0.09336851
0.09512007
0.096615605
0.096358664
0.094855875
0.09457208
0.09677792
0.09371603
0.09462582
0.09722708
0.096815586
0.09383753
0.09269937
0.09237618
0.0947539
0.09299555
0.09134578
0.09536518
0.09340694
0.09087228
0.090279356
0.09081027
0.090857066
0.08956021
0.09107157
0.090879954
0.09197909
0.0897135
0.0878246
0.08992929
0.09092203
0.09087662
0.090553544
0.091388844
0.09275774
0.09163281
0.08924581
0.089543425
0.08953921
0.09261169
0.08860335
0.08872527
0.08858202
0.08720613
0.08890195
0.08811692
0.087055475
0.08781525
0.08613789
0.084960096
0.08547149
0.08707401
0.08701256
0.087075405
0.08513538
0.084254034
0.0839851
0.086200185
0.08288386
0.08435921
0.084985994
0.08598373
0.084469564
0.0865551
0.08913715
0.083169855
0.08485121
0.08494173
0.08208147
0.085320204
0.0859457
0.08508174
0.08358852
0.085850045
0.083971925
0.08327602
0.08170427
0.08084235
0.0878444
0.08022594
0.082398884
0.083548576
0.08043262
0.08122714
0.080919586
0.081443444
0.07829414
0.07993668
0.08504964
0.07953689
0.07783815
0.081786826
0.07811367
0.07808072
0.080065295
0.078819126
0.07701443
0.07811196
0.07842398
0.081023864
0.07772447
0.07410119
0.076557204
0.07696354
0.07639062
0.078914694
0.07736157
0.07515523
0.07417511
0.07365531
0.07614198
0.0752276
0.07938112
0.07317906
0.07382587
0.07460875
0.07334234
0.075999886
0.07390562
0.073825486
0.072277494
0.0751186
0.072492324
0.07386434
0.07437984
0.07168286
0.0714465
0.07372004
0.07310026
0.07519747
0.074838825
0.07326986
0.07357973
0.071062274
0.07381307
0.07259081
0.07333919
0.07287641
0.073113985
0.07292221
0.07381913
0.07153982
0.07338847
0.0715486
0.06992582
0.072491586
0.06857926
0.07026418
0.06911865
0.068826
0.068640515
0.068318464
0.069667414
0.067246735
0.06850455
0.06820637
0.06757997
0.06754895
0.06851681
0.069818325
0.06614516
0.07087303
0.06744059
0.06725329
0.066911496
0.06740602
0.07066034
0.0683974
0.0666767
0.06714248
0.067728266
0.06544446
0.06643061
0.06538037
0.063884936
0.067319416
0.067045234
0.065628566
0.06547403
0.06574513
0.06568072
0.06514808
0.06729039
0.066534676
0.06454721
0.06509147
0.06378111
0.0661671
0.06420725
0.06359369
0.06317051
0.0630169
0.06516222
0.06381544
0.06446537
0.064283766
0.06375935
0.06261343
0.06428732
0.06309419
0.0624335
0.062388875
0.063190676
0.06256539
0.06288645
0.06478397
0.062844716
0.062447056
0.063655585
0.06170533
0.06096883
0.06298394
0.066019356
0.06397667
0.062517114
0.06138339
0.06258079
0.061862893
0.06345544
0.060982972
0.061401628
0.061406158
0.059208553
0.06364719
0.06080267
0.05951091
0.059973583
0.059947632
0.06276012
0.05951528
0.060012832
0.06162548
0.060416784
0.059441198
0.05932893
0.060418732
0.060712587
0.062229443
0.06065082
0.0613026
0.06106087
0.060745962
0.062117536
0.05938937
0.060323898
0.0583489
0.058617327
0.059438325
0.060677517
0.05789945
0.058823932
0.057630207
0.057863634
0.05847057
0.058769114
0.060586836
0.060094304
0.060256872
0.056754474
0.05887566
0.059085257
0.05902744
0.059173338
0.057941403
0.058552515
0.058211047
0.05729728
0.062500715
0.059682984
0.05811592
0.058505602
0.059690084
0.057629485
0.059191488
0.058198333
0.05834344
0.057241693
0.057555303
0.057254978
0.058245923
0.057467673
0.060573883
0.05797739
0.058188487
0.059247192
0.05544019
0.057953674
0.056431364
0.057325967
0.059409376
0.05767722
0.058034267
0.056448285
0.057276424
0.056576386
0.05648371
0.05531093
0.05581452
0.055913918
0.055533737
0.056313086
0.05602923
0.05686015
0.05591807
0.05530981
0.05666432
0.05534148
0.053936757
0.055552617
0.054998852
0.05502525
0.053593587
0.05451041
0.054376114
0.054486427
0.05517295
0.056532502
0.05394604
0.053934757
0.05413081
0.05529656
0.054059394
0.0537942
0.05260666
0.054430787
0.054797363
0.052560575
0.054816224
0.053390883
0.05598096
0.054512024
0.051972944
0.053654183
0.055013377
0.05407454
0.054023147
0.053528737
0.05434794
0.05461406
0.05259858
0.051982246
0.054339834
0.05241135
0.05160409
0.051740855
0.052248213
0.052900083
0.05221307
0.053332623
0.05171443
0.0516839
0.052258614
0.05067637
0.051954966
0.05250519
0.051892623
0.052857112
0.05260464
0.052307487
0.050469477
0.05155751
0.051026072
0.050362375
0.05258478
0.05013978
0.051038537
0.053904008
0.052571326
0.0523084
0.050704002
0.050883986
0.05101156
0.050880104
0.051687904
0.05183471
0.0510084
0.050744846
0.05092198
0.05177026
0.050307397
0.050212134
0.050412957
0.050244637
0.052384533
0.049615335
0.049058214
0.050887916
0.049046416
0.051986285
0.05387678
0.049288873
0.05023615
0.050668955
0.05132755
0.050863605
0.049826782
0.049760334
0.04957474
0.048494253
0.051040556
0.049276613
0.049511913
0.04939951
0.048958007
0.0486954
0.04974863
0.048691027
0.048875764
0.04863305
0.047387518
0.048986048
0.048740506
0.04904595
0.048792444
0.048542723
0.0490344
0.04784992
0.048679985
0.04711691
0.049315188
0.047076296
0.04764821
0.049725227
0.04958285
0.046122316
0.04808565
0.047619727
0.04746125
0.046638213
0.047523987
0.04794306
0.047953628
0.046433743
0.048457805
0.048949994
0.04714474
0.046524994
0.046303943
0.045940723
0.046647537
0.047969434
0.046860576
0.04757094
0.046800043
0.047134265
0.047073636
0.04642119
0.04795948
0.04744699
0.045575388
0.04756795
0.04703738
0.046408553
0.04539765
0.04713608
0.045725454
0.04557503
0.046698943
0.047027007
0.045865886
0.0453345
0.045538254
0.045577843
0.04554819
0.046954222
0.044896338
0.045678254
0.044495113
0.044973794
0.044700213
0.04401092
0.0451509
0.045623288
0.05008468
0.045316894
0.04477246
0.04747547
0.044803716
0.044466767
0.04577071
0.044935536
0.046591654
0.04590544
0.04405462
0.045363195
0.045615308
0.044624127
0.04437126
0.043854874
0.04492681
0.045729563
0.04474664
0.04317101
0.0431839
0.04389145
0.04384342
0.04326707
0.04214808
0.044103086
0.043404404
0.04224005
0.043212008
0.042861443
0.043609057
0.042758103
0.044194285
0.04257684
0.04287668
0.042864576
0.04342181
0.0430833
0.042389017
0.042697173
0.043643307
0.043176398
0.041961256
0.042647354
0.043415233
0.042187247
0.041863494
0.041995343
0.041537534
0.04157745
0.042203594
0.04250448
0.04119291
0.042801082
0.04167104
0.04280293
0.04110923
0.043187566
0.043355513
0.041666888
0.04303149
0.04106759
0.042119805
0.04105645
0.041556165
0.041747093
0.04173923
0.04166893
0.04107323
0.04167337
0.041655343
0.04105319
0.042740658
0.042340375
0.04123653
0.04177889
0.040873334
0.040823728
0.041034486
0.040193543
0.040943675
0.040957414
0.041049782
0.041665353
0.04132612
0.042133126
0.040716443
0.04090329
0.040281486
0.040303305
0.041887157
0.042766318
0.039499152
0.040836055
0.041441835
0.04125167
0.0401001
0.04080772
0.04063537
0.039855767
0.039952565
0.04161936
0.040901493
0.040863283
0.04136886
0.040389173
0.040766172
0.040694937
0.040151905
0.040620092
0.040617414
0.041311536
0.04014671
0.04035962
0.039154153
0.04060119
0.039599933
0.03894528
0.0407991
0.039571393
0.03993723
0.03855098
0.0402419
0.038859922
0.04062663
0.038463492
0.038865954
0.04016079
0.039970007
0.0386774
0.038620852
0.03896955
0.0402041
0.038288403
0.03974062
0.039321028
0.04066636
0.038642474
0.039486356
0.0386295
0.039306227
0.038707696
0.038298145
0.03861595
0.038517416
0.037972677
0.03929794
0.038257334
0.039870158
0.039161608
0.038926296
0.038769335
0.039534703
0.03964932
0.037424132
0.0380575
0.037571672
0.037999082
0.037961535
0.039145093
0.03741922
0.038330734
0.038979083
0.037038602
0.037533272
0.03748686
0.038058173
0.03784804
0.03679394
0.037847452
0.03829935
0.03830882
0.037536807
0.03832586
0.038391646
0.037626483
0.03711583
0.037968352
0.03731862
0.03782706
0.037445005
0.03889224
0.038301364
0.03822576
0.03763516
0.037006166
0.037891854
0.037924264
0.03738157
0.037088435
0.0374109
0.03778507
0.03708127
0.036829293
0.037525985
0.036825027
0.038520947
0.037699334
0.03752549
0.03756624
0.03749525
0.03753566
0.037429195
0.0370607
0.03623735
0.03679531
0.036710616
0.036750335
0.037668098
0.036734376
0.036317267
0.03769045
0.038101636
0.0369866
0.03833416
0.037485518
0.036563758
0.03738856
0.036680292
0.035911456
0.03607576
0.036129214
0.038224142
0.037419945
0.036296077
0.037327297
0.035890505
0.03565546
0.037122324
0.03630203
0.036430776
0.035919692
0.03565717
0.035760675
0.036725037
0.03588327
0.037514344
0.03474032
0.035664205
0.037753906
0.03625067
0.03549805
0.035874166
0.035931177
0.03600694
0.03615362
0.036859084
0.037738115
0.036848746
0.035889722
0.035385016
0.03652329
0.035625234
0.035742883
0.034937695
0.036181625
0.03622843
0.03558508
0.037004683
0.034809384
0.035189983
0.03751514
0.03619141
0.036207683
0.035243817
0.035595607
0.034804087
0.0365506
0.034627646
0.03610635
0.03604029
0.03550474
0.035886094
0.03611907
0.03592666
0.034823347
0.03393737
0.03445608
0.03475581
0.03393648
0.034575712
0.034970045
0.035241507
0.03379906
0.033762265
0.034827292
0.034781583
0.034030806
0.03472582
0.035004847
0.034046423
0.036273617
0.033997208
0.034987513
0.034142274
0.034553714
0.03407905
0.03547985
0.035909347
0.034269918
0.034703743
0.03456978
0.034147814
0.033783853
0.033571675
0.033786193
0.033933863
0.033707473
0.033552278
0.033199843
0.035179257
0.03395083
0.033227496
0.033888243
0.03372047
0.03296032
0.033523817
0.03392469
0.034060445
0.03425035
0.034200113
0.033495165
0.035170034
0.03447833
0.03307076
0.03395008
0.03302106
0.035021044
0.033160344
0.034202933
0.033696257
0.03333879
0.033428963
0.032961104
0.03308866
0.03240588
0.033991177
0.033006586
0.033674795
0.033576995
0.03371154
0.033691514
0.032777615
0.033303697
0.033656597
0.03256637
0.033789728
0.035589546
0.032813095
0.03318569
0.03245915
0.033976182
0.032087293
0.03287101
0.033579454
0.03286016
0.03272002
0.03369994
0.03207435
0.03333691
0.032127805
0.03374415
0.032254294
0.032497868
0.032727994
0.032049403
0.033827852
0.031797267
0.033442605
0.032403886
0.03282056
0.032634627
0.03369296
0.032739043
0.03265526
0.033689573
0.032108407
0.033678524
0.03218135
0.031892877
0.032053575
0.031573113
0.033510745
0.031877026
0.0324413
0.03224818
0.03225386
0.032023065
0.0321584
0.032006152
0.03181886
0.03148314
0.031032272
0.03192885
0.030985154
0.03341545
0.03248298
0.03229665
0.031119296
0.03151573
0.03175076
0.031758483
0.03161993
0.03230349
0.03157171
0.031600643
0.03101803
0.03098609
0.03123969
0.032152634
0.030668488
0.031105524
0.032186083
0.031673174
0.03148646
0.032187555
0.030707808
0.03103624
0.03108443
0.03123988
0.031219253
0.031926136
0.031013366
0.03139431
0.031019311
0.031367917
0.03084249
0.031456072
0.030999685
0.030684922
0.03264277
0.03116722
0.030636033
0.031693816
0.030840132
0.031163398
0.030928096
0.031305704
0.030995723
0.03080139
0.030597154
0.030578177
0.031048924
0.030688953
0.030230002
0.031006444
0.029923761
0.030461768
0.030950062
0.031137247
0.030168703
0.03013252
0.03073612
0.03131623
0.031247856
0.031410187
0.031844992
0.030895479
0.031573005
0.030527102
0.03013326
0.030762404
0.031179711
0.031342182
0.030852646
0.031652898
0.030437151
0.030744761
0.031118918
0.030185878
0.030609066
0.030406645
0.030022904
0.03093423
0.030118586
0.029249983
0.030426716
0.030436931
0.030203056
0.030222256
0.029784929
0.029457167
0.031102177
0.029395223
0.029984996
0.030632872
0.029272702
0.030287206
0.02965846
0.029414976
0.03061561
0.030559277
0.030272579
0.029885463
0.031194832
0.03006992
0.031382952
0.030341147
0.02964373
0.029806286
0.030518463
0.029599296
0.028914219
0.02960536
0.02988631
0.029499592
0.02893696
0.031476367
0.029636415
0.02902915
0.028942658
0.030301433
0.029823031
0.029623311
0.03006503
0.029145667
0.03020163
0.029081339
0.029290862
0.029038046
0.02865066
0.030106151
0.030251978
0.029781109
0.029326113
0.029094927
0.029635496
0.029613728
0.0294262
0.029632818
0.028956562
0.029356312
0.028917847
0.02939831
0.030327616
0.029049313
0.029060418
0.029056286
0.029658953
0.029259188
0.02871167
0.029626435
0.028732093
0.029151192
0.029803146
0.028654017
0.02854687
0.028660364
0.028344575
0.028559154
0.030306058
0.030231528
0.028844208
0.030154683
0.02862614
0.028306467
0.028831156
0.0292983
0.028651144
0.02867483
0.030110247
0.028972076
0.028878571
0.02881168
0.028751217
0.02911032
0.029564576
0.028221004
0.0287926
0.028724689
0.028841631
0.027358703
0.027907146
0.027699303
0.028573556
0.029413508
0.028471343
0.029209152
0.02786579
0.028124727
0.028600248
0.028062295
0.028377524
0.027776826
0.028554717
0.028778078
0.028237166
0.028605215
0.028660266
0.027586631
0.029066136
0.02847553
0.027514754
0.027929874
0.027391987
0.02813523
0.028748306
0.028117217
0.02837642
0.027958917
0.028202387
0.027685557
0.027896415
0.028646918
0.027982216
0.0287763
0.027527995
0.0276038
0.028145984
0.028378176
0.028103499
0.027664319
0.027241629
0.03012919
0.028402373
0.028100295
0.027630469
0.027482215
0.028117161
0.027619118
0.027437905
0.027766218
0.026917318
0.0277615
0.027410189
0.027926426
0.027326694
0.028182114
0.02828269
0.027520053
0.02749465
0.02876667
0.028214699
0.027419327
0.02816556
0.027713533
0.026912933
0.027043521
0.027093207
0.02817289
0.028279077
0.027022766
0.027518373
0.027595129
0.026794998
0.027185667
0.02679512
0.027171556
0.02706242
0.027326042
0.02735881
0.02714605
0.02719548
0.027281394
0.026207097
0.027679926
0.02720075
0.027152611
0.026941475
0.027316574
0.027159808
0.02759653
0.02696908
0.026485594
0.027766816
0.02765607
0.027259555
0.026928015
0.027641632
0.027017653
0.026956549
0.027797949
0.026839001
0.026879886
0.028669566
0.026819233
0.027448691
0.026256673
0.026284767
0.027157651
0.026265623
0.02754609
0.026624858
0.026866764
0.026553432
0.026594214
0.028135035
0.027044447
0.02628489
0.026595663
0.027471859
0.026833942
0.02627353
0.026455758
0.02655754
0.026073888
0.026386734
0.02683228
0.025873259
0.026553983
0.026628569
0.026768707
0.027339565
0.026067767
0.02711202
0.026290352
0.02652894
0.026796117
0.02654015
0.025900913
0.025801314
0.026425358
0.026113583
0.026320748
0.027130725
0.027177546
0.026134897
0.02729686
0.025673084
0.026255783
0.025837427
0.025959214
0.027486913
0.02592944
0.026102634
0.02604281
0.026301458
0.02605247
0.025629407
0.02637422
0.025388066
0.025530702
0.026196694
0.026228298
0.026447061
0.026326446
0.025593683
0.025988052
0.02564661
0.026312293
0.026322942
0.025734875
0.026417658
0.025698548
0.025743308
0.026231093
0.027085586
0.025823236
0.026332615
0.025741275
0.026647458
0.027268652
0.02554763
0.025359726
0.02574116
0.026489954
0.025403416
0.025728168
0.025763854
0.025515502