20 196.95 -0.57 196.37 0.047 16 31 0.35 0.0 
40 195.48 -0.76 194.72 0.081 30 68 0.66 0.0 
60 192.75 -0.89 191.86 0.123 47 108 1.03 0.01 
80 192.56 -0.99 191.57 0.142 63 149 1.38 0.01 
100 191.15 -0.95 190.2 0.175 79 189 1.73 0.01 
120 189.83 -1.18 188.65 0.199 91 233 2.0 0.01 
140 188.97 -1.54 187.43 0.217 102 278 2.24 0.01 
160 187.57 -1.63 185.93 0.251 117 318 2.57 0.02 
180 186.7 -1.99 184.7 0.268 129 369 2.83 0.02 
200 185.54 -2.16 183.38 0.289 140 410 3.07 0.02 
220 184.54 -2.33 182.21 0.3 154 457 3.38 0.02 
240 183.22 -2.43 180.79 0.338 168 499 3.68 0.02 
260 182.05 -2.44 179.61 0.353 178 543 3.9 0.03 
280 181.18 -2.59 178.59 0.365 189 592 4.14 0.03 
300 179.95 -2.9 177.04 0.39 202 639 4.43 0.03 
320 178.77 -2.82 175.95 0.4 213 683 4.67 0.03 
340 179.3 -2.55 176.75 0.413 229 720 5.02 0.04 
360 177.36 -2.59 174.78 0.43 245 759 5.37 0.04 
380 177.17 -2.55 174.62 0.436 258 813 5.66 0.04 
400 176.95 -2.53 174.42 0.449 272 858 5.96 0.04 
420 175.14 -2.51 172.63 0.473 285 906 6.25 0.05 
440 173.41 -2.43 170.98 0.483 299 951 6.56 0.05 
460 172.76 -2.34 170.42 0.493 313 1003 6.86 0.05 
480 171.29 -2.22 169.07 0.495 324 1059 7.11 0.05 
500 169.8 -2.02 167.78 0.512 339 1106 7.43 0.05 
520 169.31 -2.13 167.18 0.514 351 1159 7.7 0.06 
540 169.55 -1.98 167.57 0.513 363 1207 7.96 0.06 
560 168.6 -1.96 166.64 0.526 371 1265 8.14 0.06 
580 167.52 -1.91 165.61 0.534 383 1306 8.4 0.06 
600 165.68 -1.78 163.91 0.549 393 1359 8.62 0.07 
620 165.14 -1.73 163.4 0.552 405 1412 8.88 0.07 
640 165.19 -1.59 163.61 0.564 418 1463 9.17 0.07 
660 165.08 -1.44 163.64 0.576 431 1507 9.45 0.07 
680 164.47 -1.35 163.12 0.58 440 1562 9.65 0.08 
700 162.96 -1.15 161.81 0.59 456 1615 10.0 0.08 
720 161.82 -1.0 160.82 0.594 470 1670 10.31 0.08 
740 160.96 -0.93 160.03 0.602 480 1725 10.53 0.09 
760 160.03 -0.74 159.28 0.604 494 1773 10.83 0.09 
780 159.43 -0.75 158.68 0.618 506 1824 11.1 0.09 
800 158.9 -0.42 158.47 0.621 517 1876 11.34 0.09 
820 158.76 -0.26 158.5 0.636 526 1938 11.54 0.1 
840 158.62 -0.17 158.45 0.639 536 1995 11.75 0.1 
860 157.66 0.03 157.69 0.64 551 2044 12.08 0.1 
880 156.78 0.15 156.93 0.649 562 2101 12.32 0.1 
900 155.08 0.2 155.29 0.652 570 2155 12.5 0.11 
920 154.16 0.25 154.42 0.649 581 2216 12.74 0.11 
940 153.92 0.48 154.4 0.662 589 2282 12.92 0.11 
960 153.55 0.62 154.18 0.658 601 2343 13.18 0.12 
980 151.54 0.68 152.22 0.667 611 2401 13.4 0.12 
1000 151.14 0.77 151.91 0.671 620 2467 13.6 0.12 
1020 151.81 0.99 152.8 0.675 628 2534 13.77 0.13 
1040 151.25 1.17 152.42 0.681 639 2589 14.01 0.13 
1060 150.24 1.37 151.6 0.69 650 2650 14.25 0.13 
1080 149.85 1.53 151.38 0.696 657 2706 14.41 0.13 
1100 148.78 1.71 150.49 0.695 665 2763 14.58 0.14 
1120 148.46 1.72 150.18 0.698 677 2824 14.85 0.14 
1140 147.51 1.88 149.39 0.704 686 2881 15.04 0.14 
1160 146.89 2.07 148.96 0.707 696 2946 15.26 0.15 
1180 145.98 2.27 148.25 0.711 706 3006 15.48 0.15 
1200 145.35 2.51 147.86 0.713 717 3059 15.72 0.15 
1220 144.98 2.66 147.64 0.715 731 3124 16.03 0.16 
1240 144.17 2.97 147.14 0.719 740 3194 16.23 0.16 
1260 143.19 3.23 146.42 0.721 748 3253 16.4 0.16 
1280 143.33 3.47 146.8 0.722 757 3309 16.6 0.16 
1300 143.11 3.67 146.78 0.724 766 3364 16.8 0.17 
1320 142.16 3.95 146.11 0.728 773 3432 16.95 0.17 
1340 142.2 4.14 146.34 0.728 781 3489 17.13 0.17 
1360 141.27 4.34 145.62 0.729 790 3551 17.32 0.18 
1380 139.99 4.52 144.51 0.736 797 3619 17.48 0.18 
1400 140.03 4.6 144.63 0.738 808 3681 17.72 0.18 
1420 139.58 4.87 144.45 0.74 819 3746 17.96 0.19 
1440 139.17 5.01 144.17 0.743 829 3809 18.18 0.19 
1460 138.41 5.25 143.66 0.748 838 3868 18.38 0.19 
1480 138.3 5.51 143.81 0.748 845 3939 18.53 0.2 
1500 137.89 5.71 143.6 0.753 857 3998 18.79 0.2 
1520 137.09 5.91 142.99 0.754 863 4066 18.93 0.2 
1540 136.56 6.25 142.81 0.754 874 4134 19.17 0.21 
1560 136.04 6.51 142.55 0.755 879 4196 19.28 0.21 
1580 134.79 6.66 141.45 0.757 888 4256 19.47 0.21 
1600 134.31 6.76 141.07 0.762 900 4326 19.74 0.22 
1620 134.42 6.9 141.32 0.764 909 4399 19.93 0.22 
1640 133.89 7.08 140.96 0.763 917 4473 20.11 0.22 
1660 132.63 7.34 139.97 0.77 929 4533 20.37 0.23 
1680 132.24 7.44 139.67 0.768 941 4599 20.64 0.23 
1700 131.99 7.64 139.63 0.77 946 4669 20.75 0.23 
1720 131.34 7.94 139.28 0.775 954 4742 20.92 0.24 
1740 131.27 8.14 139.41 0.774 962 4813 21.1 0.24 
1760 129.67 8.41 138.08 0.78 975 4871 21.38 0.24 
1780 129.48 8.63 138.11 0.78 984 4940 21.58 0.25 
1800 129.46 8.89 138.34 0.782 993 5001 21.78 0.25 
1820 128.49 9.3 137.79 0.78 1001 5065 21.95 0.25 
1840 127.66 9.48 137.14 0.784 1010 5132 22.15 0.26 
1860 127.32 9.68 137.0 0.787 1020 5202 22.37 0.26 
1880 126.12 10.01 136.13 0.786 1026 5273 22.5 0.26 
1900 126.14 10.34 136.49 0.79 1033 5341 22.65 0.27 
1920 125.03 10.61 135.65 0.794 1042 5404 22.85 0.27 
1940 124.73 10.86 135.58 0.795 1050 5471 23.03 0.27 
1960 124.35 11.25 135.59 0.799 1064 5541 23.33 0.28 
1980 124.18 11.45 135.63 0.798 1072 5611 23.51 0.28 
2000 124.02 11.74 135.77 0.796 1080 5682 23.68 0.28 
2020 123.44 11.93 135.36 0.798 1088 5750 23.86 0.29 
2040 123.26 12.22 135.48 0.801 1093 5826 23.97 0.29 
2060 122.6 12.47 135.07 0.804 1100 5892 24.12 0.29 
2080 122.09 12.76 134.85 0.804 1106 5961 24.25 0.3 
2100 122.19 12.97 135.16 0.805 1112 6040 24.39 0.3 
2120 121.65 13.3 134.96 0.806 1119 6105 24.54 0.3 
2140 121.6 13.55 135.16 0.809 1125 6186 24.67 0.31 
2160 120.97 13.8 134.76 0.808 1129 6261 24.76 0.31 
2180 120.79 14.03 134.82 0.808 1138 6320 24.96 0.31 
2200 119.81 14.41 134.22 0.811 1144 6386 25.09 0.32 
2220 119.55 14.74 134.29 0.811 1153 6455 25.29 0.32 
2240 118.91 15.05 133.96 0.813 1161 6518 25.46 0.32 
2260 118.47 15.38 133.85 0.815 1170 6583 25.66 0.33 
2280 117.83 15.66 133.49 0.814 1179 6652 25.86 0.33 
2300 117.95 15.84 133.79 0.817 1191 6728 26.12 0.33 
2320 117.62 16.06 133.68 0.819 1202 6791 26.36 0.34 
2340 117.18 16.34 133.53 0.818 1212 6863 26.58 0.34 
2360 116.6 16.69 133.29 0.821 1221 6937 26.78 0.34 
2380 116.62 17.02 133.64 0.819 1225 7012 26.86 0.35 
2400 116.27 17.33 133.61 0.822 1232 7077 27.02 0.35 
2420 116.05 17.6 133.65 0.822 1242 7144 27.24 0.36 
2440 115.16 17.84 133.0 0.824 1253 7221 27.48 0.36 
2460 114.62 18.12 132.74 0.822 1258 7298 27.59 0.36 
2480 114.18 18.29 132.47 0.822 1263 7372 27.7 0.37 
2500 114.58 18.58 133.15 0.824 1273 7444 27.92 0.37 
2520 113.62 18.9 132.52 0.826 1282 7507 28.11 0.37 
2540 112.8 19.12 131.93 0.827 1288 7583 28.25 0.38 
2560 112.45 19.46 131.91 0.828 1300 7648 28.51 0.38 
2580 112.28 19.79 132.08 0.828 1307 7722 28.66 0.38 
2600 111.4 20.03 131.44 0.83 1315 7792 28.84 0.39 
2620 111.26 20.34 131.6 0.832 1321 7862 28.97 0.39 
2640 111.27 20.57 131.84 0.831 1328 7937 29.12 0.39 
2660 110.74 20.89 131.63 0.833 1337 8010 29.32 0.4 
2680 109.97 21.17 131.14 0.833 1350 8073 29.61 0.4 
2700 109.98 21.49 131.47 0.835 1357 8146 29.76 0.41 
2720 109.52 21.81 131.33 0.835 1366 8217 29.96 0.41 
2740 109.41 22.24 131.65 0.836 1371 8288 30.07 0.41 
2760 109.08 22.59 131.67 0.836 1382 8361 30.31 0.42 
2780 108.15 23.03 131.19 0.837 1391 8433 30.5 0.42 
2800 108.51 23.38 131.89 0.837 1397 8510 30.64 0.42 
2820 108.14 23.7 131.84 0.836 1404 8585 30.79 0.43 
2840 107.56 24.1 131.66 0.839 1407 8651 30.86 0.43 
2860 107.01 24.41 131.43 0.84 1414 8720 31.01 0.43 
2880 106.47 24.66 131.12 0.841 1420 8787 31.14 0.44 
2900 106.7 24.9 131.6 0.841 1427 8864 31.29 0.44 
2920 106.58 25.22 131.8 0.839 1433 8928 31.43 0.44 
2940 106.06 25.51 131.57 0.843 1439 8997 31.56 0.45 
2960 105.62 25.9 131.52 0.843 1447 9073 31.73 0.45 
2980 104.78 26.3 131.09 0.845 1455 9137 31.91 0.45 
3000 104.96 26.68 131.65 0.843 1457 9218 31.95 0.46 
3020 105.06 27.03 132.09 0.844 1465 9296 32.13 0.46 
3040 104.36 27.38 131.74 0.845 1471 9363 32.26 0.47 
3060 103.79 27.77 131.56 0.845 1475 9442 32.35 0.47 
3080 103.29 28.09 131.38 0.846 1482 9523 32.5 0.47 
3100 103.2 28.45 131.65 0.848 1486 9589 32.59 0.48 
3120 102.38 28.81 131.19 0.849 1492 9662 32.72 0.48 
3140 101.96 29.11 131.06 0.849 1501 9739 32.92 0.48 
3160 101.49 29.35 130.83 0.851 1507 9816 33.05 0.49 
3180 101.64 29.67 131.31 0.851 1514 9885 33.2 0.49 
3200 100.73 30.1 130.83 0.852 1521 9960 33.36 0.5 
3220 100.34 30.47 130.81 0.853 1530 10027 33.55 0.5 
3240 100.0 30.73 130.74 0.854 1539 10095 33.75 0.5 
3260 99.33 31.14 130.47 0.855 1544 10172 33.86 0.51 
3280 99.29 31.44 130.73 0.854 1548 10248 33.95 0.51 
3300 98.84 31.7 130.53 0.854 1552 10321 34.04 0.51 
3320 98.84 32.01 130.86 0.854 1556 10391 34.12 0.52 
3340 98.33 32.37 130.7 0.854 1562 10463 34.25 0.52 
3360 98.11 32.68 130.79 0.857 1567 10535 34.36 0.52 
3380 97.34 32.91 130.25 0.857 1573 10609 34.5 0.53 
3400 96.83 33.25 130.08 0.858 1581 10678 34.67 0.53 
3420 96.15 33.58 129.72 0.858 1584 10755 34.74 0.53 
3440 95.94 33.86 129.8 0.859 1589 10832 34.85 0.54 
3460 95.84 34.25 130.09 0.861 1596 10901 35.0 0.54 
3480 95.9 34.63 130.53 0.859 1603 10978 35.15 0.55 
3500 95.23 34.92 130.14 0.861 1607 11050 35.24 0.55 
3520 95.27 35.3 130.56 0.861 1616 11112 35.44 0.55 
3540 94.98 35.66 130.64 0.86 1621 11189 35.55 0.56 
3560 95.13 35.95 131.08 0.862 1626 11265 35.66 0.56 
3580 94.25 36.29 130.53 0.864 1630 11344 35.75 0.56 
3600 93.63 36.62 130.25 0.863 1638 11418 35.92 0.57 
3620 93.69 36.98 130.67 0.863 1641 11495 35.99 0.57 
3640 93.09 37.37 130.46 0.865 1647 11561 36.12 0.57 
3660 92.66 37.73 130.39 0.865 1653 11635 36.25 0.58 
3680 92.19 38.09 130.28 0.866 1659 11712 36.38 0.58 
3700 92.31 38.39 130.7 0.867 1662 11789 36.45 0.59 
3720 91.84 38.74 130.58 0.866 1666 11866 36.54 0.59 
3740 91.82 39.13 130.96 0.866 1670 11940 36.62 0.59 
3760 91.31 39.48 130.78 0.867 1676 12018 36.75 0.6 
3780 91.19 39.84 131.03 0.867 1687 12100 37.0 0.6 
3800 90.71 40.19 130.9 0.867 1695 12171 37.17 0.61 
3820 90.59 40.57 131.16 0.867 1699 12251 37.26 0.61 
3840 90.25 40.91 131.16 0.868 1703 12325 37.35 0.61 
3860 89.46 41.15 130.62 0.868 1709 12403 37.48 0.62 
3880 89.03 41.43 130.47 0.869 1712 12475 37.54 0.62 
3900 89.31 41.78 131.08 0.869 1713 12554 37.57 0.62 
3920 89.51 42.13 131.64 0.869 1716 12628 37.63 0.63 
3940 88.63 42.6 131.23 0.87 1725 12704 37.83 0.63 
3960 88.19 42.91 131.1 0.871 1727 12783 37.87 0.64 
3980 87.93 43.24 131.17 0.87 1734 12865 38.03 0.64 
4000 87.33 43.53 130.86 0.871 1739 12938 38.14 0.64 
4020 87.28 43.88 131.15 0.872 1745 13010 38.27 0.65 
4040 86.21 44.28 130.5 0.873 1753 13079 38.44 0.65 
4060 86.3 44.66 130.96 0.873 1758 13153 38.55 0.65 
4080 86.0 45.09 131.09 0.874 1761 13240 38.62 0.66 
4100 85.98 45.56 131.54 0.874 1768 13313 38.77 0.66 
4120 85.56 45.9 131.47 0.874 1770 13394 38.82 0.67 
4140 85.05 46.32 131.37 0.875 1773 13481 38.88 0.67 
4160 85.51 46.71 132.22 0.874 1782 13556 39.08 0.67 
4180 85.07 47.08 132.14 0.875 1786 13634 39.17 0.68 
4200 84.37 47.42 131.79 0.874 1793 13697 39.32 0.68 
4220 84.34 47.7 132.05 0.875 1799 13778 39.45 0.69 
4240 83.91 48.07 131.98 0.876 1804 13856 39.56 0.69 
4260 83.79 48.37 132.16 0.876 1809 13921 39.67 0.69 
4280 83.13 48.73 131.86 0.876 1811 13994 39.71 0.7 
4300 83.35 49.06 132.41 0.876 1816 14076 39.82 0.7 
4320 83.18 49.4 132.58 0.877 1821 14153 39.93 0.7 
4340 83.03 49.79 132.81 0.877 1825 14225 40.02 0.71 
4360 82.86 50.17 133.03 0.878 1832 14300 40.18 0.71 
4380 82.2 50.65 132.86 0.878 1837 14372 40.29 0.71 
4400 82.09 51.05 133.14 0.878 1840 14446 40.35 0.72 
4420 81.78 51.43 133.21 0.878 1843 14528 40.42 0.72 
4440 81.69 51.83 133.52 0.878 1847 14610 40.5 0.73 
4460 81.47 52.17 133.64 0.88 1854 14681 40.66 0.73 
4480 80.7 52.52 133.22 0.88 1860 14748 40.79 0.73 
4500 80.43 52.9 133.32 0.88 1866 14825 40.92 0.74 
4520 80.7 53.25 133.95 0.879 1877 14902 41.16 0.74 
4540 80.21 53.59 133.8 0.88 1880 14983 41.23 0.75 
4560 79.75 53.91 133.66 0.881 1887 15058 41.38 0.75 
4580 79.36 54.27 133.63 0.881 1890 15127 41.45 0.75 
4600 78.84 54.68 133.52 0.881 1894 15204 41.54 0.76 
4620 79.04 55.11 134.15 0.881 1900 15278 41.67 0.76 
4640 78.31 55.46 133.76 0.88 1901 15363 41.69 0.76 
4660 78.16 55.91 134.06 0.882 1902 15444 41.71 0.77 
4680 77.78 56.28 134.06 0.883 1907 15507 41.82 0.77 
4700 77.15 56.6 133.75 0.885 1908 15572 41.84 0.77 
4720 77.53 56.98 134.51 0.882 1915 15645 42.0 0.78 
4740 76.81 57.38 134.19 0.884 1923 15723 42.17 0.78 
4760 76.52 57.78 134.3 0.885 1927 15797 42.26 0.79 
4780 75.92 58.14 134.06 0.884 1931 15871 42.35 0.79 
4800 75.31 58.55 133.86 0.885 1936 15947 42.46 0.79 
4820 75.14 58.96 134.1 0.883 1939 16016 42.52 0.8 
4840 74.78 59.36 134.14 0.884 1945 16093 42.65 0.8 
4860 74.25 59.79 134.04 0.886 1951 16165 42.79 0.8 
4880 73.72 60.2 133.92 0.885 1956 16241 42.89 0.81 
4900 73.78 60.65 134.43 0.884 1958 16326 42.94 0.81 
4920 73.69 60.88 134.57 0.884 1964 16405 43.07 0.82 
4940 73.67 61.17 134.84 0.883 1969 16482 43.18 0.82 
4960 73.81 61.56 135.37 0.886 1971 16565 43.22 0.82 
4980 73.11 61.91 135.02 0.887 1977 16638 43.36 0.83 
5000 73.08 62.32 135.4 0.886 1982 16713 43.46 0.83 
5020 72.75 62.65 135.4 0.888 1988 16792 43.6 0.84 
5040 72.38 63.03 135.4 0.887 1991 16881 43.66 0.84 
5060 72.66 63.43 136.09 0.888 1993 16957 43.71 0.84 
5080 71.41 63.83 135.24 0.889 1997 17030 43.79 0.85 
5100 71.79 64.21 136.0 0.889 2000 17105 43.86 0.85 
5120 71.32 64.58 135.9 0.889 2002 17192 43.9 0.85 
5140 71.17 64.98 136.15 0.89 2004 17267 43.95 0.86 
5160 70.7 65.36 136.06 0.888 2009 17344 44.06 0.86 
5180 70.58 65.8 136.38 0.889 2013 17431 44.14 0.87 
5200 70.39 66.17 136.55 0.89 2016 17513 44.21 0.87 
5220 69.88 66.55 136.43 0.891 2018 17589 44.25 0.87 
5240 69.72 66.86 136.58 0.891 2022 17669 44.34 0.88 
5260 69.39 67.25 136.63 0.892 2026 17747 44.43 0.88 
5280 69.0 67.52 136.51 0.892 2033 17818 44.58 0.89 
5300 68.96 67.89 136.86 0.891 2037 17899 44.67 0.89 
5320 68.84 68.31 137.15 0.89 2041 17971 44.76 0.89 
5340 68.49 68.58 137.07 0.891 2044 18047 44.82 0.9 
5360 68.49 69.01 137.5 0.892 2050 18124 44.96 0.9 
