
0.4067018
0.38853455
0.3918969
0.3781795
0.35342607
0.35590738
0.3477481
0.3399217
0.3456467
0.3373033
0.34973058
0.33851132
0.32410634
0.3337141
0.32439905
0.32490903
0.32889143
0.32044768
0.31570953
0.31219253
0.32723448
0.30915457
0.3243288
0.30951887
0.3105677
0.3090208
0.32371506
0.32379195
0.32710811
0.31761372
0.31124
0.30735603
0.29764134
0.31232792
0.29584572
0.3054442
0.3069506
0.30661178
0.29978254
0.30301204
0.30162823
0.29936853
0.31029242
0.30514455
0.30861944
0.29681927
0.30729514
0.30120143
0.29730088
0.2954804
0.2999765
0.29043803
0.29376718
0.30336243
0.2994279
0.29599062
0.28729516
0.29413095
0.29381746
0.3069416
0.29204342
0.2888363
0.29516974
0.28997934
0.29225764
0.29096025
0.29362947
0.28707847
0.2810598
0.28236327
0.30299857
0.28847858
0.278181
0.27862677
0.2785245
0.2775809
0.2850848
0.27882764
0.28011957
0.2816992
0.27760926
0.28189558
0.27979356
0.27531326
0.28037572
0.27192953
0.27577305
0.27153075
0.26696458
0.26863867
0.26184508
0.266377
0.27011898
0.26615527
0.26742914
0.2703731
0.26333982
0.2666301
0.27779958
0.26533958
0.26659113
0.27061823
0.2807837
0.26459295
0.2649272
0.26183954
0.26400512
0.25795472
0.25839663
0.26350677
0.258526
0.26369175
0.26475832
0.2650869
0.25983024
0.27295375
0.26765937
0.27183992
0.2658977
0.2622564
0.26405847
0.26403764
0.270109
0.26850802
0.26738366
0.26696417
0.25796998
0.25819993
0.25454268
0.27093673
0.26791397
0.27072227
0.25693288
0.25635573
0.25849497
0.25276506
0.2681385
0.25573805
0.25778064
0.25077668
0.25416958
0.25945914
0.26050666
0.24899063
0.25050622
0.24936454
0.2523404
0.24665038
0.24866587
0.24952511
0.24799772
0.25189963
0.24785413
0.24156977
0.24522695
0.24350771
0.24317078
0.24409825
0.24773611
0.24809065
0.24583443
0.24181487
0.25073352
0.2616646
0.24428524
0.23921567
0.2379082
0.24480319
0.24433261
0.24201795
0.24353756
0.24064046
0.23736319
0.24524099
0.24831185
0.24027933
0.2388804
0.23848827
0.23833317
0.24243987
0.23877795
0.2351647
0.23818858
0.23248322
0.23461245
0.24090524
0.2357902
0.2323189
0.23078313
0.23851946
0.23725332
0.24050772
0.23373823
0.23008831
0.2459014
0.23542039
0.23597823
0.23007466
0.23087859
0.22557959
0.23895337
0.23050204
0.22930737
0.23193125
0.2287857
0.23209597
0.22901703
0.23377624
0.22376525
0.22466043
0.22534913
0.22453135
0.22484909
0.22856028
0.22976547
0.22326897
0.22269143
0.22466055
0.22526868
0.22403099
0.22094636
0.22585367
0.22105843
0.22779675
0.22847886
0.22622941
0.22327715
0.22238015
0.2217658
0.23038663
0.21900915
0.21778412
0.22152431
0.21418682
0.22374444
0.21779719
0.21513976
0.21593805
0.21379653
0.21618146
0.21459042
0.21617842
0.21517158
0.2179377
0.21957645
0.21973905
0.2218893
0.22107929
0.21844894
0.22582313
0.21968062
0.22434545
0.2213892
0.22443001
0.21914409
0.22108461
0.21918903
0.2213791
0.21850799
0.21810102
0.22056189
0.21772623
0.22510038
0.21965493
0.22284074
0.22024496
0.22144057
0.22284958
0.21121228
0.21944317
0.2143903
0.21822837
0.21185853
0.21068422
0.210971
0.21325627
0.21462765
0.2155792
0.20923352
0.2074221
0.21515116
0.20993316
0.21053983
0.21651067
0.21533915
0.20651625
0.2119492
0.20428035
0.20552751
0.20823488
0.2070795
0.20916647
0.2123508
0.21264209
0.20595634
0.21681707
0.221341
0.20883131
0.21052648
0.2141938
0.20626041
0.21043068
0.2045839
0.20881848
0.20596695
0.2087616
0.20516023
0.20975244
0.20663759
0.2052171
0.20429498
0.21130246
0.20472616
0.20172797
0.20623793
0.20031974
0.1995535
0.20023033
0.20313336
0.20555593
0.207287
0.20246185
0.20413037
0.20500492
0.2049315
0.20104913
0.20204665
0.20011435
0.2049874
0.2040717
0.20543557
0.20102164
0.20415086
0.20278668
0.20209287
0.20127837
0.21425883
0.1976851
0.20079193
0.19883984
0.1981517
0.20027654
0.20099823
0.20766032
0.2027906
0.1955751
0.20198068
0.19977164
0.19807853
0.20120314
0.1988782
0.20317534
0.2053105
0.20661746
0.20609911
0.1976024
0.19761966
0.20060396
0.20478782
0.19450942
0.19879276
0.20411846
0.19791402
0.19907354
0.19989832
0.1968433
0.19927473
0.19581565
0.19993408
0.19800264
0.19274186
0.19704407
0.19755861
0.19456139
0.1954736
0.19063094
0.19295432
0.19391942
0.19739853
0.1924157
0.19719471
0.19509576
0.19173406
0.19269569
0.1930945
0.19305918
0.19222943
0.19008209
0.18772261
0.18717928
0.1923736
0.18634072
0.19218779
0.18663065
0.18833694
0.18681572
0.19281842
0.18988971
0.18581425
0.18914303
0.1905588
0.18516238
0.18777062
0.18872416
0.19184114
0.19094679
0.18797696
0.18947044
0.18878019
0.18871967
0.19462256
0.19369628
0.19190046
0.20454153
0.1939871
0.19035193
0.18903816
0.18854587
0.19122227
0.18776157
0.19167309
0.19096383
0.18515183
0.18933457
0.18516268
0.1841387
0.18724978
0.1833315
0.18420535
0.18444887
0.18975422
0.18849377
0.1887579
0.18520659
0.18662743
0.19174184
0.18505193
0.1870072
0.18741441
0.18365657
0.19268365
0.18413234
0.18219626
0.18116482
0.18814802
0.1823293
0.1822747
0.18344618
0.18164483
0.18335845
0.18341354
0.17976344
0.18166237
0.18154792
0.18391225
0.18487167
0.18491626
0.1791055
0.18003637
0.17742287
0.17718558
0.17811668
0.17983143
0.17880927
0.18073843
0.18946837
0.1822761
0.17689665
0.17984824
0.17882481
0.18523428
0.17671466
0.17872532
0.17790338
0.17653921
0.17786145
0.17467527
0.18237554
0.17963642
0.17798637
0.17754513
0.1782445
0.17587796
0.17388774
0.1762228
0.17893937
0.17406285
0.1766627
0.17169993
0.176921
0.17283875
0.17387672
0.17085278
0.17348146
0.17853595
0.17396516
0.17446037
0.17728432
0.17388533
0.17948386
0.17335348
0.17365243
0.17144936
0.17760508
0.17429599
0.17492667
0.17133844
0.17405644
0.17566219
0.17214791
0.1719504
0.17574006
0.17421971
0.17013963
0.17224886
0.17278776
0.17365181
0.17108695
0.17238748
0.17055446
0.17575243
0.16931184
0.17080039
0.16876933
0.1708534
0.17205967
0.17233041
0.17433466
0.18300621
0.17407453
0.17915098
0.17316423
0.17189795
0.17033236
0.17190784
0.17115736
0.17819937
0.16884492
0.1687295
0.17142959
0.16848716
0.16843785
0.17084977
0.1688216
0.16734228
0.1715519
0.16604236
0.1665776
0.16744012
0.16749483
0.16707434
0.17387962
0.16502668
0.1655663
0.1660192
0.16629837
0.17198758
0.16559388
0.16343123
0.16799471
0.16558194
0.16321027
0.16292317
0.16716313
0.1661103
0.16251391
0.17309198
0.16183323
0.16385435
0.16460733
0.16497527
0.16423513
0.16405609
0.16470581
0.16174641
0.16575956
0.16308175
0.1644282
0.16224404
0.16315836
0.1622682
0.16235678
0.16113983
0.16453928
0.1590391
0.16044861
0.16233356
0.16438067
0.16867658
0.16057315
0.1604103
0.1607155
0.16083963
0.15806293
0.16138132
0.15968853
0.15943217
0.15993574
0.16023442
0.15935618
0.16493477
0.15956098
0.16259718
0.16214128
0.16125084
0.16485487
0.15917888
0.15730919
0.16112542
0.15840824
0.15888324
0.16165718
0.15873857
0.16360246
0.16142942
0.15716138
0.1578208
0.15860467
0.15804788
0.1612661
0.15932111
0.16328971
0.15786302
0.15746689
0.15690698
0.15688874
0.158479
0.1560743
0.15958254
0.15912472
0.15600584
0.15787432
0.15622346
0.15858954
0.15738578
0.15327646
0.15451013
0.15400486
0.15701166
0.15482976
0.15550885
0.15327266
0.1580544
0.15591447
0.15456647
0.15333569
0.15420178
0.1529086
0.15622398
0.15549374
0.15756641
0.1564549
0.15406431
0.15511356
0.152945
0.15332063
0.15230194
0.15642759
0.15623137
0.15188009
0.15438525
0.15486166
0.15884486
0.15317298
0.15385258
0.14972527
0.15340534
0.15259933
0.15604019
0.15284212
0.1577803
0.15374044
0.1545507
0.14984724
0.15179259
0.15235773
0.15214518
0.15198174
0.1505276
0.15328322
0.15103245
0.15552303
0.1493525
0.15181005
0.15079942
0.15137492
0.1493656
0.15227173
0.1499636
0.14920731
0.15184839
0.14934926
0.1508404
0.15354657
0.14862849
0.1492233
0.14963347
0.15042587
0.14965373
0.14999497
0.1481261
0.1481537
0.1491273
0.14853716
0.14970022
0.1472999
0.14850144
0.15261057
0.15371093
0.14750491
0.14943734
0.15109257
0.15055868
0.1469222
0.14778636
0.15644693
0.1479513
0.1510636
0.15038452
0.14989123
0.15022744
0.1520447
0.14924058
0.14742135
0.14955835
0.14847407
0.15058418
0.14834656
0.14801832
0.1467873
0.14811708
0.145621
0.14960068
0.14608008
0.14683747
0.14875373
0.1456319
0.14602485
0.14564046
0.14600323
0.14538425
0.14657216
0.14660041
0.14564309
0.14433296
0.14729165
0.1434979
0.14783499
0.14418617
0.14969635
0.14646603
0.1471867
0.14724131
0.14413169
0.14787598
0.14910525
0.15266429
0.14690974
0.1509816
0.1468202
0.14700854
0.15005124
0.15157846
0.14349055
0.15019907
0.14594491
0.14733936
0.14506182
0.14780521
0.14642888
0.14527977
0.14750044
0.14731711
0.14488553
0.14200655
0.14225173
0.14818124
0.1434904
0.14460945
0.14440066
0.1460979
0.14606954
0.14203712
0.13905455
0.14027107
0.14366019
0.14032707
0.14395826
0.14080982
0.1407404
0.1434546
0.14049059
0.14475696
0.14512114
0.14475325
0.14651757
0.15010887
0.14507744
0.14685646
0.1422074
0.14467557
0.14675915
0.14676906
0.14437005
0.14698221
0.14823425
0.14525725
0.14292598
0.1395457
0.14601344
0.14068241
0.14549778
0.14245628
0.14178953
0.14339186
0.13923363
0.13983423
0.14064895
0.14123559
0.14066881
0.14221653
0.14085588
0.13855201
0.14065032
0.14177962
0.13798685
0.13824354
0.14107445
0.14003032
0.14094771
0.13913894
0.14080417
0.1416105
0.13876626
0.14398792
0.13874544
0.13680728
0.13767807
0.13894157
0.13928297
0.13867068
0.14239775
0.14047784
0.14092255
0.13841544
0.14003064
0.13764243
0.139624
0.1387562
0.13716826
0.13862729
0.13861482
0.1367045
0.13817626
0.13607404
0.13821796
0.13788167
0.13717782
0.14255762
0.13661599
0.14039528
0.13912177
0.13602355
0.14160222
0.14130142
0.13758479
0.13824123
0.13766836
0.1390719
0.13602224
0.13441682
0.13960238
0.13459821
0.13734359
0.13803108
0.136388
0.1407838
0.13996105
0.1380208
0.14074485
0.13594387
0.13763694
0.14269166
0.14164798
0.1403411
0.13531668
0.1327505
0.13614802
0.13807186
0.13434893
0.13674581
0.13593535
0.13651927
0.13700469
0.13606127
0.13863344
0.13806127
0.13976799
0.1380747
0.13749558
0.13700657
0.1348453
0.1349996
0.13442172
0.13579445
0.1346053
0.13666488
0.13581586
0.13543077
0.13630389
0.13446613
0.13472643
0.1344428
0.13509838
0.13503191
0.13564071
0.13657519
0.13401225
0.13736343
0.13414784
0.13300705
0.13427165
0.13449758
0.13312376
0.13329226
0.13578561
0.13299264
0.13880087
0.13170612
0.1345026
0.13326891
0.1317941
0.13089013
0.13394609
0.13940647
0.13313328
0.1315873
0.13349462
0.13589327
0.13154379
0.13554925
0.13505794
0.13216785
0.1329584
0.13206337
0.13227701
0.13292894
0.13389726
0.13234389
0.13108031
0.13111761
0.13389848
0.1296034
0.13159819
0.13418286
0.13184097
0.13024433
0.13779408
0.13376366
0.13468328
0.13288622
0.1314008
0.13350937
0.13230813
0.13229458
0.13176326
0.13407636
0.13341996
0.13147074
0.13195159
0.13257878
0.1306527
0.12984307
0.13277707
0.12860915
0.13001953
0.12641025
0.12847732
0.13186058
0.12871207
0.12921044
0.12731852
0.13022389
0.1268244
0.13110217
0.12979032
0.12802003
0.12994693
0.12661637
0.12771633
0.13129082
0.1257957
0.13010313
0.12927341
0.13212313
0.12711427
0.12836935
0.12993181
0.12799202
0.12979531
0.13165486
0.12653668
0.12766016
0.12754638
0.12781534
0.123122774
0.13014254
0.12684458
0.12487112
0.12635781
0.12470255
0.13090698
0.12643543
0.12619829
0.12697624
0.12635097
0.12652655
0.12851019
0.12523958
0.1255578
0.12730415
0.13082038
0.12588903
0.12730083
0.1275797
0.12711182
0.12729158
0.13000788
0.12783433
0.12634589
0.12787098
0.12621263
0.1284728
0.12507176
0.12740213
0.1264611
0.12752442
0.13050885
0.124871194
0.12693977
0.1279575
0.12689511
0.12617436
0.12586208
0.12484458
0.12647499
0.1259196
0.12348832
0.12911205
0.12660208
0.12494266
0.1250406
0.1265078
0.1256064
0.12912092
0.12497598
0.12457068
0.1259168
0.12608218
0.12365001
0.12710188
0.122730955
0.12342361
0.12462168
0.12283459
0.12603927
0.12642124
0.122891076
0.1279194
0.124703616
0.12476438
0.1231375
0.123930015
0.1252424
0.12685516
0.12673046
0.12460393
0.124061316
0.12539165
0.12499973
0.12367948
0.12193145
0.12326518
0.12258906
0.123019524
0.12286589
0.12077122
0.123299114
0.12592812
0.12436304
0.12535879
0.12257429
0.12365461
0.122358106
0.12510078
0.12385043
0.12809215
0.12319441
0.1267932
0.121664844
0.12126398
0.12316058
0.12458307
0.12403346
0.122930065
0.121193506
0.12239159
0.12150967
0.1197906
0.12214997
0.12734145
0.12236785
0.119383916
0.12308513
0.122101724
0.12094888
0.12217099
0.12119953
0.12124408
0.12060482
0.12692027
0.119105384
0.121190526
0.12127136
0.12291839
0.12020773
0.12171252
0.1250508
0.12214841
0.12294872
0.1216862
0.12581751
0.1198573
0.123413056
0.121080175
0.12217126
0.118975304
0.11865662
0.12184624
0.12164009
0.1211363
0.12056904
0.120238125
0.12097488
0.11996111
0.1197507
0.119441524
0.123800986
0.12124406
0.12169201
0.12080288
0.11922283
0.1217852
0.12006654
0.1190525
0.1256113
0.12058396
0.11677004
0.11960391
0.117403254
0.12073017
0.11988802
0.119908966
0.121481605
0.118680164
0.11820545
0.11802359
0.11966757
0.117420316
0.11711868
0.11756449
0.1175889
0.11984702
0.122018114
0.12092003
0.11814665
0.119741686
0.117919244
0.11927895
0.117977366
0.11896645
0.11631595
0.1180625
0.12025138
0.1199638
0.11894448
0.11792212
0.11855141
0.11617415
0.11683204
0.11935774
0.11623714
0.11715052
0.1201241
0.118148915
0.1169719
0.11665496
0.120256804
0.11716311
0.11707864
0.11561609
0.11651144
0.119117096
0.11936488
0.11867832
0.11722903
0.12254341
0.11832188
0.1163077
0.117270134
0.11528108
0.11658175
0.114758745
0.11890525
0.11854917
0.11908489
0.11708239
0.11800865
0.1189547
0.119087435
0.11734439
0.11736491
0.115267746
0.116052784
0.11830797
0.117766134
0.11621739
0.116696775
0.12015639
0.118400104
0.11771704
0.11942666
0.12191733
0.11797995
0.118876584
0.11764728
0.11643692
0.11852817
0.11880858
0.11739129
0.116953105
0.115410134
0.113494344
0.11411642
0.11510625
0.11631367
0.11791147
0.115250655
0.118526235
0.116454974
0.11522855
0.12118868
0.11309989
0.11567325
0.11291059
0.11428244
0.11457139
0.11632331
0.11679389
0.11722625
0.11542698
0.11627866
0.11691172
0.11494201
0.11640064
0.11411563
0.11826141
0.11633249
0.11353203
0.11548238
0.11675556
0.11450787
0.11439835
0.116003536
0.11631951
0.114017524
0.11328324
0.114858404
0.11249692
0.11397564
0.11541103
0.114735
0.11472239
0.11701612
0.1171285
0.11836302
0.115710236
0.11628416
0.115970224
0.115127064
0.11616938
0.11667063
0.114555225
0.11511211
0.11459069
0.116499715
0.11331938
0.1157944
0.11530362
0.11374509
0.11372071
0.11410103
0.116472684
0.115585335
0.11841164
0.1132614
0.11565542
0.11225343
0.113262035
0.1147502
0.11544568
0.114812195
0.112838656
0.11272439
0.11446783
0.11389572
0.11388394
0.11200286
0.11715789
0.116988264
0.11477907
0.11314393
0.11567394
0.1157274
0.11425172
0.11261904
0.114810824
0.113225915
0.112112485
0.113815665
0.11156073
0.1129617
0.114902996
0.11239528
0.11329851
0.11480696
0.11127633
0.11314994
0.11320359
0.113151595
0.110799216
0.11362912
0.11496816
0.11397303
0.1146306
0.11102506
0.11081715
0.111979716
0.11271531
0.11058099
0.11034858
0.11071286
0.11167098
0.11395304
0.11243666
0.111928366
0.110376894
0.1124415
0.11029131
0.11088584
0.11260704
0.11117996
0.111461595
0.11292811
0.11061296
0.11495148
0.111016735
0.11076996
0.1114689
0.10817679
0.1105555
0.11146978
0.110924855
0.10933139
0.110814184
0.11229667
0.111491166
0.11174648
0.10958362
0.10818375
0.11366151
0.10899848
0.10908185
0.10828161
0.10976
0.10903089
0.10977816
0.10920426
0.112533174
0.110614985
0.10965715
0.109867044
0.10964585
0.110384285
0.113649026
0.11115086
0.110994436
0.11150862
0.11222714
0.111937396
0.11422443
0.111071646
0.11048515
0.10942862
0.110431075
0.10767658
0.11247985
0.10855262
0.109371305
0.10791313
0.11096333
0.109358475
0.10917051
0.11034073
0.108980544
0.11215752
0.10854347
0.10930896
0.10985019
0.10970921
0.112122394
0.10805505
0.10896813
0.110915355
0.10763005
0.108336784
0.10934722
0.10663956
0.109513246
0.111053586
0.10860236
0.10910163
0.10732536
0.10584853
0.1071344
0.11022216
0.11069642
0.10602369
0.107477576
0.11171501
0.109040044
0.10701699
0.10702248
0.108193554
0.109042354
0.10899641
0.10902889
0.109296754
0.10781302
0.10429143
0.10581774
0.10831528
0.10682992
0.107002735
0.10873533
0.10517622
0.10853595
0.108442895
0.10894411
0.107788056
0.10880968
0.11036864
0.105833665
0.106541395
0.10614444
0.107497536
0.10705454
0.10599642
0.1085197
0.10983194
0.107506506
0.10846675
0.10602954
0.10753232
0.10543594
0.108246386
0.10614881
0.10788177
0.10839182
0.105426386
0.1058243
0.10889695
0.10621792
0.10486176
0.106567696
0.10814613
0.10700616
0.10793927
0.10649678
0.104788564
0.11036629
0.10581318
0.10682626
0.10432768
0.10605392
0.10508411
0.10720638
0.10629355
0.105320334
0.107785486
0.10784487
0.107392505
0.106380925
0.10585934
0.10826412
0.105032146
0.10723954
0.10903938
0.10554186
0.104867876
0.10543055
0.105727226
0.10616949
0.1072449
0.106137484
0.10817002
0.10707021
0.10535659
0.10704532
0.10770251
0.1085587
0.10555214
0.10723113
0.10996198
0.10538966
0.105194815
0.10631126
0.105361894
0.103576355
0.10568098
0.104888506
0.10696994
0.10417331
0.1055256
0.10707277
0.10327202
0.10342455
0.10651407
0.1058637
0.10323992
0.10269397
0.10226102
0.10337694
0.103515364
0.1036156
0.10339483
0.10360614
0.10426646
0.10325733
0.10382214
0.10111977
0.10358713
0.10245919
0.1059088
0.10490672
0.10231846
0.103894085
0.10402343
0.104748815
0.10320341
0.10459785
0.10240739
0.10216583
0.1031221
0.10474485
0.10367627
0.10372593
0.10434912
0.103558704
0.10402728
0.10473139
0.10234907
0.10430436
0.10523715
0.10417736
0.10236499
0.10539589
0.10275716
0.10244824
0.102949075
0.10367373
0.10188799
0.10374747
0.1034216
0.10450971
0.102590494
0.10470717
0.102634825
0.104287446
0.10263547
0.10415677
0.10447818
0.10384861
0.10692686
0.10451498
0.10282564
0.1046741
0.10322539
0.10353555
0.10350243
0.10181424
0.10206651
0.101768
0.10185465
0.10207035
0.10096
0.103054635
0.10152142
0.103003174
0.10287936
0.10337126
0.100493826
0.10214871
0.10167002
0.10164285
0.09958596
0.10255263
0.100499615
0.103565395
0.099875465
0.100537725
0.10161008
0.102862515
0.10268553
0.102210246
0.10050504
0.10101664
0.10093176
0.100554794
0.10179191
0.100969784
0.10154967
0.100243255
0.100603886
0.10112321
0.10102174
0.10280037
0.10390421
0.10516487
0.10249109
0.102342606
0.10086908
0.10208799
0.10458383
0.10203613
0.10346669
0.09961284
0.10010773
0.09943013
0.103266306
0.0994351
0.099946015
0.10349964
0.10224327
0.09926421
0.09928297
0.1011171
0.104406945
0.10082685
0.10005347
0.10067618
0.099731505
0.09937929
0.10112844
0.103244595
0.10020804
0.10109459
0.10152954
0.09842968
0.09895564
0.10154146
0.09931993
0.10045375
0.09918495
0.097961694
0.10100511
0.09800185
0.10026222
0.10022519
0.101944745
0.10074693
0.100141264
0.09956766
0.10027617
0.102158554
0.099325016
0.09827777
0.10246044
0.10037493
0.098303236
0.099882275
0.10097058
0.101219915
0.098874345
0.10151167
0.09924386
0.09986416
0.09889456
0.09813822
0.10140297
0.09944873
0.100338355
0.09894217
0.09832848
0.09941627
0.099387586
0.10110443
0.09896727
0.10012044
0.10037447
0.10133613
0.09944644
0.098723896
0.097423844
0.099004045
0.10149993
0.09754983
0.10051563
0.09784793
0.099508666
0.10136819
0.09937203
0.09831354
0.09648828
0.09687666
0.09909567
0.0991287
0.09834445
0.0968341
0.09798735
0.098692894
0.09730228
0.10068924
0.096303016
0.10158646
0.09771204
0.10024012
0.10160507
0.09608869
0.099623
0.09848352
0.10017336
0.101634406
0.10011391
0.09688341
0.09880101
0.09990364
0.09802545
0.097916506
0.09665965
0.09647071
0.09836867
0.09630289
0.09790525
0.09636377
0.096812844
0.09891358
0.098498665
0.0954312
0.098572485
0.098366655
0.097666524
0.09939249
0.097172454
0.09739119
0.09828749
0.09786835
0.09924492
0.097043306
0.09775454
0.097521834
0.0999341
0.09763202
0.098725304
0.10188093
0.098383605
0.09792297
0.0975783
0.09533225
0.096702494
0.0974911
0.096161515
0.09553268
0.09932841
0.09715568
0.096804924
0.100291714
0.097384825
0.09904818
0.09610343
0.0969729
0.09622218
0.098799124
0.09535985
0.095952116
0.09568978
0.0969441
0.096161425
0.09760583
0.09444011
0.09792496
0.09591768
0.09750027
0.09685754
0.09529201
0.09687249
0.0965615
0.09503008
0.096922934
0.096601866
0.09489284
0.094690114
0.09552453
0.09361479
0.0972239
0.09465968
0.09576459
0.09579058
0.100160815
0.09477787
0.095314644
0.09549073
0.096628286
0.09798693
0.097430244
0.0981665
0.09870126
0.095229596
0.09560319
0.097646244
0.09473901
0.0967243
0.09944226
0.09467384
0.09389706
0.097321585
0.09549427
0.09461232
0.096077375
0.09653856
0.09406455
0.096148275
0.098015636
0.09780251
0.09550332
0.09610261
0.094723806
0.09620193
0.09381039
0.09537794
0.09460019
0.09640385
0.095246166
0.094507605
0.09493695
0.095391706
0.09375286
0.0944941
0.093021624
0.09791348
0.09627245
0.09949509
0.09330419
0.093837835
0.09585153
0.094641075
0.093832664
0.09439646
0.09968325
0.09633603
0.09566767
0.09534594
0.09600547
0.094863564
0.09624882
0.09840979
0.094625875
0.09639551
0.09496905
0.094451785
0.095783584
0.094099216
0.094295606
0.096283846
0.0940815
0.09679829
0.09408586
0.0943903
0.097237185
0.09367441
0.09612154
0.09314393
0.09248367
0.09432813
0.09427094
0.0951764
0.09413217
0.09376279
0.094455294
0.094300605
0.0947002
0.09357023
0.0930872
0.09450947
0.093618825
0.09343249
0.09413274
0.094077386
0.09400857
0.09546366
0.09681033
0.09442059
0.094624594
0.09333534
0.093853585
0.09133373
0.09295908
0.091972336
0.096252106
0.093824595
0.09476634
0.092151724
0.09311813
0.09363501
0.09253369
0.09281052
0.09496488
0.09376553
0.092983074
0.09433145
0.09169657
0.09243122
0.093619466
0.09322003
0.09262504
0.09444033
0.09141783
0.09255472
0.09243957
0.09384821
0.09321933
0.09125428
0.092763714
0.09153065
0.092779465
0.09354352
0.09493323
0.092454314
0.09396112
0.093221515
0.09173376
0.09311774
0.094869874
0.09129455
0.092347845
0.094056666
0.09108081
0.092980504
0.091811806
0.091441065
0.09196301
0.09051315
0.0937703
0.096559756
0.09219226
0.093282685
0.09423444
0.0933953
0.093064085
0.09165185
0.091871165
0.0929182
0.09179454
0.09422805
0.090475604
0.09334443
0.09185621
0.091367826
0.09322787
0.09148605
0.09084524
0.09251025
0.09159003
0.090534225
0.092716016
0.09392739
0.09205026
0.09180743
0.09598636
0.091316305
0.0905338
0.09156997
0.09223432
0.09364813
0.09273301
0.09273247
0.097115904
0.091567084
0.09207315
0.091001146
0.09179652
0.09296376
0.09108874
0.091541745
0.09310429
0.09217136
0.09333214
0.09210819
0.09108006
0.09246587
0.09146083
0.09402472
0.09349184
0.09015084
0.091265984
0.0907177
0.09157087
0.09217975
0.09148795
0.09054881
0.091321684
0.090369254
0.0916637
0.09433991
0.09174305
0.08954562
0.09258945
0.091486424
0.092461854
0.09177739
0.09061817
0.09096213
0.09070089
0.0915406
0.09132755
0.0909172
0.095056705
0.09128084
0.090763815
0.091772005
0.09415281
0.09223841
0.09260238
0.09144096
0.08988599
0.09254506
0.08981161
0.0920167
0.09072209
0.09284282
0.09368492
0.0905254
0.091399424
0.090695575
0.091262825
0.09320876
0.09138157
0.089782886
0.09066707
0.09094011
0.09205521
0.090739325
0.091888815
0.090957046
0.08971384
0.09172099
0.09049725
0.09071367
0.08964308
0.09081412
0.089839794
0.09029765
0.09082826
0.09046101
0.089091696
0.090202056
0.089720234
0.09046299
0.09147438
0.08944478
0.09151412
0.08843627
0.08945475
0.09141483
0.091991
0.08994052
0.092603795
0.09102065
0.09144761
0.088300616
0.0888179
0.09092963
0.08915478
0.09241366
0.091214515
0.090193324
0.08948467
0.0893976
0.0891731
0.08958677
0.089936696
0.08895621
0.090181224
0.08894983
0.093057394
0.08962635
0.08954983
0.09343076
0.09048123
0.08989098
0.08884167
0.0921462
0.08975213
0.09179249
0.09042569
0.08859748
0.091218196
0.089953326
0.0919713
0.090542026
0.092520766
0.08998685
0.09042688
0.09239107
0.092004575
0.08986275
0.090787455
0.089450546
0.09011477
0.08990441
0.09049472
0.09240567
0.0914883
0.092292614
0.089949645
0.09135056
0.090017706
0.089462474
0.08891084
0.09036655
0.08908606
0.090629466
0.09013736
0.08927491
0.09123777
0.09294535
0.09021652
0.090491265
0.0894657
0.08931282
0.08733164
0.08878953
0.088105895
0.089785635
0.09312161
0.08925746
0.08937725
0.08937685
0.090953246
0.08908036
0.08870705
0.08903002
0.08686494
0.08996919
0.08930257
0.0874728
0.08986388
0.08852442
0.09048586
0.08850724
0.08921679
0.08703434
0.087835215
0.090025306
0.08905236
0.09100439
0.09034867
0.0891681
0.08995817
0.08839781
0.088136464
0.08997911
0.09084126
0.086738706
0.088428624
0.08977474
0.0905194
0.08897116
0.08829847
0.09025557
0.0879029
0.089218386
0.0904042
0.08650864
0.08821973
0.090002485
0.088166624
0.087852955
0.09250348
0.090149194
0.08826325
0.087359644
0.08617152
0.09010126
0.091678865
0.08858294
0.08829016
0.08817605
0.088034526
0.08901107
0.08845101
0.089998975
0.0876628
0.08899179
0.08744367
0.08928015
0.08788513
0.08872928
0.08784388
0.08759433
0.09050109
0.088022634
0.09099271
0.08676178
0.09048683
0.089811474
0.08999948
0.086692296
0.08817073
0.08976081
0.08962323
0.08679145
0.08897819
0.08673327
0.088008665
0.087717794
0.08886275
0.08664896
0.08805586
0.08666521
0.08799405
0.08812385
0.085996106
0.0864439
0.0885502
0.0874444
0.08581067
0.089555465
0.0863521
0.089137614
0.089321285
0.08785192
0.08749348
0.08853634
0.08635537
0.08792723
0.08817882
0.089661814
0.08655157
0.0864476
0.086505815
0.08693674
0.09005024
0.08898414
0.08745489
0.08794051
0.08689268
0.08729694
0.08829392
0.08680741
0.088606186
0.08807012
0.085589856
0.08857774
0.088609025
0.08604671
0.08691263
0.08890031
0.0888678
0.08735122
0.088455155
0.086128265
0.08757957
0.08705247
0.08638692
0.08593603
0.087282285
0.08597086
0.08642715
0.08755107
0.08602872
0.08830165
0.08597753
0.08570574
0.08625294
0.084742256
0.084658004
0.08632665
0.08542754
0.0876602
0.085719906
0.08535952
0.08670464
0.0856412
0.08627934
0.08860823
0.085321
0.085222274
0.084879056
0.08504329
0.08709007
0.08792641
0.087240174
0.08605956
0.08766886
0.0872368
0.08532573
0.083710946
0.08797646
0.08636046
0.08566307
0.08758122
0.08608815
0.08500078
0.08573541
0.08500141
0.08544263
0.08449586
0.084980465
0.08497857
0.08906438
0.08528071
0.0845509
0.08658322
0.08588789
0.08632163
0.085161105
0.08650498
0.08593296
0.08414255
0.085786775
0.08457022
0.08643558
0.0839408
0.08520522
0.08460151
0.08437115
0.085078366
0.0839955
0.08764916
0.08677474
0.08417851
0.087487526
0.08368911
0.08754167
0.08575684
0.083733425
0.087172486
0.08509595
0.08492827
0.08596288
0.087061055
0.08418329
0.08852877
0.08235876
0.084985785
0.084855475
0.08586161
0.08371601
0.085363954
0.0858844
0.08657448
0.08687247
0.08580673
0.08978691
0.08543304
0.08500175
0.086137466
0.08594397
0.08314053
0.08572106
0.08558531
0.08461272
0.08959711
0.08487335
0.08516728
0.0872699
0.08570748
0.08544441
0.084400006
0.08477764
0.08633084
0.08707993
0.08411421
0.08361219
0.082231924
0.08425364
0.08636655
0.08428207
0.08496935
0.08811022
0.084033936
0.08190654
0.08588047
0.08508942
0.0831619
0.08266772
0.083377615
0.08297197
0.083677076
0.08802352
0.082292765
0.08728219
0.08619574
0.08611867
0.08415973
0.083394326
0.08404303
0.08459501
0.082841106
0.08463713
0.08530343
0.0827429
0.08342014
0.08612594
0.08452643
0.083302796
0.085322775
0.083114795
0.08269422
0.08753336
0.08241753
0.08211594
0.082887694
0.0828586
0.082367346
0.08550252
0.08495382
0.083787784
0.08330567
0.084008805
0.08398477
0.083294824
0.084595755
0.084661074
0.08531361
0.08259254
0.08444347
0.08581429
0.0826443
0.08441372
0.08238131
0.08289617
0.08305203
0.083920114
0.08403893
0.08440606
0.08389471
0.08379567
0.08285978
0.08254874
0.08347468
0.08265403
0.08364445
0.08293259
0.08269806
0.08288461
0.082190774
0.084145576
0.08570062
0.084868476
0.08460128
0.084921286
0.08478368
0.0856935
0.08232136
0.084157564
0.08328046
0.08359502
0.08233214
0.08382086
0.08312578
0.0845854
0.08275356
0.082685255
0.08209686
0.08216708
0.082608745
0.08512373
0.083564624
0.08474874
0.083642006
0.08205973
0.084085405
0.08246544
0.08256128
0.08340121
0.08570182
0.08312063
0.084436275
0.08396837
0.084066324
0.08641442
0.08231158
0.08311531
0.08397603
0.08285055
0.082307234
0.08554215
0.083426915
0.08413819
0.08199738
0.08453404
0.084395945
0.08398265
0.08350368
0.08244391
0.0826481
0.083407745
0.08321923
0.08174863
0.084221475
0.08248225
0.08267812
0.0850737
0.08312933
0.08362107
0.08265056
0.084378205
0.082969174
0.08238877
0.084620155
0.083527796
0.084019914
0.08170073
0.08224432
0.0824697
0.08284366
0.08442703
0.083460994
0.08267099
0.0823122
0.08393126
0.08271331
0.08731518
0.081779525
0.08122038
0.082195565
0.08398333
0.08074112
0.08073913
0.081448026
0.08176235
0.08206535
0.08350131
0.08146693
0.08149246
0.083027825
0.08145689
0.08188748
0.08160913
0.08441311
0.08185762
0.08190524
0.08146304
0.08284861
0.08086096
0.08093202
0.08124266
0.08124314
0.08175603
0.080888845
0.081432015
0.08481031
0.08503987
0.082674265
0.081891365
0.08170657
0.08278972
0.08224117
0.081647635
0.085224725
0.081511825
0.08295294
0.081799604
0.08315331
0.08057987
0.08265652
0.081467055
0.08178483
0.082202375
0.08264682
0.08081882
0.082417004
0.08152123
0.081284314
0.081114724
0.08277288
0.081950285
0.08449605
0.08131907
0.08039101
0.08088253
0.08148163
0.081227615
0.08405413
0.08224724
0.085015245
0.08400238
0.08096452
0.081809394
0.08106219
0.08136899
0.081553146
0.080783285
0.08242665
0.07926912
0.080307
0.08069254
0.08117994
0.08105268
0.081067905
0.08431243
0.08075615
0.0802623
0.07884473
0.07929109
0.08040738
0.08143877
0.08231298
0.083561465
0.08186315
0.081419945
0.08065192
0.081600934
0.081208676
0.083275594
0.08061398
0.08003732
0.08259315
0.08076337
0.079661176
0.08170884
0.07977011
0.08067436
0.0816093
0.080653414
0.080703035
0.08006728
0.08073601
0.0801416
0.082317814
0.080119744
0.0797579
0.08040747
0.08480564
0.08023671
0.0801491
0.079496615
0.08134175
0.08148752
0.0807888
0.08084963
0.07958257
0.07929558
0.081423774
0.079583235
0.08105452
0.082940705
0.081057645
0.07944688
0.08080542
0.08120698
0.08252165
0.08058301
0.08115588
0.08123074
0.08076737
0.0804845
0.079898134
0.0796907
0.07883715
0.08079283
0.080073155
0.07973262
0.07998849
0.08023753
0.08057874
0.08114852
0.08000915
0.07924862
0.079817034
0.080499865
0.08011728
0.07899919
0.082850076
0.079953745
0.079220764
0.08033642
0.07979449
0.08092649
0.07913181
0.07953345
0.07861979
0.07976866
0.07991934
0.08146293
0.079520196
0.08127128
0.07941169
0.08036166
0.08145071
0.080607824
0.07958421
0.080624215
0.080825806
0.080000706
0.080971256
0.079988055
0.07950589
0.08072208
0.07928534
0.078419924
0.07984803
0.079604425
0.07958634
0.08138055
0.08018482
0.08036828
0.07937764
0.07889246
0.07890835
0.08021201
0.07857242
0.0803026
0.07880866
0.07985644
0.07967219
0.08242444
0.08063886
0.079708315
0.08070795
0.07931014
0.07900846
0.080547
0.08030216
0.07943712
0.08237689
0.07915794
0.080981724
0.07966688
0.08056309
0.07956131
0.07900762
0.07964286
0.080071166
0.08018784
0.083500005
0.079221405
0.08062887
0.07817626
0.0803077
0.0804351
0.07900809
0.079108104
0.078555346
0.07929774
0.0778608
0.079942726
0.08283216
0.08148815
0.07907417
0.07998137
0.078410305
0.08006728
0.08108407
0.07832348
0.07982511
0.08091571
0.07877462
0.080143444
0.07855438
0.08079503
0.07982402
0.07950988
0.07908438
0.079338856
0.07879825
0.079815775
0.08037321
0.07798173
0.0788685
0.079751916
0.079044215
0.07905271
0.079932235
0.07956291
0.07951408
0.08047937
0.07897954
0.080123514
0.07898401
0.07958886
0.0799903
0.08023744
0.0792309
0.078596845
0.079411626
0.07813889
0.0783179
0.07981259
0.08023135
0.07829869
0.08162021
0.078391075
0.08057265
0.078983344
0.08284453
0.079710744
0.07897059
0.079186335
0.079468116
0.081562065
0.07871162
0.080641024
0.079856806
0.07944622
0.08051207
0.07753942
0.07854905
0.0780973
0.07866466
0.07957997
0.07769199
0.077735044
0.08024511
0.079303555
0.0771868
0.078299336
0.07825362
0.079300135
0.077092916
0.07890238
0.07738115
0.07825944
0.07787503
0.07655419
0.076763816
0.07767499
0.08002559
0.076881155
0.079373375
0.0763865
0.077290356
0.07822142
0.076599635
0.07807231
0.07699878
0.07977791
0.07968812
0.07694357
0.077200554
0.077546164
0.07728589
0.07805958
0.07820719
0.076918386
0.078430064
0.0779268
0.07856163
0.076899245
0.07817894
0.07616311
0.077410795
0.07749696
0.07861349
0.07846297
0.077351764
0.076183915
0.0790332
0.07817284
0.078048676
0.07731915
0.078281544
0.07837512
0.07750297
0.07659298
0.079689495
0.07646803
0.076862864
0.07724473
0.07648005
0.079788804
0.079587676
0.077670135
0.07842683
0.07811125
0.07592941
0.077313244
0.07788429
0.077535346
0.08000883
0.080125764
0.077797145
0.07765047
0.07674239
0.077323586
0.07780933
0.07598405
0.0774038
0.076818086
0.077259175
0.07872291
0.07646399
0.08000638
0.07871089
0.07944235
0.07634577
0.077594265
0.078243434
0.07697247
0.081216425
0.07969397
0.07765702
0.07683052
0.08070663
0.07663441
0.07952401
0.0784043
0.07735758
0.07859552
0.07686507
0.077707574
0.07775385
0.076746725
0.07872371
0.07593298
0.0767776
0.0766097
0.07613205
0.07641723
0.07704097
0.07735541
0.078086406
0.07728115
0.07732778
0.07523218
0.07652373
0.07682253
0.07895641
0.0766438
0.07632542
0.07564224
0.07817581
0.07762638
0.07807539
0.078062296
0.07645112
0.07611141
0.0776694
0.07662821
0.07846683
0.07545163
0.077404775
0.076742895
0.07483824
0.07755451
0.07587896
0.077174954
0.07661913
0.0774809
0.07560597
0.07716399
0.077766255
0.07674231
0.0766646
0.07786147
0.077690825
0.07772057
0.07510701
0.07757845
0.07794008
0.076161645
0.07604625
0.07612405
0.08024966
0.077272065
0.07530155
0.07845419
0.07756196
0.07673413
0.077229336
0.077598594
0.075495705
0.076163635
0.07723697
0.07839917
0.07710827
0.07615793
0.076089665
0.07643257
0.07594718
0.0761542
0.07566315
0.07512402
0.076709025
0.07605697
0.07667949
0.07954022
0.07704202
0.07685858
0.076118916
0.07694953
0.07607044
0.07811232
0.07560709
0.07654296
0.07513699
0.07494253
0.076017916
0.07817054
0.07523909
0.07632438
0.07564269
0.076060966
0.07782511
0.07499568
0.076578215
0.075560726
0.075172596
0.07684332
0.076356
0.0776172
0.07646228
0.07528823
0.07620267
0.07755879
0.07575191
0.075923346
0.08067195
0.07469054
0.076521985
0.07444912
0.07931833
0.07614266
0.07557862
0.07497473
0.07670895
0.07557482
0.07757753
0.0762921
0.07559821
0.07868164
0.0770057
0.078021444
0.07795848
0.075614125
0.0757401
0.076455176
0.07492115
0.07565924
0.07821416
0.07702426
0.07619507
0.075410984
0.074554324
0.07522198
0.07576212
0.07605574
0.076969415
0.07574494
0.07642319
0.07537129
0.0760177
0.07616977
0.07503026
0.075688936
0.0748506
0.075249694
0.07577095
0.075419
0.07885525
0.07359737
0.07544668
0.07671918
0.07535054
0.07679394
0.076611094
0.076163
0.07614232
0.07548412
0.0770238
0.07607048
0.0776591
0.07740772
0.07717433
0.07719296
0.0762936
0.07467669
0.07476704
0.077074364
0.07562947
0.07650113
0.07768704
0.075518645
0.0748382
0.07626838
0.07488713
0.07462888
0.075418755
0.075956985
0.07475015
0.0766387
0.075090006
0.07694334
0.07361917
0.07400018
0.07470642
0.07428631
0.076490775
0.07433601
0.07533026
0.07464472
0.07333248
0.075047575
0.075376704
0.07618533
0.07424174
0.075047664
0.078378856
0.0757584
0.07573396
0.0738674
0.074032865
0.07624756
0.07584724
0.07738252
0.07580179
0.07660818
0.074109435
0.07449695
0.07691233
0.07450098
0.07496129
0.07805972
0.07606296
0.07447554
0.07501517
0.07375814
0.07599283
0.07615669
0.07505151
0.07410584
0.0733579
0.07403362
0.075175025
0.07566095
0.07506654
0.07479629
0.07257403
0.0746275
0.07448281
0.07466067
0.07416149
0.07416071
0.07356159
0.07360624
0.07561256
0.073586196
0.076587304
0.073287904
0.07866225
0.074828506
0.07291143
0.07358869
0.07482122
0.07399176
0.074768715
0.075063676
0.075613156
0.07647021
0.07549349
0.07439999
0.07429461
0.075708315
0.07723336
0.074737035
0.07548678
0.07509085
0.07634592
0.07504124
0.07461589
0.07488411
0.07509683
0.07628212
0.0731832
0.07466529
0.07576874
0.07374653
0.077391535
0.076447025
0.074809745
0.07345085
0.07436232
0.07387609
0.074637696
0.074627556
0.07379734
0.07303731
0.07406055
0.07389913
0.0750964
0.073113315
0.07666893
0.073068276
0.07324485
0.07307583
0.07486695
0.075333364
0.07499209
0.074981816
0.07380249
0.074762814
0.075042635
0.07532008
0.0777418
0.07721053
0.07256185
0.0740632
0.07318417
0.07385171
0.073961295
0.077524796
0.074098356
0.0744256
0.074663565
0.07466654
0.072399214
0.0750218
0.07353918
0.073865615
0.07371181
0.072845556
0.07234644
0.072223276
0.075056866
0.07457045
0.07399747
0.074522
0.075551786
0.073850766
0.07694045
0.07274229
0.07228669
0.073092945
0.07407988
0.07388002
0.07516747
0.07313536
0.07423511
0.07451881
0.073780656
0.07390138
0.07453765
0.073214196
0.07345338
0.07535245
0.075453594
0.07394401
0.07316716
0.074491166
0.074467026
0.072796725
0.07355026
0.074880116
0.07441718
0.07278574
0.072838336
0.07594151
0.072968565
0.07201614
0.07361675
0.07509041
0.07288662
0.073293515
0.07462434
0.0721175
0.07409583
0.07488662
0.07343571
0.07251009
0.07373349
0.07400962
0.07326214
0.07212103
0.07269298
0.073367804
0.07295713
0.07391785
0.074140176
0.07303633
0.07335514
0.07354082
0.07300207
0.07460498
0.073462166
0.07382393
0.07575483
0.07245842
0.0716615
0.07325076
0.074811004
0.075324856
0.07374154
0.073512465
0.07332798
0.07400639
0.07487277
0.075525835
0.07303673
0.07451873
0.07341058
0.07313759
0.07363678
0.074096695
0.07448475
0.07394613
0.074226394
0.07332256
0.07378272
0.07357741
0.072962224
0.07363062
0.07413093
0.07403598
0.07286503
0.0735816
0.074176274
0.07434259
0.07382078
0.07305247
0.073779404
0.0753677
0.07556037
0.07360738
0.07205193
0.07105708
0.073312454
0.07441907
0.07363241
0.07268215
0.07611991
0.07598246
0.073947854
0.07581095
0.07324555
0.07319745
0.072361924
0.073102124
0.07149399
0.073093556
0.07371775
0.073561765
0.074110575
0.071559116
0.07262236
0.0722943
0.072092645
0.07338508
0.07241101
0.07277085
0.07387692
0.07362207
0.07193765
0.075490355
0.07523263
0.07218966
0.072486535
0.073184095
0.07243913
0.0712901
0.073608235
0.07747765
0.072717614
0.073931515
0.07589622
0.07287795
0.07302255
0.0738207
0.07310914
0.075417735
0.0740285
0.07305356
0.07329619
0.07264172
0.072835706
0.07182434
0.074381836
0.07349842
0.07471754
0.07353043
0.07251924
0.07276706
0.07365714
0.07268386
0.07209355
0.07338073
0.07158495
0.07265206
0.07026227
0.07401424
0.0728109
0.07109769
0.072549194
0.07343365
0.07304773
0.07313449
0.07318828
0.0747078
0.073217064
0.07267998
0.072554976
0.07265022
0.0726813
0.07271522
0.07428487
0.07268402
0.07206629
0.07135308
0.07408863
0.074812494
0.0719368
0.07545062
0.07397336
0.07153075
0.07437524
0.07433915
0.07264867
0.07278846
0.07276847
0.071502745
0.07240987
0.071976595
0.07190326
0.07292045
0.07226549
0.07455658
0.072374165
0.074177735
0.07239181
0.07130282
0.07197954
0.07264576
0.072761424
0.07254185
0.072630875
0.07227483
0.0712901
0.07254746
0.071784586
0.073832646
0.074217595
0.07166658
0.07199803
0.07255117
0.072098
0.072655536
0.07358213
0.07226565
0.07244848
0.07179963
0.07332634
0.07156804
0.071844034
0.07256707
0.073646784
0.07231977
0.073644646
0.07202305
0.07221069
0.07179384
0.07335906
0.072141856
0.07122146
0.07300264
0.07129173
0.07210047
0.07258434
0.07100367
0.07171241
0.073579416
0.07219626
0.071189605
0.07085006
0.07210867
0.07125006
0.07200452
0.07087761
0.07116619
0.07246011
0.071028166
0.07160002
0.07195445
0.07449264
0.073701166
0.07192077
0.07182635
0.07097616
0.07329679
0.07165548
0.0711037
0.07163368
0.0727416
0.07174802
0.070905834
0.07060174
0.07248596
0.07171291
0.07461496
0.073799185
0.07112525
0.070055835
0.070040636
0.071889944
0.07332505
0.07237069
0.07121354
0.07195551
0.071424775
0.07243164
0.07330143
0.07245963
0.07099356
0.07152235
0.07069459
0.07239076
0.07112946
0.071790144
0.071735606
0.07264001
0.07020567
0.07123944
0.07120543
0.074008435
0.07141084
0.07095094
0.07032367
0.07138285
0.07179209
0.071768254
0.07163157
0.069860175
0.0704118
0.07226603
0.071047775
0.07211773
0.07195402
0.07085499
0.072912574
0.07426647
0.07123049
0.070862174
0.07021257
0.07208571
0.06998671
0.069421925
0.07122243
0.07214295
0.07133667
0.071843065
0.07028202
0.07239894
0.07361272
0.0706595
0.0696519
0.07122634
0.07048736
0.07097876
0.071406096
0.07099768
0.07112839
0.07035164
0.07461799
0.071594074
0.0713518
0.07140963
0.06914522
0.07091753
0.07017468
0.07055683
0.07063434
0.07024292
0.07039173
0.07148955
0.07083228
0.07142049
0.07285907
0.0704071
0.07139707
0.07173446
0.071725234
0.06924089
0.06976581
0.07342736
0.07108731
0.069504365
0.07523316
0.07112419
0.07006801
0.0712578
0.07025285
0.07209172
0.07120367
0.07204854
0.07268704
0.07024231
0.071457595
0.069922544
0.07223937
0.07095483
0.07339585
0.070428796
0.07205716
0.071940154
0.070583574
0.07108998
0.071111314
0.07096908
0.07062596
0.072376326
0.07045556
0.07123598
0.07272947
0.07073129
0.069867365
0.07084585
0.07249665
0.07046343
0.07060753
0.0744427
0.07285564
0.06904414
0.07170029
0.07088576
0.07034885
0.06961356
0.07288322
0.070397854
0.069475465
0.069895506
0.07005887
0.07121782
0.070909314
0.07055538
0.07144472
0.07382756
0.07017078
0.07079013
0.068836726
0.071001485
0.069959104
0.07129457
0.07075278
0.07129992
0.07387286
0.069987535
0.070132785
0.07021876
0.069858745
0.071524054
0.07094498
0.07066182
0.06951453
0.06962118
0.07055394
0.070141345
0.06873909
0.07034708
0.06911256
0.07160129
0.069896154
0.07016258
0.0689791
0.07111865
0.06984142
0.06950421
0.069148526
0.06835821
0.06922733
0.070710026
0.070438236
0.07054558
0.07127626
0.0720265
0.07105159
0.06997312
0.07118505
0.07157387
0.06963805
0.06887819
0.070051
0.069212675
0.06864852
0.07022858
0.070089355
0.06992754
0.070755094
0.07035415
0.07039665
0.06846777
0.0720463
0.07005774
0.069842115
0.06876582
0.07003389
0.06979629
0.070872165
0.06963547
0.06915112
0.069562964
0.06924218
0.069741406
0.068253025
0.069358744
0.06886134
0.06893749
0.0681069
0.068875484
0.06991815
0.06879963
0.07049186
0.070663355
0.070632584
0.06904228
0.07072047
0.07026957
0.06792014
0.06893978
0.07073102
0.06960237
0.069695696
0.06814324
0.07046256
0.06851329
0.071007654
0.06877633
0.06883685
0.07053005
0.07050974
0.069647394
0.06933211
0.069347456
0.06847439
0.06851866
0.06921929
0.068840116
0.069065556
0.06830374
0.070993975
0.069704264
0.06855854
0.071208715
0.06907126
0.06876289
0.069652945
0.06733912
0.068880774
0.06960495
0.068585865
0.06838602
0.06929053
0.06799858
0.06908014
0.06868453
0.06729486
0.06938928
0.06776163
0.06917575
0.07001869
0.068299636
0.06785411
0.06960348
0.069069594
0.07001762
0.06818214
0.06925373
0.06845828
0.07372966
0.07079784
0.06783237
0.069495596
0.068062894
0.06764725
0.06762199
0.068233386
0.07027449
0.06912571
0.06949119
0.06831063
0.06770875
0.07009791
0.06822324
0.06806133
0.06751633
0.06712885
0.06897775
0.06853665
0.06840513
0.06723474
0.07006926
0.06921509
0.07005052
0.06979301
0.070968784
0.06812568
0.068301775
0.067743115
0.069511876
0.06942477
0.070120335
0.06782141
0.06972502
0.06825518
0.068863764
0.06818907
0.070182666
0.068009056
0.06893488
0.06642423
0.06724901
0.06862887
0.06843996
0.06963206
0.06824354
0.06990373
0.06928624
0.06741026
0.06768794
0.07071184
0.06823834
0.06975626
0.06919181
0.068565175
0.06822912
0.06819662
0.06814423
0.06684129
0.069389194
0.06808356
0.06856382
0.06864645
0.06860483
0.0688267
0.06875889
0.0686854
0.06785791
0.06837544
0.06871986
0.06946661
0.06857886
0.06741012
0.06874936
0.06946391
0.068004705
0.06712499
0.067787565
0.06760031
0.06745971
0.067456625
0.069088966
0.0677153
0.066804804
0.066792086
0.0684001
0.068664804
0.067259684
0.06710345
0.06888261
0.068807185
0.06680266
0.070319824
0.067799196
0.06797738
0.068875395
0.06704185
0.067916065
0.06958338
0.06937976
0.06816553
0.06775665
0.068019874
0.068246275
0.06769847
0.06737968
0.067659944
0.06882547
0.06774008
0.06778556
0.06880839
0.06780074
0.06740963
0.067042835
0.06704131
0.0695016
0.06836994
0.06809388
0.06765764
0.06822056
0.067422636
0.068289556
0.0696762
0.069355555
0.06832861
0.07031929
0.06951028
0.068437405
0.067693055
0.06872785
0.068323
0.06905182
0.0683096
0.0676043
0.067999594
0.06876716
0.069178514
0.06922983
0.06942876
0.06901597
0.069025844
0.06871194
0.06838564
0.06797146
0.06827793
0.069331974
0.06771127
0.06825596
0.06828893
0.068251625
0.06881966
0.0676702
0.06879826
0.068601385
0.06958999
0.067791805
0.068988524
0.06845781
0.06785694
0.06926582
0.06680935
0.06770483
0.06924478
0.06966884
0.06840168
0.06792708
0.06745028
0.06917292
0.06675828
0.06805414
0.066991694
0.0669206
0.07043149
0.0673612
0.06731071
0.068357594
0.06904599
0.06796262
0.06824605
0.06729306
0.06689862
0.068178944
0.06727856
0.0677255
0.06751983
0.068155624
0.0673986
0.0681202
0.06700359
0.06738365
0.069310814
0.06903407
0.067144826
0.06651154
0.06811858
0.067620374
0.06707351
0.0681404
0.06775781
0.06819797
0.06800889
0.06746847
0.06685616
0.067877576
0.06901185
0.06710455
0.067944996
0.06884393
0.06797953
0.068154275
0.06838729
0.06825966
0.06868475
0.06635524
0.070618086
0.06724984
0.06785159
0.06841135
0.06734905
0.06861498
0.06992285
0.06771668
0.067785054
0.06767107
0.06832524
0.067361526
0.067364834
0.06798283
0.06673488
0.06836764
0.0666591
0.06677722
0.068413414
0.06837313
0.06808066
0.0678517
0.06622067
0.067823544
0.068394974
0.06881071
0.067257114
0.06768032
0.067663744
0.0682057
0.06612063
0.068972826
0.06711934
0.06605601
0.06579088
0.0673293
0.070019
0.06596438
0.06702574
0.0689972
0.06910258
0.06674991
0.068204425
0.06612912
0.06659638
0.06783244
0.066635005
0.067669325
0.0670602
0.06722772
0.06736218
0.06792872
0.06821813
0.06726598
0.067988195
0.06962736
0.068454966
0.067688495
0.06827616
0.06708854
0.06782361
0.066298276
0.06900117
0.06749219
0.0685044
0.06960323
0.066560976
0.06781003
0.067285895
0.06822984
0.06675801
0.06874132
0.06717887
0.06873007
0.06664098
0.06708788
0.06861243
0.068678446
0.06879699
0.06694671
0.066957414
0.06770917
0.06618517
0.0653006
0.066115044
0.06625223
0.07029925
0.065762915
0.06709583
0.06650228
0.06756819
0.06730866
0.067660585
0.06765624
0.067812294
0.06670965
0.065971605
0.066960685
0.06643366
0.06690866
0.06637191
0.06813718
0.06607286
0.06811745
0.06606502
0.066869274
0.06695373
0.0681858
0.06674003
0.067747176
0.06904398
0.06666302
0.066534065
0.06639576
0.0668378
0.06550087
0.06869396
0.06706582
0.066903
0.065335795
0.06600607
0.06562772
0.065981075
0.065605775
0.06530949
0.0664149
0.06745076
0.066005
0.06658498
0.06508154
0.06723432
0.065525815
0.06650361
0.066139616
0.06666225
0.067693815
0.06757799
0.06723299
0.06542735
0.06605785
0.06667077
0.065217525
0.06631932
0.06593996
0.064912505
0.06693028
0.0673594
0.06509817
0.06626885
0.06580648
0.066593036
0.06639177
0.06572089
0.06532937
0.06711115
0.06535904
0.06684469
0.065888934
0.06667108
0.06658051
0.06698131
0.068339504
0.06650492
0.066554554
0.06685514
0.06534652
0.06609495
0.06551172
0.06507973
0.06868194
0.06817352
0.06773214
0.065612204
0.06561136
0.066174984
0.06720338
0.065993935
0.06649328
0.06518892
0.06715093
0.06657047
0.06625806
0.0677627
0.06550177
0.066191226
0.06681336
0.06526917
0.066970326
0.06740653
0.065428846
0.06639097
0.065395705
0.06707158
0.064879306
0.06520035
0.06929519
0.06796991
0.068334304
0.06753275
0.06746947
0.06507355
0.067049354
0.06519526
0.065696456
0.067557104
0.06718215
0.06652938
0.06481327
0.065820165
0.06662583
0.066193126
0.06674523
0.06668718
0.06518909
0.06489293
0.06517196
0.067030266
0.06557404
0.06717774
0.06481901
0.06562068
0.06469974
0.06583997
0.06577428
0.06634321
0.06697448
0.06460064
0.067906685
0.06642666
0.06510632
0.066288255
0.065672494
0.06849495
0.06605223
0.06574665
0.06571942
0.06539905
0.066027954
0.0654673
0.066080496
0.06712447
0.067248635
0.06697704
0.06524155
0.06624281
0.06523131
0.06749615
0.0670368
0.065227844
0.06523916
0.06588264
0.065722086
0.06464108
0.06614
0.06479621
0.066502444
0.06556032
0.06577501
0.06696841
0.065739766
0.065712936
0.06540616
0.06753212
0.064634606
0.06722764
0.06619744
0.06755508
0.064856835
0.065329894
0.0654142
0.065182716
0.064340815
0.06498609
0.06776912
0.06618454
0.06690895
0.06449757
0.06543217
0.066867754
0.06463876
0.064499915
0.06689402
0.06427328
0.06559994
0.066500016
0.06704858
0.06757119
0.066036046
0.065066524
0.06540183
0.06435501
0.065729186
0.06524516
0.06614149
0.06456573
0.06501445
0.06490296
0.06700266
0.06677994
0.0653989
0.06515346
0.062932655
0.065977804
0.065341964
0.065611005
0.066098854
0.0651023
0.06461007
0.06480854
0.06518312
0.06422105
0.06544654
0.06511157
0.06671977
0.06628343
0.0679194
0.066055104
0.06587233
0.06603219
0.06534437
0.063562386
0.064479396
0.06659146
0.0644017
0.064702556
0.06522952
0.06494956
0.06518412
0.06435573
0.0661924
0.06551445
0.06544616
0.06699319
0.0666063
0.063976325
0.06554779
0.06426692
0.06424686
0.06479335
0.065533705
0.06560172
0.06593603
0.06502854
0.06781078
0.065396875
0.06540575
0.06436124
0.06439656
0.06598344
0.06672501
0.064416654
0.06468743
0.06457318
0.064911075
0.067055486
0.06613553
0.06698771
0.0641598
0.066480994
0.065262996
0.06672399
0.06451239
0.064856485
0.06656361
0.0663306
0.06480811
0.0664386
0.0651665
0.06509753
0.0645864
0.06659415
0.064152114
0.06691046
0.064454615
0.0650771
0.064828604
0.06463849
0.0647208
0.06475077
0.06370664
0.064784884
0.0645993
0.06803908
0.063950025
0.063818954
0.06396861
0.06351301
0.06410369
0.06374771
0.067243524
0.063874304
0.06543672
0.0660266
0.064927235
0.06507201
0.06444142
0.06616907
0.06362993
0.0662505
0.0642028
0.06388732
0.06456536
0.0643415
0.06564231
0.06455529
0.06483639
0.065812826
0.06415697
0.065709434
0.06548513
0.06486148
0.06325968
0.065015145
0.063961335
0.063844316
0.06677913
0.06536799
0.06303481
0.065483145
0.063441105
0.06314842
0.06409151
0.063701496
0.06581895
0.06400219
0.06506827
0.064344585
0.06515409
0.065768175
0.06494065
0.0653749
0.0678486
0.063831694
0.06550456
0.0637277
0.06377635
0.066078246
0.062874116
0.06432882
0.06468848
0.06420029
0.06593949
0.06422287
0.06366592
0.06492736
0.0640078
0.0639226
0.06421114
0.06374933
0.06463028
0.06471453
0.06477345
0.06617607
0.063230544
0.06400231
0.06523563
0.06441673
0.063629635
0.06386597
0.06378395
0.06481899
0.06473272
0.06712358
0.065395124
0.06462757
0.064387426
0.06359743
0.064008005
0.06366542
0.06469463
0.0639829
0.06567286
0.06432136
0.06454259
0.06686462
0.06530304
0.06619871
0.06449422
0.065750174
0.065161414
0.06494164
0.06581447
0.06390349
0.06491143
0.06479872
0.06437953
0.064811036
0.06464727
0.06460252
0.06409351
0.06469285
0.06433696
0.06562459
0.06390495
0.06439299
0.06528885
0.06481789
0.06621749
0.06473982
0.067182966
0.064913936
0.0634386
0.06394293
0.06508186
0.06388646
0.06586384
0.064567186
0.06420708
0.06484266
0.06336082
0.066175416
0.06484095
0.06442851
0.06356712
0.06422545
0.06377751
0.06443038
0.065027185
0.06514814
0.06306615
0.065036885
0.06583041
0.06427788
0.064995795
0.06529025
0.0641061
0.06408012
0.06374833
0.06546612
0.06459976
0.066871434
0.06470133
0.0643242
0.062175434
0.064458095
0.063313715
0.06429679
0.06378061
0.063447
0.063998
0.06594452
0.06341237
0.062308915
0.06503506
0.0629932
0.06401276
0.06433282
0.0626844
0.06313313
0.062483527
0.063223325
0.06479862
0.06606971
0.065854676
0.06564474
0.0656833
0.06316651
0.06389516
0.063871026
0.06405564
0.0630479
0.0661405
0.0649184
0.06569564
0.063569546
0.06478565
0.06425008
0.064546265
0.06291899
0.06478462
0.06301262
0.06454621
0.06427732
0.064143404
0.06291167
0.064120054
0.06421019
0.06304631
0.063754626
0.06340865
0.063895844
0.063485764
0.06378615
0.0639771
0.06508558
0.063901216
0.065108545
0.06330529
0.06361923
0.0627425
0.06382074
0.06358202
0.06353227
0.063875996
0.0653096
0.06478961
0.06354452
0.06547948
0.06348421
0.06366777
0.06188057
0.0630511
0.06392731
0.062461324
0.06270203
0.06394558
0.06353994
0.06320745
0.064301655
0.06599082
0.06376057
0.06453369
0.06266394
0.06291451
0.0650629
0.06294534
0.06417407
0.06235891
0.0629374
0.06589903
0.06361294
0.06328929
0.06364158
0.06334882
0.062967435
0.06312304
0.064375274
0.06578678
0.06366023
0.06482909
0.06314914
0.06291921
0.06284428
0.06254114
0.062380053
0.06477468
0.06299045
0.06393526
0.06456915
0.06557419
0.06406414
0.06569982
0.06373844
0.06389548
0.06346687
0.064337134
0.06265572
0.06420248
0.064376734
0.06468901
0.06637247
0.06308215
0.0646807
0.06433554
0.06453171
0.06420843
0.06355238
0.06304104
0.06290735
0.06356286
0.06468367
0.06504117
0.06201582
0.06252709
0.06381947
0.06404509
0.06253409
0.06288665
0.064801715
0.06418818
0.06271597
0.06463372
0.06211885
0.06314657
0.06318033
0.06164977
0.06435969
0.06278293
0.06255418
0.06382782
0.065017186
0.06292108
0.068360485
0.06330723
0.063431494
0.06375772
0.062400945
0.06408051
0.065296054
0.06279968
0.06309822
0.06445093
0.063103646
0.062599145
0.06278601
0.06370923
0.062210597
0.06288766
0.064294785
0.06239491
0.06273703
0.063076794
0.06261178
0.062157568
0.06358221
0.06278608
0.062741004
0.0626895
0.06277371
0.06326565
0.06418303
0.06281665
0.06279624
0.06295255
0.061953593
0.06366829
0.06312223
0.064774886
0.062692165
0.063875295
0.063853554
0.063160494
0.06624841
0.06501588
0.064411834
0.065473944
0.06360196
0.06252847
0.062081598
0.0643793
0.06333553
0.06263967
0.062085476
0.062483933
0.06351144
0.06361631
0.06338283
0.06454812
0.06289628
0.061875112
0.06352102
0.064597175
0.062203668
0.06269242
0.063978784
0.06322133
0.06265418
0.06478409
0.061558936
0.0626419
0.063117065
0.061431542
0.06301199
0.06287385
0.06248173
0.06133974
0.063677706
0.06486338
0.063993596
0.06346463
0.06242266
0.06197264
0.0627247
0.062746
0.06325607
0.06451467
0.0629237
0.062344857
0.06264661
0.064498425
0.061919514
0.06113119
0.06535085
0.06198932
0.062997654
0.062275585
0.06379237
0.06306213
0.06184204
0.063357376
0.062041666
0.06281775
0.06248387
0.06289137
0.062025394
0.06158807
0.062896244
0.06306138
0.062156994
0.063179165
0.0632254
0.062612645
0.062970944
0.06209648
0.06370789
0.061299246
0.063241735
0.064237796
0.06342386
0.06294226
0.06315062
0.06224925
0.06379975
0.06512607
0.062569134
0.06348792
0.0619767
0.063014835
0.06274408
0.0620894
0.06378359
0.06449962
0.062188923
0.062791035
0.06177787
0.06336142
0.06332521
0.061447274
0.06267036
0.062073004
0.062250897
0.062685706
0.061927166
0.061535135
0.0612934
0.06152291
0.06345047
0.06236528
0.06206877
0.06468584
0.062465746
0.06225253
0.06395548
0.061383024
0.06376712
0.06324518
0.062159818
0.061723452
0.062228307
0.06151192
0.06366368
0.06340995
0.062434804
0.06423934
0.0623481
0.060823005
0.062324945
0.06277944
0.06229189
0.06251098
0.06266409
0.0659077
0.06488357
0.061934125
0.061786275
0.06269202
0.06161501
0.06205361
0.06352153
0.062137417
0.06347362
0.062287815
0.06253704
0.06612462
0.06514065
0.061380606
0.064556174
0.064148284
0.062143996
0.06295235
0.06319136
0.062391624
0.062772825
0.0621
0.06223897
0.06118735
0.061551
0.0617701
0.06157202
0.06165923
0.06197636
0.06263827
0.06280794
0.06512499
0.06283479
0.06244925
0.062753186
0.0629864
0.0617993
0.06366679
0.06483074
0.06263831
0.061995756
0.061768558
0.06132575
0.064402334
0.06315991
0.06321956
0.062730566
0.062535316
0.061417516
0.06439925
0.06507283
0.062630974
0.061312355
0.06206948
0.06365686
0.06281004
0.0636354
0.06093566
0.06423871
0.065519646
0.063922025
0.06215008
0.06218822
0.06163482
0.061630048
0.061720967
0.06151567
0.06388485
0.06363857
0.06347254
0.061060984
0.06138668
0.06347833
0.062053684
0.061954968
0.06086542
0.061414428
0.06159809
0.06301801
0.062010076
0.06343979
0.061862808
0.061975382
0.061422907
0.061346527
0.062384415
0.061299276
0.061108485
0.061987948
0.061361816
0.060996205
0.06239954
0.061469242
0.061691254
0.06055109
0.060750842
0.06134775
0.063819446
0.06047547
0.062094793
0.060400404
0.060654443
0.06180106
0.06112012
0.062136844
0.061300606
0.06057222
0.062374625
0.060029957
0.064554706
0.063469455
0.061744437
0.062150333
0.060651243
0.0607107
0.06258902
0.060639847
0.061876923
0.062119488
0.06128721
0.06249218
0.061595075
0.06297722
0.06095212
0.06097982
0.06122306
0.061373457
0.059727184
0.061078228
0.060792174
0.06138915
0.060799442
0.061966732
0.06265938
0.061035946
0.061008967
0.062539086
0.061014514
0.061687868
0.061297975
0.061792154
0.062466957
0.06276694
0.061912224
0.062054522
0.06043124
0.06262405
0.06058958
0.061604798
0.06119454
0.059900265
0.061573394
0.06256119
0.061535995
0.060679127
0.062021255
0.06042155
0.06253528
0.06132515
0.062157627
0.06090696
0.06101226
0.0628447
0.062037542
0.061979458
0.062402997
0.061610617
0.062023602
0.061312683
0.061650816
0.06157285
0.060363207
0.061496884
0.060794335
0.06122239
0.0600049
0.062044274
0.06198605
0.062102772
0.062837176
0.06197216
0.061348405
0.0606548
0.061990958
0.06253068
0.060971566
0.06296575
0.061322667
0.06163231
0.06353444
0.061354067
0.06102608
0.059943113
0.060467176
0.062233888
0.06257248
0.06060945
0.06068893
0.06252116
0.061317842
0.063412614
0.06193794
0.06251033
0.061742295
0.061733034
0.06153407
0.061104886
0.0602685
0.060756415
0.0623251
0.061111573
0.06052456
0.060291726
0.06158395
0.061047465
0.060708042
0.061801866
0.062288232
0.0609041
0.06063365
0.060880564
0.06152546
0.060651235
0.06153564
0.059364367
0.060918897
0.062197052
0.060297847
0.059877515
0.060867146
0.06031313
0.06229791
0.060258728
0.06086575
0.061894774
0.062222764
0.06142124
0.06124746
0.0618391
0.06271113
0.06269935
0.060783345
0.06151762
0.060320366
0.061214026
0.06356233
0.061276786
0.061401777
0.060745686
0.062524915
0.060643245
0.061907504
0.061375055
0.061343487
0.06097182
0.062814645
0.061985366
0.06113181
0.061157443
0.06059052
0.06278056
0.060229093
0.062471192
0.06186936
0.060598597
0.062232364
0.05960205
0.062389065
0.06142005
0.05976306
0.061124876
0.060167544
0.06074921
0.061018128
0.05958658
0.060356215
0.06049341
0.060097985
0.059871193
0.06010854
0.060947612
0.06038147
0.06095966
0.062316608
0.060451332
0.06168651
0.06240142
0.060767002
0.0601281
0.05979546
0.061125487
0.060689956
0.0609828
0.0607858
0.061327428
0.061979286
0.06115423
0.061700776
0.061345268
0.060873874
0.062188786
0.061460625
0.062256094
0.06077678
0.061190285
0.059768338
0.0623116
0.06038523
0.061117403
0.0608368
0.061614685
0.060726345
0.05966354
0.06050272
0.060767602
0.06149198
0.060638223
0.06072407
0.061282124
0.060494706
0.060411777
0.060637914
0.059166417
0.06134146
0.06260872
0.060055014
0.06197325
0.060425907
0.05947965
0.06168745
0.059399918
0.06161932
0.060781855
0.062324345
0.060477853
0.06110838
0.0613393
0.06112721
0.059627984
0.062107034
0.06017243
0.060006678
0.06155722
0.061550643
0.060103644
0.060879
0.062793106
0.060107395
0.063612804
0.060883094
0.061814167
0.060522813
0.059663847
0.061717365
0.059306823
0.059484947
0.060022675
0.060871672
0.061366864
0.059845105
0.06062655
0.05948042
0.060030844
0.060240638
0.059344754
0.059871957
0.060217265
0.061868764
0.061811846
0.06011998
0.06084216
0.059052348
0.061648197
0.060505465
0.060099043
0.059550278
0.059234202
0.059524436
0.06067354
0.060109075
0.060557656
0.059496045
0.060354896
0.06315144
0.06000681
0.059442032
0.059525803
0.061844148
0.059699092
0.061913747
0.06373921
0.059620384
0.059813693
0.0600805
0.059598073
0.062878296
0.06016605
0.061782036
0.061889894
0.059416644
0.060528025
0.057843603
0.059178192
0.05966612
0.061486356
0.06355511
0.0600545
0.063672714
0.05847104
0.05869781
0.061074052
0.060660735
0.05919259
0.05999487
0.059552353
0.062128674
0.060439143
0.06006935
0.059326
0.059293535
0.059162494
0.060364183
0.06016681
0.059100937
0.061270036
0.059796143
0.059252545
0.06079825
0.05939067
0.059736516
0.061034534
0.06264585
0.060494035
0.061107624
0.061582707
0.06146516
0.060944214
0.05994936
0.06005754
0.059521113
0.05909921
0.06089554
0.061718713
0.060991917
0.059275612
0.06051883
0.06090114
0.060249552
0.05996506
0.060820926
0.059341203
0.060690433
0.059973765
0.060851764
0.058810517
0.06021388
0.060226597
0.06002957
0.06026264
0.05936925
0.06000491
0.0616781
0.06271975
0.061684288
0.061089955
0.05866173
0.06014451
0.06037806
0.060715914
0.060435504
0.059905622
0.0591232
0.060651753
0.061445303
0.059988987
0.061543494
0.060713056
0.060474172
0.05982975
0.05919973
0.060148798
0.058397327
0.05922315
0.059980247
0.059052482
0.060222834
0.058346335
0.061376292
0.059375424
0.060041204
0.060927562
0.05946867
0.05904791
0.05992964
0.062163547
0.06146272
0.06069912
0.060679093
0.05999674
0.061582908
0.061962433
0.061154723
0.06096954
0.060327407
0.061777577
0.060711876
0.06315092
0.061172947
0.05980393
0.06083358
0.059502874
0.06068393
0.059534065
0.06000505
0.05971346
0.059077144
0.06037634
0.059372034