20 196.25 0.6 196.86 0.057 15 44 0.33 0.0 
40 194.33 1.16 195.49 0.078 30 93 0.66 0.0 
60 192.46 1.95 194.41 0.112 47 145 1.03 0.01 
80 190.78 2.95 193.73 0.144 59 196 1.29 0.01 
100 189.17 3.61 192.78 0.187 72 248 1.58 0.01 
120 187.61 4.37 191.98 0.216 88 304 1.93 0.02 
140 185.4 5.14 190.54 0.236 98 354 2.15 0.02 
160 183.27 5.91 189.18 0.266 112 406 2.46 0.02 
180 181.97 6.64 188.62 0.284 124 472 2.72 0.02 
200 179.84 7.17 187.01 0.305 138 532 3.03 0.03 
220 179.41 7.83 187.24 0.31 151 592 3.31 0.03 
240 178.49 8.39 186.87 0.327 162 652 3.55 0.03 
260 176.45 9.16 185.61 0.34 176 705 3.86 0.04 
280 175.02 9.94 184.96 0.366 188 759 4.12 0.04 
300 174.14 10.56 184.7 0.37 200 823 4.39 0.04 
320 172.39 11.5 183.88 0.37 212 878 4.65 0.04 
340 171.18 12.1 183.29 0.409 226 935 4.96 0.05 
360 168.91 13.0 181.91 0.43 238 992 5.22 0.05 
