
0.67977756
0.70492184
0.7208121
0.6836782
0.6720865
0.6302058
0.6406326
0.60795105
0.59528685
0.5985926
0.5845574
0.5784233
0.57054526
0.59059894
0.5868192
0.59873384
0.5668779
0.5999526
0.5864793
0.6062733
0.58110636
0.5717592
0.57785666
0.5924839
0.5836868
0.5747045
0.5600564
0.56927836
0.5658353
0.5606421
0.5601961
0.5985043
0.54584366
0.55900896
0.5816364
0.5439244
0.57436645
0.54232657
0.532746
0.5402662
0.5466101
0.5467278
0.5394512
0.52821404
0.5507395
0.5244325
0.5209025
0.52991384
0.52074885
0.5245786
0.5567267
0.5287811
0.5215696
0.5267965
0.5251637
0.52867156
0.5346257
0.52307874
0.5286175
0.5331465
0.51921314
0.5202397
0.5254676
0.5247822
0.5224635
0.53361934
0.5252248
0.5066073
0.5020037
0.506826
0.5143807
0.50222325
0.49929637
0.5163323
0.5082345
0.50513494
0.50351113
0.5214597
0.51762575
0.512746
0.49546865
0.49639177
0.49363703
0.48774675
0.490706
0.4807693
0.48026115
0.48973152
0.49650845
0.47861484
0.4847414
0.49360064
0.49260005
0.47510594
0.48693943
0.52446806
0.49115142
0.47960833
0.48577258
0.4897545
0.4829242
0.47808796
0.4877313
0.47971326
0.4761014
0.47976935
0.4744464
0.47246355
0.4815429
0.4815171
0.4834506
0.46822318
0.47467998
0.47958818
0.47250682
0.46795002
0.46886945
0.47166488
0.46615443
0.47024462
0.47074774
0.4649563
0.4825075
0.46407953
0.47164786
0.4716587
0.47606844
0.46671182
0.4814989
0.45887405
0.48091677
0.46629116
0.47456348
0.45693323
0.4569535
0.44945857
0.4597833
0.46661815
0.463615
0.46294802
0.4653929
0.46289223
0.4559788
0.45532382
0.45450723
0.45484543
0.45983562
0.45813954
0.44942206
0.4512084
0.45520428
0.44837773
0.44861504
0.4654533
0.44389442
0.44767472
0.4420949
0.45228207
0.4478312
0.44657502
0.44517857
0.45364985
0.4325903
0.4490483
0.44628313
0.4466403
0.44001818
0.441519
0.44842553
0.42708245
0.443227
0.43339938
0.42925853
0.43836597
0.44005334
0.43291667
0.42727363
0.43269554
0.44352973
0.43793377
0.43434146
0.42703962
0.43137103
0.4353817
0.42726275
0.42368078
0.4254044
0.42455557
0.41961065
0.42646044
0.41846624
0.42284328
0.4257668
0.41799873
0.42511076
0.41680297
0.42379922
0.4201499
0.4204073
0.42800757
0.414859
0.41272402
0.41699827
0.40434545
0.41186476
0.41956192
0.41440138
0.4103512
0.41410333
0.41570216
0.41358185
0.4013245
0.41268516
0.41003338
0.4022397
0.40510407
0.42275682
0.4124132
0.4082458
0.41013458
0.40109158
0.39918035
0.420622
0.4082417
0.42093244
0.4055883
0.40403795
0.39964086
0.39671093
0.40414906
0.40009686
0.40900564
0.40225548
0.39659345
0.39397246
0.4122027
0.39420146
0.3949963
0.3995058
0.40671492
0.39866644
0.39195263
0.38938972
0.3888774
0.395883
0.39750275
0.40241247
0.39166886
0.40157375
0.40654472
0.3918164
0.39824873
0.38722298
0.3947655
0.3945184
0.3922353
0.38992032
0.3947293
0.39705163
0.40104848
0.40347782
0.39172044
0.39525563
0.39676866
0.3844681
0.38921085
0.3768113
0.38990322
0.38083288
0.3842335
0.3768218
0.38324273
0.3875618
0.40732327
0.3977913
0.38918236
0.39541283
0.3955032
0.400849
0.39378354
0.39503556
0.38798037
0.38010395
0.3806492
0.39648294
0.37967324
0.38123515
0.37133718
0.37897167
0.3819709
0.3790547
0.37857836
0.38654685
0.38209385
0.37337393
0.37311664
0.37228414
0.36712435
0.3726244
0.37068757
0.3710223
0.38270605
0.37997302
0.36799893
0.37092575
0.37085772
0.37611833
0.38555002
0.38970205
0.3892845
0.38140342
0.38524473
0.37823677
0.3686202
0.3668233
0.3806949
0.3677449
0.37449998
0.37593937
0.37505618
0.35989776
0.3619236
0.36383614
0.36462703
0.36024573
0.35862303
0.3694695
0.3620064
0.35817572
0.35886323
0.36363727
0.3624008
0.3619656
0.36412638
0.36296663
0.36778185
0.36413294
0.36805323
0.36798772
0.37046424
0.36911783
0.38472462
0.36072126
0.36531055
0.353413
0.35405636
0.36210135
0.36812925
0.3589627
0.3520509
0.35317612
0.3634115
0.36094493
0.35486233
0.3576295
0.3504467
0.35748067
0.3605444
0.34777316
0.34962195
0.34687814
0.3539525
0.3443115
0.35743436
0.3511946
0.35396275
0.3488539
0.35341334
0.35069382
0.34982288
0.3566092
0.34425798
0.35192856
0.35931143
0.35168642
0.35027927
0.35069203
0.35884526
0.35297883
0.3500028
0.35366315
0.3496542
0.34207523
0.35049778
0.35374218
0.34957686
0.35744423
0.3528347
0.35009402
0.34953475
0.3477907
0.3481912
0.34795302
0.34732515
0.3433015
0.36020765
0.3425506
0.34415272
0.3408159
0.34668592
0.34507176
0.36132872
0.34130254
0.3390597
0.3493576
0.34048682
0.34150758
0.34221178
0.33805364
0.338874
0.34466055
0.3512138
0.34296393
0.34166574
0.33572033
0.34088278
0.33545792
0.34891996
0.3325644
0.33696812
0.33691245
0.35317966
0.3390986
0.34311002
0.34220544
0.34466144
0.3458455
0.3502027
0.3397181
0.3382636
0.33390254
0.3283841
0.3360197
0.33227843
0.32690045
0.33555463
0.3281989
0.32687032
0.32687998
0.32790253
0.32569858
0.32301876
0.33020952
0.3291543
0.33012137
0.32601237
0.33449507
0.3383009
0.32902533
0.33491638
0.33432025
0.33217946
0.3335585
0.33229396
0.3418379
0.3382608
0.34874016
0.33954483
0.3247223
0.3308037
0.33150774
0.33658904
0.32902622
0.33939654
0.32756484
0.3251181
0.32836533
0.32573742
0.3234702
0.32539755
0.32993546
0.32953653
0.32215425
0.33788976
0.3312851
0.334685
0.33137104
0.32334533
0.33048084
0.32510614
0.32281536
0.32360312
0.3219967
0.3179555
0.32055628
0.3384511
0.32033506
0.31550825
0.32789013
0.3196896
0.31628576
0.32161677
0.31922358
0.32456487
0.31314987
0.31886163
0.31991062
0.3158138
0.3207548
0.31814224
0.32299903
0.32290527
0.32122993
0.32035995
0.32024023
0.31969354
0.3209811
0.3180625
0.312435
0.3184605
0.31658536
0.31980965
0.31598154
0.3223918
0.31520262
0.31899014
0.3205841
0.31988728
0.31733674
0.31086037
0.30895627
0.31376132
0.31304303
0.3134973
0.30825162
0.31056553
0.32052097
0.3147961
0.31673577
0.31420773
0.3110797
0.31637412
0.31599283
0.3091038
0.31446517
0.31921715
0.30711746
0.31304076
0.31461918
0.3132474
0.30881
0.31371024
0.3049729
0.3100578
0.3125686
0.30749387
0.31173792
0.3132364
0.31823376
0.30765015
0.31057712
0.31656963
0.31106728
0.31671804
0.3089585
0.30711308
0.3081911
0.3205485
0.30771196
0.30656856
0.30981943
0.32076716
0.31122923
0.31873524
0.31892353
0.31913638
0.31476533
0.31317294
0.30845657
0.3146198
0.31868887
0.30752543
0.3091069
0.30841693
0.30666682
0.30905226
0.3074995
0.3032214
0.30673474
0.3047152
0.3092918
0.3119686
0.30295423
0.30180135
0.29689705
0.30585483
0.3095044
0.2974156
0.30067968
0.29868793
0.29595578
0.30046883
0.29984975
0.30670336
0.306195
0.30327037
0.30278534
0.30018845
0.29975194
0.30332595
0.29763633
0.2982426
0.2991867
0.29776606
0.29894155
0.31441355
0.3039824
0.30269286
0.29727617
0.30449495
0.29838425
0.30296275
0.2962283
0.29469982
0.29701596
0.29825935
0.30305272
0.2974526
0.29177606
0.29728207
0.2970378
0.29131934
0.2947588
0.2984151
0.29873383
0.30225712
0.2940272
0.29719895
0.29137197
0.2947335
0.30216137
0.29256782
0.2984753
0.30145067
0.29107317
0.2974531
0.30141369
0.2954987
0.2912109
0.291868
0.30310857
0.28898597
0.29374173
0.2929505
0.29578015
0.29667515
0.29886326
0.29313517
0.2918694
0.29644188
0.29832184
0.2886485
0.28533295
0.2908794
0.28959495
0.2917229
0.29152167
0.30003437
0.2951205
0.2905085
0.29006922
0.29479393
0.28875455
0.29127735
0.29098034
0.2832743
0.28305542
0.2871874
0.28474706
0.28254947
0.29583955
0.28607103
0.28535846
0.29547206
0.29269996
0.2877186
0.29279262
0.28917724
0.29552415
0.30454502
0.29225233
0.2951725
0.28417066
0.28807485
0.29201448
0.28401887
0.28778407
0.28751677
0.28987253
0.29317856
0.28436467
0.28980237
0.28573108
0.2821923
0.28281158
0.28421333
0.2881277
0.2809562
0.2899372
0.28249222
0.28332898
0.282143
0.28513536
0.2883537
0.2852928
0.2831814
0.28131184
0.2861957
0.278419
0.2825053
0.27881876
0.28655383
0.27635494
0.2887224
0.2820804
0.2820626
0.28465614
0.27853617
0.2817218
0.28482175
0.28313893
0.28467983
0.27813804
0.29663104
0.28155494
0.28912422
0.2796752
0.28421977
0.28023994
0.28259164
0.28578773
0.27755946
0.27687025
0.27597478
0.28628245
0.27702984
0.27677628
0.28161332
0.28114143
0.27878684
0.27631268
0.28267953
0.27894753
0.27564502
0.28527516
0.2862285
0.27466166
0.28264463
0.28153536
0.27833304
0.28091282
0.2745611
0.27352083
0.27791554
0.28220835
0.27709204
0.27695012
0.27338403
0.27641356
0.27892897
0.27550438
0.27061102
0.26866132
0.27225894
0.27316812
0.27890462
0.28599226
0.27379858
0.2752074
0.27777034
0.27882957
0.27197504
0.27235484
0.27138463
0.27402294
0.28544194
0.27205232
0.2771261
0.27153945
0.27065748
0.27045032
0.26840645
0.27593315
0.2719623
0.2700442
0.27081367
0.27135456
0.27475712
0.2737896
0.27014345
0.2673309
0.27086732
0.27566656
0.2758702
0.27405974
0.27126178
0.2689321
0.26388836
0.2738784
0.27051333
0.26937106
0.27338874
0.26833147
0.27068707
0.26657933
0.2707886
0.2700435
0.27284425
0.27487588
0.26831514
0.27026644
0.2757682
0.2709445
0.26899058
0.27223894
0.26601785
0.2709644
0.2718937
0.2653268
0.30398273
0.26933756
0.270317
0.26117373
0.2692251
0.27004126
0.26301786
0.27055112
0.266045
0.27977785
0.2651427
0.26993945
0.26941147
0.26301038
0.26851413
0.2705923
0.2684185
0.26527268
0.2631755
0.26863033
0.26626208
0.26179793
0.26439798
0.26226103
0.26578802
0.2645606
0.27145302
0.26831234
0.26552436
0.26455075
0.2671496
0.26498646
0.26140183
0.2695755
0.2596027
0.26363504
0.26474363
0.27218437
0.25916722
0.26370654
0.25930405
0.25975767
0.2672593
0.26268944
0.2651121
0.26880935
0.26346105
0.25833276
0.26253557
0.26422518
0.25805077
0.26256993
0.2567066
0.26613823
0.26642874
0.26278254
0.26175958
0.2642976
0.2645682
0.2600989
0.26094255
0.25822848
0.25841272
0.26011032
0.26201326
0.25901985
0.257124
0.26381487
0.26130345
0.26066253
0.2613968
0.2618027
0.2615543
0.26676413
0.2574874
0.25681755
0.25965646
0.25946528
0.257655
0.2584035
0.25668648
0.2556519
0.25982702
0.2590249
0.26298276
0.25605133
0.25690594
0.258507
0.25774133
0.25631544
0.2560062
0.25422022
0.25671732
0.25754946
0.25609314
0.25885555
0.25821608
0.26108804
0.25638
0.25515723
0.25607562
0.2601679
0.26157555
0.2582388
0.25628218
0.2622798
0.2546308
0.26151177
0.26271886
0.25610036
0.25398484
0.25762245
0.25393906
0.25794348
0.2563927
0.2601159
0.25414407
0.25267547
0.25377336
0.25672293
0.2590882
0.256079
0.26045194
0.25286654
0.252853
0.25356168
0.26129806
0.2613635
0.25253835
0.25274682
0.25792858
0.2579808
0.26447433
0.2542702
0.25329313
0.25571916
0.24943632
0.2547371
0.25625277
0.2606889
0.25029767
0.25276896
0.25240427
0.26029953
0.25455692
0.26725313
0.25190407
0.24985866
0.25174665
0.252889
0.2513274
0.25076637
0.2520936
0.25185475
0.2541282
0.24655426
0.24879996
0.24743842
0.25395203
0.2526748
0.25560972
0.24870624
0.24898297
0.24728122
0.25451687
0.25590956
0.247583
0.24790964
0.2528911
0.25919595
0.25083417
0.24860725
0.24932115
0.2536797
0.24912597
0.24822022
0.2506475
0.2536161
0.25233564
0.25423372
0.25420693
0.26649398
0.2538177
0.24985224
0.25286758
0.24815689
0.25635725
0.24876502
0.24751541
0.2499219
0.24706174
0.24440522
0.24830434
0.24675816
0.24711047
0.2478004
0.24737285
0.24739702
0.2454034
0.24945684
0.24361795
0.24243502
0.24456058
0.2504358
0.24665187
0.25057796
0.24461073
0.24498594
0.24236713
0.24716428
0.24499999
0.25143713
0.24697432
0.2504787
0.24241546
0.2557985
0.24380332
0.24590819
0.24555889
0.24409425
0.24510646
0.24546815
0.24037859
0.24796054
0.23943254
0.23986952
0.23800182
0.23808894
0.24299994
0.24853013
0.24612643
0.24774304
0.24013196
0.23987105
0.23844585
0.24613644
0.24479702
0.24311118
0.24296337
0.24431084
0.24516545
0.2405132
0.24249043
0.23984353
0.24147867
0.24180502
0.24481647
0.23880774
0.23776275
0.2456718
0.24742392
0.23862948
0.23805119
0.23813564
0.23918366
0.24521054
0.23651728
0.2371558
0.23743682
0.24616593
0.2373393
0.23821843
0.24567236
0.2398213
0.2389981
0.23998156
0.23965837
0.24071665
0.23957382
0.24353464
0.2381726
0.24063538
0.23995242
0.23752101
0.23698096
0.24089162
0.2409102
0.23282987
0.2374337
0.23506637
0.23801544
0.24820277
0.23781945
0.23467624
0.25319767
0.23723151
0.23992962
0.23749217
0.23745687
0.23757522
0.240259
0.23383002
0.23936293
0.2378504
0.23707052
0.24123713
0.23457557
0.24970362
0.23596613
0.2364374
0.2307847
0.23659706
0.24070415
0.24455054
0.23611805
0.23950277
0.24235812
0.23744184
0.23637974
0.24045248
0.24058853
0.23670457
0.2422917
0.24072604
0.23431969
0.23559459
0.23919967
0.23815323
0.246619
0.24377832
0.2372767
0.2392196
0.23738153
0.2434832
0.2357937
0.23733267
0.23634233
0.23557274
0.23418856
0.23664549
0.23667991
0.23835266
0.23369569
0.24047838
0.23815636
0.2366381
0.23507425
0.23199923
0.23269387
0.22914882
0.22831886
0.23205735
0.23811051
0.23135208
0.22934765
0.23119117
0.2327736
0.2323191
0.23075102
0.23444815
0.23331884
0.23334457
0.23142731
0.23601055
0.23908125
0.2339098
0.23116113
0.23232666
0.22885676
0.23441365
0.23817562
0.23551075
0.23444368
0.2300817
0.23504408
0.23957257
0.22991095
0.23657876
0.23197423
0.23427682
0.23368132
0.2289891
0.2337246
0.2325396
0.23651642
0.2351843
0.23154062
0.23185574
0.2322675
0.23292513
0.22857657
0.23912378
0.23360026
0.23032014
0.23560578
0.23930076
0.2305275
0.22980437
0.23366304
0.23453563
0.22940896
0.23277113
0.23482832
0.23211555
0.22555815
0.23776671
0.23922597
0.2290606
0.22765958
0.22757767
0.2295021
0.2347308
0.23116586
0.23044565
0.22652876
0.23732464
0.23150955
0.22887956
0.23266938
0.23116213
0.22370718
0.22741401
0.22669405
0.23121908
0.22798045
0.22913171
0.22516473
0.22901192
0.23124456
0.22933409
0.23049968
0.23540936
0.23296669
0.22942458
0.22889416
0.22734152
0.22675169
0.2311842
0.22893478
0.22912475
0.23166399
0.22553708
0.22603573
0.22950244
0.22689603
0.22943704
0.23202962
0.22528142
0.22703771
0.23309638
0.22936323
0.22864357
0.22770658
0.22797441
0.22610112
0.22685733
0.23254895
0.23236333
0.22809117
0.22406381
0.22849616
0.22407864
0.22786212
0.22768039
0.22586903
0.22542034
0.22309446
0.22561862
0.22508326
0.22807771
0.22515474
0.2254461
0.22642156
0.23370305
0.22710897
0.22627608
0.22515292
0.22404428
0.22868185
0.22610717
0.22477038
0.23136815
0.22448839
0.22697328
0.22258857
0.22952262
0.22908607
0.22413962
0.23252486
0.23194546
0.22197399
0.22775742
0.22193986
0.22236869
0.22463949
0.22439504
0.22234514
0.2238465
0.22322015
0.22134458
0.22278969
0.22949158
0.22161932
0.22361591
0.22919391
0.2254389
0.22103234
0.22854969
0.22564682
0.23652007
0.22777094
0.22399814
0.23208475
0.22318874
0.22448719
0.22605564
0.22441971
0.2296802
0.22802977
0.23070286
0.22260085
0.22594275
0.22535951
0.22271535
0.22655214
0.22221382
0.22505736
0.22936033
0.22374195
0.22238588
0.22444956
0.22262055
0.22113506
0.22470039
0.22122343
0.21991836
0.22128873
0.22646232
0.22189845
0.22471108
0.21930028
0.22695906
0.2186492
0.22236674
0.22761452
0.22275741
0.21993564
0.21913913
0.22122328
0.22149839
0.22069927
0.22295964
0.22010449
0.21869487
0.22291312
0.22144315
0.22161205
0.2272664
0.21942346
0.21716578
0.21713208
0.21845207
0.2185714
0.21891089
0.2181281
0.21833949
0.21531157
0.21898529
0.21608415
0.22033857
0.2192761
0.2183078
0.22071537
0.22106554
0.21769702
0.21687643
0.22453831
0.2189197
0.21869339
0.21919513
0.21554123
0.21871755
0.21833155
0.220908
0.21914726
0.22297908
0.22327325
0.216933
0.22362821
0.2271526
0.221643
0.21445855
0.21992446
0.22021909
0.21802688
0.21578664
0.22228736
0.21558043
0.21403432
0.21516925
0.22046155
0.217019
0.21482363
0.21650971
0.2160058
0.21887958
0.21464592
0.21665674
0.21340413
0.216487
0.21928728
0.22291821
0.21512377
0.21675938
0.2140386
0.21924667
0.21135414
0.22089343
0.2121665
0.2131514
0.2251821
0.22021113
0.21541017
0.2142242
0.21399406
0.216067
0.21540633
0.21305487
0.21732233
0.21474692
0.2176291
0.21639998
0.21402332
0.21841212
0.21347705
0.21687645
0.223112
0.21602699
0.21975553
0.21787818
0.22144164
0.21549867
0.21113919
0.21184556
0.21292198
0.2135152
0.21881095
0.22127862
0.22072585
0.21432428
0.21555495
0.21814321
0.2147189
0.2123451
0.21293053
0.2165651
0.2153537
0.21644019
0.219325
0.21964599
0.21595521
0.21620205
0.21283828
0.22224732
0.21273077
0.21431819
0.21373425
0.2172866
0.21399508
0.21490052
0.21136539
0.21695986
0.2116706
0.21174602
0.21820852
0.21720569
0.21325512
0.22004394
0.21168597
0.21365401
0.21438107
0.21211928
0.21061997
0.21893127
0.21312128
0.21457508
0.21338771
0.2171732
0.21328267
0.20765646
0.21142325
0.21293527
0.21195354
0.21007673
0.20919593
0.21278624
0.21211499
0.20945959
0.21596198
0.21019758
0.20986791
0.21447046
0.21091579
0.20740072
0.21468021
0.21064866
0.21214837
0.2169092
0.21497998
0.21012272
0.21641289
0.21543115
0.21098712
0.21202427
0.21433078
0.21029726
0.21222164
0.21324074
0.21841086
0.21894433
0.20934758
0.2110678
0.21570866
0.21355999
0.22023547
0.21362858
0.21089135
0.2154268
0.21881385
0.21464993
0.21229963
0.21316305
0.20773683
0.21638957
0.21127602
0.21224447
0.21125048
0.21284948
0.21615826
0.21126479
0.21069048
0.21608904
0.21031055
0.20721322
0.21557386
0.20664883
0.21622968
0.21008965
0.21781434
0.21189094
0.21118072
0.20852828
0.21500418
0.20629247
0.21411428
0.2103263
0.21236296
0.21104282
0.20970944
0.21592443
0.206197
0.20757435
0.21083903
0.20916885
0.21273199
0.20653167
0.20988943
0.20956984
0.21120553
0.21010876
0.2093222
0.20825972
0.21267813
0.20936517
0.20331134
0.20476903
0.20542565
0.20635836
0.20778322
0.20997833
0.21082799
0.20602438
0.20472461
0.20698187
0.20667896
0.20840372
0.20872878
0.20429027
0.20407528
0.20650904
0.21086782
0.20736252
0.20574987
0.20533791
0.20822378
0.20935473
0.20402873
0.20576923
0.20863715
0.21036312
0.20759948
0.20947304
0.20579825
0.21147807
0.20665012
0.21360032
0.2113957
0.20987111
0.20786634
0.20739025
0.20488364
0.20663889
0.20769529
0.21103145
0.20646007
0.21363357
0.20600028
0.2078294
0.2124648
0.20694503
0.20984095
0.2106236
0.21073882
0.21301204
0.21014014
0.2060944
0.209009
0.21081236
0.20709541
0.21225479
0.20821016
0.20695302
0.20927688
0.20625895
0.20794477
0.21016075
0.20503235
0.21069089
0.2062566
0.20799872
0.20660838
0.2064443
0.20438823
0.21116626
0.20320936
0.20498045
0.20604584
0.20375794
0.21281558
0.20794727
0.20525445
0.20730697
0.20347236
0.21016987
0.20361857
0.21300514
0.20289162
0.20372747
0.20456584
0.20808943
0.20645466
0.2081895
0.20625748
0.20383197
0.20476876
0.20526366
0.20292802
0.2011508
0.2015525
0.2066306
0.21271177
0.20905223
0.20647846
0.20345248
0.20855957
0.20527317
0.20451364
0.20057927
0.20660193
0.20701884
0.20719463
0.2108721
0.20950301
0.20988268
0.20307428
0.20209096
0.21002981
0.20399061
0.20538798
0.20444497
0.20133434
0.20219414
0.20203558
0.20145878
0.20579797
0.20379278
0.2010473
0.20209472
0.20223181
0.20852768
0.19985355
0.200419
0.20463417
0.20374577
0.20393342
0.20452122
0.20665774
0.20401038
0.20434523
0.20503455
0.2050655
0.20353036
0.20405725
0.20531198
0.20294555
0.20249732
0.20230141
0.19953772
0.20518838
0.20412393
0.20212112
0.2027754
0.20262206
0.20411852
0.20449269
0.20286407
0.20177382
0.2015734
0.20894067
0.20542718
0.20657553
0.20264482
0.19776736
0.20357119
0.2135698
0.20707008
0.20616528
0.20166163
0.2005906
0.20237598
0.19920556
0.20728062
0.20911236
0.20071462
0.20195174
0.2062447
0.20173292
0.20083722
0.20144382
0.20056126
0.19893417
0.20236368
0.19820641
0.2052768
0.20448434
0.20421553
0.20531002
0.20381492
0.20291422
0.20387204
0.20171386
0.2072704
0.2060143
0.20361117
0.20146105
0.20390697
0.20268022
0.20026894
0.2087997
0.19903097
0.20455453
0.2005455
0.19876002
0.20230469
0.2032534
0.20067897
0.20001532
0.20063278
0.20302406
0.19749984
0.20117354
0.19808996
0.1984824
0.19923833
0.20386301
0.19943519
0.2030103
0.20409174
0.20294136
0.20288762
0.20682804
0.2073477
0.206069
0.20099999
0.19910067
0.19797261
0.20343721
0.20388925
0.20419542
0.20307148
0.1989508
0.1982487
0.19843933
0.20395605
0.20440312
0.20125356
0.2066756
0.20316331
0.2024054
0.20165826
0.2027471
0.19915348
0.19750552
0.20271152
0.19822577
0.20033996
0.19810899
0.19674532
0.200038
0.20012909
0.19450283
0.19851993
0.19540502
0.2023093
0.20044057
0.19621415
0.19649775
0.19610678
0.1966046
0.2049169
0.19423407
0.1944239
0.19682512
0.1991131
0.19836238
0.19899458
0.20144767
0.19655766
0.19437204
0.19533174
0.19890533
0.19373988
0.19903447
0.20431794
0.19605967
0.2011948
0.20285618
0.19855426
0.19992977
0.19891453
0.19361442
0.19802758
0.2041449
0.19688879
0.19685999
0.19803393
0.1987158
0.19935088
0.20260118
0.20319211
0.19826898
0.19600655
0.1944808
0.19527465
0.19826208
0.2019713
0.20344694
0.20142968
0.20369743
0.1978524
0.20181955
0.19711216
0.19878626
0.19780244
0.2035592
0.19932127
0.19964062
0.2002086
0.20439678
0.19866426
0.19854555
0.20882194
0.19568649
0.20033014
0.2035761
0.19841598
0.19615524
0.19916856
0.19764215
0.19685367
0.20212626
0.19812334
0.19780758
0.20228401
0.19864371
0.2015599
0.20025505
0.19878177
0.19744514
0.2033161
0.19814397
0.1989192
0.200805
0.20388436
0.20147952
0.19712766
0.19552998
0.19870281
0.19895644
0.20009817
0.19849405
0.20289448
0.19856876
0.1951279
0.19806051
0.20472863
0.20214173
0.19781412
0.19792211
0.19841006
0.19949955
0.19536594
0.20401289
0.2016497
0.203774
0.19964792
0.19526137
0.20376539
0.197552
0.19488993
0.20173986
0.1944407
0.19621363
0.20665294
0.1953673
0.19372219
0.19590618
0.19456692
0.19202086
0.19389503
0.1965839
0.19852984
0.19538315
0.19340664
0.19273053
0.19224548
0.19709535
0.19402182
0.1967344
0.19128343
0.19268398
0.19906716
0.19808131
0.19318137
0.19724771
0.19476375
0.19542304
0.19857356
0.19443242
0.19931452
0.19849418
0.19631864
0.19292694
0.19645149
0.19401722
0.1940868
0.19570015
0.19460623
0.19182786
0.1948875
0.19647557
0.19339927
0.19706585
0.1950966
0.18956998
0.19381396
0.19275936
0.19096039
0.19094758
0.1981955
0.19662827
0.19432564
0.19445127
0.19695209
0.19441955
0.19649887
0.1929044
0.1922349
0.19183308
0.19769312
0.19072431
0.19590022
0.19365484
0.19057503
0.19462472
0.20209089
0.1965062
0.19729906
0.19290338
0.1930599
0.19194455
0.18996732
0.18963216
0.19567548
0.19234592
0.19621421
0.19608821
0.19062355
0.19111772
0.19097702
0.19225179
0.19110085
0.19624336
0.19092879
0.19292702
0.19675067
0.19305073
0.19616723
0.1918849
0.1886845
0.20265608
0.19605343
0.1924255
0.19113326
0.19393644
0.19018726
0.19233806
0.18888566
0.19570352
0.19254522
0.1930281
0.19405967
0.19350614
0.1951862
0.19246127
0.19499327
0.19665015
0.19132975
0.19310124
0.19156863
0.19122224
0.19022602
0.18968767
0.19111805
0.19287834
0.19506785
0.19128239
0.19113545
0.18803363
0.19007951
0.19009556
0.19045651
0.19043958
0.18803957
0.19150804
0.19111158
0.19092214
0.19188823
0.19599599
0.19209944
0.19312298
0.19238056
0.19019188
0.19354755
0.1912289
0.20183387
0.19810133
0.19876094
0.19129921
0.19173022
0.19323595
0.19220765
0.18883681
0.19086693
0.18874654
0.19026753
0.19379559
0.1947716
0.19084609
0.18695399
0.19159447
0.19047955
0.18881157
0.19189319
0.19111313
0.18843651
0.18955842
0.19379346
0.19627039
0.19281068
0.19443525
0.18746753
0.18867093
0.18895602
0.18922201
0.18962134
0.19589102
0.1937177
0.18666346
0.19166604
0.18775682
0.19161159
0.18871228
0.18580188
0.18828005
0.18646678
0.1926956
0.18910317
0.19335681
0.1884001
0.18848981
0.18732691
0.19031957
0.18287
0.18841052
0.19139303
0.18758741
0.19173722
0.18636827
0.18761832
0.18744409
0.18931273
0.18876848
0.19135404
0.19413969
0.18666713
0.19029808
0.19233365
0.18715897
0.18847342
0.18578382
0.18771933
0.19532399
0.19449948
0.18955816
0.18565162
0.18505235
0.19123483
0.18972524
0.19007678
0.18616258
0.18604732
0.18832842
0.1840823
0.18804827
0.18216233
0.18672253
0.18467678
0.18375543
0.18543917
0.18668437
0.18467505
0.18428561
0.18679874
0.18531725
0.18601802
0.18814065
0.18571375
0.18500298
0.18439999
0.1848063
0.1884955
0.18292524
0.18805389
0.18634838
0.18299711
0.18508297
0.18439533
0.19026509
0.1828534
0.18487939
0.18768546
0.19215077
0.19143662
0.18508889
0.18320857
0.18390429
0.19207926
0.19069459
0.18952703
0.18759088
0.18483014
0.18901071
0.18817905
0.18689679
0.18602231
0.19314554
0.18672006
0.19187541
0.18574965
0.18680932
0.18684
0.18933292
0.18588926
0.1895184
0.18409556
0.19013928
0.18487811
0.18505503
0.18510416
0.18984407
0.18585597
0.18921536
0.19257382
0.1878722
0.18949026
0.18286562
0.1914343
0.18339601
0.18645866
0.18572319
0.19259667
0.1904223
0.18457587
0.18544766
0.18450715
0.18869539
0.18442298
0.1847019
0.18180014
0.1814518
0.18333049
0.18250595
0.18343505
0.18153092
0.18588409
0.1898636
0.18879622
0.18591525
0.18253908
0.18555824
0.18299833
0.18129846
0.18545876
0.18366165
0.18997659
0.18409587
0.1854323
0.18211448
0.18541893
0.18094744
0.18569209
0.18072106
0.18069819
0.17959836
0.18626072
0.18277575
0.18094292
0.18584217
0.18569086
0.18625216
0.18496981
0.1840569
0.18082492
0.18491095
0.18309948
0.18309827
0.1808361
0.18459459
0.18644533
0.18201299
0.18143229
0.18210913
0.18536639
0.18329804
0.18356092
0.18145816
0.1932754
0.18304569
0.18516341
0.18185496
0.1875888
0.18477261
0.1888674
0.18268543
0.18263242
0.18462358
0.18035257
0.18963759
0.1845983
0.18170147
0.18253808
0.18452746
0.1799939
0.18601629
0.1841272
0.18132226
0.18301192
0.18318452
0.18393779
0.18614157
0.18326247
0.1789097
0.18496495
0.18451877
0.18131085
0.18346786
0.18200088
0.18111333
0.17965811
0.18158938
0.18202943
0.18303688
0.18249324
0.18079036
0.18479323
0.1832391
0.18136372
0.18550706
0.18531401
0.1828934
0.18316641
0.18239196
0.17872563
0.18342796
0.18246129
0.18705188
0.18442611
0.18682884
0.18194206
0.17759292
0.18346024
0.17988725
0.17859638
0.18025587
0.18596716
0.18462098
0.17977947
0.19034036
0.18080288
0.1913598
0.1869994
0.18176417
0.18670405
0.18415275
0.1816999
0.18169934
0.18629804
0.18157202
0.1868498
0.18195945
0.18126073
0.18127026
0.18641715
0.18309873
0.18228282
0.18435594
0.17926042
0.17981334
0.18067952
0.17934035
0.17950124
0.1828785
0.18281698
0.17799492
0.180435
0.18465023
0.17905559
0.17962722
0.17809239
0.18265428
0.18013811
0.18217205
0.1834611
0.18556565
0.17979477
0.18282455
0.17983492
0.18030378
0.17902856
0.17925799
0.17805928
0.18326285
0.17966549
0.18155046
0.18265365
0.1789944
0.18678258
0.17862196
0.18222705
0.1798576
0.18076429
0.18088686
0.18036215
0.18484932
0.17992562
0.17683521
0.1800404
0.18077229
0.17705545
0.18033119
0.18063417
0.18071583
0.18360001
0.17997736
0.17826918
0.17690611
0.18711223
0.1822473
0.18229707
0.18402706
0.18240303
0.17991695
0.18339595
0.17974901
0.18021415
0.18184017
0.18082838
0.17984487
0.18104833
0.17864
0.18017375
0.1768478
0.17804696
0.18655327
0.18021262
0.18296081
0.18342148
0.17686461
0.17969242
0.18015051
0.17912148
0.18124697
0.17841694
0.17851439
0.18029706
0.18372075
0.18208538
0.17944327
0.17960238
0.18108755
0.17936274
0.17867142
0.18172878
0.17961702
0.1791356
0.17781779
0.1774611
0.18079104
0.17876883
0.17935492
0.17864475
0.18306504
0.18117101
0.17752887
0.18295059
0.17904714
0.17893821
0.18239368
0.18355334
0.18209739
0.1782442
0.18224594
0.17904407
0.18246713
0.17736714
0.1776459
0.18067163
0.18038744
0.17609875
0.18067656
0.1785778
0.17903264
0.17828296
0.17589393
0.17746489
0.17760463
0.18174085
0.17885157
0.17611633
0.1804702
0.17914894
0.1784652
0.17757364
0.18423578
0.18002428
0.17678912
0.18004303
0.17854525
0.1771593
0.17861924
0.18006943
0.17793243
0.1778763
0.17920858
0.18269618
0.19003756
0.17741805
0.17752527
0.1819106
0.18112105
0.18986523
0.17707668
0.1751422
0.1753948
0.1770592
0.17483696
0.17991368
0.17713203
0.18081924
0.17770667
0.17811066
0.18188319
0.17824623
0.1762276
0.1767903
0.17578235
0.17596732
0.17473161
0.1779637
0.17553231
0.17567886
0.18076959
0.18090424
0.17512694
0.17586757
0.17314632
0.17564727
0.17892684
0.17678104
0.17749602
0.17824833
0.17584547
0.1762058
0.17463532
0.1741706
0.18245961
0.17547031
0.17886661
0.17631294
0.17811082
0.18025473
0.17577517
0.17940591
0.17827506
0.17972338
0.17964718
0.17859685
0.1745904
0.1769962
0.17745405
0.17687
0.17934725
0.17596786
0.18141316
0.18002328
0.18018584
0.18674803
0.17844908
0.18467158
0.17709713
0.18232214
0.17653212
0.17880554
0.1781926
0.17647065
0.18790533
0.18444724
0.18605071
0.17608798
0.17620064
0.18099028
0.18102615
0.17922851
0.17972457
0.1805114
0.17488444
0.17741825
0.1779776
0.18036607
0.17569098
0.17825364
0.17881644
0.1800821
0.17676836
0.18043868
0.17810306
0.17821097
0.1808205
0.17828459
0.1786389
0.1798803
0.1756623
0.18163367
0.17408775
0.17690329
0.17637932
0.17735694
0.17810953
0.17718723
0.17799215
0.17874211
0.1764384
0.17511266
0.17541991
0.1759279
0.17830469
0.17483692
0.17397365
0.18079062
0.1766557
0.17479539
0.17788005
0.17680366
0.1806227
0.17976828
0.1767523
0.17528296
0.174637
0.17922507
0.1761635
0.1776315
0.17901686
0.17586629
0.17736581
0.18186507
0.17990418
0.17599174
0.1753669
0.17638987
0.17614096
0.18164799
0.17433552
0.17613848
0.17776604
0.17841683
0.17649828
0.17496258
0.17879598
0.17229407
0.17692263
0.17597923
0.17317055
0.17652746
0.17365319
0.17296684
0.17404324
0.17392072
0.17602003
0.17734544
0.17280328
0.17680411
0.17644055
0.18276793
0.18044771
0.17476217
0.18072242
0.17735957
0.1746125
0.17649174
0.17442754
0.17660116
0.17244822
0.17654635
0.17408724
0.17629981
0.17486279
0.1779124
0.17704527
0.17644984
0.17405556
0.1758604
0.17587246
0.17294352
0.17558075
0.17430137
0.17627893
0.18269451
0.17842945
0.1748002
0.17714135
0.17605972
0.17696445
0.17419578
0.17355491
0.1753953
0.17348509
0.17800654
0.1725735
0.17779575
0.1731963
0.17674212
0.17740469
0.18104692
0.17220291
0.17434263
0.17290683
0.17637987
0.1771738
0.17594908
0.17226784
0.17448033
0.17524354
0.17126349
0.17307486
0.17566337
0.17472884
0.18501891
0.1747203
0.17721555
0.18280499
0.17259221
0.17244978
0.17287014
0.17020734
0.17374289
0.17383164
0.17512016
0.1767149
0.17641018
0.17470643
0.17578004
0.17412199
0.17998017
0.17353414
0.17437187
0.17248794
0.17146333
0.1738588
0.17583838
0.17309679
0.17710403
0.17241694
0.17480764
0.17762828
0.17605974
0.17394422
0.18153562
0.17408527
0.1728519
0.17541566
0.17692588
0.17310497
0.17464472
0.17152514
0.17420636
0.17352124
0.17275965
0.17790167
0.174708
0.17723608
0.1726961
0.17194402
0.17152926
0.1745771
0.17072333
0.17563954
0.17593412
0.17548817
0.17349446
0.17422293
0.17469916
0.17192633
0.17136936
0.17297591
0.17988844
0.17348371
0.17437829
0.18204118
0.17911522
0.17104593
0.17991507
0.17405465
0.17337336
0.17257895
0.1712479
0.17524128
0.17317137
0.17117329
0.17476936
0.17181762
0.17202616
0.17178437
0.17071094
0.17285006
0.17488563
0.17431493
0.17907293
0.17187804
0.17630158
0.17159061
0.17201437
0.17438318
0.17467171
0.16923109
0.17307101
0.17382342
0.17939027
0.17102668
0.17251985
0.16774943
0.16780482
0.17219944
0.16767691
0.16977888
0.17280836
0.17535053
0.17385967
0.17615172
0.17268345
0.17002298
0.17184167
0.17111443
0.17264423
0.17060977
0.17193523
0.17018324
0.17686586
0.1752726
0.17281868
0.1708717
0.17375836
0.16995643
0.17049944
0.1717785
0.17458507
0.17177483
0.17325707
0.17151801
0.17398007
0.17654839
0.16885234
0.17098376
0.16993412
0.16912167
0.17552598
0.16909876
0.17672488
0.17270114
0.17250957
0.17305237
0.17278403
0.17160343
0.17042062
0.17182922
0.17547305
0.17431735
0.17078118
0.17058067
0.16872609
0.17092015
0.16999716
0.16767602
0.16950066
0.17132577
0.1688783
0.17061122
0.17325301
0.17041259
0.17090766
0.17383572
0.1698894
0.17312683
0.17038418
0.17253697
0.17685376
0.17213066
0.17468636
0.17225142
0.1695062
0.17007105
0.17023416
0.17351705
0.17168972
0.17003852
0.17071506
0.17194483
0.17940342
0.17208514
0.1754521
0.17275731
0.17330387
0.17589626
0.17944556
0.17339297
0.1749768
0.17440343
0.17450148
0.17510265
0.17436175
0.17559668
0.17334239
0.17678557
0.17098941
0.1730775
0.17400126
0.17377917
0.17442138
0.17239246
0.17215091
0.17275393
0.17487721
0.17078418
0.1709371
0.17605822
0.17227013
0.17238422
0.17329596
0.17593656
0.17121582
0.16887496
0.17023486
0.17383981
0.17085019
0.17248309
0.17846131
0.17533153
0.17414528
0.1722522
0.17349233
0.17303813
0.1743306
0.16996388
0.17066716
0.17107461
0.16871917
0.17275117
0.16735826
0.17212442
0.1686121
0.16791223
0.17349522
0.16955227
0.16955043
0.16975316
0.17391422
0.16942823
0.1756848
0.16810738
0.17053728
0.1703622
0.17105895
0.17077263
0.16879779
0.16881517
0.1718575
0.17133638
0.16889156
0.17051224
0.16963388
0.16908
0.170075
0.16952938
0.17137226
0.16857088
0.16883574
0.16859946
0.17000274
0.16998048
0.17004736
0.17065658
0.1696378
0.16634014
0.16624351
0.16972278
0.16602454
0.16415562
0.1673544
0.16919036
0.17370194
0.16718172
0.16628471
0.16964874
0.16961803
0.16722947
0.16777055
0.16737367
0.16834883
0.1678766
0.16809048
0.16871248
0.16703442
0.17003626
0.16967836
0.16490206
0.17270763
0.16564927
0.16565987
0.16604544
0.16601624
0.16658756
0.16791049
0.16767713
0.1710138
0.16968356
0.1695653
0.16946043
0.1726575
0.16820335
0.16582082
0.1685083
0.16773035
0.16761413
0.16931674
0.16606656
0.16715851
0.16594692
0.1659199
0.16785678
0.16845773
0.16782409
0.17550255
0.17088203
0.16575171
0.16485389
0.16687015
0.16692561
0.16910037
0.16748816
0.1685949
0.16463526
0.16602191
0.16494961
0.17155522
0.16605935
0.1671878
0.16438906
0.17167406
0.16782025
0.16795619
0.16593654
0.16778618
0.16637026
0.16690756
0.16717236
0.16721764
0.16725965
0.16959453
0.16970408
0.17028171
0.16478719
0.16442822
0.16696115
0.16549213
0.16934662
0.16667871
0.17091358
0.16536392
0.1639535
0.16929413
0.16849981
0.16579914
0.16741979
0.16426541
0.16745114
0.16680807
0.17100437
0.1675461
0.16908763
0.16673204
0.16559823
0.17126617
0.1654221
0.16720304
0.16886999
0.16900547
0.16846229
0.17065495
0.16793147
0.16852836
0.1667431
0.16540575
0.16505794
0.16489469
0.16984268
0.16353127
0.16663049
0.17195256
0.16455048
0.17034458
0.16983667
0.1686041
0.1653707
0.16471407
0.16994898
0.16742705
0.17257947
0.16662031
0.16506879
0.16470191
0.17180286
0.16905597
0.17319483
0.16838099
0.16964442
0.17210543
0.16927992
0.16825329
0.17086224
0.16944106
0.17440362
0.16651003
0.16802114
0.17327431
0.17048594
0.1694958
0.16849494
0.16580999
0.16675326
0.1697174
0.17161995
0.17094943
0.16988139
0.16629612
0.17482063
0.17172049
0.17615001
0.16955185
0.16929765
0.16801973
0.16726753
0.16511965
0.16495611
0.16657993
0.16956173
0.16382775
0.16976921
0.16587901
0.16553502
0.16663644
0.16625409
0.16777867
0.16955148
0.165532
0.16663222
0.16659859
0.1643227
0.16849343
0.16640428
0.16299804
0.16748536
0.16717441
0.16614836
0.1702274
0.16764803
0.16803442
0.16845684
0.17193104
0.16793251
0.17136069
0.16597888
0.16832347
0.16846459
0.16854616
0.168446
0.16587228
0.16573755
0.16550097
0.16827168
0.1686334
0.1686631
0.16241582
0.16516028
0.16626462
0.16697434
0.16680455
0.16261695
0.16626248
0.1634684
0.16693078
0.16569592
0.1648321
0.16295245
0.16422847
0.16244084
0.16734813
0.17138611
0.17009595
0.16540284
0.16478021
0.16604342
0.17085259
0.16752546
0.16760935
0.16515012
0.16358447
0.1645108
0.16334654
0.16255002
0.16263078
0.16535611
0.16280307
0.16503453
0.16603872
0.1625878
0.16539061
0.16260685
0.1628553
0.167816
0.16693594
0.16448484
0.1669781
0.16635874
0.16739146
0.16659318
0.16461803
0.16436861
0.16478555
0.16716781
0.16667716
0.16578215
0.16378026
0.16539349
0.16512293
0.17020439
0.1669867
0.1674535
0.1648332
0.16456309
0.16617021
0.1694507
0.16549657
0.16986948
0.16566503
0.16490428
0.16255629
0.16530569
0.16587463
0.16455333
0.16300412
0.16363461
0.16383113
0.16484337
0.16420062
0.1653404
0.16231473
0.16393308
0.16636616
0.16287342
0.1640291
0.16612057
0.16411671
0.16256158
0.16488214
0.16511078
0.16624975
0.16203184
0.16619998
0.16353402
0.16524114
0.17024377
0.16430272
0.16264702
0.16315548
0.1624191
0.16695558
0.16823556
0.16672184
0.16588587
0.16562401
0.16114663
0.16134457
0.16243069
0.16451599
0.16438799
0.16674376
0.16614427
0.16300634
0.16345957
0.1620138
0.16329685
0.16172414
0.16433227
0.1655753
0.16276856
0.16115417
0.16684753
0.16269872
0.1646071
0.16581967
0.162595
0.16430631
0.16411811
0.16307195
0.16089565
0.16393796
0.16121572
0.16317247
0.16501799
0.16283324
0.16565987
0.16429901
0.15977784
0.16315256
0.16230612
0.16174024
0.16775312
0.16189855
0.16617271
0.16206197
0.1624329
0.16606717
0.16783153
0.163347
0.16258985
0.16554517
0.16248159
0.16542403
0.16585475
0.16148186
0.1616471
0.16254266
0.16355826
0.16238828
0.1659312
0.16533963
0.16158459
0.16059154
0.16480346
0.1653861
0.16768037
0.1636162
0.16282406
0.16853145
0.16416813
0.16307119
0.16304286
0.16572024
0.16709024
0.16252014
0.15979524
0.15860371
0.16522554
0.16056663
0.15923904
0.16163678
0.16562271
0.16364413
0.16311975
0.15998343
0.16316846
0.16102551
0.16249318
0.16073905
0.16385701
0.15955184
0.16136399
0.16164666
0.16466069
0.15903185
0.16081843
0.16280022
0.1621747
0.16287522
0.16158777
0.16043502
0.1599848
0.16106424
0.16225937
0.1585597
0.16047159
0.15959802
0.1642559
0.15925615
0.16418195
0.16174294
0.1613894
0.16180874
0.15783398
0.16231006
0.16697721
0.1621348
0.15980396
0.16035594
0.1607163
0.16478479
0.16213813
0.16294348
0.16293299
0.15998648
0.1626807
0.16117008
0.16264744
0.16520014
0.16592924
0.16209625
0.16298987
0.1628393
0.16402726
0.16033128
0.16217697
0.16784173
0.16005054
0.16812107
0.15965882
0.16148522
0.15739875
0.16088168
0.16304924
0.16411564
0.16506064
0.16005203
0.15800466
0.1666472
0.16534701
0.16348164
0.16139302
0.15946051
0.15670905
0.15714915
0.16188675
0.15612353
0.16148841
0.16167678
0.16208577
0.16025329
0.16329494
0.16194047
0.15998505
0.16630147
0.16159135
0.16235466
0.16181302
0.16018477
0.16289069
0.16154164
0.16204357
0.15934396
0.16380616
0.160201
0.15885678
0.15853412
0.16141479
0.16477872
0.1580934
0.15732752
0.15664381
0.15721741
0.16449586
0.1593313
0.15953201
0.1580686
0.1602295
0.1633662
0.15925963
0.159432
0.16034575
0.1575827
0.15830351
0.1640737
0.15893215
0.16060993
0.15911573
0.16178308
0.16053891
0.16091858
0.15737064
0.15958215
0.16125126
0.15921591
0.16533013
0.16054673
0.16215166
0.16190208
0.1625477
0.16082712
0.15763354
0.15948194
0.16107401
0.16075797
0.16280861
0.15856105
0.16100362
0.16119452
0.15870139
0.16620877
0.16319017
0.15797582
0.16326195
0.16082428
0.15910919
0.15721138
0.15668067
0.1669326
0.1612363
0.16285105
0.15925248
0.16055937
0.15912157
0.1612813
0.15815753
0.16177125
0.15947895
0.16153198
0.16178474
0.1582106
0.16311242
0.16326645
0.15935837
0.15819208
0.16119628
0.1631241
0.16163096
0.15999243
0.1633506
0.15955652
0.16254176
0.16710046
0.15761644
0.1601629
0.15974575
0.16133489
0.16097751
0.16061248
0.15874982
0.1565563
0.15857236
0.15844142
0.16031125
0.16649176
0.15748659
0.15763155
0.1592349
0.15978932
0.15833934
0.16266717
0.15966214
0.15656628
0.16019869
0.16132972
0.16141887
0.15869892
0.15908693
0.1562315
0.15604103
0.1569235
0.16177094
0.15932159
0.16287579
0.15792653
0.15991035
0.15827532
0.15625687
0.15757568
0.16062145
0.1573744
0.15784992
0.1590317
0.15896583
0.16061823
0.1582009
0.16106917
0.15945615
0.16176067
0.15740265
0.15953167
0.16028573
0.15916729
0.1585939
0.15897948
0.15970133
0.15963931
0.16254805
0.15665506
0.15887517
0.16018143
0.16211648
0.15841444
0.15675056
0.16128546
0.15619887
0.15898073
0.15573362
0.15814209
0.15864186
0.15807027
0.15762581
0.15668306
0.15770498
0.15879875
0.15919952
0.15737759
0.16113527
0.15814231
0.1626618
0.16094647
0.16276601
0.15750684
0.15867122
0.16044316
0.1649149
0.15652491
0.15589851
0.15710321
0.1596938
0.15832849
0.15784599
0.16029519
0.16033287
0.15955372
0.15853669
0.15723431
0.15907551
0.15908562
0.15707013
0.16259794
0.15659748
0.15817669
0.15835547
0.16255496
0.1578069
0.16007268
0.16435638
0.15499155
0.15724078
0.15720348
0.15896082
0.15551448
0.15853117
0.15622765
0.1565419
0.15841094
0.1587198
0.15504867
0.15645164
0.15851909
0.15831903
0.16007684
0.15622507
0.16692136
0.16143511
0.16051617
0.16590482
0.15664369
0.15761723
0.16129488
0.15766855
0.15556361
0.15648948
0.15981759
0.16129598
0.1621343
0.15605074
0.15974362
0.15845758
0.1585478
0.15727085
0.15767355
0.15638188
0.15522541
0.16301046
0.15699098
0.15579145
0.16047798
0.15826765
0.15885375
0.16196004
0.15844007
0.15889303
0.15794405
0.15868703
0.16103457
0.15797842
0.15835965
0.15537001
0.15954284
0.15734527
0.15846992
0.15794744
0.15920162
0.16363834
0.15912291
0.15452488
0.16399568
0.16054398
0.15626429
0.16041382
0.16514814
0.16192856
0.16037089
0.15551546
0.16109106
0.15885216
0.15767632
0.15959704
0.15614054
0.15507808
0.15910263
0.15602548
0.1616175
0.15655705
0.1629427
0.15677293
0.1554365
0.15455267
0.15405855
0.15577662
0.15556578
0.15305004
0.15868312
0.15947919
0.15680489
0.15923639
0.1571619
0.15510961
0.15622751
0.15621881
0.15786996
0.15999165
0.15840016
0.1553892
0.15976112
0.16084214
0.15593024
0.15588994
0.15830553
0.15573826
0.15862568
0.15282662
0.15520315
0.15970023
0.15597735
0.16023245
0.15717638
0.16025525
0.15741137
0.15697508
0.1600001
0.15867665
0.15823957
0.15774004
0.15554456
0.15831332
0.15830469
0.15849857
0.15432984
0.15580295
0.15703613
0.15720925
0.15645358
0.15926605
0.15499969
0.15789692
0.15568948
0.15593666
0.16187452
0.15589389
0.16046955
0.154127
0.15789294
0.15673375
0.15468262
0.15279089
0.15815577
0.16058502
0.1596928
0.15408958
0.15798594
0.1561163
0.1613796
0.15480094
0.16012686
0.15338102
0.15746646
0.16061538
0.15654022
0.16494262
0.15914752
0.15365987
0.15287985
0.15627646
0.15455244
0.16141264
0.15476921
0.15956716
0.15485899
0.16221187
0.15619998
0.15876527
0.15718335
0.15896231
0.15871882
0.15792048
0.1569789
0.15779093
0.15838023
0.15650319
0.15525028
0.15463097
0.15255743
0.15731004
0.15757804
0.15483765
0.15399843
0.15410301
0.15752926
0.15441774
0.15820807
0.1544414
0.15761763
0.16158852
0.15461792
0.15435256
0.15606153
0.160875
0.15955156
0.15762663
0.15295886
0.15496933
0.15680972
0.15332262
0.15661636
0.15496176
0.1614515
0.15371744
0.15890877
0.15497169
0.15453966
0.15761591
0.1554224
0.15455817
0.15259172
0.15855621
0.15333335
0.15343548
0.1636051
0.1516423
0.15434097
0.1538626
0.15441519
0.15710443
0.15649277
0.15433896
0.15355437
0.15973924
0.15422468
0.15872627
0.1519935
0.15375319
0.15139641
0.15305005
0.15399447
0.15160148
0.15720333
0.15306129
0.15469855
0.15541004
0.15336852
0.15516765
0.15919785
0.15149146
0.15329234
0.15479605
0.15479559
0.15284856
0.15343636
0.15271777
0.15438534
0.1534864
0.15272735
0.1535699
0.1508856
0.1535449
0.15446869
0.15593557
0.15355831
0.15122646
0.15752651
0.15580899
0.153436
0.1547365
0.15018496
0.15006395
0.15398915
0.15134002
0.1516774
0.15685216
0.15170448
0.15119626
0.15185244
0.14979093
0.14847879
0.15591909
0.14895962
0.15064944
0.15179186
0.15383679
0.15565382
0.15452208
0.15325576
0.1513579
0.15405975
0.15679061
0.15701856
0.1512663
0.15153648
0.15472712
0.15315297
0.15044837
0.15469792
0.15467337
0.14910056
0.15542631
0.15081044
0.15402184
0.15285945
0.15289335
0.15138465
0.15107052
0.15475501
0.15022764
0.15368609
0.15137038
0.15167359
0.15474392
0.151435
0.1525415
0.1537807
0.15217961
0.15670078
0.15677853
0.15371138
0.15783451
0.15181111
0.15184033
0.15452121
0.15492655
0.15752442
0.15995137
0.15285394
0.15322705
0.15126984
0.15298764
0.1539407
0.15163313
0.15177913
0.15329601
0.15046026
0.15667783
0.15420292
0.1520084
0.151421
0.15100864
0.15271808
0.15159276
0.1524114
0.15774223
0.15473782
0.15163396
0.15495138
0.15689783
0.15060996
0.15127875
0.14993033
0.15225728
0.15240106
0.1509162
0.15147665
0.1495535
0.15216829
0.15732904
0.15198757
0.15237837
0.15115659
0.15167774
0.15382762
0.15270363
0.15239182
0.15315373
0.15096606
0.15598848
0.14880341
0.15457976
0.15199979
0.15167452
0.15199588
0.1520223
0.15002087
0.14992972
0.15286145
0.15350859
0.15140383
0.15333804
0.15154453
0.1516227
0.15364166
0.15156932
0.15024163
0.15550238
0.14967033
0.1553175
0.15090634
0.1525814
0.15942125
0.15312882
0.15493251
0.14934422
0.15132348
0.15324557
0.15150738
0.15579458
0.15206319
0.15750536
0.15151015
0.15129794
0.15126772
0.15044998
0.15194921
0.15194725
0.15567303
0.15280469
0.15345418
0.15278389
0.15216854
0.15005685
0.15530437
0.15165776
0.15021738
0.15332031
0.15106253
0.14870378
0.15011385
0.15318336
0.15564062
0.14753832
0.14862566
0.15053037
0.15116851
0.1516834
0.1501281
0.15275179
0.1495869
0.15103282
0.15246327
0.15013574
0.15167001
0.15019968
0.1535068
0.1506854
0.15000978
0.15055141
0.15048066
0.15285333
0.15301572
0.1537546
0.15501209
0.15312336
0.15057173
0.15222295
0.15073365
0.15194662
0.14938329
0.14898698
0.15364806
0.15127312
0.1527182
0.15388805
0.15638046
0.15351453
0.1524688
0.15057407
0.14925988
0.14951177
0.15090261
0.1515713
0.1511645
0.15505308
0.14910173
0.15028048
0.14917904
0.15028194
0.15097526
0.15665466
0.14887802
0.15107957
0.1488775
0.14863776
0.14961284
0.15021756
0.15094177
0.1480056
0.14854969
0.15105666
0.15063548
0.15462267
0.1563911
0.15202537
0.15071844
0.1497366
0.15277347
0.15186578
0.15229484
0.14802048
0.15285769
0.14971934
0.14908797
0.15566632
0.15417357
0.15317395
0.15056586
0.15231492
0.153747
0.15218967
0.15041502
0.14980227
0.1488048
0.15099391
0.15073241
0.15045339
0.15276583
0.15065603
0.14655562
0.15033828
0.15048464
0.15046744
0.15285476
0.15439771
0.14821617
0.14927353
0.15009221
0.14899883
0.1529971
0.14888306
0.15145504
0.14953761
0.1524581
0.15403299
0.15102935
0.1495195
0.15116309
0.1522662
0.14982799
0.15116113
0.14835256
0.1504122
0.15157054
0.14992069
0.15419836
0.1511541
0.15234444
0.15038192
0.14926073
0.15051776
0.15305638
0.15578006
0.1506877
0.14913781
0.15031181
0.15230191
0.15402661
0.15120018
0.15292045
0.14863572
0.15188621
0.15288267
0.15338326
0.14756016
0.15114097
0.15055802
0.15148011
0.15255292
0.15218122
0.15244345
0.15254901
0.15392743
0.15319741
0.15364689
0.15247987
0.15171179
0.15169972
0.15322979
0.15570712
0.1510113
0.15328963
0.1530546
0.14808136
0.14897555
0.1500972
0.14804296
0.1516531
0.152749
0.153212
0.15312259
0.1508906
0.14923176
0.15124796
0.15048759
0.15126729
0.14958617
0.15329003
0.15044715
0.14917594
0.15268555
0.15061165
0.15241024
0.14977863
0.15397711
0.14999709
0.15440384
0.14969057
0.14960873
0.15148064
0.1500712
0.14976618
0.14941117
0.14940545
0.14903787
0.15151697
0.14903627
0.14984405
0.15043698
0.14961688
0.14786296
0.14950392
0.14722288
0.14693984
0.14784713
0.15046948
0.14742285
0.14764749
0.14670391
0.14771396
0.14915225
0.1485114
0.15049183
0.15008123
0.148302
0.14705838
0.14787637
0.15096861
0.14929897
0.1495119
0.14750078
0.14683934
0.14498578
0.14807263
0.14721906
0.1492043
0.14460245
0.14950222
0.14732482
0.1468624
0.14679582
0.14590997
0.14771293
0.14398582
0.14919452
0.14720668
0.14477216
0.14735162
0.14490391
0.14764546
0.1511722
0.14454135
0.14572
0.14866708
0.15454668
0.14809012
0.14399391
0.14823873
0.14593472
0.1518856
0.15044454
0.1476363
0.15147321
0.14857207
0.14955601
0.15004559
0.1470625
0.14599621
0.14771183
0.14819743
0.15436561
0.14936553
0.14959317
0.1435503
0.14642675
0.14697438
0.14613752
0.14917913
0.14891286
0.14831552
0.1495454
0.14987832
0.14526802
0.14662899
0.14540441
0.14601138
0.14616762
0.14946426
0.14552632
0.14899237
0.14600731
0.14813823
0.14867339
0.14553581
0.144317
0.14914754
0.14853606
0.14840256
0.1540901
0.14881136
0.14754598
0.14827383
0.14371003
0.1459076
0.14647673
0.14831993
0.15023844
0.15046585
0.14766799
0.14920712
0.14704053
0.1472774
0.14607662
0.14847676
0.1481653
0.14569797
0.14986457
0.15071741
0.14829847
0.14524391
0.14733076
0.15065743
0.14966771
0.14725998
0.14686087
0.14674002
0.14595704
0.14676966
0.15066524
0.15015407
0.14776595
0.14847289
0.14534897
0.15019143
0.15069786
0.15111716
0.15498114
0.14922914
0.15252368
0.15014417
0.14739957
0.14793544
0.145134
0.15694505
0.14845532
0.15433252
0.15233977
0.14922377
0.15019967
0.14729531
0.15229736
0.14727716
0.15125778
0.14687794
0.1483372
0.146717
0.14674175
0.14770779
0.14646052
0.1461313
0.14584398
0.14906208
0.14783582
0.15277849
0.14807008
0.15002736
0.14927784
0.1471728
0.14834218
0.1500394
0.14829783
0.14847746
0.14611706
0.14942613
0.14434287
0.1500744
0.15114115
0.15298401
0.1450251
0.14901781
0.14775427
0.1471753
0.14945294
0.1482869
0.14900914
0.14801855
0.14471672
0.14914314
0.14655508
0.1483889
0.14475648
0.14650504
0.14576107
0.14844695
0.1433869
0.14582583
0.14567101
0.14418697
0.1512077
0.14672351
0.1471347
0.14800726
0.15019001
0.14863028
0.1446822
0.14909275
0.14645997
0.14551081
0.14580812
0.1480788
0.14692535
0.14292377
0.1453047
0.14591958
0.14922392
0.14891315
0.14784595
0.14574112
0.14369519
0.145588
0.14588314
0.14511979
0.14532894
0.1448136
0.14438576
0.14345299
0.14472954
0.14571668
0.14515546
0.14675722
0.14533146
0.14423071
0.1429353
0.14343268
0.14404432
0.14415362
0.14635353
0.1439991
0.14357689
0.1492285
0.14421122
0.14695728
0.14581111
0.14468753
0.14931862
0.14633025
0.14236332
0.14637955
0.14708374
0.14779335
0.14576048
0.14567134
0.14563788
0.14541881
0.14511372
0.14349335
0.14291404
0.14900944
0.14243346
0.151563
0.1464275
0.14301884
0.14979042
0.14968261
0.14517947
0.14206785
0.1485342
0.14710729
0.1483296
0.1456414
0.14546604
0.14685246
0.14708488
0.15380186
0.1458907
0.14935225
0.14719975
0.14381471
0.1475039
0.14495462
0.14570093
0.14696693
0.14663923
0.1477986
0.14307271
0.14758047
0.1474414
0.1443302
0.14490834
0.14789644
0.14510818
0.14303984
0.14432043
0.14221968
0.14372195
0.14368242
0.1449574
0.14605016
0.1440076
0.14552909
0.14807008
0.14570175
0.1435002
0.14514883
0.14476924
0.14327237
0.14510334
0.14657797
0.1452189
0.14662936
0.14509122
0.14405029
0.14528558
0.14703658
0.14477164
0.14665568
0.14622457
0.14547794
0.1447307
0.14427815
0.14754954
0.14249685
0.14367166
0.14450459
0.14472668
0.14817384
0.14871916
0.14616904
0.14786431
0.14730376
0.14551334
0.14447694
0.14828727
0.14551046
0.1464092
0.15041308
0.14791021
0.14640868
0.14518858
0.14577031
0.1458482
0.14230193
0.145396
0.14604865
0.14599653
0.14402083
0.14501105
0.14366096
0.14462106
0.14615762
0.14658889
0.14416108
0.1474425
0.14298546
0.14494827
0.14522839
0.1435417
0.14589593
0.14280477
0.14389879
0.14416929
0.14415632
0.14242783
0.14344348
0.14409943
0.14326903
0.14213936
0.14304012
0.14223479
0.14069219
0.14435239
0.14778624
0.14460531
0.14678064
0.14651506
0.14543697
0.14327735
0.14652844
0.14375256
0.14484045
0.14259386
0.14809853
0.14475103
0.14490871
0.14433768
0.14471856
0.1430768
0.14562362
0.14171465
0.1457891
0.1437728
0.14420496
0.13933985
0.14424522
0.14410135
0.14409457
0.14463484
0.14240946
0.14229237
0.14460695
0.14356004
0.14298756
0.14067815
0.14377823
0.14153686
0.14322436
0.13983844
0.14352489
0.14234672
0.13965455
0.14417662
0.14055091
0.14429727
0.14415762
0.14168398
0.13995469
0.14270847
0.14622532
0.14470175
0.1426834
0.14459264
0.14375481
0.14129505
0.14843085
0.14382935
0.14316334
0.14267892
0.1419935
0.14104457
0.13917233
0.14291875
0.14135046
0.14301884
0.14392889
0.13965079
0.14522476
0.14105731
0.14399497
0.14156345
0.1430254
0.14535618
0.1434147
0.14235547
0.14350332
0.14024228
0.14324804
0.14327295
0.14257623
0.14220142
0.14325431
0.14288695
0.14170745
0.14585257
0.14399286
0.14596237
0.1465031
0.14445676
0.14159834
0.1425066
0.14233789
0.14270496
0.14197035
0.14192228
0.14633022
0.14580043
0.14226629
0.14217487
0.14191772
0.14106986
0.1428213
0.14162654
0.14748514
0.1432321
0.14169663
0.144757
0.1404718
0.14326218
0.14154816
0.14344458
0.14437227
0.14271721
0.14245057
0.14138043
0.14188546
0.14110418
0.14071484
0.14101315
0.1396139
0.14192083
0.14304177
0.14148809
0.14506428
0.14496943
0.14264663
0.14115615
0.14214244
0.14412054
0.14104344
0.14371508
0.1407932
0.14205045
0.14217936
0.14189741
0.14415523
0.14224014
0.14315608
0.14572804
0.1405834
0.14389138
0.14185917
0.14258137
0.14049114
0.14751601
0.14122558
0.14185114
0.14089943
0.1467238
0.14129236
0.14605333
0.14192435
0.1429342
0.14206259
0.14140053
0.14342764
0.14300866
0.13897105
0.14005484
0.14329405
0.1449415
0.14159383
0.14185253
0.13836491
0.14308622
0.1412971
0.14153899
0.14126799
0.14297897
0.14199732
0.142892
0.14253458
0.1420895
0.14029709
0.14008874
0.14243986
0.13953418
0.14350443
0.14057976
0.1469559
0.14288788
0.13995996
0.14120376
0.1369674
0.14013146
0.14051871
0.1453925
0.14103818
0.14360845
0.13860789
0.14011732
0.14036693
0.1431904
0.14395759
0.1431122
0.14382383
0.14083616
0.1454957
0.14547122
0.1431822
0.14273964
0.14110453
0.14243966
0.14372459
0.1413737
0.13928588
0.13959715
0.14127758
0.1421219
0.14453389
0.14274329
0.14150864
0.14174363
0.14194345
0.14541745
0.14349037
0.14106862
0.14273018
0.14178503
0.14289093
0.14161813
0.14086567
0.13982755
0.14126429
0.14353804
0.1458062
0.13962004
0.14319387
0.14221463
0.13937551
0.14105695
0.14046451
0.14286406
0.13665627
0.14217985
0.1423231
0.14159806
0.13853574
0.13935582
0.14089538
0.14152308
0.13822174
0.13735706
0.13927817
0.14254968
0.1440632
0.14170676
0.14475045
0.14681408
0.14107189
0.13826422
0.14291927
0.14299946
0.14094384
0.14398032
0.14218795
0.14091067
0.14179026
0.14275597
0.14699373
0.14386868
0.14348288
0.14183688
0.14233388
0.14184771
0.14026165
0.14457265
0.14359774
0.14155617
0.1412923
0.14321312
0.14501654
0.14190492
0.14202553
0.14270252
0.13976495
0.1443714
0.13902128
0.14216506
0.14284386
0.14614044
0.14256738
0.13930541
0.14151208
0.14048651
0.14396264
0.1401197
0.14284587
0.14053394
0.13858072
0.13961253
0.14265625
0.13888139
0.1401757
0.14059505
0.14216068
0.14155707
0.14045401
0.14060745
0.14523034
0.14226264
0.1423038
0.14048466
0.1528629
0.14139459
0.14116651
0.13809593
0.13941187
0.14050044
0.14034057
0.14057706
0.14029524
0.14160873
0.14148866
0.13803105
0.14208375
0.14319274
0.1434158
0.14202014
0.14492904
0.14245844
0.14267822
0.14247729
0.1434619
0.14193457
0.13840924
0.13861303
0.13901368
0.13720183
0.14174072
0.14242457
0.14166246
0.14956272
0.14024253
0.1427217
0.14269936
0.13999985
0.14464043
0.14096895
0.14203142
0.1433415
0.14029594
0.14768681
0.14194022
0.1414215
0.14708762
0.14379291
0.14301886
0.14838661
0.14241457
0.14810447
0.14583734
0.14214598
0.14517452
0.14502543
0.14097859
0.14311959
0.14262576
0.14196137
0.14370659
0.14044951
0.14326249
0.14326167
0.14199725
0.1402626
0.13724972
0.14073136
0.1415144
0.14061232
0.14094973
0.1403648
0.1400645
0.14417303
0.14536485
0.14316948
0.14104867
0.14312774
0.14321245
0.1432538
0.13974248
0.140902
0.14350274
0.1466191
0.1433944
0.14271979
0.14128627
0.14069472
0.14184043
0.14129362
0.14179572
0.13974024
0.141133
0.147185
0.13866603
0.14369331
0.14088398
0.14040467
0.14341153
0.14105298
0.14465119
0.14115845
0.14102283
0.14070266
0.13942255
0.13868377
0.14272937
0.13909143
0.14071272
0.14230624
0.13778143
0.14217348
0.14105707
0.13988376
0.1401637
0.14257051
0.14454511
0.139138
0.14443518
0.14371447
0.13980074
0.13950725
0.14114559
0.14501688
0.14408311
0.13902839
0.13872175
0.14346491
0.13839546
0.1404696
0.13928382
0.14553352
0.14242971
0.14463608
0.14074813
0.1391824
0.14446463
0.1473343
0.14504735
0.1379321
0.13919155
0.1422791
0.1436016
0.138453
0.13839352
0.14299613
0.14169995
0.1390777
0.14270595
0.13903932
0.14328073
0.14253484
0.1453785
0.14456783
0.14276242
0.13980964
0.1438243
0.14186172
0.14060044
0.13930233
0.14465995
0.13945468
0.13818848
0.13801865
0.13952947
0.1429991
0.14403708
0.13962989
0.13957576
0.13784154
0.14269845
0.1399027
0.1411996
0.14250919
0.14105448
0.14218919
0.14088348
0.14188811
0.1457526
0.14134838
0.14340898
0.14025715
0.14141545
0.1398779
0.13813844
0.14159808
0.14031431
0.13983981
0.14114082
0.138023
0.13704176
0.13934718
0.14116995
0.13995697
0.13726835
0.14194335
0.13697192
0.14186011
0.14195813
0.13861646
0.13929927
0.13752146
0.1442306
0.14020212
0.14161514
0.13815697
0.14060445
0.13784261
0.1361343
0.13936593
0.14020205
0.13988134
0.13934238
0.1388088
0.1383836
0.14003316
0.13891228
0.13975455
0.13942124
0.13780674
0.1404386
0.14362766
0.13633439
0.1354657
0.14018878
0.14003043
0.13655944
0.13681757
0.13826917
0.14216468
0.13907394
0.13748172
0.13568895
0.1375011
0.1431134
0.13726404
0.13860118
0.13722503
0.14042978
0.1418814
0.13665901
0.13667555
0.13854368
0.13916317
0.14076965
0.13564451
0.13693562
0.13728459
0.13659523
0.13887802
0.1384826
0.13888976
0.1367454
0.13917208
0.1390821
0.13661613
0.13829178
0.13872641
0.14158359
0.13957766
0.13797152
0.14315502
0.13721691
0.14190368
0.13949457
0.13619697
0.13890755
0.14300293
0.13893406
0.13787207
0.13705516
0.14021537
0.13708204
0.1381841
0.1384375
0.1390491
0.13803138
0.13855244
0.13899809
0.14075284
0.13957772
0.13796422
0.13816996
0.13928163
0.14058913
0.13923472
0.14022185
0.14020282
0.13933694
0.13832805
0.13890548
0.14489852
0.13785294
0.13705309
0.1431084
0.13809873
0.13927187
0.14152701
0.14275868
0.14332071
0.13581558
0.1368729
0.13760374
0.14152505
0.13920191
0.13562793
0.14046526
0.13741943
0.13840392
0.13789542
0.13926606
0.13772358
0.13650618
0.13859953
0.14155518
0.13541676
0.13815296
0.1375922
0.13762201
0.1440715
0.13785876
0.13635954
0.13637374
0.13808484
0.13778436
0.1380481
0.14060771
0.13664646
0.14023931
0.13670444
0.13939378
0.14342725
0.14446351
0.13782798
0.1395031
0.13748348
0.13571899
0.13908905
0.14177418
0.14096035
0.13748099
0.13781005
0.14075583
0.13822217
0.13979137
0.14028648
0.14324461
0.1378763
0.1396844
0.13898255
0.13625728
0.13689129
0.13821396
0.13727824
0.1393772
0.1375718
0.13589352
0.13846731
0.13579106
0.13536325
0.13849957
0.13729425
0.13870272
0.13637626
0.14288355
0.13844638
0.13831876
0.139088
0.13822296
0.1374053
0.13923872
0.13778235
0.13708751
0.13783334
0.13568799
0.14272548
0.13590452
0.13798806
0.13619804
0.13738307
0.13802369
0.14260733
0.13815941
0.13676308
0.13811627
0.14085113
0.13783072
0.13912287
0.13796759
0.13870509
0.13711399
0.14008605
0.1355545
0.1354245
0.13717955
0.13776334
0.14313146
0.13850714
0.13670969
0.13587077
0.13997656
0.13674723
0.13979681
0.13709863
0.14146504
0.13751747
0.13911186
0.13933487
0.13784248
0.1376179
0.13880548
0.13922164
0.13606265
0.13675827
0.13507903
0.13988045
0.13675065
0.13784592
0.13474993
0.14328822
0.13489692
0.13703223
0.14281836
0.13569802
0.13833116
0.13887018
0.13799009
0.13734469
0.13890885
0.13944428
0.13498929
0.1354365
0.138731
0.13677107
0.1357935
0.13885613
0.13437533
0.13944125
0.14284232
0.14052057
0.13827251
0.13641024
0.13717157
0.13760397
0.13463247
0.13696288
0.13754982
0.13331567
0.13718708
0.1421931
0.1382038
0.13258077
0.13539933
0.1377618
0.13578501
0.13655612
0.13258722
0.13444322
0.13488477
0.13497117
0.13597904
0.13393407
0.13397592
0.13520743
0.1367025
0.13790445
0.13386951
0.13608877
0.13772269
0.1367444
0.13389516
0.13698836
0.13535453
0.14022765
0.13346829
0.13694128
0.13538337
0.13818614
0.13760315
0.13879804
0.13537273
0.13729596
0.13621993
0.13630484
0.13681328
0.13615477
0.13653615
0.13860726
0.13786548
0.13454174
0.13553193
0.13652745
0.13881736
0.13780919
0.13452569
0.1325317
0.13564837
0.13691837
0.13598269
0.13636178
0.13805395
0.13655613
0.13540763
0.14078301
0.13703841
0.13780646
0.13343252
0.13606623
0.13308209
0.13695544
0.1370004
0.13639836
0.13363306
0.13432154
0.13297643
0.13674305
0.13638914
0.13926862
0.13635828
0.13514562
0.13433035
0.13750125
0.13520618
0.1361904
0.13194993
0.13666391
0.1366745