20 194.3 0.48 194.78 0.096 19 144 0.42 0.01 
40 190.97 0.75 191.72 0.161 37 321 0.81 0.02 
60 186.03 1.15 187.18 0.225 57 503 1.25 0.03 
80 182.92 1.63 184.55 0.296 77 650 1.69 0.03 
100 180.03 2.1 182.13 0.338 97 862 2.13 0.04 
120 176.81 2.58 179.39 0.385 116 1046 2.54 0.05 
140 175.52 3.08 178.6 0.421 134 1231 2.94 0.06 
160 171.39 3.6 174.99 0.464 153 1402 3.36 0.07 
180 168.23 3.98 172.21 0.501 171 1600 3.75 0.08 
200 164.41 4.35 168.76 0.536 187 1822 4.1 0.09 
220 161.75 4.86 166.6 0.557 202 2043 4.43 0.1 
240 158.14 5.24 163.38 0.584 219 2308 4.8 0.11 
260 155.59 5.88 161.46 0.601 237 2571 5.2 0.13 
280 153.08 6.52 159.59 0.615 257 2795 5.64 0.14 
300 150.68 7.08 157.76 0.633 275 3078 6.03 0.15 
320 148.46 7.57 156.03 0.648 292 3285 6.4 0.16 
340 145.96 8.2 154.16 0.661 307 3576 6.73 0.18 
360 144.02 8.8 152.82 0.672 326 3858 7.15 0.19 
380 141.79 9.48 151.27 0.68 345 4130 7.57 0.21 
400 139.28 10.11 149.39 0.694 360 4415 7.89 0.22 
420 137.47 10.66 148.13 0.706 379 4664 8.31 0.23 
440 135.94 11.29 147.23 0.714 398 4971 8.73 0.25 
460 134.07 11.75 145.82 0.722 413 5240 9.06 0.26 
480 131.95 12.37 144.32 0.732 429 5503 9.41 0.27 
500 129.78 12.92 142.69 0.734 445 5800 9.76 0.29 
520 127.96 13.59 141.55 0.739 460 6116 10.09 0.3 
540 125.75 14.33 140.07 0.75 479 6411 10.5 0.32 
560 123.28 14.85 138.13 0.758 495 6707 10.86 0.33 
580 121.5 15.63 137.13 0.765 511 7025 11.21 0.35 
600 119.62 16.16 135.79 0.771 527 7342 11.56 0.37 
620 117.23 16.85 134.08 0.778 544 7622 11.93 0.38 
640 115.68 17.54 133.21 0.784 558 7930 12.24 0.39 
660 113.87 18.14 132.01 0.791 576 8233 12.63 0.41 
680 111.83 18.78 130.61 0.792 592 8559 12.98 0.43 
700 110.26 19.4 129.66 0.796 607 8876 13.31 0.44 
720 108.94 20.2 129.14 0.801 624 9211 13.68 0.46 
740 107.46 20.97 128.43 0.801 643 9586 14.1 0.48 
760 105.58 21.64 127.22 0.806 662 9931 14.52 0.49 
780 104.29 22.17 126.46 0.808 678 10239 14.87 0.51 
800 101.88 22.87 124.75 0.813 695 10574 15.24 0.53 
820 101.2 23.49 124.69 0.812 711 10897 15.59 0.54 
840 99.81 24.16 123.98 0.817 727 11243 15.94 0.56 
860 97.85 24.81 122.66 0.821 745 11563 16.34 0.57 
880 96.48 25.48 121.96 0.822 762 11859 16.71 0.59 
900 95.08 26.22 121.31 0.824 775 12188 17.0 0.61 
920 92.94 26.79 119.73 0.827 792 12522 17.37 0.62 
940 91.32 27.36 118.68 0.832 808 12850 17.72 0.64 
960 90.66 28.0 118.66 0.832 821 13211 18.0 0.66 
980 88.9 28.65 117.56 0.836 838 13594 18.38 0.68 
1000 88.77 29.33 118.11 0.835 853 13958 18.71 0.69 
1020 86.94 29.98 116.92 0.836 869 14275 19.06 0.71 
1040 85.28 30.61 115.89 0.839 885 14595 19.41 0.73 
1060 84.3 31.25 115.55 0.839 900 14932 19.74 0.74 
1080 82.43 31.98 114.41 0.844 917 15266 20.11 0.76 
1100 80.58 32.7 113.28 0.844 933 15604 20.46 0.78 
1120 79.79 33.36 113.15 0.847 948 15961 20.79 0.79 
1140 78.41 34.17 112.58 0.848 962 16311 21.1 0.81 
1160 77.03 34.98 112.01 0.85 979 16658 21.47 0.83 
1180 75.49 35.77 111.26 0.85 995 16999 21.82 0.85 
1200 74.0 36.49 110.48 0.853 1007 17364 22.08 0.86 
1220 72.48 37.23 109.71 0.857 1021 17715 22.39 0.88 
1240 70.7 37.82 108.52 0.857 1035 18050 22.7 0.9 
1260 69.62 38.37 107.99 0.857 1049 18386 23.0 0.91 
1280 68.35 39.09 107.44 0.858 1066 18736 23.38 0.93 
1300 66.91 39.85 106.76 0.862 1082 19044 23.73 0.95 
1320 65.32 40.51 105.83 0.862 1096 19386 24.04 0.96 
1340 64.23 41.14 105.37 0.865 1112 19748 24.39 0.98 
1360 63.39 41.88 105.27 0.863 1130 20115 24.78 1.0 
1380 62.52 42.65 105.17 0.865 1141 20491 25.02 1.02 
1400 60.61 43.29 103.9 0.866 1156 20857 25.35 1.04 
1420 59.32 43.93 103.25 0.868 1173 21194 25.72 1.05 
1440 58.1 44.71 102.81 0.87 1188 21520 26.05 1.07 
1460 57.29 45.4 102.69 0.87 1202 21866 26.36 1.09 
1480 56.42 46.1 102.52 0.872 1217 22216 26.69 1.1 
1500 55.3 46.85 102.15 0.873 1233 22553 27.04 1.12 
1520 54.0 47.59 101.59 0.875 1248 22887 27.37 1.14 
1540 52.31 48.29 100.6 0.877 1266 23215 27.76 1.15 
1560 51.26 49.04 100.3 0.878 1281 23550 28.09 1.17 
1580 49.71 49.76 99.47 0.879 1297 23874 28.44 1.19 
1600 48.5 50.39 98.89 0.881 1314 24240 28.82 1.21 
1620 47.67 51.01 98.68 0.88 1330 24562 29.17 1.22 
1640 46.68 51.7 98.38 0.881 1346 24883 29.52 1.24 
1660 45.67 52.42 98.09 0.883 1357 25240 29.76 1.26 
1680 45.1 53.07 98.17 0.884 1369 25596 30.02 1.27 
1700 44.2 53.77 97.97 0.886 1383 25969 30.33 1.29 
1720 43.52 54.44 97.96 0.888 1397 26300 30.64 1.31 
1740 42.6 55.16 97.75 0.887 1409 26665 30.9 1.33 
1760 41.3 55.8 97.1 0.889 1424 27017 31.23 1.34 
1780 40.45 56.55 97.01 0.888 1440 27361 31.58 1.36 
1800 38.7 57.19 95.9 0.891 1454 27700 31.89 1.38 
1820 37.4 57.87 95.26 0.891 1466 28052 32.15 1.39 
1840 36.49 58.55 95.04 0.891 1480 28383 32.46 1.41 
1860 35.66 59.31 94.97 0.891 1493 28741 32.74 1.43 
1880 34.05 60.01 94.06 0.893 1506 29102 33.03 1.45 
1900 32.93 60.72 93.65 0.894 1524 29458 33.42 1.46 
1920 32.06 61.4 93.46 0.896 1535 29828 33.66 1.48 
1940 31.61 62.05 93.66 0.897 1549 30205 33.97 1.5 
1960 30.29 62.72 93.02 0.896 1563 30539 34.28 1.52 
1980 29.09 63.41 92.5 0.896 1575 30880 34.54 1.54 
2000 28.21 64.03 92.24 0.897 1589 31227 34.85 1.55 
2020 26.65 64.72 91.37 0.899 1603 31563 35.15 1.57 
2040 25.61 65.41 91.02 0.9 1616 31911 35.44 1.59 
