
0.6875892
0.6933745
0.696472
0.7199431
0.6332785
0.60706764
0.59192926
0.6033841
0.59171516
0.5671968
0.5975096
0.5755739
0.5541111
0.57417756
0.57400024
0.57095903
0.56161964
0.5663692
0.5850549
0.54435825
0.5486115
0.555592
0.54371125
0.53440535
0.54833525
0.5466047
0.55645144
0.5268391
0.5297237
0.52357614
0.52086335
0.52947134
0.5147995
0.5177643
0.5184601
0.5342811
0.51163375
0.50268686
0.5220099
0.50079286
0.5192231
0.5068294
0.5055481
0.4935607
0.47648537
0.48066255
0.49726063
0.47911263
0.48283124
0.49081767
0.46715823
0.4840396
0.47563672
0.469426
0.47587532
0.47555873
0.48770335
0.4701438
0.47965777
0.46057647
0.4668124
0.45625824
0.46059301
0.45611584
0.4569072
0.44174805
0.45595428
0.4453448
0.4584161
0.4439816
0.45095605
0.45315439
0.45300633
0.4379277
0.44664195
0.4476487
0.43315655
0.45076704
0.42959473