20 197.8 -0.23 197.57 0.056 17 28 0.37 0.0 
40 197.05 -0.42 196.63 0.095 32 65 0.7 0.0 
60 195.44 -0.6 194.84 0.122 49 97 1.07 0.0 
80 193.89 -0.62 193.27 0.144 64 134 1.4 0.01 
100 192.37 -0.87 191.5 0.161 77 173 1.69 0.01 
120 190.18 -1.02 189.16 0.197 89 219 1.95 0.01 
140 189.42 -1.47 187.95 0.224 101 262 2.21 0.01 
160 189.23 -1.67 187.56 0.239 115 308 2.52 0.02 
180 188.06 -1.88 186.18 0.274 127 346 2.79 0.02 
200 188.06 -2.32 185.74 0.3 142 386 3.11 0.02 
220 187.01 -2.7 184.3 0.314 151 429 3.31 0.02 
240 186.11 -2.89 183.22 0.322 162 472 3.55 0.02 
260 185.65 -3.0 182.65 0.334 177 515 3.88 0.03 
280 185.2 -3.32 181.88 0.35 188 551 4.12 0.03 
300 184.36 -3.41 180.95 0.366 202 589 4.43 0.03 
320 181.9 -3.46 178.44 0.389 211 631 4.63 0.03 
340 180.36 -3.44 176.92 0.408 225 667 4.93 0.03 
360 179.97 -3.68 176.28 0.417 237 708 5.2 0.04 
380 178.81 -3.67 175.14 0.424 251 746 5.5 0.04 
400 178.21 -3.85 174.37 0.439 263 785 5.77 0.04 
420 176.98 -4.02 172.95 0.448 277 824 6.07 0.04 
440 175.61 -4.28 171.33 0.467 290 870 6.36 0.04 
460 175.43 -4.43 170.99 0.478 306 916 6.71 0.05 
480 174.86 -4.43 170.43 0.484 314 967 6.89 0.05 
500 173.55 -4.5 169.05 0.487 327 1014 7.17 0.05 
520 172.68 -4.5 168.17 0.504 341 1062 7.48 0.05 
540 172.58 -4.53 168.05 0.51 355 1104 7.79 0.05 
560 171.82 -4.6 167.22 0.519 366 1154 8.03 0.06 
580 171.32 -4.58 166.74 0.53 380 1199 8.33 0.06 
600 171.22 -4.69 166.53 0.538 391 1248 8.57 0.06 
620 169.79 -4.72 165.07 0.554 403 1288 8.84 0.06 
640 168.97 -4.73 164.24 0.556 415 1334 9.1 0.07 
660 168.47 -4.53 163.94 0.57 427 1386 9.36 0.07 
680 167.28 -4.58 162.7 0.581 436 1437 9.56 0.07 
700 167.2 -4.54 162.65 0.583 447 1483 9.8 0.07 
720 166.75 -4.59 162.16 0.588 459 1530 10.07 0.08 
740 166.5 -4.42 162.08 0.591 472 1577 10.35 0.08 
760 164.03 -4.44 159.59 0.603 483 1628 10.59 0.08 
780 163.8 -4.32 159.48 0.611 493 1680 10.81 0.08 
800 162.73 -4.2 158.53 0.62 507 1737 11.12 0.09 
820 162.52 -4.14 158.38 0.62 520 1791 11.4 0.09 
840 161.41 -4.21 157.2 0.628 531 1842 11.64 0.09 
860 161.36 -4.2 157.16 0.633 542 1897 11.89 0.09 
880 160.69 -4.06 156.63 0.643 556 1953 12.19 0.1 
900 159.79 -3.97 155.82 0.646 568 2004 12.46 0.1 
920 158.94 -4.12 154.82 0.649 578 2057 12.68 0.1 
940 157.82 -4.07 153.75 0.652 591 2102 12.96 0.1 
960 156.98 -4.2 152.78 0.66 600 2157 13.16 0.11 
980 156.48 -4.16 152.32 0.665 611 2210 13.4 0.11 
1000 156.05 -4.3 151.74 0.665 619 2267 13.57 0.11 
1020 154.81 -4.24 150.56 0.674 633 2317 13.88 0.12 
1040 155.07 -4.2 150.87 0.678 641 2372 14.06 0.12 
1060 154.04 -4.19 149.84 0.688 651 2430 14.28 0.12 
1080 153.64 -4.27 149.37 0.688 661 2482 14.5 0.12 
1100 152.89 -4.08 148.81 0.694 673 2534 14.76 0.13 
1120 153.17 -4.15 149.02 0.696 678 2594 14.87 0.13 
1140 151.65 -4.05 147.6 0.702 686 2647 15.04 0.13 
1160 151.6 -4.02 147.57 0.704 698 2696 15.31 0.13 
1180 151.24 -4.09 147.15 0.706 706 2756 15.48 0.14 
1200 151.17 -3.94 147.23 0.708 717 2816 15.72 0.14 
1220 150.48 -3.82 146.66 0.715 726 2881 15.92 0.14 
1240 149.88 -3.69 146.19 0.717 733 2936 16.07 0.15 
1260 148.95 -3.46 145.48 0.725 742 2987 16.27 0.15 
1280 148.64 -3.23 145.41 0.722 750 3050 16.45 0.15 
1300 148.29 -3.28 145.01 0.727 756 3117 16.58 0.16 
1320 148.08 -3.23 144.85 0.73 764 3179 16.75 0.16 
1340 147.1 -3.06 144.04 0.733 775 3236 17.0 0.16 
1360 146.22 -3.01 143.21 0.734 787 3294 17.26 0.16 
1380 145.75 -2.98 142.77 0.735 795 3361 17.43 0.17 
1400 144.99 -2.84 142.15 0.742 806 3412 17.68 0.17 
1420 144.84 -2.67 142.18 0.741 816 3471 17.89 0.17 
1440 144.57 -2.71 141.86 0.744 823 3530 18.05 0.18 
1460 143.72 -2.57 141.15 0.745 836 3582 18.33 0.18 
1480 143.12 -2.37 140.75 0.751 843 3639 18.49 0.18 
1500 142.69 -2.32 140.37 0.749 852 3697 18.68 0.18 
1520 142.5 -2.15 140.35 0.75 862 3761 18.9 0.19 
1540 142.59 -2.1 140.49 0.754 867 3824 19.01 0.19 
1560 142.35 -1.93 140.42 0.756 880 3883 19.3 0.19 
1580 142.36 -1.89 140.48 0.758 884 3940 19.39 0.2 
1600 141.81 -1.78 140.03 0.758 892 4006 19.56 0.2 
1620 140.41 -1.56 138.85 0.76 900 4068 19.74 0.2 
1640 140.49 -1.34 139.15 0.762 906 4132 19.87 0.21 
1660 140.17 -1.27 138.9 0.765 910 4194 19.96 0.21 
1680 140.11 -1.24 138.87 0.766 917 4256 20.11 0.21 
1700 139.71 -1.1 138.61 0.771 924 4310 20.26 0.21 
1720 139.24 -1.04 138.2 0.767 931 4368 20.42 0.22 
1740 138.55 -0.91 137.64 0.774 943 4429 20.68 0.22 
1760 138.27 -0.8 137.46 0.771 953 4489 20.9 0.22 
1780 137.56 -0.71 136.85 0.78 964 4549 21.14 0.23 
1800 136.89 -0.59 136.3 0.78 972 4619 21.32 0.23 
1820 136.18 -0.48 135.71 0.784 981 4680 21.51 0.23 
1840 136.16 -0.15 136.01 0.785 989 4731 21.69 0.24 
1860 135.33 -0.05 135.27 0.783 997 4801 21.86 0.24 
1880 135.32 0.06 135.38 0.785 1004 4860 22.02 0.24 
1900 134.79 0.05 134.84 0.783 1010 4931 22.15 0.25 
1920 134.67 0.24 134.91 0.784 1019 4991 22.35 0.25 
1940 134.33 0.5 134.83 0.785 1027 5057 22.52 0.25 
1960 133.46 0.73 134.19 0.79 1040 5120 22.81 0.25 
1980 133.01 0.82 133.83 0.79 1047 5177 22.96 0.26 
2000 132.57 0.94 133.51 0.793 1055 5239 23.14 0.26 
2020 131.85 1.19 133.03 0.794 1063 5302 23.31 0.26 
2040 131.68 1.38 133.06 0.795 1073 5371 23.53 0.27 
2060 130.99 1.54 132.53 0.796 1082 5430 23.73 0.27 
2080 130.64 1.76 132.4 0.797 1091 5492 23.93 0.27 
2100 130.23 1.95 132.18 0.8 1104 5549 24.21 0.28 
2120 129.78 2.11 131.89 0.802 1111 5612 24.36 0.28 
2140 128.83 2.28 131.11 0.803 1115 5680 24.45 0.28 
2160 129.05 2.37 131.42 0.802 1123 5732 24.63 0.29 
2180 128.75 2.5 131.25 0.804 1132 5794 24.82 0.29 
2200 128.59 2.66 131.25 0.806 1138 5864 24.96 0.29 
2220 126.86 2.86 129.72 0.808 1147 5928 25.15 0.29 
2240 126.96 3.04 130.0 0.808 1151 5993 25.24 0.3 
2260 126.67 3.2 129.87 0.81 1162 6061 25.48 0.3 
2280 126.25 3.39 129.64 0.81 1169 6125 25.64 0.3 
2300 125.74 3.6 129.34 0.813 1176 6191 25.79 0.31 
2320 125.36 3.79 129.15 0.812 1182 6255 25.92 0.31 
2340 125.09 4.0 129.09 0.814 1189 6329 26.07 0.31 
2360 124.77 4.22 128.99 0.816 1201 6384 26.34 0.32 
2380 124.44 4.59 129.03 0.816 1210 6449 26.54 0.32 
2400 123.79 4.65 128.43 0.816 1217 6507 26.69 0.32 
2420 123.51 4.87 128.38 0.818 1224 6576 26.84 0.33 
2440 123.76 4.99 128.75 0.816 1230 6647 26.97 0.33 
2460 123.2 5.22 128.43 0.819 1236 6716 27.11 0.33 
2480 122.82 5.41 128.22 0.821 1243 6781 27.26 0.34 
2500 122.54 5.71 128.25 0.821 1252 6843 27.46 0.34 
2520 121.73 5.93 127.65 0.824 1260 6911 27.63 0.34 
2540 122.19 6.09 128.28 0.824 1266 6986 27.76 0.35 
2560 121.97 6.38 128.35 0.825 1274 7047 27.94 0.35 
2580 121.43 6.64 128.07 0.825 1284 7122 28.16 0.35 
2600 121.36 6.91 128.26 0.823 1290 7187 28.29 0.36 
2620 121.29 7.08 128.36 0.825 1297 7256 28.44 0.36 
2640 121.13 7.3 128.43 0.828 1307 7325 28.66 0.36 
2660 120.46 7.54 127.99 0.828 1315 7381 28.84 0.37 
2680 120.16 7.82 127.98 0.829 1324 7442 29.04 0.37 
2700 119.74 8.09 127.83 0.83 1330 7505 29.17 0.37 
2720 119.19 8.2 127.38 0.831 1337 7570 29.32 0.38 
2740 119.16 8.4 127.56 0.83 1344 7639 29.47 0.38 
2760 119.01 8.61 127.62 0.83 1347 7707 29.54 0.38 
2780 118.33 8.76 127.09 0.833 1358 7767 29.78 0.39 
2800 117.96 9.09 127.05 0.834 1364 7834 29.91 0.39 
2820 117.79 9.29 127.08 0.833 1372 7889 30.09 0.39 
2840 116.4 9.52 125.92 0.835 1382 7944 30.31 0.4 
2860 116.52 9.73 126.25 0.835 1391 8007 30.5 0.4 
2880 116.4 9.88 126.28 0.836 1401 8073 30.72 0.4 
2900 116.84 10.0 126.84 0.837 1405 8138 30.81 0.4 
2920 116.64 10.22 126.86 0.838 1407 8213 30.86 0.41 
2940 116.03 10.48 126.5 0.838 1412 8280 30.96 0.41 
2960 115.26 10.69 125.95 0.839 1416 8353 31.05 0.42 
2980 115.2 11.02 126.22 0.839 1423 8413 31.21 0.42 
3000 114.55 11.3 125.84 0.842 1431 8475 31.38 0.42 
3020 114.97 11.48 126.46 0.841 1437 8550 31.51 0.43 
3040 115.03 11.85 126.88 0.841 1446 8617 31.71 0.43 
3060 114.6 12.14 126.74 0.841 1451 8686 31.82 0.43 
3080 114.55 12.34 126.89 0.843 1459 8754 32.0 0.44 
3100 113.87 12.62 126.5 0.844 1465 8826 32.13 0.44 
3120 113.89 12.88 126.77 0.843 1470 8899 32.24 0.44 
3140 113.23 13.14 126.36 0.846 1474 8974 32.32 0.45 
3160 112.28 13.38 125.66 0.847 1479 9047 32.43 0.45 
3180 112.19 13.52 125.71 0.848 1484 9117 32.54 0.45 
3200 111.27 13.76 125.04 0.847 1492 9187 32.72 0.46 
3220 111.28 13.95 125.24 0.846 1500 9253 32.89 0.46 
3240 111.56 14.16 125.72 0.846 1504 9318 32.98 0.46 
3260 111.45 14.4 125.85 0.848 1511 9381 33.14 0.47 
3280 111.35 14.72 126.08 0.848 1520 9441 33.33 0.47 
3300 110.57 14.95 125.52 0.851 1525 9510 33.44 0.47 
3320 109.89 15.11 125.01 0.851 1535 9578 33.66 0.48 
3340 109.76 15.24 125.0 0.852 1538 9644 33.73 0.48 
3360 108.88 15.49 124.37 0.854 1546 9713 33.9 0.48 
3380 108.36 15.81 124.17 0.852 1557 9774 34.14 0.49 
3400 108.43 16.01 124.44 0.853 1563 9848 34.28 0.49 
3420 108.58 16.32 124.9 0.853 1573 9903 34.5 0.49 
3440 107.92 16.54 124.47 0.856 1576 9964 34.56 0.5 
3460 107.87 16.81 124.67 0.856 1579 10033 34.63 0.5 
3480 107.77 17.06 124.83 0.858 1587 10095 34.8 0.5 
3500 107.74 17.42 125.16 0.858 1598 10160 35.04 0.51 
3520 107.38 17.7 125.08 0.857 1606 10225 35.22 0.51 
3540 106.73 17.9 124.63 0.858 1610 10294 35.31 0.51 
3560 106.54 18.19 124.73 0.859 1615 10368 35.42 0.52 
3580 105.8 18.34 124.14 0.86 1621 10435 35.55 0.52 
3600 105.75 18.56 124.31 0.859 1628 10498 35.7 0.52 
3620 104.8 18.83 123.63 0.861 1633 10568 35.81 0.53 
3640 105.19 19.0 124.19 0.86 1637 10636 35.9 0.53 
3660 104.32 19.29 123.61 0.86 1641 10699 35.99 0.53 
3680 104.86 19.47 124.33 0.861 1644 10777 36.05 0.54 
3700 104.91 19.8 124.71 0.86 1651 10853 36.21 0.54 
3720 104.51 19.99 124.5 0.862 1656 10918 36.32 0.54 
3740 104.03 20.18 124.21 0.862 1659 10992 36.38 0.55 
3760 103.68 20.43 124.11 0.861 1665 11064 36.51 0.55 
3780 103.1 20.63 123.73 0.865 1674 11131 36.71 0.55 
3800 102.93 20.92 123.85 0.866 1678 11202 36.8 0.56 
3820 102.89 21.15 124.04 0.864 1684 11274 36.93 0.56 
3840 102.01 21.41 123.42 0.866 1690 11345 37.06 0.56 
3860 101.66 21.62 123.28 0.866 1693 11415 37.13 0.57 
3880 101.19 21.84 123.03 0.867 1699 11489 37.26 0.57 
3900 100.86 22.1 122.96 0.867 1704 11562 37.37 0.57 
3920 100.9 22.26 123.16 0.867 1708 11639 37.46 0.58 
3940 101.1 22.56 123.66 0.867 1716 11713 37.63 0.58 
3960 100.18 22.89 123.07 0.867 1725 11776 37.83 0.59 
3980 99.63 23.04 122.67 0.868 1728 11853 37.89 0.59 
4000 99.63 23.29 122.92 0.867 1734 11920 38.03 0.59 
4020 99.5 23.54 123.03 0.867 1742 11993 38.2 0.6 
4040 98.98 23.74 122.71 0.868 1752 12072 38.42 0.6 
4060 99.29 23.91 123.2 0.868 1756 12154 38.51 0.6 
4080 99.14 24.17 123.31 0.869 1760 12223 38.6 0.61 
4100 98.94 24.47 123.41 0.87 1765 12290 38.71 0.61 
4120 98.68 24.77 123.45 0.87 1769 12360 38.79 0.61 
4140 98.14 24.97 123.11 0.871 1774 12432 38.9 0.62 
4160 98.19 25.19 123.38 0.87 1778 12504 38.99 0.62 
4180 97.92 25.44 123.36 0.873 1785 12574 39.14 0.63 
4200 97.1 25.69 122.79 0.872 1793 12635 39.32 0.63 
4220 96.59 25.89 122.48 0.872 1799 12708 39.45 0.63 
4240 96.95 26.05 123.0 0.873 1802 12785 39.52 0.64 
4260 97.06 26.31 123.37 0.874 1808 12849 39.65 0.64 
4280 96.26 26.61 122.87 0.873 1814 12922 39.78 0.64 
4300 96.02 26.96 122.99 0.873 1819 12991 39.89 0.65 
4320 96.07 27.22 123.29 0.875 1820 13076 39.91 0.65 
4340 95.46 27.51 122.97 0.876 1827 13152 40.07 0.65 
4360 95.1 27.63 122.73 0.873 1829 13225 40.11 0.66 
4380 94.68 27.87 122.55 0.874 1835 13300 40.24 0.66 
4400 94.22 28.07 122.29 0.876 1839 13374 40.33 0.67 
4420 94.08 28.4 122.47 0.877 1841 13445 40.37 0.67 
4440 93.98 28.68 122.66 0.876 1843 13523 40.42 0.67 
4460 93.5 28.92 122.42 0.878 1848 13587 40.53 0.68 
4480 93.5 29.2 122.7 0.878 1853 13653 40.64 0.68 
4500 93.23 29.44 122.67 0.879 1856 13718 40.7 0.68 
4520 93.14 29.64 122.77 0.88 1865 13786 40.9 0.69 
4540 93.44 29.86 123.29 0.879 1867 13856 40.94 0.69 
4560 92.91 30.15 123.06 0.878 1876 13926 41.14 0.69 
4580 92.5 30.41 122.92 0.878 1881 13987 41.25 0.7 
4600 92.43 30.66 123.09 0.88 1887 14052 41.38 0.7 
4620 91.9 30.91 122.81 0.881 1891 14125 41.47 0.7 
4640 91.61 31.15 122.75 0.881 1894 14205 41.54 0.71 
4660 91.05 31.36 122.42 0.881 1900 14275 41.67 0.71 
4680 90.44 31.64 122.08 0.881 1903 14350 41.73 0.71 
4700 90.42 31.91 122.33 0.883 1905 14416 41.78 0.72 
4720 90.38 32.29 122.66 0.884 1912 14486 41.93 0.72 
4740 90.1 32.56 122.66 0.883 1917 14568 42.04 0.72 
4760 89.76 32.79 122.56 0.882 1923 14643 42.17 0.73 
4780 89.38 32.97 122.35 0.884 1927 14708 42.26 0.73 
4800 89.04 33.28 122.31 0.883 1929 14776 42.3 0.73 
4820 88.97 33.53 122.5 0.883 1931 14847 42.35 0.74 
4840 88.5 33.71 122.2 0.884 1936 14914 42.46 0.74 
4860 88.49 33.88 122.37 0.885 1938 14992 42.5 0.75 
4880 88.21 34.1 122.31 0.885 1941 15068 42.57 0.75 
4900 88.57 34.37 122.94 0.884 1947 15142 42.7 0.75 
4920 88.91 34.68 123.59 0.884 1951 15215 42.79 0.76 
4940 87.86 34.98 122.83 0.886 1955 15282 42.87 0.76 
4960 87.9 35.28 123.18 0.886 1958 15355 42.94 0.76 
4980 86.96 35.53 122.49 0.887 1962 15426 43.03 0.77 
5000 87.24 35.84 123.08 0.887 1969 15494 43.18 0.77 
5020 86.91 36.1 123.02 0.888 1971 15578 43.22 0.77 
5040 86.97 36.34 123.3 0.887 1975 15651 43.31 0.78 
5060 86.63 36.6 123.24 0.887 1976 15722 43.33 0.78 
