
0.31320554
0.31025392
0.30860674
0.29019564
0.28281957
0.28299773
0.2790248
0.27849832
0.27624372
0.24529916
0.25252858
0.25196722
0.24998912
0.25198424
0.2517249
0.24730814
0.24668679
0.24678768
0.24623594
0.24678531
0.24626431
0.25006446
0.2438398
0.24435574
0.24699548
0.24561614
0.24318117
0.24078572
0.24470763
0.25708157
0.23847772
0.24086207
0.25015962
0.24438243
0.23671588
0.23973015
0.23670836
0.23869766
0.23724155
0.23635769
0.23667237
0.23956618
0.24606723
0.23484139
0.23178005
0.22905129
0.23913465
0.24228428
0.23472825
0.2357452
0.2358024
0.23353933
0.2233302
0.23174132
0.22707923
0.22725669
0.22607152
0.22744627
0.22034113
0.22209272
0.22486573
0.2181339
0.22542788
0.22647354
0.22853732
0.2212025
0.21850379
0.2171542
0.2231198
0.22545587
0.2225133
0.2302807
0.23153156
0.21905902
0.2183011
0.21175744
0.21463375
0.21785443
0.21483012
0.2185738
0.2128216
0.21610756
0.22043325
0.21591254
0.21759637
0.20450523
0.20878941
0.20609024
0.20642284
0.20871943
0.2122988
0.20946315
0.21797352
0.20867716
0.20716599
0.21431105
0.20881532
0.20837377
0.20406166
0.20662147
0.2115538
0.20456994
0.20638983
0.20344494
0.20841965
0.20144698
0.20459527
0.2042849
0.20026603
0.2000802
0.2019251
0.20070077
0.20316209
0.20216125
0.20100035
0.20107584
0.20369396
0.19978495
0.2030109
0.2113057
0.2056087
0.19749969
0.20240718
0.19923876
0.2003107
0.20142858
0.20503116
0.198332
0.20324306
0.20066947
0.20515254
0.20462035
0.19919778
0.19903171
0.20499459
0.19830962
0.20424518
0.19573827
0.20168692
0.19645096
0.19464548
0.19805996
0.19703902
0.19405307
0.19337797
0.1987601
0.19464788
0.19540323
0.1962479
0.19012092
0.19189249
0.19301553
0.19489142
0.19629383
0.19275579
0.19465934
0.19203363
0.20104478
0.19402023
0.19145228
0.1944685
0.20099993
0.19694725
0.19557501
0.19922438
0.19675727
0.19374476
0.20543103
0.20766625
0.19781817
0.19169109
0.19349961
0.19862252
0.19500835
0.19338435
0.20145969
0.19630167
0.19696645
0.19853462
0.1993198
0.1866104
0.19229947
0.18813501
0.18792626
0.18813483
0.18944886
0.19183668
0.18801571
0.1836899
0.1856461
0.18302795
0.18699735
0.18492807
0.18372321
0.18618694
0.18669116
0.18344094
0.18690501
0.18035649
0.18339074
0.18119815
0.18279292
0.18189389
0.18396382
0.18171479
0.18226929
0.1884862
0.17855398
0.17966191
0.17881681
0.1787451
0.18276314
0.17835647
0.1813907
0.17933095
0.17587253
0.17424043
0.17350571
0.17100473
0.17465602
0.17546827
0.17432763
0.17436239
0.17261395
0.17261472
0.17424822
0.17472382
0.17471896
0.17335944
0.17398243
0.17479686
0.17135781
0.17140548
0.17048419
0.17334001
0.18094881
0.17239764
0.17581001
0.17194487
0.1719462
0.17149046
0.17114566
0.17139485
0.16730486
0.17081372
0.16910566
0.17466132
0.16876261
0.16886781
0.1645478
0.17360795
0.16280605
0.16551909
0.16635363
0.16985193
0.1679157
0.16529283
0.17160153
0.16357309
0.17632836
0.16553251
0.17211892
0.16506498
0.16625054
0.16318941
0.16292891
0.16193664
0.16311695
0.16630094
0.16400628
0.16254051
0.16493088
0.16317517
0.162346
0.16149753
0.16330749
0.1598025
0.15805912
0.16229258
0.1739662
0.16608065
0.16404186
0.16407123
0.15828969
0.15702626
0.15937322
0.15855244
0.16243343
0.16497251
0.1609866
0.16352515
0.17175539
0.16373082
0.16365033
0.16650763
0.16159846
0.16194682
0.15786499
0.15998782
0.15839443
0.15795097
0.1608744
0.1641431
0.16455932
0.16179551
0.16132458
0.16788858
0.16392489
0.15857996
0.1581128
0.15698533
0.1577823
0.15845665
0.15283632
0.15711164
0.15451439
0.16336732
0.15585999
0.15928955
0.15889414
0.1564031
0.15701799
0.15475802
0.15957063
0.15596856
0.15684967
0.15647079
0.15775807
0.15567484
0.16015452
0.15494476
0.15622671
0.16436304
0.15761335
0.16212153
0.15729702
0.15792073
0.15622692
0.15745874
0.15205997
0.15469486
0.1554052
0.1602376
0.15538691
0.15306613
0.15218271
0.15437737
0.15222919
0.15312333
0.15668437
0.15257135
0.15447494
0.15512246
0.15211514
0.15402111
0.15033446
0.15211439
0.15068184
0.15540735
0.15451832
0.1556383
0.15140036
0.15400755
0.15629435
0.15367718
0.15918395
0.15155542
0.14979343
0.15339711
0.1537408
0.15425597
0.15014152
0.15035364
0.15311746
0.15560578
0.15086864
0.1476483
0.14853868
0.14900224
0.150388
0.14970435
0.15107249
0.14938363
0.15321003
0.15272342
0.15306199
0.14805539
0.14905417
0.15607385
0.14966159
0.1451516
0.15049425
0.14842737
0.14460829
0.14996079
0.14418998
0.14437428
0.14512275
0.14798348
0.14469317
0.14568779
0.14642385
0.1486982
0.14584035
0.14597195
0.14391299
0.14742668
0.14642893
0.14601585
0.14398363
0.14397623
0.14546706
0.14534278
0.14483564
0.1436613
0.14501816
0.14496
0.1451555
0.1456497
0.14617026
0.14597279
0.146967
0.14650457
0.1476737
0.14566562
0.14259873
0.14121361
0.14580634
0.14688651
0.14732456
0.14616892
0.14686558
0.14522946
0.14326008
0.14259602
0.14714266
0.14323531
0.1405799
0.14325063
0.14438656
0.14481586
0.13975886
0.1395478
0.144067
0.14067353
0.13864134
0.14237033
0.14581579
0.14412846
0.14095746
0.14349024
0.14098081
0.1404839
0.14068353
0.14101154
0.13948508
0.1399598
0.14256765
0.13841204
0.13887294
0.13881825
0.14223604
0.13837609
0.139882
0.14106205
0.14518322
0.14294407
0.1381287
0.1386694
0.13650732
0.1358702
0.13767946
0.14025517
0.1374609
0.13744509
0.14321409
0.13567664
0.1364186
0.13736288
0.1336738
0.13815103
0.13696647
0.1376811
0.13929248
0.13532813
0.13943176
0.13769038
0.13755314
0.13786496
0.13809367
0.13697065
0.13833101
0.1381135
0.1352187
0.13548847
0.13606946
0.13409305
0.13346222
0.13636644
0.13205793
0.13497397
0.13774669
0.13547082
0.13367373
0.13530783
0.13688463
0.13446361
0.13540578
0.13674575
0.13011609
0.13231875
0.13782504
0.13357738
0.13345283
0.13408616
0.131046
0.13446604
0.13388783
0.13564551
0.13875902
0.13247502
0.13944058
0.13616079
0.13309039
0.1358122
0.13172776
0.1330783
0.13264386
0.12997665
0.13259855
0.13156776
0.13156514
0.13179597
0.12882127
0.13057512
0.1298763
0.13137771
0.1331846
0.12929435
0.13046925
0.13118842
0.12927242
0.13010506
0.1318215
0.12814972
0.12816927
0.13039562
0.12520331
0.12997478
0.13457392
0.12831995
0.1273123
0.12592438
0.1286494
0.12876534
0.12731944
0.12830573
0.12882793
0.12680316
0.12808862
0.12709853
0.12748389
0.12817016
0.1266878
0.1317597
0.12950155
0.12619399
0.12688379
0.1301851
0.12471503
0.12648983
0.12691915
0.12815154
0.1252071
0.12760699
0.1290286
0.12546828
0.13401541
0.13170627
0.1274766
0.1259538
0.12640569
0.12653483
0.124248736
0.12587382
0.12559426
0.12420512
0.12540485
0.1268914
0.12861238
0.12710619
0.12746564
0.12532404
0.13295677
0.12852341
0.12857594
0.12877847
0.12816153
0.12750502
0.13144782
0.12571074
0.12488705
0.12561187
0.12579356
0.12395949
0.12473424
0.12479834
0.12737136
0.12432205
0.12705126
0.12474078
0.12518008
0.12773058
0.13034812
0.12586842
0.1254497
0.12606542
0.12573062
0.12427674
0.124743074
0.123925306
0.12198976
0.12208883
0.12406709
0.12392949
0.12379752
0.123630665
0.12478684
0.12395066
0.12448107
0.12365886
0.12346083
0.12408954
0.12478478
0.1238492
0.12316441
0.12137193
0.12209308
0.12562184
0.12297279
0.12229374
0.12345258
0.120804235
0.119945735
0.121597886
0.12413806
0.12068479
0.12165728
0.12375288
0.12066113
0.12440113
0.12349692
0.12255509
0.124980055
0.12143378
0.1272749
0.12428719
0.123361476
0.12594375
0.12070294
0.12211139
0.12110708
0.12091024
0.12336594
0.11968092
0.11920253
0.11996579
0.11828271
0.12315076
0.12179652
0.12082304
0.121889755
0.11983248
0.11822413
0.119909205
0.12323236
0.120223366
0.11976501
0.11877274
0.12096975
0.11854479
0.11874595
0.11887738
0.11784192
0.12053386
0.119234435
0.119938
0.11801111
0.11772668
0.11828286
0.11931463
0.11925325
0.11791014
0.120463006
0.116990596
0.11583137
0.11632398
0.116880246
0.11492137
0.11930696
0.11963657
0.11443133
0.114456035
0.114436306
0.115487754
0.11718903
0.11577584
0.11490922
0.11731273
0.1136519
0.114002794
0.11476623
0.11817884
0.11740251
0.115704395
0.1156435
0.114546515
0.11437923
0.117505655
0.119250745
0.11772748
0.114649616
0.116694525
0.11798407
0.113489054
0.11815935
0.11563289
0.11398192
0.1155627
0.11666471
0.11563499
0.11774149
0.1153034
0.11353667
0.11498455
0.11316241
0.116836496
0.12093545
0.11747283
0.117865235
0.116761625
0.115989655
0.11677839
0.11552282
0.11491158
0.11588846
0.11692554
0.1135887
0.11164259
0.11445467
0.11424393
0.1123403
0.114059985
0.11159305
0.11424485
0.11336964
0.113664724
0.113555685
0.112250686
0.113317154
0.11580048
0.11236635
0.11533258
0.11401349
0.11278989
0.112655014
0.1130876
0.11192412
0.11187487
0.11960817
0.11356314
0.11259693
0.11194537
0.11330204
0.11171717
0.112115756
0.11060538
0.11122536
0.1146262
0.11119013
0.11307558
0.11582266
0.11224256
0.11781372
0.112280756
0.11231277
0.115166426
0.11192088
0.11380262
0.110800885
0.113985755
0.111075655
0.1090061
0.11447731
0.11381013
0.10929873
0.110245764
0.10986329
0.11135347
0.113010205
0.11355092
0.112404
0.108804956
0.11011765
0.11135116
0.11090199
0.11210621
0.108713426
0.108236566
0.11025744
0.10812554
0.110453434
0.10680398
0.10727492
0.10696848
0.11035489
0.10756928
0.11156914
0.10896554
0.111544706
0.108102754
0.10829107
0.10948429
0.107620254
0.11117906
0.10876329
0.10912589
0.108626924
0.106257625
0.10932579
0.10669291
0.11311742
0.10730758
0.10610102
0.10792367
0.10750873
0.10798692
0.10773277
0.107057095
0.10668017
0.107097685
0.10855756
0.10679349
0.10599071
0.106137164
0.10814504
0.10521207
0.106583476
0.10768691
0.10672635
0.107280746
0.104538396
0.10896769
0.10553815
0.1042359
0.104685
0.10584189
0.10631826
0.104338765
0.10544275
0.10681715
0.10499764
0.10714703
0.10393002
0.10489661
0.10656187
0.10496126
0.10663665
0.106529176
0.10660454
0.10543089
0.106959544
0.10753455
0.105177544
0.104856774
0.10605919
0.10797689
0.106540196
0.10553287
0.103715084
0.10775383
0.10393016
0.10497123
0.10737832
0.104871266
0.10725575
0.10440549
0.10722245
0.10376638
0.10513748
0.10255726
0.105939925
0.102912344
0.10580869
0.103732705
0.104431935
0.10618528
0.1062223
0.10327019
0.103742085
0.10596094
0.10248782
0.105425775
0.104158975
0.10406741
0.103629276
0.10452256
0.10547433
0.10574832
0.10314463
0.10359739
0.10572228
0.10427371
0.10381094
0.10317943
0.10858553
0.10288644
0.10634244
0.10548517
0.102400735
0.10099935
0.10421746
0.10224779
0.10260447
0.10222362
0.1025138
0.10244575
0.10317256
0.10211824
0.10330989
0.10464465
0.10287029
0.10235178
0.1011114
0.1034713
0.10372211
0.100605264
0.100810826
0.10453705
0.10101361
0.1010032
0.10281593
0.100722075
0.100655615
0.10630247
0.10328484
0.101490945
0.100366324
0.101573065
0.10048709
0.10130297
0.10059488
0.10119211
0.10146015
0.101116806
0.10447401
0.10320587
0.10311276
0.10164922
0.100509115
0.10366233
0.10189964
0.10180573
0.10362925
0.1015229
0.10029173
0.103311494
0.100378945
0.101204
0.10117646
0.10107975
0.10474945
0.10101369
0.098820925
0.0981849
0.10139889
0.09814681
0.10019247
0.09913967
0.10115305
0.10106062
0.10034167
0.1009759
0.099742614
0.09972784
0.1003839
0.099118516
0.10130917
0.098922156
0.09923681
0.102329485
0.09813326
0.09968547
0.09809394
0.09818729
0.10102362
0.10072257
0.09965396
0.0977081
0.097508125
0.099319935
0.09878149
0.09732512
0.09713076
0.10041787
0.098083176
0.098575905
0.098530136
0.09966957
0.097896524
0.09750726
0.0984065
0.09834659
0.100164376
0.10016774
0.097745754
0.09728655
0.0983785
0.097098485
0.099350095
0.097500585
0.09758631
0.099315144
0.09878939
0.10042786
0.09633001
0.09780156
0.0974438
0.09773454
0.097944885
0.09791785
0.099976465
0.10094175
0.09866824
0.100458875
0.09928837
0.09687314
0.09695656
0.098654896
0.09757542
0.097530976
0.09509608
0.09749249
0.096264295
0.09508987
0.09737346
0.09563101
0.09530824
0.10087224
0.09711951
0.09726737
0.09691295
0.095766775
0.09647226
0.0996703
0.0961068
0.09568477
0.095708385
0.095526725
0.09731942
0.096057124
0.09529708
0.09749493
0.09669171
0.09470711
0.095585756
0.09701459
0.09554403
0.09561339
0.09571375
0.09550483
0.09748384
0.09733333
0.09576228
0.09638929
0.09519377
0.097197495
0.09773867
0.095230035
0.09858362
0.09681315
0.096532
0.09756105
0.09710075
0.09837866
0.095467985
0.09610836
0.09615892
0.097184196
0.096868634
0.0963147
0.09541354
0.09648599
0.09376566
0.09430616
0.095413215
0.093417145
0.09501823
0.09867698
0.094728224
0.09446871
0.09503883
0.09300026
0.09440297
0.09435365
0.09241143
0.09514417
0.09607388
0.09274059
0.09303947
0.092717834
0.094765656
0.09394741
0.09309178
0.092954904
0.09426494
0.094453305
0.09948251
0.096637815
0.09462998
0.0923668
0.09299932
0.093004644
0.09547207
0.09484106
0.09189045
0.09246088
0.091874115
0.09230132
0.09303988
0.09352933
0.09989114
0.09183092
0.09165962
0.09195403
0.09337358
0.09313636
0.092299186
0.09277158
0.09456924
0.09199667
0.09405099
0.09273694
0.091789275
0.094034865
0.09426132
0.09547433
0.09236998
0.09391038
0.09078416
0.09300447
0.09242888
0.09082428
0.09743956
0.090783745
0.09358976
0.09520439
0.09401151
0.09237288
0.09122609
0.09266891
0.09223992
0.091196686
0.09210365
0.09218381
0.09443464
0.09272406
0.09218127
0.09316739
0.09246115
0.09077678
0.0905227
0.09226082
0.091805145
0.09145857
0.09164683
0.094028145
0.0917571
0.091279045
0.09104535
0.09043954
0.09257711
0.09089929
0.09132167
0.0916989
0.09269657
0.09277071
0.09028485
0.091460146
0.09172701
0.0904426
0.09116895
0.09125383
0.08979269
0.09145952
0.091292426
0.09120908
0.08840871
0.09282425
0.089967005
0.09295356
0.08995149
0.08889758
0.087685786
0.09077541
0.08938944
0.088261075
0.09305477
0.09052013
0.09109284
0.08899383
0.08958758
0.08914336
0.08975119
0.090271205
0.08811557
0.08926288
0.08919215
0.087683745
0.09041313
0.08964589
0.0889665
0.09019467
0.08857371
0.09032082
0.08916584
0.08851939
0.08835326
0.089088365
0.09034605
0.090610236
0.090385556
0.09061271
0.08810583
0.09010581
0.08876116
0.08897482
0.08876449
0.09123272
0.08860383
0.08911475
0.08826274
0.088466614
0.091108896
0.091173284
0.08958541
0.08908551
0.08751575
0.09032636
0.08942233
0.08941944
0.09028195
0.08975578
0.0880239
0.08849019
0.09482764
0.09050239
0.08791204
0.08960292
0.087831095
0.08683968
0.08924738
0.0886101
0.087586075
0.08733229
0.08620102
0.08944696
0.08580479
0.08813925
0.08888909
0.086589195
0.08717476
0.08692954
0.08834723
0.08744297
0.088048704
0.08683664
0.08820468
0.08766718
0.08805812
0.088035375
0.08805711
0.08695976
0.08852993
0.08917955
0.08591408
0.086255416
0.08638296
0.08815411
0.08949969
0.087660104
0.087623835
0.086133584
0.08837193
0.088324726
0.08840147
0.085721634
0.08792973
0.08932447
0.08653427
0.09173219
0.08850925
0.086811714
0.09040646
0.088102564
0.0864284
0.0882568
0.08665438
0.08822519
0.08755372
0.08611986
0.086630784
0.08632199
0.08943007
0.08887911
0.0868866
0.08526963
0.086212166
0.08645869
0.08684741
0.09335199
0.086971514
0.08526899
0.08621746
0.087733515
0.08855299
0.0871924
0.08557811
0.08821124
0.08572113
0.0856708
0.088007726
0.087197
0.085007094
0.087565504
0.086193405
0.08462644
0.085842066
0.08612345
0.08679505
0.08444236
0.08461134
0.08481155
0.08648282
0.08538065
0.08503724
0.086291306
0.08587292
0.08320643
0.08547488
0.08602201
0.0834518
0.08594156
0.08421454
0.0838725
0.08598776
0.08535221
0.08510843
0.08394477
0.085609496
0.084377535
0.08312118
0.08536968
0.08392167
0.08266591
0.08522796
0.083986774
0.08582021
0.08652597
0.08609519
0.08493995
0.08301836
0.08436205
0.08387854
0.08318475
0.08438322
0.08530417
0.08445614
0.08357781
0.084214926
0.08362531
0.084324
0.08375417
0.08454755
0.08339612
0.08651888
0.083285704
0.08303283
0.084974155
0.08654421
0.085908
0.08521743
0.08365375
0.08467829
0.084129795
0.08476616
0.08372781
0.08634835
0.083597615
0.08429304
0.08843447
0.08301185
0.08534825
0.08421
0.08291101
0.084126316
0.08343611
0.08284285
0.08369178
0.083512075
0.08334258
0.081994586
0.082439125
0.08396819
0.08271595
0.08433729
0.08327277
0.08281052
0.082840316
0.083142504
0.08392433
0.08184514
0.08346652
0.08326231
0.08518476
0.08609821
0.084438324
0.0824075
0.08335754
0.08242827
0.08126083
0.083739646
0.081962146
0.08475906
0.08328757
0.0856309
0.08241206
0.08255127
0.08114237
0.08100585
0.08197268
0.0829756
0.082032695
0.08270479
0.08176184
0.08200751
0.08177847
0.08105109
0.08171203
0.08151304
0.08221037
0.08315907
0.082247555
0.08175999
0.08311668
0.08125925
0.08333307
0.08272911
0.08157513
0.08147336
0.08145328
0.08237478
0.08071424
0.08137633
0.08225115
0.08126085
0.08366691
0.08184657
0.083781786
0.08165034
0.081598334
0.08178364
0.08042456
0.082279935
0.08163606
0.080773726
0.081290014
0.080068335
0.081604406
0.08077294
0.08081401
0.081219606
0.08494268
0.080835685
0.08186036
0.08052501
0.0799839
0.08250231
0.081775784
0.07850015
0.08012977
0.08064249
0.08007076
0.07990395
0.082031384
0.08052323
0.08104914
0.08290383
0.08054973
0.080362916
0.08183905
0.08120546
0.079478644
0.08192856
0.08023407
0.080788516
0.08041814
0.08190495
0.08174193
0.07927286
0.08104003
0.08103614
0.08009032
0.080228865
0.080172755
0.08107896
0.08040451
0.08004442
0.08036569
0.08030936
0.08016687
0.08219688
0.08015982
0.079746425
0.081893735
0.08032183
0.08039093
0.08165611
0.08222348
0.08062558
0.08013591
0.08132419
0.080110624
0.08006162
0.0852943
0.07815412
0.0802911
0.07967749
0.0783883
0.07932482
0.081165634
0.080368035
0.07900503
0.07951503
0.078410394
0.07982276
0.08033558
0.07944388
0.08091861
0.07965415
0.07836288
0.08001542
0.08150696
0.0809823
0.07988553
0.08190289
0.07982445
0.08059808
0.07870616
0.08026356
0.079405606
0.07884351
0.07926093
0.078841515
0.08203671
0.08054366
0.08095508
0.079868704
0.08141661
0.081298426
0.08024386
0.082475066
0.079809934
0.08082253
0.07930091
0.08030529
0.07952078
0.08142859
0.0826933
0.079284884
0.07960374
0.078170046
0.07980025
0.078660615
0.07918111
0.078096755
0.07904271
0.077601664
0.07843427
0.08005653
0.08060697
0.07852639
0.07877288
0.07757294
0.07803712
0.07952105
0.07955349
0.07820377
0.07945999
0.07839703
0.07879257
0.07826254
0.07754626
0.07878629
0.07843894
0.07908095
0.0803565
0.07887841
0.07840906
0.079515256
0.0776909
0.07962686
0.08085406
0.07827449
0.07905988
0.07896467
0.07863389
0.0796135
0.07758697
0.07799463
0.07825572
0.07782629
0.080297366
0.07917417
0.0779639
0.07843486
0.076853804
0.07849054
0.077409446
0.078175165
0.08045828
0.07967512
0.07845936
0.07914477
0.07842029
0.07936592
0.07828518
0.079311386
0.07768836
0.079206266
0.07990424
0.07792068
0.076971464
0.07573263
0.07650984
0.078417294
0.0779613
0.077908844
0.07609954
0.079829834
0.07805184
0.07931266
0.0767778
0.07681152
0.07782019
0.077616915
0.077247635
0.07821019
0.07908772
0.07695262
0.077763304
0.07817231
0.079419054
0.07682736
0.07660239
0.0771031
0.07973128
0.07747601
0.07733022
0.07691595
0.07934762
0.07706438
0.07726324
0.07696585
0.07578784
0.07513018
0.07638615
0.07619104
0.07623525
0.07634363
0.07801759
0.07750296
0.0762919
0.07684411
0.07645773
0.0777751
0.075770155
0.0776303
0.07742593
0.07578136
0.07650504
0.07548892
0.07598219
0.07688436
0.07677051
0.07588939
0.07729207
0.076810144
0.07522709
0.076021805
0.07683373
0.07762514
0.077002995
0.07548788
0.07951962
0.07596496
0.077872895
0.07591569
0.07688333
0.07570853
0.07785637
0.0768049
0.0773398
0.07511822
0.0747474
0.07796396
0.0764396
0.07682554
0.07572259
0.07776181
0.07564192
0.076389246
0.07505906
0.08084107
0.077426404
0.075678006
0.07663222
0.07463203
0.076508224
0.076256976
0.07833698
0.07599056
0.07499553
0.07494658
0.07543579
0.07521326
0.074775144
0.07518984
0.076543875
0.074454404
0.075892374
0.07545005
0.0762572
0.07577294
0.07498437
0.07524096
0.07484833
0.0747666
0.0759158
0.07522599
0.07627156
0.07735061
0.075925104
0.07486881
0.07847679
0.07475522
0.078567326
0.07502651
0.075812295
0.07616806
0.076216534
0.07638222
0.0750824
0.076871075
0.07675629
0.07590952
0.07484905
0.077730194
0.07533981
0.07489611
0.07497123
0.07505963
0.0761013
0.07440156
0.074456446
0.07438072
0.07538519
0.07310181
0.074460015
0.07345228
0.07419086
0.07525517
0.07455948
0.074637584
0.07573838
0.07281377
0.07502425
0.07365295
0.07552827
0.074705884
0.07351509
0.075783506
0.07423019
0.074718945
0.07325825
0.07426402
0.07364608
0.07324997
0.075801425
0.0738273
0.074359454
0.074758515
0.07370716
0.07316111
0.07456841
0.07421093
0.07418868
0.076712385
0.07347959
0.074290566
0.075498775
0.0743422
0.075429276
0.077286735
0.07428252
0.07292135
0.07344703
0.073824145
0.07334106
0.07380124
0.072547786
0.07293644
0.07357011
0.07389792
0.074154176
0.072831415
0.07247676
0.073295705
0.07306762
0.0724862
0.07238859
0.07157296
0.072063014
0.074143015
0.07401853
0.07334667
0.07325433
0.07440134
0.0741629
0.072767034
0.072247736
0.07299751
0.07387265
0.07369697
0.074995175
0.07326252
0.07470203
0.073476486
0.07208504
0.07386317
0.07444959
0.07265792
0.075289905
0.07263942
0.07327925
0.07388375
0.074080564
0.07349206
0.07506134
0.07363369
0.07301688
0.07518709
0.073320314
0.072878905
0.07410051
0.071966015
0.07327128
0.072522216
0.0738598
0.07123757
0.072484545
0.07282625
0.07298076
0.07164929
0.07389159
0.0729145
0.07229454
0.07096359
0.07176854
0.07320075
0.07236054
0.07394777
0.072041474
0.07311269
0.07206529
0.07230465
0.0703337
0.07181433
0.072712205
0.071909346
0.07370069
0.0727035
0.073964864
0.07202681
0.073555395
0.07252467
0.071774274
0.0706725
0.07255221
0.07500532
0.07265887
0.071194515
0.07124698
0.072662674
0.07215418
0.07230449
0.0701276
0.072643235
0.071175255
0.0717121
0.075267665
0.073467165
0.07115608
0.07124972
0.07209952
0.071815774
0.071752295
0.07142188
0.071070686
0.0733764
0.07350102
0.07256564
0.07208653
0.07292677
0.07362891
0.07261897
0.07177889
0.073443405
0.071559735
0.07161522
0.07193857
0.07153158
0.072420314
0.07206587
0.07501635
0.07083193
0.07206348
0.07192095
0.07187506
0.07397098
0.07073643
0.0732314
0.07137365
0.07083573
0.07055998
0.07294582
0.072291516
0.07085496
0.07303788
0.0727655
0.071172014
0.07316963
0.07124486
0.071325384
0.07123824
0.07070679
0.07043249
0.07113232
0.072804786
0.071056224
0.07033147
0.07174808
0.07001007
0.07067193
0.070225075
0.070414454
0.071703084
0.07205717
0.0712585
0.07032463
0.07138767
0.0711462
0.06880886
0.07111946
0.071906716
0.071302965
0.070700645
0.070462905
0.07183542
0.06988336
0.070877604
0.07018295
0.06932147
0.06996284
0.07193319
0.06985752
0.07108345
0.07064615
0.06925145
0.07048185
0.071233094
0.06989691
0.07015332
0.070706956
0.06946295
0.07052447
0.07004711
0.06951267
0.06892489
0.07171614
0.06895981
0.06932933
0.069349945
0.068603106
0.06947375
0.071982205
0.07076436
0.070408374
0.07069295
0.07011347
0.07157574
0.07056694
0.07036568
0.07010427
0.07018357
0.07024001
0.07083213
0.070329435
0.06899062
0.068512075
0.069935724
0.06962975
0.069787495
0.07070958
0.06974659
0.07099457
0.068795614
0.06928909
0.06913963
0.06802216
0.06788385
0.0693812
0.067654796
0.06862154
0.06922016
0.06932147
0.06988452
0.06909352
0.070219755
0.068532735
0.069123745
0.06834748
0.07097367
0.06992023
0.06863247
0.06848962
0.0690271
0.068283625
0.06832341
0.070553996
0.06916898
0.07081976
0.069016896
0.06921512
0.06827293
0.069333665
0.06970359
0.070872426
0.06971566
0.06899639
0.070288226
0.070217736
0.06797223
0.06984444
0.06821101
0.069545425
0.06918281
0.07030736
0.0695321
0.06999342
0.06883404
0.06963024
0.0693422
0.0693859
0.068100765
0.068539515
0.073008396
0.07045573
0.06806661
0.068062924
0.06753057
0.07005581
0.06777298
0.06963856
0.06961153
0.069221675
0.07154274
0.069483854
0.06968534
0.07178058
0.06970608
0.069085784
0.06750882
0.069873005
0.06888737
0.06958112
0.06920191
0.06758116
0.06930094
0.068659045
0.07161713
0.07058031
0.06807076
0.0694101
0.06868669
0.06775648
0.06816731
0.06966852
0.06780669
0.06891104
0.0696414
0.067877404
0.0691457
0.06851819
0.06850544
0.06943611
0.06860097
0.07045999
0.07025568
0.068588465
0.06858649
0.06922825
0.06982608
0.06891273
0.068478286
0.068969466
0.067471415
0.0680463
0.06956675
0.0703246
0.068981454
0.06715561
0.0681754
0.06846772
0.068220235
0.068697244
0.06908051
0.06853174
0.06695826
0.06953127
0.06719835
0.07153731
0.06913516
0.0687838
0.069552846
0.06866363
0.06880882
0.06767768
0.06799119
0.06956532
0.06915588
0.069322444
0.06789806
0.07106369
0.0675737
0.06735065
0.06733648
0.06737852
0.068064705
0.06907389
0.06849707
0.067620635
0.06846049
0.06865207
0.06791796
0.06857607
0.06702833
0.06728921
0.06759592
0.067576736
0.06713072
0.0652963
0.067298405
0.06919214
0.0692003
0.06981919
0.06763163
0.069131054
0.067437835
0.069081225
0.07057594
0.066815995
0.06711884
0.06876455
0.07025464
0.07206233
0.0686798
0.06919411
0.06847145
0.06762682
0.06745142
0.068067245
0.068355955
0.06831739
0.06815219
0.06796434
0.06749324
0.068007134
0.06990468
0.06766907
0.068289705
0.07145718
0.06701168
0.06742933
0.06757691
0.06778009
0.06742694
0.068718456
0.06634809
0.06728054
0.06788866
0.06739062
0.06772591
0.07038298
0.0681346
0.066666506
0.06803978
0.0673547
0.06691743
0.06846934
0.06741967
0.069979936
0.06574716
0.06767196
0.06899865
0.06764039
0.06731863
0.06915127
0.068082325
0.06688493
0.06659361
0.066290475
0.06699297
0.06659781
0.06692326
0.06656783
0.06631214
0.066866666
0.0665528
0.06637613
0.06608303
0.06559792
0.06707609
0.066436134
0.06809184
0.06779374
0.06624581
0.06668172
0.06575748
0.067653775
0.065847985
0.06625073
0.065768704
0.06514098
0.06595057
0.065627344
0.067280956
0.067671336
0.06694559
0.06868544
0.06598779
0.067417905
0.067218445
0.066625744
0.06546278
0.06527765
0.065158345
0.06607925
0.06717687
0.06542977
0.06799156
0.06749269
0.06580131
0.06467167
0.06615878
0.067303345
0.06501153
0.065137744
0.06797104
0.0662871
0.06592277
0.06445164
0.067920305
0.06775013
0.06556114
0.06574914
0.065173656
0.06554238
0.06687173
0.06679952
0.06686328
0.065614365
0.065856434
0.06493536
0.064777456
0.06644893
0.064676106
0.06471235
0.063829444
0.064969584
0.06450758
0.06719327
0.06562818
0.06487816
0.06573721
0.06521128
0.06513616
0.06502523
0.06723093
0.06640464
0.064996846
0.064943396
0.06514714
0.06843716
0.0660043
0.06561041
0.06507909
0.06796173
0.067495786
0.065626964
0.06614903
0.06433982
0.06586982
0.06587411
0.06656722
0.064305864
0.06502239
0.06520214
0.06449893
0.064709954
0.06496102
0.0639247
0.06553628
0.065302365
0.06497782
0.06511273
0.06828202
0.064519174
0.06505714
0.06523006
0.06510096
0.065726526
0.06542073
0.065018184
0.066112086
0.06458314
0.064533345
0.06428853
0.06391254
0.064754635
0.06315162
0.064849935
0.062808424
0.06438798
0.066476546
0.06422397
0.06682059
0.06499414
0.06488878
0.065242365
0.06443516
0.06480292
0.06704251
0.06543972
0.06545549
0.06610668
0.06534189
0.06537152
0.06528399
0.06594745
0.06791676
0.06608831
0.06733718
0.06503352
0.06522287
0.06518955
0.064378634
0.06576853
0.06424681
0.065128095
0.064133964
0.0659641
0.06474881
0.06482789
0.06876935
0.06497943
0.064935826
0.06689053
0.06624924
0.0660629
0.06770783
0.06529687
0.06378149
0.06622674
0.064987116
0.06529497
0.065057874
0.066243954
0.066044904
0.064548075
0.06391768
0.065119825
0.06420825
0.06528986
0.06513512
0.06447686
0.066590205
0.06467311
0.06388036
0.0646722
0.06431592
0.064002156
0.065873876
0.06547488
0.063678265
0.06362467
0.06609624
0.06506886
0.063328214
0.0647655
0.06491751
0.065446325
0.06438691
0.06460956
0.06534548
0.064775
0.06397552
0.064066656
0.0646602
0.06520787
0.06526397
0.06443002
0.06383138
0.06333042
0.063219674
0.0653936
0.0634519
0.064640425
0.06319974
0.063913725
0.06395748
0.06386178
0.06548565
0.06453438
0.062953256
0.06426363
0.06452791
0.065440424
0.06469339
0.06443469
0.06482648
0.063101314
0.06308951
0.06532544
0.063320875
0.06299503
0.063430846
0.064496174
0.0654342
0.06345796
0.06223595
0.06254311
0.063505806
0.0633869
0.062279046
0.06737639
0.06289318
0.063154526
0.063817844
0.06433701
0.06276511
0.063912325
0.06310432
0.06258129
0.062858395
0.06312814
0.062961705
0.06378105
0.06383168
0.06273427
0.06545176
0.06604928
0.06572246
0.06396301
0.06486011
0.06401198
0.06333556
0.06296462
0.06392854
0.06306454
0.06228338
0.063059635
0.06280553
0.063201204
0.06457483
0.0641537
0.06277058
0.06272649
0.062271837
0.06286964
0.06262686
0.06339459
0.06432872
0.06392661
0.06330333
0.063322306
0.06635246
0.06377142
0.062103264
0.0639028
0.06379875
0.06510629
0.06268954
0.06194077
0.06156559
0.06320041
0.063399665
0.063496195
0.06321353
0.06360422
0.06357821
0.062306445
0.062401712
0.063545704
0.06256886
0.06261516
0.0633223
0.06314365
0.062785715
0.06345253
0.061449107
0.06349402
0.06335673
0.062135935
0.06251304
0.061729897
0.062415224
0.0630822
0.061096095
0.06121959
0.06169699
0.06293905
0.061570227
0.062295754
0.06138031
0.063588664
0.06210315
0.06403
0.06329936
0.062598415
0.06386276
0.062229093
0.06258118
0.06362373
0.06293581
0.062995404
0.062319547
0.062280655
0.062038608
0.06200737
0.06220959
0.0626405
0.062293176
0.06266273
0.06412364
0.06187696
0.06313367
0.06262266
0.06390484
0.061295018
0.06321773
0.061953332
0.06275232
0.061761808
0.06334434
0.062252518
0.060868666
0.061311934
0.062350545
0.06168369
0.06208638
0.06148183
0.06248185
0.062002163
0.061493598
0.06215932
0.0628872
0.062343184
0.06294138
0.061766613
0.06143801
0.06071109
0.061547913
0.06437722
0.060979176
0.06435257
0.06258021
0.06265582
0.06335735
0.06290514
0.060866263
0.062316347
0.061669014
0.06288953
0.061087508
0.061227933
0.0624656
0.06217722
0.062004846
0.060916577
0.062163718
0.0642836
0.061441652
0.062216427
0.062833786
0.06303772
0.06173373
0.061763477
0.062254097
0.06081459
0.06194418
0.061323147
0.060978625
0.061983977
0.0626396
0.062187
0.06142242
0.06146233
0.060426086
0.06155447
0.0615393
0.060555506
0.06065802
0.06064297
0.06082358
0.060414307
0.060564004
0.05980684
0.06089412
0.061152592
0.06243382
0.06237097
0.062029887
0.061845873
0.061241977
0.061520316
0.060556233
0.061214056
0.06141766
0.061779406
0.06183452
0.062517844
0.061785016
0.061027072
0.06303109
0.061478548
0.061658654
0.062351037
0.06347718
0.06015402
0.06026314
0.06103479
0.06059143
0.060963135
0.06074845
0.06034243
0.061278865
0.06102893
0.06075631
0.0600444
0.060906008
0.061726213
0.0617304
0.060105283
0.06135068
0.060285833
0.060609967
0.06115956
0.060876492
0.06200366
0.06014508
0.059811268
0.06097727
0.059817612
0.060472753
0.061255928
0.061673507
0.06075894
0.06078364
0.062110342
0.06083601
0.060019433
0.06076888
0.06075599
0.062021118
0.062236127
0.059747435
0.06098466
0.061239965
0.06154664
0.06059447
0.061132375
0.060960066
0.060523912
0.06142754
0.060582094
0.061379943
0.062232684
0.06142599
0.061962977
0.0610762
0.060730845
0.0600271
0.06108526
0.06084972
0.060061276
0.06037041
0.060565773
0.06006881
0.060092364
0.060919214
0.061106205
0.059488043
0.0601297
0.061706547
0.06216311
0.060965255
0.060531396
0.06036655
0.060779758
0.060602773
0.059565958
0.062012676
0.06093909
0.061387848
0.060804397
0.061221432
0.059407957
0.061923347
0.059903584
0.060760684
0.059967235
0.06014101
0.060446773
0.059727747
0.06071043
0.060424145
0.062058434
0.061045207
0.062145732
0.06058198
0.0604206
0.06035897
0.060799714
0.059970595
0.060702883
0.05928884
0.06051343
0.06095951
0.060143612
0.061180923
0.06133189
0.061567955
0.062977456
0.060545582
0.059120156
0.06094113
0.060801692
0.060952768
0.060665216
0.061225858
0.058607195
0.059921555
0.06152746
0.059063442
0.058995277
0.05876339
0.059929956
0.059482828
0.05927094
0.059500728
0.06068898
0.059067953
0.059231088
0.05923894
0.06165514
0.059909903
0.059651542
0.06047065
0.061442357
0.059996337
0.059236217
0.059824824
0.059930105
0.061022107
0.05969581
0.059361406
0.05987722
0.059279706
0.05896787
0.059297
0.05999404
0.060318124
0.06026567
0.059195943
0.060407847
0.05944066
0.061040103
0.060779523
0.060283165
0.059233513
0.062387645
0.06080581
0.05985642
0.060372114
0.060066007
0.05972007
0.0605251
0.060943622
0.059187368
0.058805645
0.05923732
0.059537183
0.05927493
0.060057603
0.058477797
0.059426874
0.058461264
0.059222866
0.05992686
0.060333036
0.05972346
0.05968663
0.05847174
0.058852553
0.06022773
0.05941529
0.060351726
0.059231285
0.06026613
0.058507964
0.059045475
0.059607174
0.060023583
0.059835162
0.058395885
0.059614286
0.05888442
0.05951271
0.058460202
0.058686707
0.057439405
0.059411008
0.05833736
0.05855367
0.058357902
0.06033783
0.058427066
0.058910497
0.058646757
0.058056585
0.058796443
0.06044725
0.0589646
0.058758408
0.05945135
0.0594786
0.05813491
0.059112143
0.0585032
0.060123663
0.058712643
0.059792075
0.060482252
0.0598404
0.059646387
0.05922449
0.059615336
0.05794946
0.059107725
0.05893044
0.058463655
0.060006596
0.059017565
0.05796155
0.059319932
0.059213303
0.058275383
0.058035485
0.058539852
0.058494795
0.060067996
0.059050232
0.059087243
0.057608273
0.05792365
0.058366742
0.05928717
0.058816537
0.058883734
0.0585572
0.058314946
0.05877701
0.05944986
0.057282418
0.0589828
0.05843396
0.057731107
0.058027025
0.057673287
0.060184475
0.058886383
0.058111638
0.05742167
0.058265902
0.057717867
0.059024904
0.058577787
0.058626156
0.058028195
0.059841864
0.058125913
0.05788372
0.059479773
0.058835458
0.058276787
0.05838577
0.05852142
0.058159728
0.0581398
0.05926651
0.058763538
0.058306366
0.05916086
0.05910828
0.058335356
0.058355864
0.05893963
0.058834735
0.058861014
0.059559133
0.05827585
0.057653572
0.05726924
0.057241898
0.057444658
0.057957556
0.05973303
0.05858317
0.057137445
0.056838498
0.057209093
0.057150077
0.05795063
0.058453284
0.057832923
0.058025863
0.057570938
0.05836679
0.05846458
0.059371646
0.05804428
0.057388853
0.058801074
0.05704826
0.05781629
0.058353532
0.05740985
0.05718939
0.05756477
0.058092624
0.057556946
0.057695992
0.056274977
0.058244195
0.057612225
0.05878113
0.057589434
0.057348873
0.058138337
0.056907725
0.056297813
0.056562986
0.056926157
0.056766342
0.056838073
0.05757475
0.056982417
0.057779532
0.058734607
0.05654295
0.056992184
0.057175547
0.056569256
0.057030123
0.058151305
0.05710639
0.056260847
0.057026587
0.05745732
0.056697868
0.056739517
0.05656445
0.057704985
0.056272667
0.057984296
0.058064174
0.057217725
0.057188954
0.057302658
0.056604635
0.057099808
0.057595313
0.05817172
0.057092447
0.05730172
0.056877725
0.056387316
0.05768291
0.05939623
0.058149368
0.059448797
0.056554653
0.057909127
0.0575831
0.057784338
0.056684215
0.057474945
0.05691063
0.056366477
0.058582667
0.057410702
0.056692835
0.057347547
0.057170134
0.05710552
0.056211833
0.057611767
0.05697024
0.05701997
0.0564953
0.05824564
0.057136048
0.056472782
0.056845363
0.056422707
0.05849508
0.057351023
0.056207277
0.056383908
0.058528807
0.058686487
0.056977134
0.05748675
0.059972517
0.057368275
0.057110704
0.05795242
0.057798956
0.0585894
0.057253122
0.056139283
0.057162635
0.05636155
0.05689736
0.057664372
0.056728087
0.058659002
0.056798644
0.056820814
0.057143796
0.055800408
0.05670884
0.057339415
0.0586472
0.058220387
0.056263853
0.05733545
0.055464394
0.05654644
0.057047106
0.056944888
0.05766584
0.05852013
0.05686868
0.057476547
0.057490095
0.058678955
0.056662414
0.05817968
0.057724807
0.05684455
0.059301235
0.056747157
0.058909994
0.058825664
0.057239514
0.060601898
0.056917693
0.05742417
0.057416927
0.055889312
0.05744209
0.05839061
0.057771444
0.05644205
0.0579997
0.057201464
0.057885453
0.057339035
0.05558761
0.057174146
0.056707073
0.056662224
0.057709202
0.05668073
0.057514388
0.05607841
0.05745461
0.056632813
0.054910034
0.057391997
0.05833732
0.057061955
0.05709844
0.055274505
0.055413872
0.057029318
0.055510946
0.055828393
0.056317102
0.05703174
0.05542528
0.055252384
0.05717449
0.055800363
0.056321613
0.055946473
0.055599798
0.05538465
0.055097755
0.05674924
0.05685436
0.05549708
0.0561729
0.056800406
0.056802966
0.058089424
0.0558103
0.056032527
0.05571233
0.056275442
0.05609628
0.057122856
0.055862285
0.05452322
0.05592297
0.055504702
0.055401567
0.055423133
0.056702796
0.054938022
0.05568174
0.055946104
0.055446554
0.054577872
0.05616212
0.055887412
0.05625756
0.05587436
0.055456508
0.055673163
0.05629339
0.055894908
0.055427264
0.05696553
0.05545415
0.0564315
0.0556135
0.055964958
0.055038586
0.056095857
0.056827396
0.056985028
0.0558706
0.05561244
0.055407908
0.05561594
0.055234905
0.055965006
0.055877365
0.05832893
0.05462025
0.055823665
0.05516712
0.05655369
0.055456933
0.057021707
0.05549691
0.055923592
0.055964783
0.055345353
0.056683365
0.055285394
0.056497425
0.05550424
0.05619996
0.055562932
0.054869708
0.056465406
0.055839673
0.056927912
0.05599463
0.055466276
0.056693196
0.056530297
0.055796262
0.05587812
0.055327147
0.054933745
0.055558767
0.05416215
0.055684738
0.055675194
0.055149123
0.056129508
0.056150567
0.055983864
0.054142125
0.0552751
0.05669129
0.056196004
0.05603481
0.055745415
0.056210067
0.05524226
0.055333883
0.055528935
0.056449965
0.055895932
0.055320114
0.055802442
0.053936683
0.05626909
0.05551702
0.055644937
0.056281347
0.05541245
0.05599347
0.054217577
0.0568871
0.05520944
0.055008113
0.056670062
0.054908484
0.054660533
0.057468645
0.056151703
0.05612543
0.054487072
0.054838125
0.05605095
0.05655555
0.054695114
0.0550082
0.05700022
0.055557296
0.05533446
0.05564272
0.055409774
0.05506897
0.05618537
0.055442303
0.056411155
0.056827027
0.058070973
0.05616864
0.05552499
0.055636894
0.05613387
0.056880012
0.055501897
0.0550702
0.055604767
0.05573997
0.056016494
0.056116402
0.054842066
0.055402767
0.054979447
0.056043588
0.054956857
0.05550747
0.054976296
0.054235317
0.05590625
0.05554772
0.056108348
0.054563433
0.054867934
0.05425779
0.056333218
0.053726386
0.05420377
0.05580234
0.055510953
0.054494962
0.05450775
0.05483389
0.055020858
0.0549842
0.054630976
0.05500413
0.054898728
0.054657485
0.05568991
0.055546798
0.054289475
0.055241246
0.0561002
0.05489431
0.05462305
0.05603757
0.054165695
0.055837017
0.055126067
0.05627004
0.053586166
0.054936603
0.055171635
0.05486839
0.053951483
0.053950127
0.05489883
0.05507352
0.05465481
0.053677417
0.05537562
0.05527598
0.054704007
0.055224672
0.054510254
0.05465828
0.05505917
0.054629035
0.055490363
0.0546067
0.054547425
0.054740712
0.05396008
0.054444257
0.054940123
0.055016637
0.05446019
0.053767733
0.053424623
0.05366777
0.053184617
0.053698953
0.053801306
0.05374667
0.05454988
0.053549714
0.054259684
0.054551087
0.055018745
0.05374228
0.053040292
0.05384571
0.05451006
0.05548627
0.05451454
0.053679213
0.05468098
0.053631257
0.054248497
0.05462948
0.0545156
0.05585643
0.05337
0.054802053
0.05504755
0.05337159
0.05506684
0.055995017
0.054500233
0.05564155
0.055130046
0.05432573
0.05438373
0.054858476
0.054812018
0.055859167
0.05371685
0.05385684
0.055816997
0.054507084
0.054293633
0.0541431
0.055084247
0.05474351
0.053746738
0.055391204
0.057298236
0.054148935
0.053927727
0.053655893
0.05501152
0.05530054
0.055655774
0.055231918
0.053958718
0.054903027
0.05545558
0.054200344
0.054224204
0.055448256
0.05606115
0.05383994
0.05557502
0.054676667
0.05570463
0.054361016
0.054367155
0.054765448
0.054450683
0.055050295
0.053901512
0.054962147
0.05409651
0.0541042
0.05482422
0.054756567
0.05516778
0.05413894
0.052432552
0.053799916
0.053044546
0.05620149
0.0532537
0.054408796
0.05367153
0.054042187
0.05335641
0.053187516
0.055909876
0.054162025
0.053409573
0.05383673
0.05388356
0.053875342
0.054898582
0.054474562
0.05390072
0.05351654
0.05371479
0.053788032
0.052682146
0.05339265
0.053449966
0.05328426
0.053773273
0.05384637
0.052978203
0.055179015
0.054639086
0.05393339
0.053096678
0.054144483
0.053480648
0.053231318
0.054197818
0.053983994
0.054011293
0.054085393
0.053737406
0.053991567
0.052976
0.05474587
0.052599218
0.054442413
0.05477358
0.05327265
0.05352619
0.053705998
0.053332843
0.05325182
0.054286193
0.05366875
0.05622315
0.052957233
0.055092987
0.052902702
0.053482037
0.05390722
0.054372706
0.05331771
0.053192478
0.053386144
0.05319573
0.052754156
0.053451754
0.05343429
0.054489028
0.053738575
0.0547883
0.053703066
0.053520646
0.053472117
0.053922594
0.054518443
0.052757792
0.055073205
0.053882226
0.05373612
0.055074207
0.054976035
0.054277137
0.054169234
0.05428588
0.05349407
0.05271541
0.053670976
0.05339115
0.053437117
0.05372282
0.052838426
0.05319648
0.05412666
0.053519443
0.052502364
0.055461235
0.05408554
0.053183522
0.053380292
0.05364153
0.052310232
0.054190926
0.054055285
0.053147554
0.053349473
0.053276695
0.05561991
0.052444514
0.054265723
0.053324874
0.054134857
0.053421747
0.05374933
0.054520894
0.052412633
0.052578
0.053621948
0.05408538
0.05388233
0.054081984
0.05410113
0.055813663
0.052332003
0.05304097
0.053789552
0.051993817
0.053398844
0.05302946
0.05308809
0.053499456
0.052739136
0.0535206
0.05336484
0.053093355
0.053741436
0.053400535
0.051963575
0.053169664
0.052291904
0.054514237
0.053182136
0.053733915
0.052765567
0.052049503
0.05524845
0.054689202
0.051955193
0.053183023
0.05390007
0.055419236
0.05297637
0.052396674
0.05314177
0.052728176
0.053342197
0.053020168
0.05246651
0.05402618
0.05293891
0.05221195
0.05277948
0.053891294
0.05297488
0.0545157
0.052308146
0.052685864
0.052901752
0.052852754
0.05325232
0.052850902
0.052545704
0.052973263
0.054060258
0.0549634
0.05244825
0.053419717
0.052529417
0.055248618
0.053543016
0.053674
0.054122895
0.052986514
0.052687045
0.05259138
0.05490248
0.05634181
0.05326389
0.053062454
0.053161435
0.051925853
0.053303536
0.053213406
0.05292953
0.05300699
0.053316716
0.05390962
0.05363167
0.052859828
0.0517486
0.05268182
0.052650508
0.05246786
0.053676978
0.054856602
0.053043883
0.052275747
0.052829314
0.052924544
0.053597346
0.05265329
0.052193936
0.053598948
0.05314277
0.05311342
0.052205626
0.053817883
0.05331659
0.052927658
0.054423653
0.05346627
0.05346484
0.053666167
0.052450836
0.052297935
0.053192243
0.052208036
0.052337743
0.05213227
0.053021844
0.053226523
0.05291893
0.05418064
0.053588994
0.052578762
0.051573675
0.051648755
0.052207258
0.052635416
0.052062243
0.053261176
0.052199814
0.054936554
0.052466273
0.052133415
0.053594157
0.052036468
0.05398772
0.055254042
0.053286422
0.052307844
0.05258597
0.053081598
0.051844504
0.052797448
0.052961398
0.05305884
0.05221593
0.052956857
0.05187362
0.052569516
0.052218247
0.052035067
0.053576484
0.05442623
0.05156062
0.052550815
0.051669285
0.05265071
0.053161755
0.052228283
0.05463104
0.05234525
0.052678782
0.052329592
0.052028608
0.05323076
0.05309749
0.05265147
0.05191661
0.0533081
0.053017512
0.053001985
0.05197931
0.0515697
0.052446496
0.051663283
0.052684948
0.05447382
0.05230468
0.052289493
0.052679762
0.051766157
0.052529886
0.05146071
0.053487383
0.05186677
0.052730523
0.05251468
0.051654138
0.051152356
0.052678335
0.052986983
0.051578112
0.0515996
0.051767264
0.052289724
0.05301673
0.051985387
0.052887384
0.053619724
0.051952537
0.053460382
0.052783955
0.052984226
0.051372346
0.05369952
0.05357252
0.051642805
0.05220511
0.051755384
0.053766645
0.050797872
0.051307056
0.051254407
0.05310221
0.052374136
0.05162664
0.053027023
0.051493276
0.05126624
0.0512779
0.051482975
0.051523298
0.05218047
0.05268902
0.0514347
0.05319516
0.051433656
0.051619027
0.050365258
0.051051036
0.05213344
0.051817093
0.05101917
0.051893335
0.051030684
0.051263828
0.051095136
0.050696507
0.051149614
0.05183348
0.051304493
0.05155269
0.051930644
0.050858073
0.052400827
0.050310615
0.050565265
0.051529255
0.052057996
0.051319283
0.050388932
0.052066054
0.05284228
0.051289394
0.051837306
0.052227307
0.05081238
0.051252764
0.050943557
0.050754674
0.0515093
0.05213987
0.05099171
0.05192958
0.05417569
0.051977605
0.05231891
0.052120645
0.051512025
0.051149745
0.052022927
0.05318138
0.05209644
0.05201608
0.05250657
0.053210706
0.051885117
0.05309437
0.05129677
0.051572695
0.051261764
0.051480554
0.053208113
0.050675754
0.052514326
0.050904308
0.050881572
0.051032253
0.051051706
0.05224795
0.051193275
0.051726177
0.050306965
0.051277004
0.052110195
0.0512907
0.0501095
0.051606458
0.051182304
0.051121566
0.051984243
0.05289184
0.051171463
0.05247669
0.050542783
0.05135712
0.05050382
0.05176293
0.05188531
0.051128108
0.050945513
0.050652243
0.051091753
0.051341042
0.05020173
0.052236393
0.050338954
0.05019859
0.05193822
0.050547097
0.0515055
0.051949162
0.051780783
0.051310733
0.050567824
0.05247913
0.050870746
0.051298663
0.051827934
0.053556766
0.051097523
0.051987957
0.050831396
0.052226566
0.050950218
0.051517908
0.051355626
0.050785787
0.05049571
0.050658222
0.051342472
0.050870907
0.052165546
0.050600346
0.052726164
0.052382786
0.050975647
0.050754134
0.050919566
0.0520398
0.05245334
0.049863085
0.050891805
0.05280951
0.051118817
0.05154015
0.051224325
0.05084525
0.04988649
0.051606998
0.05064545
0.05129212
0.051601507
0.050746962
0.05039928
0.050819818
0.05222802
0.0508444
0.051390458
0.052434765
0.052386124
0.05114484
0.050498985
0.05105727
0.051797092
0.051371295
0.05053811
0.050592117
0.05150103
0.054076828
0.051182233
0.051905487
0.051362142
0.051619537
0.05025892
0.053055923
0.051023725
0.052294124
0.051901568
0.051477812
0.049585477
0.050759926
0.05085371
0.05068871
0.050665125
0.051230777
0.051733647
0.052507136
0.051581055
0.051304545
0.051481493
0.051458888
0.051471572
0.050359257
0.051514223
0.050982386
0.05115374
0.05161005
0.05089418
0.05060761
0.05067032
0.05205495
0.050005354
0.050139226
0.050027777
0.049960792
0.051322527
0.051295873
0.05014071
0.050627988
0.052042127
0.050696258
0.049975857
0.050636556
0.05133117
0.049438667
0.049774956
0.049462743
0.05136636
0.05344071
0.05043135
0.050579086
0.050024997
0.050598927
0.050099116
0.05060364
0.051185388
0.05027525
0.051313024
0.050217267
0.052065715
0.051088776
0.04994411
0.051259015
0.049948975
0.050910853
0.050351348
0.051552
0.050548542
0.05103004
0.050908826
0.050910834
0.049889166
0.05039467
0.04982341
0.05007814
0.049898624
0.050679162
0.05105022
0.051290404
0.05076958
0.050918225
0.051738475
0.05161911
0.051297802
0.050725956
0.049944676
0.04990628
0.04995524
0.050409697
0.049694743
0.05060233
0.050073225
0.051159915
0.05048823
0.049453653
0.0499123
0.050133105
0.050105914
0.049588777
0.050178543
0.050113343
0.05056235
0.04966547
0.050901186
0.04973305
0.049557913
0.050621256
0.050968338
0.05077517
0.050160047
0.050331518
0.05016419
0.05049258
0.04983085
0.049399793
0.049793128
0.04939584
0.050275616
0.05033911
0.05037011
0.0508652
0.04993071
0.05001219
0.050394233
0.051290296
0.050749417
0.05062413
0.050173543
0.05020052
0.050845932
0.050609402
0.050445005
0.049796913
0.049618706
0.049754377
0.049931787
0.050537087
0.051283196
0.050031733
0.050432216
0.049817253
0.050951578
0.05037898
0.050474226
0.050341778
0.05054794
0.04953157
0.05164938
0.04988423
0.04938451
0.04981218
0.050109178
0.04995496
0.049774375
0.050669804
0.04979179
0.05134365
0.04941526
0.050692584
0.049543392
0.050430983
0.050554402
0.051079106
0.05208786
0.050374903
0.04968614
0.050056733
0.049422324
0.048927546
0.050477426
0.051261276
0.05029176
0.049395256
0.050747678
0.05019813
0.050627697
0.0505394
0.050827745
0.050126325
0.05044237
0.05080639
0.049356204
0.049826425
0.05155398
0.049611364
0.050738838
0.049978424
0.050161816
0.050255183
0.049424052
0.052480847
0.050895516
0.050319258
0.049138524
0.04976321
0.049804535
0.05034964
0.05033083
0.05058998
0.049593914
0.049564335
0.048573077
0.0497994
0.049549367
0.050032947
0.04949369
0.049509995
0.050000098
0.048848
0.04946172
0.0517975
0.05029705
0.049605638
0.04940718
0.049459357
0.04933375
0.050238367
0.049316563
0.0485327
0.049519807
0.049076006
0.04919489
0.050833225
0.050600834
0.049670745
0.049584303
0.04968596
0.05055282
0.049455896
0.04979153
0.049704608
0.051510494
0.05032846
0.050638847
0.050372966
0.049637
0.0494693
0.050246812
0.052193776
0.050040968
0.050183855
0.050196595
0.05170783
0.048296053
0.05029345
0.051934656
0.049176894
0.04958137
0.04995683
0.04965171
0.05012846
0.04944493
0.050325923
0.050255734
0.05039817
0.050964307
0.048845895
0.049897127
0.049651094
0.049521588
0.049378235
0.050748423
0.049634438
0.04892976
0.051555928
0.049100816
0.052034076
0.05013936
0.05059163
0.05097631
0.050346117
0.048757397
0.050273515
0.052613113
0.05039922
0.049287006
0.05062588
0.048905183
0.049726065
0.048958384
0.050157435
0.04930883
0.050473228
0.049815275
0.050704803
0.04954902
0.05060587
0.048350256
0.0489161
0.049412534
0.05016874
0.049477074
0.048835114
0.048533384
0.049073357
0.049249355
0.049885917
0.048927385
0.049791943
0.05005791
0.048471704
0.0487159
0.048696924
0.04900247
0.04885788
0.048501372
0.048984427
0.04778474
0.04968693
0.04826483
0.04840005
0.049175948
0.04938238
0.048535243
0.050327715
0.048836816
0.047860634
0.04835809
0.048410308
0.049095698
0.04867853
0.050156552
0.048757788
0.049119785
0.0493151
0.048545003
0.05107959
0.049549196
0.04998351
0.049465172
0.05121589
0.04837481
0.048774127
0.050034173
0.04980842
0.049156502
0.049550906
0.04998826
0.050484776
0.048382375
0.04855156
0.050326135
0.04967134
0.051282763
0.04902845
0.049128592
0.049500268
0.049376477
0.05129816
0.048990123
0.05026597
0.050934095
0.049397174
0.049980793
0.049712077
0.050009668
0.050398484
0.04910214
0.04904196
0.050062235
0.050096877
0.049248558
0.050415568
0.050088514
0.051669795
0.04874395
0.049519975
0.048610676
0.049671523
0.049531486
0.05032129
0.04937088
0.05025549
0.04950316
0.049778
0.05009188
0.05012242
0.04889384
0.049390372
0.050509438
0.04876778
0.04953203
0.049221903
0.04988272
0.049204182
0.049445305
0.049499094
0.048303846
0.048876934
0.051052596
0.048765514
0.04943363
0.04780891
0.048684012
0.050747175
0.048457596
0.04845215
0.04896205
0.048376568
0.049505528
0.04916213
0.04910165
0.049483575
0.04936056
0.04818369
0.049294714
0.048223548
0.048709996
0.048289753
0.047143254
0.047565475
0.049086444
0.048487317
0.04791057
0.049083598
0.04833202
0.049815148
0.04958942
0.048087243
0.048670564
0.04797754
0.049567167
0.049450904
0.048212774
0.048901264
0.048120566
0.04951764
0.048247367
0.04830376
0.04873455
0.04858625
0.049958702
0.048146997
0.0496044
0.049045507
0.04934718
0.04873229
0.047906067
0.048654996
0.048283555
0.04885588
0.04926884
0.047644846
0.048185702
0.04893082
0.050103836
0.049883146
0.04887752
0.048220243
0.04843462
0.04934842
0.049328998
0.04907038
0.048232738
0.04785772
0.04774541
0.04718161
0.048773356
0.049062997
0.04811719
0.0491448
0.049328137
0.047861226
0.049347136
0.04708178
0.04835046
0.047771513
0.04826652
0.048411235
0.0476452
0.048107926
0.04834582
0.048118383
0.048554372
0.047958933
0.048686285
0.04875697
0.048041992
0.04829263
0.047866553
0.04769872
0.048341498
0.04868262
0.047665995
0.049216222
0.049239546
0.048001207
0.0498652
0.048418544
0.048224036
0.04855685
0.047880895
0.048625138
0.047830317
0.048565574
0.04801741
0.048017394
0.047260392
0.047283508
0.048151247
0.048236284
0.04787789
0.04844761
0.04823088
0.04890682
0.049322687
0.047801614
0.047597528
0.04856332
0.048799437
0.047933728
0.048620585
0.048431285
0.047777195
0.048981383
0.04906832
0.04740269
0.04809186
0.04836005
0.04816799
0.04785256
0.047577582
0.048208132
0.048032522
0.04740219
0.049151953
0.04803976
0.047328956
0.0492294
0.048712548
0.047163285
0.047959592
0.047370765
0.047467563
0.04741297
0.047989495
0.047591347
0.04718574
0.047662787
0.047629133
0.04704838
0.04933634
0.049255826
0.047822878
0.04772684
0.046777833
0.04869722
0.047333986
0.04725483
0.047738537
0.048577525
0.04804665
0.047950044
0.04738694
0.048111163
0.048003588
0.04772238
0.04835346
0.047824286
0.04729317
0.047468808
0.046383582
0.047292743
0.047174934
0.04855434
0.047338795
0.047347795
0.048410583
0.048033606
0.049802337
0.04706269
0.050098237
0.0470258
0.04706202
0.04651937
0.046675596
0.047262594
0.048445396
0.0480108
0.047785487
0.048383486
0.04802075
0.049036793
0.04731118
0.047526825
0.048135884
0.0467554
0.048069697
0.04803975
0.046516933
0.049997024
0.047649138
0.047862988
0.04797299
0.048361953
0.04772164
0.048194405
0.04713567
0.04818606
0.046825282
0.04893513
0.04710638
0.04792104
0.047864184
0.050223093
0.048422925
0.047188006
0.047969904
0.04793707
0.047781486
0.048577297
0.048004095
0.047927212
0.048917744
0.04729112
0.047476813
0.049791545
0.047860336
0.048187543
0.046522234
0.04679203
0.048009753
0.046549458
0.048139513
0.048711885
0.047759403
0.047359705
0.0476326
0.048890915
0.047962222
0.04825352
0.048328377
0.047820948
0.049440056
0.048362225
0.047318228
0.047912598
0.04719557
0.046417106
0.04740583
0.047354825
0.047902733
0.048056964
0.047862917
0.04834657
0.048318043
0.048173133
0.047421116
0.048717547
0.047466863
0.049299207
0.047349807
0.047322277
0.047843862
0.047873687
0.04800493
0.04730323
0.048755623
0.04696651
0.04654067
0.046821952
0.047147244
0.047305282
0.04729713
0.047734994
0.048156377
0.047398318
0.046860203
0.047501367
0.04811856
0.047467414
0.047995567
0.048307765
0.04684693
0.047179237
0.04617084
0.047119122
0.04668609
0.04755067
0.04956632
0.04636374
0.047405772
0.047376093
0.04763074
0.046557188
0.04794422
0.048828032
0.046966493
0.04826249
0.047438238
0.047801916
0.048247248
0.047552958
0.048333034
0.04795182
0.047050666
0.04779395
0.048371103
0.046538886
0.04753022
0.046779513
0.047498558
0.04861502
0.04791931
0.047405872
0.04729366
0.048271954
0.0484797
0.048889425
0.046546325
0.048661746
0.048016883
0.04834063
0.047462255
0.04677001
0.048578404
0.047113713
0.04670269
0.048748963
0.047026306
0.046900775
0.046599213
0.04782898
0.04763981
0.048662093
0.047693077
0.04754127
0.04711068
0.04720761
0.047198277
0.048021637
0.046310555
0.04658517
0.047719114
0.046510365
0.04752445
0.04805646
0.0464816
0.046863843
0.04721725
0.04891834
0.04658396
0.04778722
0.046923395
0.04664883
0.047592036
0.047678243
0.046052024
0.048094764
0.04708962
0.047345355
0.046505433
0.04722801
0.048273724
0.046971783
0.04671317
0.046635214
0.046863746
0.04777773
0.047854073
0.046879403
0.04628485
0.047785316
0.046593226
0.046670996
0.046495024
0.046290692
0.04759454
0.049158398
0.0459667
0.046742048
0.047617715
0.046571594
0.046590805
0.049804404
0.046708893
0.047676835
0.04647831
0.045687504
0.046602216
0.04600806
0.047053307
0.046333134
0.047635198
0.047228463
0.04651048
0.046626206
0.04576806
0.04545791
0.04648628
0.04587383
0.04615321
0.04633186
0.04658565
0.04736969
0.04594333
0.046975616
0.046545345
0.04750559
0.047445394
0.04684316
0.046681758
0.047396194
0.04673926
0.0474874
0.046674155
0.047145266
0.046265513
0.04768518
0.046763275
0.047597356
0.046524834
0.04741374
0.046465665
0.045660857
0.04714293
0.04725737
0.04597367
0.04664795
0.04673829
0.046827555
0.048128564
0.047014937
0.046467543
0.04657004
0.047381207
0.04660055
0.04723647
0.046676755
0.046790127
0.047373578
0.04697063
0.047636114
0.046095382
0.046618078
0.046184286
0.04578217
0.046603825
0.046666868
0.04561769
0.04684712
0.046793718
0.046337686
0.04669511
0.047779277
0.047208082
0.04790639
0.048172195
0.04695278
0.046891123
0.04639865
0.046259966
0.04795295
0.046555534
0.046085708
0.04680579
0.046249773
0.04656409
0.047731843
0.045712575
0.04700103
0.04882089
0.04654601
0.047619447
0.046690743
0.04653332
0.047320716
0.046661522
0.04583273
0.048214905
0.046211567
0.04664862
0.04717051
0.04679894
0.04591767
0.04624356
0.04692171
0.046650782
0.046214376
0.046006087
0.04697988
0.046743374
0.049329996
0.047129735
0.047778673
0.047762256
0.04706863
0.047294114
0.046614904
0.04607688
0.04633675
0.04726512
0.04569838
0.047497623
0.047696654
0.04705178
0.045972858
0.04590297
0.045945324
0.047170185
0.047291808
0.046218302
0.046493653
0.045946006
0.04602388
0.047388285
0.04665631
0.045824137
0.0474648
0.04580735
0.046883937
0.04606804
0.046033964
0.046981864
0.047213446
0.047076885
0.046984043
0.046425786
0.046910513
0.047191627
0.04638782
0.04631876
0.046383284
0.046735868
0.04708159
0.04606147
0.04772017
0.045837827
0.045948364
0.046280824
0.045985118
0.046898235
0.048231237
0.046738006
0.04718084
0.045979016
0.047225386
0.045942377
0.04573124
0.0464556
0.046116166
0.04546714
0.04643606
0.0462868
0.045669656
0.04695944
0.04586382
0.045858726
0.046807237
0.046015598
0.046347305
0.04612489
0.045575686
0.04519182
0.04571346
0.046050996
0.046475694
0.04697471
0.04781659
0.045450356
0.04686514
0.047085747
0.04554664
0.04623149
0.04543388
0.04498221
0.04639871
0.047049154
0.04569077
0.045832057
0.047349453
0.047183298
0.04627083
0.046727635
0.04758383
0.04787764
0.045885496
0.046245765
0.04667149
0.046907276
0.045533575
0.046348505
0.04578867
0.045458067
0.04598378
0.045742597
0.046000734
0.045987397
0.046018746
0.046097044
0.04615379
0.045764733
0.045338698
0.045481853
0.04546897
0.047568638
0.04607559
0.0457
0.0477084
0.04641369
0.046481695
0.045689978
0.045603182
0.04648787
0.047589406
0.045429967
0.045802042
0.04656064
0.046396427
0.045659065
0.04560229
0.04534678
0.046831142
0.046128135
0.04583409
0.045019466
0.046787586
0.04581645
0.046098355
0.04601914
0.04617903
0.046272866
0.047054596
0.044588022
0.047097746
0.04578799
0.044884123
0.045913838
0.046798065
0.04518221
0.04616061
0.045823492
0.046474032
0.045928355
0.045738734
0.04755116
0.04661242
0.045563176
0.046242137
0.045442045
0.046671268
0.044856492
0.04609025
0.045409635
0.045520984
0.04606631
0.044928957
0.045074143
0.045041304
0.04641179
0.045650277
0.04543282
0.045357663
0.04612395
0.04708869
0.045676146
0.047822848
0.0470991
0.046959765
0.046240903
0.044599555
0.04544803
0.044527415
0.04548291
0.046119396
0.046871893
0.045076583
0.0461848
0.045125928
0.046940025
0.04583736
0.044496875
0.04512903
0.044741467
0.045103017
0.045613393
0.045279603
0.046848904
0.04558153
0.04520266
0.046187714
0.045110438
0.045392077
0.045167938
0.04472593
0.044723816
0.0466789
0.046225697
0.04635117
0.045684647
0.046512563
0.044809874
0.04550192
0.04595486
0.045741443
0.04471155
0.04467095
0.04567092
0.04515442
0.045480702
0.046673954
0.046199854
0.047156107
0.04667125
0.045681804
0.047250435
0.045346778
0.04471537
0.045110866
0.04481526
0.045396086
0.044960015
0.045037653
0.04541049
0.045028593
0.04542694
0.04560581
0.04564046
0.045811027
0.045285635
0.046211287
0.04541885
0.045635253
0.046395373
0.048498023
0.045419298
0.04524697
0.045817293
0.045686312
0.045108344
0.04579622
0.046970155
0.047007125
0.045832723
0.045713603
0.04475085
0.04601005
0.045835078
0.04555521
0.045092724
0.045662846
0.04550992
0.045370318
0.047806676
0.04591007