20 197.02 -0.65 196.37 0.049 17 27 0.37 0.0 
40 195.86 -0.81 195.05 0.093 33 63 0.72 0.0 
60 194.81 -1.2 193.61 0.115 47 95 1.03 0.0 
80 194.07 -1.7 192.37 0.137 58 134 1.27 0.01 
100 192.27 -1.88 190.39 0.165 75 172 1.64 0.01 
120 191.44 -2.12 189.31 0.203 85 216 1.86 0.01 
140 191.26 -2.57 188.69 0.217 95 263 2.08 0.01 
160 189.87 -2.64 187.23 0.239 111 299 2.43 0.01 
180 189.29 -2.94 186.36 0.272 124 339 2.72 0.02 
200 189.05 -3.14 185.91 0.277 134 387 2.94 0.02 
220 187.33 -3.1 184.23 0.305 146 423 3.2 0.02 
240 186.96 -3.2 183.76 0.315 157 466 3.44 0.02 
260 185.81 -3.26 182.55 0.337 169 503 3.71 0.03 
280 185.08 -3.5 181.57 0.348 181 547 3.97 0.03 
300 183.64 -3.73 179.91 0.369 194 582 4.25 0.03 
320 182.64 -3.73 178.92 0.386 211 618 4.63 0.03 
340 182.2 -3.94 178.26 0.394 221 658 4.85 0.03 
360 180.93 -3.93 177.0 0.412 235 696 5.15 0.03 
380 180.27 -3.98 176.29 0.43 248 734 5.44 0.04 
400 178.77 -3.92 174.84 0.433 262 777 5.75 0.04 
420 177.61 -3.88 173.73 0.451 274 822 6.01 0.04 
440 177.11 -4.03 173.07 0.457 283 869 6.21 0.04 
460 176.76 -4.12 172.64 0.47 295 916 6.47 0.05 
480 175.5 -4.24 171.26 0.489 308 962 6.75 0.05 
500 174.73 -4.25 170.47 0.5 318 1009 6.97 0.05 
520 174.18 -4.05 170.12 0.507 330 1046 7.24 0.05 
540 173.49 -4.14 169.35 0.517 341 1099 7.48 0.05 
560 171.79 -4.22 167.57 0.531 350 1142 7.68 0.06 
580 171.46 -4.31 167.15 0.536 363 1191 7.96 0.06 
600 170.8 -4.24 166.55 0.539 375 1241 8.22 0.06 
620 169.59 -4.21 165.38 0.55 387 1287 8.49 0.06 
640 169.35 -4.31 165.04 0.557 400 1334 8.77 0.07 
660 169.33 -4.34 164.99 0.566 413 1380 9.06 0.07 
680 168.36 -4.21 164.15 0.576 424 1424 9.3 0.07 
700 167.53 -4.19 163.34 0.584 434 1472 9.52 0.07 
720 166.89 -4.29 162.6 0.597 447 1524 9.8 0.08 
740 165.16 -4.27 160.89 0.602 460 1574 10.09 0.08 
760 164.4 -4.2 160.2 0.605 473 1626 10.37 0.08 
780 163.4 -4.15 159.24 0.611 483 1679 10.59 0.08 
800 162.13 -4.05 158.08 0.622 496 1724 10.88 0.09 
820 161.82 -4.1 157.72 0.625 509 1776 11.16 0.09 
840 160.49 -3.94 156.55 0.627 525 1824 11.51 0.09 
860 160.07 -4.08 155.99 0.635 536 1880 11.75 0.09 
880 159.36 -4.11 155.25 0.643 551 1932 12.08 0.1 
900 158.83 -4.02 154.81 0.646 561 1981 12.3 0.1 
920 158.06 -3.94 154.12 0.651 569 2031 12.48 0.1 
940 158.25 -3.88 154.37 0.649 579 2089 12.7 0.1 
960 156.73 -3.83 152.9 0.658 588 2139 12.89 0.11 
980 156.22 -3.79 152.43 0.669 600 2187 13.16 0.11 
1000 156.08 -3.76 152.32 0.67 606 2244 13.29 0.11 
1020 155.35 -3.69 151.66 0.674 619 2299 13.57 0.11 
1040 154.65 -3.57 151.09 0.678 627 2350 13.75 0.12 
1060 153.85 -3.38 150.47 0.685 639 2403 14.01 0.12 
1080 153.14 -3.27 149.87 0.688 651 2451 14.28 0.12 
1100 152.69 -3.15 149.54 0.693 658 2511 14.43 0.12 
1120 152.57 -3.0 149.57 0.699 669 2565 14.67 0.13 
1140 151.43 -2.91 148.52 0.699 679 2616 14.89 0.13 
1160 151.19 -2.89 148.3 0.703 685 2671 15.02 0.13 
1180 150.77 -2.86 147.91 0.707 695 2726 15.24 0.14 
1200 150.49 -2.97 147.52 0.709 705 2787 15.46 0.14 
1220 150.36 -2.92 147.44 0.712 715 2843 15.68 0.14 
1240 149.82 -2.91 146.91 0.716 720 2904 15.79 0.14 
1260 149.61 -2.81 146.8 0.719 728 2964 15.96 0.15 
1280 149.43 -2.63 146.81 0.721 736 3029 16.14 0.15 
1300 148.6 -2.55 146.04 0.723 743 3091 16.29 0.15 
1320 147.68 -2.48 145.2 0.727 755 3140 16.56 0.16 
1340 146.68 -2.47 144.21 0.729 762 3202 16.71 0.16 
1360 146.49 -2.36 144.13 0.733 770 3271 16.89 0.16 
1380 146.08 -2.18 143.9 0.732 781 3329 17.13 0.17 
1400 145.35 -2.04 143.31 0.737 791 3390 17.35 0.17 
1420 145.12 -1.96 143.16 0.737 793 3450 17.39 0.17 
1440 144.64 -1.89 142.74 0.741 806 3506 17.68 0.17 
1460 144.11 -1.78 142.33 0.745 815 3565 17.87 0.18 
1480 143.39 -1.68 141.72 0.742 826 3627 18.11 0.18 
1500 142.96 -1.61 141.35 0.746 836 3685 18.33 0.18 
1520 142.31 -1.45 140.86 0.753 846 3740 18.55 0.19 
1540 141.98 -1.35 140.63 0.756 854 3803 18.73 0.19 
1560 141.85 -1.18 140.67 0.757 864 3861 18.95 0.19 
1580 141.83 -1.08 140.74 0.759 872 3917 19.12 0.19 
1600 141.14 -1.05 140.09 0.762 880 3982 19.3 0.2 
1620 140.98 -0.88 140.11 0.764 887 4037 19.45 0.2 
1640 140.89 -0.92 139.97 0.761 896 4098 19.65 0.2 
1660 140.01 -0.83 139.18 0.766 905 4158 19.85 0.21 
1680 138.94 -0.62 138.33 0.768 911 4219 19.98 0.21 
1700 138.34 -0.58 137.76 0.771 917 4285 20.11 0.21 
1720 137.96 -0.44 137.52 0.771 923 4350 20.24 0.22 
1740 137.74 -0.36 137.38 0.773 934 4415 20.48 0.22 
1760 137.01 -0.31 136.7 0.775 938 4472 20.57 0.22 
1780 136.77 -0.38 136.39 0.778 946 4532 20.75 0.23 
1800 136.46 -0.28 136.18 0.778 958 4591 21.01 0.23 
1820 135.83 -0.09 135.74 0.78 965 4651 21.16 0.23 
1840 135.28 0.18 135.46 0.786 978 4711 21.45 0.23 
1860 135.47 0.29 135.76 0.785 986 4778 21.62 0.24 
1880 135.02 0.48 135.5 0.784 996 4834 21.84 0.24 
1900 135.01 0.66 135.67 0.785 1000 4901 21.93 0.24 
1920 134.47 0.9 135.37 0.789 1009 4968 22.13 0.25 
1940 133.94 1.16 135.09 0.789 1021 5025 22.39 0.25 
1960 133.15 1.38 134.53 0.791 1028 5084 22.54 0.25 
1980 132.85 1.51 134.36 0.79 1036 5142 22.72 0.26 
2000 132.09 1.71 133.8 0.792 1043 5207 22.87 0.26 
2020 132.2 1.9 134.09 0.795 1054 5275 23.11 0.26 
2040 131.75 2.16 133.91 0.796 1064 5344 23.33 0.27 
2060 131.6 2.45 134.04 0.794 1076 5410 23.6 0.27 
2080 131.12 2.66 133.78 0.796 1089 5473 23.88 0.27 
2100 130.23 2.81 133.04 0.8 1096 5540 24.04 0.28 
2120 129.85 3.01 132.86 0.801 1105 5606 24.23 0.28 
2140 128.85 3.13 131.98 0.802 1115 5659 24.45 0.28 
2160 128.22 3.25 131.47 0.801 1125 5727 24.67 0.28 
2180 128.62 3.36 131.98 0.803 1131 5790 24.8 0.29 
2200 128.09 3.63 131.72 0.807 1139 5851 24.98 0.29 
2220 128.27 3.81 132.09 0.806 1148 5917 25.18 0.29 
2240 127.06 3.99 131.05 0.808 1159 5983 25.42 0.3 
2260 127.27 4.2 131.47 0.809 1166 6052 25.57 0.3 
2280 127.04 4.33 131.37 0.81 1172 6127 25.7 0.3 
2300 126.58 4.46 131.05 0.81 1181 6197 25.9 0.31 
2320 125.98 4.75 130.73 0.812 1190 6254 26.1 0.31 
2340 125.87 4.89 130.76 0.813 1199 6311 26.29 0.31 
2360 125.5 5.0 130.49 0.815 1203 6385 26.38 0.32 
2380 124.82 5.13 129.94 0.815 1209 6450 26.51 0.32 
2400 125.11 5.27 130.38 0.816 1214 6520 26.62 0.32 
2420 124.86 5.52 130.38 0.818 1227 6581 26.91 0.33 
2440 124.06 5.75 129.81 0.817 1235 6644 27.08 0.33 
2460 124.18 5.91 130.09 0.818 1245 6706 27.3 0.33 
2480 123.32 6.21 129.52 0.822 1252 6776 27.46 0.34 
2500 122.99 6.34 129.33 0.822 1259 6838 27.61 0.34 
2520 122.26 6.66 128.92 0.825 1269 6898 27.83 0.34 
2540 122.15 6.84 129.0 0.825 1277 6962 28.0 0.35 
2560 121.51 6.99 128.5 0.826 1281 7034 28.09 0.35 
2580 121.73 7.26 128.99 0.826 1289 7105 28.27 0.35 
2600 121.48 7.43 128.91 0.827 1296 7177 28.42 0.36 
2620 121.58 7.6 129.18 0.828 1303 7247 28.57 0.36 
2640 120.54 7.74 128.28 0.828 1312 7303 28.77 0.36 
2660 120.11 7.91 128.02 0.829 1319 7370 28.93 0.37 
2680 120.03 8.11 128.15 0.829 1327 7437 29.1 0.37 
2700 119.18 8.29 127.48 0.83 1337 7498 29.32 0.37 
2720 119.09 8.47 127.56 0.832 1348 7554 29.56 0.38 
2740 118.93 8.72 127.65 0.834 1351 7624 29.63 0.38 
2760 118.66 8.84 127.5 0.834 1357 7696 29.76 0.38 
2780 117.7 9.0 126.7 0.837 1362 7764 29.87 0.39 
2800 118.21 9.2 127.42 0.836 1366 7837 29.96 0.39 
2820 118.07 9.55 127.63 0.836 1374 7906 30.13 0.39 
2840 117.51 9.85 127.36 0.839 1378 7985 30.22 0.4 
2860 116.89 10.04 126.93 0.839 1383 8055 30.33 0.4 
2880 116.85 10.26 127.12 0.841 1390 8115 30.48 0.4 
2900 116.55 10.47 127.02 0.841 1397 8179 30.64 0.41 
2920 116.23 10.66 126.89 0.843 1406 8240 30.83 0.41 
2940 116.4 10.89 127.3 0.841 1413 8309 30.99 0.41 
2960 115.5 11.24 126.74 0.844 1418 8380 31.1 0.42 
2980 115.09 11.51 126.6 0.845 1425 8447 31.25 0.42 
3000 114.48 11.81 126.29 0.845 1431 8513 31.38 0.42 
3020 114.27 11.99 126.26 0.843 1433 8581 31.43 0.43 
3040 114.08 12.3 126.38 0.846 1439 8646 31.56 0.43 
3060 113.91 12.64 126.55 0.848 1450 8710 31.8 0.43 
3080 113.91 12.91 126.82 0.846 1457 8779 31.95 0.44 
3100 113.67 13.05 126.71 0.848 1464 8846 32.11 0.44 
3120 112.77 13.31 126.08 0.848 1474 8911 32.32 0.44 
3140 112.56 13.53 126.09 0.848 1484 8974 32.54 0.45 
3160 112.45 13.82 126.27 0.849 1485 9047 32.57 0.45 
3180 111.89 13.98 125.87 0.849 1490 9117 32.68 0.45 
3200 111.35 14.18 125.53 0.851 1496 9186 32.81 0.46 
3220 111.28 14.39 125.67 0.85 1505 9255 33.0 0.46 
3240 111.41 14.56 125.97 0.85 1510 9323 33.11 0.46 
3260 110.9 14.75 125.64 0.85 1515 9391 33.22 0.47 
3280 110.38 14.96 125.34 0.852 1520 9456 33.33 0.47 
3300 110.26 15.2 125.45 0.852 1529 9522 33.53 0.47 
3320 109.53 15.44 124.96 0.853 1535 9584 33.66 0.48 
3340 109.83 15.67 125.5 0.853 1539 9647 33.75 0.48 
3360 109.46 15.96 125.42 0.854 1548 9711 33.95 0.48 
3380 108.97 16.21 125.18 0.856 1553 9779 34.06 0.49 
3400 108.93 16.5 125.43 0.856 1559 9843 34.19 0.49 
3420 108.42 16.78 125.2 0.857 1565 9914 34.32 0.49 
3440 108.01 16.99 125.0 0.858 1574 9979 34.52 0.5 
3460 107.93 17.2 125.13 0.859 1579 10043 34.63 0.5 
3480 107.81 17.45 125.26 0.859 1585 10115 34.76 0.5 
3500 107.33 17.66 124.99 0.86 1594 10181 34.96 0.51 
3520 106.98 17.87 124.84 0.86 1600 10245 35.09 0.51 
3540 106.71 18.11 124.81 0.859 1605 10324 35.2 0.51 
3560 106.16 18.36 124.52 0.861 1609 10393 35.29 0.52 
3580 105.55 18.58 124.13 0.861 1620 10455 35.53 0.52 
3600 105.56 18.74 124.3 0.861 1626 10531 35.66 0.52 
3620 106.06 18.99 125.04 0.86 1632 10600 35.79 0.53 
3640 104.88 19.22 124.1 0.86 1635 10673 35.86 0.53 
3660 104.65 19.41 124.07 0.86 1638 10740 35.92 0.53 
3680 104.32 19.63 123.95 0.861 1643 10814 36.03 0.54 
3700 104.4 19.91 124.31 0.86 1646 10878 36.1 0.54 
3720 104.34 20.13 124.47 0.86 1651 10954 36.21 0.54 
3740 104.2 20.34 124.54 0.861 1661 11025 36.43 0.55 
3760 103.82 20.5 124.33 0.863 1667 11102 36.56 0.55 
3780 103.49 20.77 124.26 0.864 1673 11174 36.69 0.56 
3800 102.63 21.0 123.63 0.866 1681 11239 36.86 0.56 
3820 102.44 21.25 123.69 0.864 1684 11303 36.93 0.56 
3840 102.95 21.52 124.47 0.866 1692 11374 37.11 0.57 
3860 102.59 21.79 124.38 0.867 1700 11444 37.28 0.57 
3880 101.9 22.11 124.01 0.867 1703 11516 37.35 0.57 
3900 101.28 22.34 123.63 0.867 1709 11585 37.48 0.58 
3920 101.76 22.58 124.33 0.869 1718 11650 37.68 0.58 
3940 100.95 22.79 123.74 0.869 1721 11718 37.74 0.58 
3960 100.75 23.0 123.75 0.869 1726 11791 37.85 0.59 
3980 100.84 23.28 124.11 0.869 1732 11862 37.98 0.59 
4000 100.74 23.52 124.26 0.868 1738 11932 38.11 0.59 
4020 100.05 23.7 123.75 0.868 1745 12003 38.27 0.6 
4040 100.26 23.93 124.19 0.869 1750 12077 38.38 0.6 
4060 99.42 24.25 123.67 0.872 1758 12144 38.55 0.6 
4080 99.09 24.5 123.59 0.872 1764 12220 38.68 0.61 
4100 99.4 24.78 124.18 0.874 1772 12293 38.86 0.61 
4120 98.78 25.18 123.96 0.874 1778 12363 38.99 0.61 
4140 98.67 25.39 124.06 0.873 1782 12440 39.08 0.62 
4160 98.36 25.66 124.02 0.873 1786 12511 39.17 0.62 
4180 98.6 26.03 124.64 0.874 1790 12586 39.25 0.63 
4200 98.18 26.35 124.53 0.874 1793 12653 39.32 0.63 
4220 97.74 26.57 124.31 0.875 1796 12724 39.39 0.63 
4240 97.33 26.87 124.2 0.874 1802 12797 39.52 0.64 
4260 97.85 27.16 125.01 0.874 1806 12865 39.61 0.64 
4280 96.7 27.49 124.2 0.876 1808 12933 39.65 0.64 
4300 96.95 27.76 124.7 0.875 1811 13004 39.71 0.65 
4320 96.33 28.05 124.38 0.875 1815 13068 39.8 0.65 
4340 95.87 28.35 124.23 0.877 1824 13130 40.0 0.65 
4360 95.54 28.57 124.11 0.876 1829 13205 40.11 0.66 
4380 95.71 28.82 124.53 0.876 1833 13286 40.2 0.66 
4400 95.31 29.06 124.38 0.877 1839 13351 40.33 0.66 
4420 95.53 29.29 124.81 0.878 1842 13417 40.39 0.67 
4440 95.16 29.54 124.7 0.879 1847 13493 40.5 0.67 
4460 94.26 29.87 124.13 0.877 1853 13562 40.64 0.67 
4480 94.37 30.16 124.53 0.877 1857 13628 40.72 0.68 
4500 94.12 30.36 124.48 0.876 1862 13694 40.83 0.68 
4520 94.32 30.63 124.95 0.876 1868 13764 40.96 0.68 
4540 93.56 30.88 124.44 0.877 1872 13825 41.05 0.69 
4560 93.47 31.11 124.58 0.879 1879 13892 41.21 0.69 
4580 93.56 31.44 125.0 0.881 1884 13965 41.32 0.69 
4600 93.03 31.59 124.61 0.879 1888 14034 41.4 0.7 
4620 92.46 31.83 124.29 0.881 1894 14101 41.54 0.7 
4640 92.57 32.05 124.62 0.881 1898 14173 41.62 0.7 
4660 92.35 32.26 124.61 0.883 1902 14243 41.71 0.71 
4680 92.14 32.52 124.66 0.882 1909 14306 41.86 0.71 
4700 91.93 32.77 124.7 0.883 1913 14377 41.95 0.71 
4720 91.2 33.1 124.3 0.882 1917 14444 42.04 0.72 
4740 91.54 33.38 124.92 0.883 1920 14512 42.11 0.72 
4760 91.01 33.72 124.73 0.883 1922 14584 42.15 0.73 
4780 90.61 34.02 124.62 0.885 1925 14650 42.21 0.73 
4800 90.5 34.3 124.8 0.884 1933 14717 42.39 0.73 
4820 89.86 34.6 124.46 0.885 1938 14788 42.5 0.74 
4840 89.46 34.85 124.31 0.884 1942 14859 42.59 0.74 
4860 89.08 35.12 124.2 0.884 1947 14932 42.7 0.74 
4880 88.51 35.33 123.84 0.885 1950 15003 42.76 0.75 
4900 88.6 35.51 124.11 0.885 1954 15072 42.85 0.75 
4920 88.52 35.72 124.24 0.886 1957 15143 42.92 0.75 
4940 88.36 35.98 124.34 0.885 1962 15209 43.03 0.76 
4960 88.0 36.18 124.18 0.885 1964 15282 43.07 0.76 
4980 88.4 36.5 124.9 0.885 1965 15355 43.09 0.76 
5000 87.86 36.81 124.67 0.886 1972 15426 43.25 0.77 
5020 87.2 37.09 124.29 0.886 1975 15493 43.31 0.77 
