
0.32190672
0.30188498
0.30633157
0.2907547
0.2748907
0.28106737
0.26541576
0.26150098
0.26133916
0.26026547
0.26138335
0.24995674
0.25888285
0.26011157
0.2513788
0.25396794
0.24761935
0.2536169
0.25013885
0.25293526
0.24301545
0.25243092
0.25297195
0.24239871
0.24761732
0.24368721
0.25567576
0.24132891
0.23806074
0.24307112
0.24651447
0.24181594
0.2371317
0.23888467
0.23869196
0.23813085
0.24557054
0.24116734
0.23806545
0.23554118
0.23120493
0.23267147
0.23093234
0.2278855
0.23687781
0.23219346
0.23118953
0.2305302
0.22726004
0.23028047
0.22426149
0.22627999
0.22994408
0.23078164
0.2310959
0.22714831
0.22855262
0.22832744
0.22634661
0.22990204
0.23218322
0.22915892
0.22691569
0.22770344
0.22767521
0.22642675
0.22308402
0.23010854
0.22541617
0.22380584
0.22378102
0.22382094
0.2180252
0.22535871
0.2212785
0.21729715
0.21708643
0.21620297
0.21574537
0.2168297
0.21958028
0.21163544
0.21658322
0.21845601
0.22465679
0.21284436
0.21938221
0.22129627
0.21903396
0.21184929
0.215563
0.21136686
0.21144187
0.20903628
0.21679331
0.20620982
0.20245273
0.20878488
0.21255822
0.20799983
0.20843753
0.20711692
0.21345626
0.2082974
0.20171668
0.211413
0.21240032
0.20551567
0.20398682
0.20784473
0.2071367
0.2096235
0.2048405
0.206571
0.21174476
0.21103083
0.21321562
0.21227354
0.22173083
0.21986073
0.20300621
0.20632702
0.19846006
0.1963875
0.1979506
0.19574685
0.19420415
0.19708377
0.19413787
0.19464535
0.19543125
0.20076682
0.1967861
0.19734745
0.19559632
0.19537657
0.19270808
0.19293152
0.18807746
0.19329524
0.19470543
0.19046168
0.19099535
0.18802875
0.18920815
0.18743867
0.19668694
0.1916621
0.19198385
0.19182344
0.19126964
0.19301285
0.19108532
0.19534111
0.19945134
0.18938872
0.19268997
0.1910532
0.19020063
0.19186622
0.18723848
0.19357754
0.18849012
0.18664008
0.18526053
0.18972653
0.18728274
0.18802066
0.18887798
0.19331262
0.18922709
0.18688373
0.18204139
0.18476075
0.1847773
0.1872481
0.1873914
0.18440515
0.18712781
0.18467256
0.18346499
0.18359432
0.17818311
0.17880669
0.18312581
0.18709174
0.1839805
0.18406637
0.18038781
0.1800015
0.18269242
0.18066867
0.18206543
0.18051174
0.18104708
0.18000637
0.18463145
0.18143423
0.17646602
0.17858894
0.18359242
0.17572874
0.17813706
0.17995271
0.17751607
0.18014677
0.18316671
0.17572334
0.1767247
0.17670317
0.17811027
0.17569417
0.1760695
0.17529504
0.17704485
0.18104559
0.18001114
0.17363518
0.1725512
0.17423418
0.1711114
0.17576316
0.17094679
0.17608425
0.17435487
0.17324145
0.18402639
0.1708762
0.17301467
0.17564185
0.17648287
0.17125681
0.17133537
0.17224932
0.16916347
0.16825426
0.18253402
0.1687726
0.17001182
0.16905032
0.17340986
0.16766685
0.1715006
0.17051406
0.17627876
0.17270073
0.1732639
0.16934074
0.17184661
0.17261739
0.17386726
0.1660787
0.16668837
0.16519164
0.16610636
0.16692787
0.16681367
0.16841112
0.16805497
0.16933627
0.16297594
0.16822045
0.1679179
0.1658761
0.16581768
0.16443573
0.16894053
0.16426696
0.16344643
0.1653331
0.1662835
0.16663787
0.16505009
0.16706373
0.17685238
0.16685557
0.17218827
0.16980949
0.16962825
0.16488025
0.16375883
0.16604155
0.16361088
0.16575937
0.16501856
0.17524715
0.16744012
0.16284145
0.16411789
0.16373327
0.16369674
0.16326612
0.1636302
0.16915411
0.16428743
0.16444516
0.16357598
0.16754593
0.16236298
0.1664696
0.16253531
0.16212726
0.16069098
0.15921728
0.15995535
0.15740912
0.158895
0.16287015
0.16079038
0.1606847
0.1603842
0.15902448
0.1582973
0.15522647
0.16160393
0.15531582
0.15914106
0.15854822
0.16492377
0.15617932
0.15621443
0.15747836
0.16024305
0.15858868
0.15729763
0.15419276
0.15572551
0.15806632
0.15938774
0.15645106
0.15729855
0.15826121
0.16335678
0.15835531
0.15661108
0.1543516
0.15742803
0.15462692
0.15491386
0.15857543
0.15449737
0.15369976
0.15388612
0.15303874
0.15282209
0.1528617
0.15500249
0.15167966
0.15356022
0.15261771
0.15189035
0.15309843
0.15743898
0.158078
0.15014249
0.15375918
0.15713762
0.15155327
0.15044653
0.15479766
0.15405332
0.15505594
0.14953673
0.1503753
0.14912967
0.15192173
0.1539358
0.1555822
0.1491402
0.15403627
0.14836536
0.15251309
0.15566109
0.14694005
0.14861582
0.1488486
0.14744341
0.15094662
0.14940812
0.14812367
0.1489648
0.15035948
0.15021437
0.14770445
0.14745317
0.14602405
0.14653733
0.14333534
0.14572889
0.14718054
0.14727482
0.14543337
0.14636175
0.15051979
0.14850797
0.15078342
0.14872488
0.14697877
0.14785819
0.14604875
0.14815164
0.14375943
0.1422359
0.1473947
0.14814618
0.14358063
0.14438042
0.14615658
0.14833191
0.15059276
0.14316663
0.14435264
0.14435263
0.14842507
0.14394811
0.14634666
0.14413697
0.14869258
0.14954117
0.14575209
0.14273801
0.14904137
0.14638224
0.14364316
0.14796065
0.14297771
0.14062509
0.14051883
0.14091682
0.147476
0.13891041
0.14287488
0.14369307
0.14501396
0.13982116
0.1440885
0.14733669
0.14818312
0.14314483
0.14630039
0.14179777
0.14114332
0.14324363
0.14147514
0.14173032
0.142665
0.139737
0.13968992
0.14262496
0.14200446
0.14324342
0.14520425
0.14217642
0.13868254
0.13959125
0.13788396
0.142561
0.1449876
0.13969088
0.13605341
0.13933738
0.13904198
0.14142446
0.13937673
0.14113475
0.14240551
0.1428375
0.13847795
0.13988212
0.14322111
0.14169782
0.14029004
0.13812311
0.13899608
0.13898575
0.14007711
0.13627456
0.13773851
0.13899499
0.14041063
0.13645655
0.13974802
0.14033486
0.13644792
0.1411097
0.13719478
0.1366125
0.1383219
0.13942033
0.14057292
0.14195104
0.13816644
0.1375129
0.13727795
0.13721392
0.13497412
0.13650247
0.1365521
0.13603275
0.1371804
0.13723394
0.13975245
0.13751814
0.1381699
0.13571878
0.14158948
0.13717496
0.1346068
0.13868554
0.13393891
0.13260072
0.135079
0.13402887
0.13490291
0.13338222
0.13346109
0.13332789
0.13267376
0.1330476
0.13042158
0.13253202
0.13141905
0.13395068
0.13269188
0.13750625
0.13367589
0.13439673
0.13419178
0.13337238
0.13437179
0.13585077
0.13092254
0.13314243
0.1337803
0.13692799
0.13499308
0.13263361
0.13346587
0.13384959
0.13143493
0.13389467
0.13080977
0.13230683
0.13068694
0.13250083
0.13025405
0.13300395
0.13295089
0.13229233
0.1314862
0.13018878
0.13353801
0.13019753
0.13263366
0.12877086
0.13099669
0.12992816
0.13016988
0.13063177
0.13187289
0.13130005
0.13240823
0.1333655
0.12911704
0.12954745
0.12860833
0.13430263
0.12817767
0.12873909
0.12686512
0.12868105
0.1284478
0.13121195
0.1260668
0.12711257
0.13172421
0.12517424
0.12760651
0.12735122
0.12473939
0.12910283
0.124570414
0.1260261
0.12643953
0.12692931
0.12741594
0.1275581
0.124105655
0.1263348
0.124883555
0.12478639
0.12754487
0.12562265
0.12881598
0.12771244
0.12775081
0.12689805
0.12588702
0.1268954
0.12976836
0.12690507
0.12810278
0.1266315
0.12537953
0.12542132
0.12780337
0.12838723
0.1244999
0.12315252
0.12564233
0.12868382
0.13010839
0.12338595
0.12566485
0.12705988
0.12823322
0.12549679
0.123068206
0.12416283
0.12609412
0.12582389
0.12628426
0.12401905
0.12450594
0.1239396
0.12526707
0.12309673
0.12276879
0.12443169
0.126911
0.12599067
0.1226694
0.124033585
0.12466076
0.1225382
0.12161044
0.12171973
0.122283645
0.12348664
0.12395715
0.12210875
0.12175936
0.120945774
0.12646277
0.12174297
0.12164401
0.12444004
0.12211114
0.123226084
0.12342937
0.1200651
0.12092373
0.117214195
0.12275313
0.118812196
0.11860913
0.12192821
0.12077891
0.11862877
0.11966307
0.12111053
0.11904063
0.120976545
0.118950725
0.121375784
0.11904419
0.12148334
0.12205929
0.12203886
0.11929019
0.1198929
0.121813074
0.12036016
0.122348554
0.120051846
0.11936817
0.11965738
0.11960852
0.1231248
0.122317344
0.11902139
0.11702929
0.12118951
0.11777297
0.12011232
0.11954556
0.12209146
0.12264758
0.11823036
0.118370526
0.11888751
0.118213974
0.11760647
0.11885507
0.117963195
0.11739715
0.12032702
0.11920408
0.117905125
0.11642708
0.117050275
0.1176286
0.13718723
0.11708688
0.11719427
0.12054051
0.116909854
0.11456697
0.11613361
0.118703485
0.11968571
0.118606746
0.11672597
0.11515544
0.11644735
0.11385217
0.11708655
0.11816644
0.11618712
0.11425674
0.11800202
0.11674216
0.116073765
0.11654174
0.11579302
0.11541942
0.11445022
0.115227886
0.116043776
0.117158346
0.11912023
0.116045855
0.11781184
0.11776655
0.114918254
0.11821623
0.11374578
0.11573775
0.11401818
0.114574715
0.11309254
0.1158145
0.115373634
0.1145214
0.11676487
0.11325791
0.11612215
0.11794943
0.11243595
0.115563475
0.11252581
0.11444701
0.11317488
0.11441053
0.113746874
0.1114606
0.11534022
0.11268822
0.11422247
0.111594506
0.11571264
0.11288634
0.11112402
0.11094722
0.110868245
0.11293413
0.11194184
0.112971485
0.11152068
0.11317033
0.11053843
0.10937791
0.11228305
0.1123556
0.11006639
0.111303374
0.11238144
0.11199204
0.11070751
0.1122713
0.111916326
0.11290731
0.11076307
0.11237183
0.10838825
0.11213266
0.10975268
0.10945265
0.11233635
0.1121098
0.11083648
0.1144466
0.1115193
0.10813426
0.10815977
0.114359595
0.11042109
0.109175995
0.11080304
0.110207684
0.107469864
0.10994263
0.1081642
0.10762136
0.11111589
0.109485276
0.107590675
0.10688083
0.10704893
0.11185246
0.108119346
0.11148267
0.10913708
0.1107049
0.11055658
0.10859851
0.10784257
0.11055427
0.10782858
0.10845683
0.10971759
0.10887665
0.11062853
0.108877584
0.11333398
0.11281694
0.1098618
0.109171815
0.10726026
0.107957646
0.10768182
0.10852682
0.10645117
0.10958967
0.11037998
0.1083186
0.108722694
0.10779351
0.10891065
0.11060446
0.111075394
0.106163576
0.10877757
0.106373526
0.10723393
0.105462946
0.10458935
0.105297916
0.10542024
0.107408725
0.10584905
0.10699593
0.11041301
0.104280464
0.10771649
0.10558425
0.10601526
0.10713569
0.10855788
0.105989486
0.10802446
0.108779706
0.10860737
0.10918852
0.10739139
0.106418334
0.10861449
0.10708466
0.10724984
0.10572107
0.1071425
0.10774397
0.10609842
0.10454406
0.1063698
0.10724562
0.105021745
0.10444981
0.10699308
0.10702339
0.108776174
0.10467302
0.107689224
0.10512331
0.1046721
0.10442827
0.10476021
0.104148306
0.10493995
0.102877654
0.104171254
0.10459159
0.10497644
0.10474847
0.104138024
0.106828414
0.10619808
0.102394
0.10400906
0.103312805
0.103707545
0.10627122
0.105549484
0.10304143
0.10435513
0.10392247
0.10368337
0.10661635
0.105168395
0.10341064
0.10480641
0.10513374
0.103455305
0.10186885
0.10460254
0.102113284
0.10494972
0.10522342
0.10239007
0.10355913
0.10383537
0.10235632
0.104115665
0.10240213
0.099163465
0.103365555
0.10214801
0.10090132
0.10291132
0.1010095
0.103680134
0.104977496
0.1033569
0.10524135
0.10546174
0.10190037
0.10224005
0.102349736
0.10518721
0.10160508
0.10238396
0.10288288
0.10091621
0.10109745
0.10231807
0.101312794
0.10192956
0.099855855
0.100442
0.10260604
0.10208756
0.10204489
0.09974182
0.10253454
0.10200678
0.10016917
0.10052643
0.099482
0.10116939
0.09852207
0.10057727
0.098498665
0.099990726
0.10158697
0.10060838
0.09923834
0.10008624
0.09862761
0.09955575
0.099854775
0.10115719
0.101280615
0.09953296
0.0995963
0.100283206
0.100525156
0.097852364
0.10188857
0.100031406
0.09889002
0.09963679
0.09890552
0.1011921
0.098803274
0.0993735
0.09758677
0.10043209
0.10046112
0.09824757
0.09745926
0.097646765
0.09780308
0.09888846
0.10026697
0.09926691
0.100546665
0.09803011
0.1002826
0.098228216
0.09983673
0.10009321
0.09874251
0.09802161
0.0998525
0.09938596
0.09973895
0.09820561
0.09815427
0.09735779
0.10014585
0.09962079
0.10407595
0.09855386
0.09775937
0.09691962
0.0983602
0.097057134
0.09936597
0.09665803
0.10111051
0.099776946
0.09634837
0.099101305
0.100990124
0.096717715
0.09665075
0.096984416
0.09796155
0.0997597
0.09762381
0.09713446
0.09850692
0.09905213
0.098136924
0.09920323
0.098795585
0.096118346
0.09938378
0.09630986
0.098187566
0.09773114
0.09933842
0.09650225
0.09586792
0.09851971
0.09883899
0.09821007
0.09769984
0.09774306
0.09679355
0.09552644
0.098410204
0.095719986
0.09733202
0.09578976
0.09808178
0.098173134
0.096271686
0.09672617
0.09566585
0.094539925
0.098275915
0.09651041
0.09541011
0.097419985
0.097295895
0.09608271
0.09507866
0.09500729
0.0935463
0.09632921
0.09721593
0.09704855
0.09691433
0.09552552
0.09591091
0.09856529
0.09657552
0.09578011
0.09615024
0.09813351
0.096738584
0.09703401
0.0946831
0.0979767
0.09694447
0.09477746
0.09528305
0.09389581
0.09740427
0.096914575
0.0964765
0.09443625
0.09482357
0.092682414
0.09509525
0.09560275
0.09569546
0.09421167
0.09383215
0.09447686
0.09418802
0.09718685
0.09394677
0.09674
0.09367199
0.09318691
0.09481499
0.094909884
0.09462048
0.09506038
0.097440556
0.09392751
0.09576992
0.09415372
0.09447284
0.09311098
0.09354359
0.093572594
0.09287921
0.09259083
0.09299272
0.09397558
0.09407396
0.09403548
0.09266005
0.09465309
0.09326676
0.09453786
0.0947739
0.09469053
0.09318996
0.09405435
0.09294281
0.096280344
0.09267801
0.09451064
0.09402654
0.09578072
0.09275971
0.09301709
0.09635335
0.09355804
0.09436948
0.09167315
0.09387653
0.09282011
0.0938263
0.0938341
0.094270185
0.09354304
0.09433228
0.092360005
0.09226878
0.09357762
0.09135535
0.0925565
0.09333167
0.0925397
0.094719686
0.09223223
0.09133477
0.09292426
0.091942646
0.092898026
0.09122497
0.094570085
0.09303098
0.09294986
0.09146742
0.091771394
0.09542
0.093162745
0.09392072
0.091075815
0.093248494
0.09460114
0.091164
0.093317784
0.09147705
0.09277967
0.09098092
0.093815796
0.09112971
0.09431649
0.09258109
0.091028295
0.092055105
0.09118732
0.091864824
0.09021022
0.09286337
0.08959316
0.092409596
0.090933286
0.09215362
0.090940006
0.0914374
0.09197044
0.09126686
0.09310736
0.09344593
0.091459006
0.092368215
0.090943746
0.08987072
0.09042423
0.08980643
0.093657196
0.09096899
0.09260609
0.09087313
0.08892976
0.09133955
0.09216155
0.0921817
0.09034131
0.09166017
0.09180012
0.090273544
0.09061173
0.09214168
0.09087165
0.0910521
0.09039947
0.09021313
0.092090644
0.09110811
0.092426695
0.09106043
0.08880979
0.09062195
0.09264057
0.091181345
0.09205805
0.0921526
0.09108498
0.091478616
0.09074108
0.090121284
0.0875624
0.09304771
0.08833636
0.09237166
0.09053988
0.0899466
0.08986535
0.090966575
0.08840907
0.089788236
0.08978844
0.09057572
0.09095683
0.087931395
0.08864988
0.08768712
0.0911256
0.08868454
0.08822846
0.08986153
0.08921323
0.08874237
0.08707439
0.08926966
0.08757796
0.088330895
0.08901384
0.08752661
0.08768948
0.08873378
0.08864797
0.08930439
0.087888785
0.08816956
0.08919865
0.08743243
0.08737365
0.08721628
0.08738921
0.08883556
0.08789259
0.08911428
0.08801158
0.08714399
0.087900564
0.08679656
0.08740671
0.08806441
0.08785802
0.08967251
0.09232451
0.08821902
0.08773183
0.08669684
0.08732196
0.08920151
0.08695822
0.08823986
0.086641476
0.087765455
0.08818934
0.08789
0.088315435
0.090497755
0.08658238
0.08505706
0.08412086
0.08793791
0.08672791
0.08588367
0.0866076
0.08620217
0.08588424
0.08594221
0.08701004
0.08657931
0.08608242
0.08644925
0.08636936
0.08740959
0.088122465
0.086563416
0.08574065
0.087157354
0.087557286
0.08546102
0.08803948
0.08610887
0.08473845
0.08613273
0.08642511
0.086026594
0.08415121
0.08498791
0.08492691
0.085347936
0.084982015
0.08600903
0.085733674
0.08762616
0.08603576
0.08514494
0.08683355
0.08641192
0.08536987
0.08707132
0.091301195
0.08511178
0.08773747
0.08437023
0.08558909
0.08458458
0.085019395
0.083547264
0.08378589
0.084111415
0.08367972
0.083549455
0.08490188
0.08387595
0.08329512
0.0846289
0.084183805
0.08437946
0.084732026
0.08366009
0.08599814
0.0868211
0.08436816
0.084883146
0.08381551
0.08402306
0.08632223
0.08503196
0.0828422
0.08405203
0.08289786
0.084119305
0.0828951
0.08411535
0.083219714
0.08390389
0.08699585
0.08249136
0.08484967
0.08354062
0.0843751
0.084364645
0.082868315
0.088344626
0.084377095
0.0845643
0.083023705
0.08764292
0.08428436
0.084915824
0.08383494
0.08347677
0.08399386
0.08515326
0.08344242
0.08268224
0.08279216
0.08571011
0.083248265
0.081844926
0.08260158
0.08480545
0.08401093
0.082399644
0.08285527
0.08220499
0.08166561
0.08358364
0.08660904
0.082152605
0.08291011
0.082589425
0.08407702
0.08459378
0.08690938
0.08316754
0.08422029
0.08328834
0.08276637
0.08508482
0.08288123
0.0831881
0.08315735
0.08427613
0.08261587
0.08341664
0.08538701
0.08285898
0.08395478
0.08593757
0.08336651
0.08568772
0.08354766
0.083993845
0.08219925
0.08185715
0.08404783
0.082267106
0.085245356
0.08289636
0.083566554
0.08167856
0.08428861
0.08388821
0.08272099
0.0820889
0.08203683
0.0819931
0.081467696
0.08124488
0.084845975
0.08297447
0.08161288
0.08322547
0.082672596
0.08446805
0.08420623
0.08351254
0.08559137
0.08114643
0.08352609
0.08239654
0.08274764
0.08348716
0.08479425
0.08112707
0.08277966
0.08132356
0.08341435
0.0841413
0.0830538
0.08388134
0.080630645
0.083239116
0.08306769
0.08087371
0.08292314
0.08413658
0.082195476
0.08073911
0.08244309
0.08332832
0.08215845
0.08149534
0.08185348
0.0810629
0.081236355
0.082288936
0.080789156
0.0794756
0.08156565
0.08190691
0.080768295
0.080939464
0.08243568
0.08025919
0.08061553
0.08160543
0.08264945
0.08219371
0.08174813
0.08271784
0.08076622
0.08032434
0.08387168
0.081759885
0.08049783
0.08109009
0.08273528
0.08168611
0.07900574
0.08113294
0.07929241
0.08117949
0.07931866
0.08354306
0.08100864
0.07876227
0.0817949
0.07864757
0.07912464
0.08120461
0.078921236
0.07980744
0.07959187
0.079709664
0.079648875
0.08022318
0.07994751
0.079162136
0.080206685
0.08059902
0.07939762
0.08095116
0.08043129
0.08041204
0.08041034
0.080375746
0.07896902
0.081286065
0.08018564
0.08007809
0.08092335
0.080704734
0.08052743
0.07987528
0.07979419
0.07939155
0.07875042
0.078622706
0.08076167
0.07930532
0.08172981
0.08021038
0.081254266
0.078418225
0.08017088
0.08177887
0.08348678
0.07831335
0.08080273
0.08196125
0.08142081
0.078537755
0.07898533
0.079282396
0.078561425
0.080243066
0.081836626
0.07973199
0.07936915
0.07972419
0.07945438
0.07993195
0.08042175
0.08286967
0.077781335
0.080698065
0.08123581
0.080226466
0.07859429
0.08019409
0.07833559
0.0797803
0.0796137
0.08043502
0.07860588
0.07974155
0.07884825
0.080792114
0.07969214
0.07999696
0.08214954
0.08075993
0.08174159
0.08042134
0.07980967
0.07890887
0.07751661
0.07784006
0.079483375
0.07954709
0.077810064
0.07795549
0.077758156
0.07892756
0.07955068
0.076740295
0.07863685
0.07801601
0.07828359
0.07776358
0.0801078
0.07745443
0.07859833
0.0774755
0.07699295
0.07822842
0.07735165
0.07785476
0.07799064
0.07669778
0.07951368
0.07731457
0.077085294
0.07826786
0.0793749
0.07927561
0.07728612
0.07782726
0.07957107
0.07938974
0.07887671
0.0798322
0.078555994
0.07971773
0.07892803
0.078377336
0.07742732
0.07769175
0.07707752
0.07982493
0.078049384
0.077355266
0.077298105
0.07651242
0.07629548
0.07906166
0.07762763
0.076526314
0.076841526
0.0778155
0.07752839
0.0763943
0.07646473
0.07745095
0.07733472
0.077170804
0.07676221
0.07594961
0.07888345
0.07723838
0.07648045
0.07765103
0.07626283
0.077083796
0.07555717
0.07716301
0.07846237
0.07610815
0.07729185
0.07702856
0.077705465
0.077870466
0.07815909
0.0770816
0.077261984
0.0781654
0.07644926
0.07687305
0.07892993
0.07639504
0.07709745
0.078444414
0.078251384
0.07693009
0.07662223
0.079940796
0.07841989
0.07654678
0.07561398
0.07431801
0.07493617
0.076562196
0.07515173
0.07617787
0.07552798
0.07655073
0.07532142
0.07594092
0.07568843
0.07539183
0.07585138
0.079341345
0.076669455
0.07532076
0.07687806
0.07541828
0.075928986
0.076270245
0.075240366
0.07606702
0.07553427
0.075720176
0.07531533
0.07555931
0.07696489
0.07470717
0.07674187
0.076480106
0.07463895
0.07505269
0.07498262
0.075642996
0.07409245
0.07590579
0.07513179
0.07806675
0.07453076
0.07615268
0.07636667
0.07624847
0.07618711
0.0781296
0.07529381
0.07525441
0.075508274
0.07914631
0.07384935
0.076474525
0.07533515
0.07742948
0.0744071
0.07608984
0.075039096
0.07669165
0.07713677
0.07541743
0.07437896
0.07498008
0.077457435
0.0737273
0.073930025
0.075418085
0.075373046
0.076179124
0.0769213
0.07596748
0.074144155
0.07393232
0.074121736
0.07512285
0.07365821
0.0745786
0.07444633
0.07369525
0.07480894
0.076879166
0.07517156
0.07605591
0.073969305
0.07432216
0.07517646
0.07712202
0.07489951
0.075243644
0.07348651
0.073616736
0.07314984
0.07494478
0.07607308
0.0744064
0.07415052
0.07299331
0.07370999
0.07176232
0.07696025
0.07501117
0.07533979
0.073794745
0.07442665
0.075373076
0.074831985
0.07503217
0.07405484
0.075099766
0.07285018
0.07313589
0.07379592
0.07367908
0.07342961
0.07232847
0.07452598
0.07361474
0.073190145
0.073456824
0.07381443
0.073968865
0.07394728
0.07260979
0.07305781
0.07473898
0.07353759
0.074306615
0.07258914
0.07236653
0.071722165
0.07237557
0.072542265
0.07467356
0.07749877
0.07343081
0.074754186
0.073563874
0.073887475
0.07319443
0.07332239
0.073417805
0.07339458
0.0727323
0.0745033
0.07520207
0.07290073
0.07374773
0.07286993
0.074030936
0.074527375
0.07581232
0.07310981
0.0719319
0.07207209
0.07233602
0.071812496
0.07331257
0.073527634
0.07205884
0.07266989
0.073592305
0.07308327
0.07191611
0.07208477
0.07322173
0.07276882
0.07479714
0.07188675
0.07323677
0.07235644
0.072869234
0.07547675
0.07146283
0.07241107
0.073886245
0.073686674
0.07248135
0.07384784
0.07082983
0.07416349
0.07120714
0.07378916
0.07260049
0.071901925
0.07329623
0.07628486
0.07304976
0.07286704
0.07470677
0.07190331
0.072493054
0.07220444
0.073336296
0.07226773
0.07170771
0.0728518
0.073029086
0.07305768
0.07313869
0.07284105
0.07140397
0.072457746
0.07138687
0.07170104
0.0746953
0.07244206
0.071383074
0.07099774
0.0708569
0.07324089
0.07247515
0.07077372
0.07333676
0.07103875
0.07307009
0.07214048
0.071580805
0.07337928
0.07402821
0.07229448
0.07295737
0.07191034
0.07263139
0.072093666
0.07122128
0.07246927
0.07316672
0.073237024
0.072920315
0.07187569
0.07459448
0.07193384
0.07152257
0.07168073
0.07056905
0.073019095
0.071414165
0.07237292
0.07054138
0.0736918
0.07415087
0.07098593
0.07120181
0.07093689
0.07224867
0.071375124
0.074025065
0.073670916
0.07251186
0.07281665
0.07129479
0.072744645
0.071716696
0.06970398
0.07116577
0.070559606
0.072307885
0.07091015
0.07335953
0.07080037
0.07059201
0.07254663
0.0702581
0.07109013
0.07115515
0.07399002
0.07030054
0.07487007
0.071579486
0.07161126
0.07231863
0.0710334
0.06927618
0.07260744
0.074446104
0.07148367
0.072243325
0.07129231
0.07127607
0.07099489
0.07060522
0.070636034
0.07131019
0.072158806
0.07045261
0.071175635
0.07084739
0.07071422
0.07156328
0.07005689
0.06925234
0.071052
0.071059555
0.07054153
0.07120413
0.06912472
0.06995293
0.07202843
0.06986244
0.071230225
0.069073185
0.07249888
0.0698925
0.07069763
0.07161184
0.07187475
0.07111059
0.06898738
0.06960739
0.072243586
0.06931519
0.069098696
0.069558196
0.06922025
0.07064673
0.069651775
0.07151466
0.06782324
0.06871057
0.069216885
0.07185605
0.069785155
0.07085107
0.06936465
0.07027804
0.07066217
0.06995299
0.07007534
0.0683648
0.06864901
0.068945244
0.0689265
0.069521524
0.071684204
0.06932057
0.068971306
0.07175161
0.070860066
0.06931719
0.06948443
0.069558464
0.0716151
0.069509074
0.069162294
0.06936226
0.069354
0.06964839
0.0710093
0.07245052
0.07071926
0.072169885
0.068968974
0.07005077
0.070939556
0.07110616
0.070233405
0.07206407
0.07072213
0.07009641
0.07078165
0.06955178
0.071589194
0.07022502
0.07158971
0.07089655
0.071945556
0.06957468
0.071204364
0.06977224
0.070882924
0.07092002
0.07049045
0.07093809
0.06971502
0.07215754
0.07146019
0.07199935
0.07198676
0.06928959
0.07026599
0.06987785
0.07027301
0.07150271
0.07011438
0.068882294
0.07148576
0.0702657
0.06981562
0.06987893
0.06997019
0.070146285
0.06927093
0.070133455
0.068751484
0.0698112
0.06902474
0.068460785
0.0691493
0.067856506
0.07087663
0.06939235
0.06882427
0.06952196
0.07022519
0.06993095
0.06815355
0.068165444
0.06926814
0.06983936
0.07152656
0.070083834
0.06749577
0.068928346
0.069175445
0.06696146
0.06976046
0.06922901
0.0690668
0.067952074
0.069197014
0.06915426
0.067320995
0.06937881
0.067289755
0.06794468
0.071607865
0.06815709
0.06893164
0.069790214
0.06761947
0.06870951
0.06766253
0.06950097
0.06755477
0.07005913
0.0703629
0.06750229
0.06833548
0.06819534
0.06645703
0.06862824
0.06850018
0.0683426
0.0670452
0.06789896
0.06851784
0.0669088
0.06795303
0.07001267
0.06716058
0.070696324
0.06790522
0.06746768
0.06663996
0.067537084
0.06761764
0.06908702
0.067310095
0.067316525
0.06719342
0.06771782
0.06820158
0.06741175
0.068878815
0.06791783
0.0666084
0.06828423
0.0678644
0.06718105
0.068415165
0.06745272
0.06731702
0.066138744
0.0671902
0.06761892
0.0676095
0.06843073
0.06605891
0.06682545
0.06668918
0.067440666
0.06749761
0.068518534
0.06716777
0.06752132
0.06660301
0.06690258
0.06759276
0.06717936
0.06638746
0.067810446
0.0657925
0.068768576
0.06659081
0.06811704
0.06764292
0.06772037
0.06743785
0.07135576
0.068009384
0.06744572
0.07087329
0.06802044
0.06748003
0.06819138
0.06617254
0.06748018
0.06710371
0.06749962
0.06701956
0.06757312
0.06737635
0.06609814
0.066122994
0.06639899
0.06621173
0.06678213
0.06741085
0.0668486
0.06553046
0.06616597
0.06629786
0.068857685
0.06675403
0.06591207
0.06603163
0.06949779
0.067043185
0.06828235
0.0665462
0.06822261
0.06776911
0.06583104
0.066626094
0.06576187
0.067427576
0.06672213
0.06552187
0.066414595
0.066854104
0.06522054
0.06694544
0.067215666
0.067115024
0.06735994
0.06588902
0.066786915
0.06574205
0.066238165
0.06926935
0.069659024
0.066627204
0.065732345
0.06652712
0.06694523
0.06731995
0.06717715
0.06775745
0.06679121
0.06731284
0.06686332
0.06655445
0.06601909
0.066720136
0.065320924
0.06765044
0.06663001
0.06696723
0.065943226
0.06758898
0.06657496
0.06711351
0.067286916
0.06668814
0.06586361
0.066723645
0.06456537
0.0657863
0.06631689
0.06629823
0.06517127
0.066527955
0.06638965
0.06603424
0.0658846
0.06508249
0.06617442
0.06863145
0.06540718
0.06565636
0.0659099
0.06858192
0.0667374
0.06818304
0.06614704
0.06776653
0.0668416
0.06589242
0.06857845
0.069799684
0.06657308
0.064962
0.065081574
0.065887436
0.06644448
0.06509415
0.065550365
0.06679037
0.06801519
0.066162646
0.065276295
0.06613038
0.06459646
0.06626618
0.065686084
0.065566055
0.06487256
0.06487742
0.064667985
0.06649238
0.06485464
0.06593258
0.06490901
0.06569431
0.06485964
0.064890504
0.065775864
0.06532266
0.06597613
0.06610865
0.06527428
0.06461208
0.065386206
0.06415429
0.06521008
0.066518664
0.065867335
0.06486992
0.06514677
0.06686872
0.06826933
0.06543604
0.06629443
0.06561769
0.06567873
0.06524433
0.065000124
0.06681287
0.06426064
0.06484693
0.06467131
0.06427679
0.06451423
0.06407152
0.06558077
0.06602355
0.06683691
0.06818624
0.064700976
0.06421899
0.06480215
0.06399039
0.06663544
0.0657601
0.06485966
0.06576443
0.0660242
0.06441134
0.06820449
0.06571763
0.066353574
0.066345856
0.065380104
0.066065826
0.06628406
0.06485215
0.06503687
0.06421964
0.066866614
0.06815483
0.065222904
0.06564132
0.06555638
0.06396853
0.065194525
0.066353664
0.06453513
0.06597404
0.06335719
0.06515027
0.06378346
0.06650933
0.063362315
0.06580709
0.06509564
0.063640244
0.06371374
0.064242125
0.0667501
0.06427363
0.06322035
0.063646436
0.0669368
0.06456434
0.063211724
0.064634345
0.06391194
0.06438508
0.064039
0.06311937
0.0636554
0.064267874
0.06525207
0.0650882
0.064700864
0.065790065
0.06579349
0.0638525
0.06429368
0.06615544
0.06421486
0.064888835
0.06453086
0.06324437
0.0647714
0.06347842
0.06390969
0.064125925
0.0630797
0.063633464
0.06523154
0.063001335
0.06433563
0.06544938
0.06475762
0.068112426
0.06338904
0.06327484
0.0631852
0.064058594
0.065194
0.064967096
0.06500503
0.06618747
0.06393941
0.06388799
0.06462139
0.06550277
0.063181974
0.064991705
0.0651341
0.06577183
0.06597042
0.06369332
0.06366577
0.06393666
0.06381987
0.06422896
0.06267906
0.064565115
0.064081594
0.06551034
0.064268164
0.06414406
0.06456714
0.06269668
0.06310307
0.065318085
0.063308015
0.0629324
0.06395112
0.06467978
0.065915756
0.06488586
0.06328946
0.06424927
0.06317634
0.0652678
0.06544833
0.06522141
0.06389616
0.063323684
0.06415857
0.06380025
0.06356344
0.06327854
0.06312569
0.06344241
0.064192064
0.06191858
0.06413584
0.06334529
0.061639927
0.06360184
0.06325374
0.0645002
0.063498
0.06683358
0.0622313
0.06319422
0.06235573
0.064686865
0.06431875
0.063315265
0.062927745
0.06389888
0.06401188
0.064052455
0.06446452
0.06351273
0.061667874
0.06316444
0.06528913
0.06298024
0.06293018
0.06327074
0.06335962
0.06251016
0.064856455
0.06284041
0.06368239
0.065596536
0.06349875
0.06292059
0.063241825
0.06191449
0.06324972
0.06465674
0.06360349
0.0643873
0.0624076
0.06254596
0.063428804
0.062309943
0.0618435
0.06213971
0.06372642
0.06175622
0.062218837
0.06286325
0.06241821
0.062569454
0.06196388
0.060962707
0.0621499
0.062155697
0.062101234
0.06232458
0.06356042
0.061029814
0.062310077
0.06209299
0.06192631
0.061806682
0.06282468
0.06218751
0.061807998
0.06168587
0.061078303
0.06107915
0.06185764
0.06228952
0.06324569
0.06250858
0.062063392
0.062259916
0.06199542
0.061285164
0.061728325
0.063078426
0.062084127
0.062241968
0.06331427
0.062260434
0.06253818
0.062248945
0.06281966
0.061747428
0.061586943
0.06257711
0.061825346
0.062251978
0.063803166
0.062130168
0.06416469
0.06270646
0.063119665
0.06169412
0.06286975
0.062400173
0.06281812
0.06293353
0.061214805
0.062601246
0.061407425
0.06212799
0.060901895
0.06465212
0.061852377
0.061335653
0.061060075
0.06321201
0.06144043
0.06106924
0.06056736
0.06242642
0.061614104
0.062305328
0.061542716
0.06287838
0.06223884
0.061643805
0.060450915
0.063715264
0.06280276
0.06321738
0.062245674
0.06262137
0.06088318
0.061282348
0.0619365
0.06216023
0.06077057
0.06121737
0.06330745
0.06046042
0.061635837
0.061121322
0.061396252
0.061414357
0.06135401
0.06155388
0.062316235
0.06208661
0.06175057
0.061511844
0.06145633
0.06171324
0.062939376
0.060632233
0.06256029
0.06180003
0.06302466
0.061121393
0.0637828
0.06059317
0.063621245
0.06109589
0.062298585
0.06111608
0.0627485
0.06261774
0.060108032
0.06175396
0.060797494
0.06142101
0.06163774
0.06360726
0.060828045
0.061497692
0.06129402
0.061952177
0.06204357
0.0631403
0.06050562
0.061379112
0.060147982
0.061568502
0.061002426
0.05991032
0.06242543
0.061570052
0.065707274
0.060961276
0.060942598
0.06066708
0.060830094
0.061595663
0.060205504
0.061425485
0.06233387
0.062930085
0.060718276
0.06109025
0.060950648
0.06120113
0.061242685
0.06147849
0.061097875
0.060784873
0.061547343
0.06044751
0.059792507
0.060916085
0.06355107
0.06049057
0.060739826
0.0625807
0.06179512
0.06090314
0.06031654
0.062893786
0.06254499
0.062351372
0.059598614
0.061285373
0.06080731
0.061721295
0.061752245
0.06299152
0.06022435
0.060075525
0.060734186
0.060967203
0.060089096
0.061160557
0.061253574
0.061393198
0.06248772
0.06270801
0.06115763
0.06089391
0.061648037
0.060121905
0.06102282
0.062312968
0.061002653
0.06192223
0.06132703
0.060390607
0.060834065
0.06089629
0.06020951
0.06181189
0.061783127
0.062358186
0.060534086
0.06041195
0.060645368
0.060580365
0.062328164
0.06388781
0.061174106
0.06043743
0.06183429
0.061412945
0.05996444
0.06204732
0.061265804
0.059099376
0.059925046
0.059129007
0.060141128
0.06159343
0.061279118
0.061332054
0.059703365
0.062697105
0.06076525
0.05874505
0.060915016
0.060696784
0.06013811
0.06334358
0.060357198
0.061686367
0.059531204
0.061183684
0.060353044
0.060695287
0.060706314
0.061265364
0.06057533
0.062761195
0.060677733
0.060590465
0.061536487
0.06124673
0.060618676
0.059474427
0.059349973
0.060102392
0.061285816
0.06008899
0.05939684
0.060359422
0.06034268
0.060024615
0.06006424
0.059679396
0.05962543
0.058939833
0.059948735
0.059960715
0.060045034
0.06066067
0.05858402
0.059035726
0.060501765
0.059520762
0.060288697
0.059650104
0.05904067
0.058821004
0.059753582
0.059138544
0.0599386
0.060955003
0.06013746
0.059008624
0.06042249
0.060265075
0.0590973
0.05969424
0.058420647
0.060811933
0.059580654
0.059511997
0.0602392
0.059321992
0.059894852
0.0605065
0.060608353
0.062011633
0.059916243
0.058896214
0.06042928
0.059119888
0.06012363
0.06026496
0.060076743
0.060705576
0.059389524
0.059291754
0.060723078
0.058686905
0.059867304
0.059091423
0.060743343
0.060471185
0.060545746
0.05894895
0.05999548
0.058993496
0.060099296
0.060092527
0.060008124
0.059223246
0.06151213
0.060132414
0.05872382
0.059421714
0.058525316
0.06024468
0.05893204
0.059757635
0.05782904
0.05875191
0.05810049
0.05890946
0.058365416
0.058145903
0.05876586
0.060092553
0.057905283
0.05872477
0.058244385
0.06017873
0.059754573
0.059000663
0.0582045
0.05947124
0.059224013
0.06043846
0.058633316
0.059319317
0.05809188
0.05904962
0.05845133
0.05744673
0.057389624
0.058110062
0.05871266
0.058951575
0.059482854
0.05869309
0.05872692
0.058937207
0.06011999
0.05950628
0.058205325
0.05895819
0.058953106
0.059847686
0.05828402
0.05915279
0.05830806
0.058067843
0.0598462
0.059140116
0.058412306
0.058162186
0.06053337
0.057888623
0.05826337
0.058447707
0.058151778
0.060593437
0.05929848
0.058082726
0.05755855
0.057447325
0.058298793
0.059157327
0.057679113
0.057793178
0.05995518
0.057666954
0.05737183
0.060859848
0.05739549
0.059882816
0.05807965
0.059064787
0.059580512
0.059793163
0.05883614
0.0595095
0.057903606
0.057695076
0.058547977
0.058452755
0.058618624
0.05787102
0.05818649
0.05694828
0.0584795
0.05900417
0.057976026
0.058755063
0.05968201
0.058844317
0.057369936
0.061932944
0.05842077
0.058871657
0.06096201
0.057981595
0.058087908
0.059617043
0.05869319
0.05826769
0.058492027
0.057435006
0.0586514
0.058583066
0.05999306
0.060893744
0.058420677
0.05728921
0.061307926
0.05845333
0.05803585
0.05839198
0.058158368
0.05979652
0.05857013
0.05976536
0.05831932
0.058787614
0.059726447
0.059875414
0.057797387
0.057296664
0.05716883
0.05825829
0.058049284
0.057728916
0.057218306
0.05734625
0.057969503
0.056582358
0.056621857
0.05878366
0.05721236
0.059667733
0.05819908
0.05734737
0.05783018
0.06027038
0.057970703
0.056360055
0.056300078
0.05826656
0.05855939
0.059927013
0.05792515
0.057083897
0.059180662
0.059389185
0.05833046
0.059302546
0.056494325
0.057292726
0.05919751
0.058506586
0.058932696
0.058612783
0.05745352
0.05761965
0.057214584
0.05675325
0.058177132
0.058343135
0.058027502
0.058105785
0.058724903
0.05932817
0.057621364
0.057997543
0.057803515
0.058532078
0.059845094
0.059043158
0.058865435
0.06002065
0.059650265
0.058406677
0.05840406
0.057483263
0.058435086
0.057131495
0.057859305
0.057583325
0.060047284
0.059544533
0.058710225
0.05812809
0.058182765
0.058084927
0.058257625
0.05779889
0.05709354
0.05684315
0.057539225
0.056645855
0.057059694
0.058652606
0.05831818
0.0564275
0.057883393
0.058461804
0.057008263
0.05659725
0.057350174
0.057714242
0.05698746
0.05864651
0.057223123
0.05697309
0.056924015
0.058914065
0.058320884
0.057715107
0.05605549
0.057861082
0.058293432
0.057065144
0.05692172
0.057143424
0.0572968
0.058717545
0.057749797
0.057235986
0.05672345
0.05656252
0.056981124
0.056437396
0.056445334
0.058421556
0.05794138
0.056182507
0.05797627
0.05771046
0.056907177
0.05753764
0.058734816
0.057865474
0.05826441
0.056522228
0.05711835
0.058902625
0.059370205
0.05963211
0.05765258
0.05696004
0.05878427
0.058518898
0.058922946
0.057781722
0.05781232
0.05691352
0.056706753
0.056765135
0.056977786
0.056196813
0.0562719
0.057041477
0.05767036
0.05766763
0.057932846
0.05555752
0.05650533
0.056715015
0.057448052
0.05960981
0.05701169
0.057302117
0.05633648
0.05763071
0.057065792
0.05652424
0.055731833
0.05719868
0.05699738
0.056432467
0.055431753
0.05636215
0.055505317
0.057525363
0.056755736
0.055836275
0.056512397
0.05685647
0.05813015
0.05581704
0.05660732
0.05594489
0.05708408
0.056638423
0.057191677
0.058007568
0.057200223
0.056766633
0.05786487
0.056965858
0.056345694
0.058701545
0.056619328
0.05640335
0.057108704
0.05618064
0.058020968
0.057169665
0.05832485
0.055848725
0.05763757
0.055831388
0.057678904
0.056154825
0.057275027
0.05623675
0.056030065
0.05806318
0.056129284
0.056312814
0.0553727
0.05674327
0.055778574
0.05723479
0.057204284
0.056694895
0.055922538
0.056112625
0.056460056
0.05588168
0.05747144
0.05546407
0.055941343
0.05596109
0.056723647
0.056042727
0.05570333
0.056853373
0.056019336
0.05671774
0.056237143
0.056036875
0.055265754
0.055767357
0.05766712
0.055909913
0.056207567
0.055902354
0.057688024
0.05652517
0.057575416
0.056054734
0.056595623
0.05665215
0.057933748
0.055573825
0.05507604
0.056493405
0.057425752
0.055869248
0.057333797
0.05618228
0.054962467
0.056389205
0.055370968
0.05637814
0.055734638
0.055441957
0.05496501
0.05681766
0.055917416
0.056764465
0.056107294
0.056264937
0.05609848
0.0559145
0.057309803
0.057326935
0.05637891
0.056548394
0.05507117
0.056374874
0.056411453
0.05620592
0.05478293
0.056298684
0.055717956
0.05583115
0.056418877
0.05634675
0.057050485
0.05761029
0.057556942
0.0565014
0.056701466
0.0573725
0.05638099
0.055672873
0.055954494
0.05498529
0.056945693
0.056657787
0.056055717
0.055740703
0.056335934
0.056151018
0.055571303
0.05523417
0.055121493
0.056818683
0.0565736
0.056393854
0.057022557
0.056035202
0.055695552
0.0572131
0.056380633
0.0579603
0.05653165
0.055169947
0.05698351
0.056169525
0.057364415
0.05646897
0.05587587
0.05606858
0.055678252
0.05680269
0.056097146
0.057066005
0.05548577
0.0563589
0.05516876
0.05503822
0.056320053
0.056335043
0.05661609
0.056270607
0.056296892
0.055479404
0.05630401
0.055205382
0.055071343
0.055360075
0.057550676
0.05711159
0.05628939
0.055650167
0.05574999
0.054796018
0.057095215
0.05584185
0.056508254
0.055964865
0.055131733
0.05648087
0.056799877
0.05628317
0.055883516
0.055335794
0.05561407
0.05630782
0.05508744
0.055833556
0.056902193
0.058870997
0.055152487
0.055265673
0.0553456
0.055433586
0.055532552
0.055494532
0.05503347
0.055286054
0.055012796
0.055990763
0.055495054
0.056523122
0.054580007
0.05536168
0.05808867
0.056585554
0.05487149
0.054915708
0.055943057
0.055331133
0.05450303
0.054695323
0.05486714
0.055125166
0.0563344
0.056386862
0.054757886
0.05511251
0.05597641
0.05501869
0.05509608
0.056755163
0.05534547
0.056057997
0.05436697
0.054833233
0.057153028
0.056449875
0.055545725
0.056666337
0.05716698
0.055014208
0.054803982
0.05555327
0.054398306
0.05593594
0.055456743
0.056446794
0.05511883
0.05429412
0.055370294
0.054591328
0.0537515
0.054291423
0.054811433
0.05582049
0.05487701
0.05463965
0.05562978
0.055421654
0.05439926
0.054886974
0.054398447
0.055213496
0.05538693
0.05521536
0.05447352
0.055790484
0.054731518
0.054955505
0.054205418
0.05410909
0.054666735
0.055937886
0.054249395
0.055476088
0.054411422
0.056489676
0.054492846
0.055501975
0.053973794
0.05600601
0.055252183
0.054060712
0.055060472
0.055519953
0.056332808
0.056126207
0.055685557
0.055506177
0.055966016
0.054947346
0.05623088
0.054722644
0.05534616
0.055595566
0.056037188
0.055628914
0.05342615
0.053954236
0.05526317
0.055311065
0.055147525
0.055358097
0.054850355
0.05527218
0.054969434
0.055415865
0.05462499
0.054728806
0.057226777
0.05499153
0.054294307
0.05452088
0.055346776
0.054780528
0.054342818
0.053092558
0.05532132
0.05371844
0.055490628
0.054646403
0.05420902
0.056013115
0.054755118
0.055213716
0.057016402
0.055798464
0.054892614
0.055314384
0.0547287
0.054927375
0.05422369
0.056443624
0.0569496
0.054451443
0.053364836
0.053939015
0.056421813
0.054094482
0.054647252
0.05576391
0.05511364
0.05543256
0.053820044
0.055211958
0.05466762
0.05465359
0.05535973
0.053837925
0.054483537
0.054952387
0.053730648
0.054169755
0.05474671
0.05536487
0.052763537
0.05450328
0.05456445
0.054046653
0.05448008
0.053867202
0.0536349
0.05340656
0.053995024
0.05418275
0.05446208
0.054043233
0.054337997
0.05366717
0.054501005
0.054111358
0.053951852
0.054112438
0.054074276
0.054633416
0.054381143
0.053844143
0.0552039
0.055387754
0.055034902
0.054988693
0.054415666
0.054781143
0.054971613
0.05625381
0.052771203
0.054621987
0.054916393
0.054182924
0.05421432
0.05428908
0.056157567
0.054979034
0.05284333
0.054476246
0.054496177
0.053622946
0.05320035
0.053091366
0.054764792
0.05378287
0.05341561
0.05366629
0.05423854
0.052920956
0.054345876
0.05520637
0.053564604
0.053846728
0.053689357
0.05404018
0.056860097
0.055235755
0.053424068
0.053574048
0.05300223
0.054276124
0.055381972
0.05281541
0.052842796
0.053889506
0.0537189
0.05290973
0.055189397
0.054384388
0.052969057
0.054640844
0.053388447
0.053670693
0.054809697
0.055232767
0.053282958
0.054077722
0.053686906
0.053429045
0.05463326
0.05443089
0.053627916
0.052685514
0.053467665
0.05490564
0.05360699
0.05435453
0.053445607
0.052720096
0.052560598
0.05281434
0.05449971
0.053527802
0.053604063
0.054519176
0.054780487
0.05405415
0.053360224
0.05299605
0.054542463
0.05447013
0.053089224
0.05337683
0.054688536
0.05779288
0.053179905
0.05267245
0.05294195
0.05432338
0.053175263
0.053657006
0.05489049
0.05281537
0.05364395
0.052939244
0.053581465
0.055132914
0.05352025
0.052466605
0.053673536
0.05462485
0.055503994
0.052823693
0.05592932
0.054633558
0.05268447
0.0524948
0.053414635
0.053190116
0.05338888
0.054567903
0.053570684
0.053418703
0.054300476
0.054652072
0.053238764
0.05533725
0.0528198
0.052681874
0.053395256
0.052977335
0.053071316
0.05333276
0.054591693
0.05405713
0.05297695
0.05376344
0.052878313
0.05349482
0.0550498
0.052460324
0.05323988
0.05450481
0.053818747
0.052756723
0.05237552
0.052734576
0.05219734
0.053249054
0.052204292
0.05359631
0.052868865
0.05218764
0.052781455
0.054524377
0.054058798
0.053560954
0.053856764
0.053704057
0.053576175
0.052401472
0.052668996
0.053958427
0.05300232
0.052569207
0.05319985
0.054403607
0.05247612
0.05376069
0.052266825
0.053912006
0.05339017
0.052769993
0.054130964
0.0523569
0.055005394
0.052952677
0.053632654
0.05477564
0.053095017
0.052000042
0.053383797
0.05344222
0.053475916
0.05171551
0.052827798
0.05213798
0.052745193
0.053887542
0.052855164
0.053167943
0.052693762
0.05239429
0.052664496
0.05316479
0.0538428
0.053224828
0.05269898
0.052657355
0.05146367
0.05339505
0.052662097
0.052003156
0.052803934
0.052642643
0.053991325
0.052873258
0.05231174
0.05278272
0.051183812
0.05214206
0.053312965
0.054532606
0.05133728
0.053052682
0.052315988
0.052390765
0.054391444
0.05182203
0.052443203
0.052789465
0.053834632
0.05230825
0.05397032
0.051929705
0.05326187
0.05313753
0.052648522
0.05221165
0.05211964
0.054218873
0.053635042
0.052491356
0.051712457
0.05464111
0.05280049
0.05190161
0.05262386
0.0521336
0.05237122
0.053612366
0.05434598
0.052105952
0.05347072
0.05386552
0.052317094
0.053122554
0.052371737
0.05185256
0.053857926
0.052250423
0.05330892
0.052359566
0.053629782
0.054092064
0.051898602
0.05304088
0.051731065
0.052823447
0.05273655
0.05291218
0.05226561
0.05226079
0.051312797
0.05215109
0.05187044
0.051673964
0.052054968
0.053174622
0.051649075
0.05168442
0.05198911
0.052129775
0.052794915
0.052731045
0.052576706
0.05171908
0.05280731
0.051182132
0.051479217
0.05313575
0.052328143
0.05423578
0.053885493
0.051734783
0.051886942
0.052258074
0.052705184
0.052018974
0.05264169
0.05295111
0.053767473
0.051855348
0.051333357
0.052049097
0.05094111
0.051926013
0.05205816
0.05115269
0.051785853
0.051812503
0.05162061
0.05339164
0.052689847
0.05301849
0.053201105
0.05301337
0.052363336
0.051470842
0.053706005
0.05274141
0.052337073
0.05396655
0.050792426
0.052264363
0.052177366
0.051740672
0.051386494
0.05303385
0.052010715
0.05160027
0.053078063
0.052617878
0.053187426
0.052448317
0.051359683
0.051673193
0.050854225
0.05104454
0.05227096
0.050869856
0.051298555
0.052341375
0.053042516
0.053281162
0.051632777
0.0509031
0.051983107
0.05226535
0.05344758
0.05293301
0.05258346
0.052691996
0.05107899
0.052271318
0.0518313
0.05283591
0.050783955
0.050579373
0.05058774
0.051992457
0.050834022
0.05184633
0.052460045
0.053030264
0.055083197
0.051187314
0.051637184
0.051507574
0.051793877
0.051593006
0.053253498
0.05055129
0.05155116
0.051426686
0.052441377
0.052275706
0.05120925
0.052064493
0.051857546
0.052531723
0.05263986
0.051949766
0.05214396
0.051847883
0.051184434
0.050999537
0.052735582
0.051527042
0.051633634
0.052140895
0.052024446
0.051738985
0.0531725
0.051554274
0.05248909
0.052289035
0.053900357
0.05441608
0.051190306
0.049932584
0.05111489
0.051079866
0.051137876
0.05156245
0.052077223
0.05149079
0.050978515
0.05135861
0.051424112
0.05045637
0.051492427
0.04985938
0.05233361
0.0500047
0.052878007
0.05158795
0.051303774
0.051017355
0.05196326
0.05094265
0.052145332
0.052204993
0.052240744
0.05171445
0.052677285
0.0532387
0.05211815
0.0514021
0.05203748
0.052241176
0.050313767
0.05119663
0.051612623
0.050747864
0.050782256
0.05179045
0.050733466
0.05247729
0.05143137
0.051639263
0.052171193
0.051976863
0.05211428
0.05244938
0.05168687
0.05230403
0.054330543
0.05124983
0.05159402
0.050958153
0.051403586
0.05150942
0.051954195
0.0516194
0.050833445
0.051382177
0.050578047
0.052758776
0.0518624
0.050801866
0.053178523
0.05225453
0.05226728
0.051407836
0.051318593
0.050012436
0.051636904
0.05124126
0.050710477
0.05060927
0.050339542
0.05193239
0.052590113
0.05022428
0.051623616
0.051921953
0.050058246
0.04987817
0.0505005
0.050707556
0.050740227
0.050065786
0.05106878
0.051089715
0.04975244
0.051404975
0.051673792
0.050312858
0.051106386
0.050670847
0.051008582
0.051051915
0.050887916
0.050014287
0.051197056
0.05021943
0.05042782
0.051423255
0.051631004
0.05196769
0.050643884
0.05022605
0.05059728
0.05003844
0.050656043
0.050583
0.052026127
0.05104755
0.05067203
0.053710252
0.0513209
0.04960393
0.051327355
0.05167516
0.050465405
0.04978854
0.05016374
0.050582632
0.052384038
0.05079254
0.051023334
0.049990743
0.05087248
0.05212221
0.05056567
0.050866786
0.050097276
0.051151663
0.05042358
0.050906323
0.05056053
0.05331642
0.051480155
0.051637325
0.050508603
0.050834723
0.050477177
0.05312043
0.050720498
0.051107682
0.05097453
0.051772542
0.051538873
0.050961368
0.051390085
0.051742323
0.0505319
0.051325887
0.05069858
0.05112813
0.05010356
0.05175195
0.05092509
0.050437957
0.051867384
0.050473858
0.051157884
0.05174322
0.050226692
0.050446197
0.05007699
0.05102925
0.050545335
0.05206154
0.05080567
0.051061273
0.051677667
0.05179121
0.050286047
0.05198296
0.050141156
0.05306648
0.052010592
0.04938215
0.0490957
0.050656818
0.050524943
0.051351722
0.05039788
0.0504874
0.051068455
0.050937735
0.04945679
0.051567674
0.051020857
0.050200187
0.0498305
0.052145626
0.051067814
0.050076198
0.049829498
0.049556594
0.0510905
0.05044366
0.051114038
0.051847387
0.04919552
0.050111897
0.050748598
0.051278487
0.050507583
0.05206669
0.050748944
0.050222587
0.04890727
0.04972514
0.049328852
0.04987826
0.049215637
0.050711233
0.051771536
0.050797585
0.051206965
0.050079573
0.04997403
0.049784027
0.05108262
0.050389852
0.05041246
0.050034065
0.049895428
0.05045692
0.049586575
0.050269607
0.050674263
0.049552992
0.049780574
0.04975693
0.050762594
0.050390545
0.049948644
0.05087368
0.050039124
0.049684126
0.049973458
0.049841464
0.05039467
0.04953221
0.049339496
0.050354205
0.050671786
0.052493777
0.04914222
0.05184799
0.05250835
0.050569557
0.049891107
0.050505783
0.049695592
0.04973785
0.050358813
0.049729172
0.05050495
0.049583938
0.050753195
0.050592214
0.050935976
0.049905613
0.049449563
0.049658712
0.051372066
0.050864685
0.050291583
0.049757425
0.050538808
0.05204908
0.05030644
0.049870238
0.05094365
0.05004558
0.050032433
0.049562197
0.049376763
0.04841951
0.049913365
0.050862443
0.051197927
0.04936297
0.05282073
0.050252073
0.049597643
0.049762003
0.050805513
0.049403653
0.05066529
0.051675543
0.04970253
0.04945366
0.0494714
0.050062682
0.049409896
0.049473833
0.049223226
0.050802868
0.05013698
0.04984914
0.049140215
0.049303167
0.05061038
0.049121752
0.049344175
0.050032545
0.050540637
0.048694506
0.05072735
0.050909083
0.04891914
0.0497056
0.051680144
0.04942447
0.049354848
0.050399553
0.04962805
0.050484423
0.050058253
0.050818615
0.049994558
0.049303807
0.050152007
0.050265715
0.048700895
0.04960221
0.049432665
0.050092142
0.049531862
0.051435083
0.05102739
0.04999519
0.050411757
0.05296812
0.049227715
0.051146355
0.0493524
0.050357014
0.049383324
0.049937516
0.049893145
0.04985572
0.0499371
0.050045837
0.049352966
0.049733322
0.050151203
0.049363542
0.049839903
0.048230063
0.05027665
0.049879767
0.049356066
0.049906917
0.05014351
0.050185252
0.049327374
0.052353576
0.04982628
0.049358014
0.049931936
0.048833475
0.049822174
0.04981493
0.050767273
0.05020419
0.050500464
0.049437616
0.049147494
0.049609788
0.05019168
0.049760733
0.05081109
0.049176563
0.04935646
0.04912915
0.049462806
0.04880386
0.049660165
0.049482048
0.049217597
0.049169034
0.050076727
0.049549945
0.04980044
0.049560163
0.04941683
0.049636472
0.050540283
0.049200747
0.049872372
0.04876916
0.04928236
0.049987912
0.04837837
0.04958369
0.050584942
0.05013249
0.049657196
0.050755374
0.05050727
0.05010988
0.05028163
0.049281776
0.048612613
0.049998865
0.0517617
0.049291063
0.04990728
0.050639424
0.049978934
0.05012877
0.050182886
0.048818007
0.05016718
0.048432544
0.049323767
0.050840545
0.049195077
0.050013706
0.049541123
0.049487453
0.049839336
0.04960977
0.049030043
0.048994604
0.049923968
0.050488878
0.050007258
0.049581848
0.050299075
0.051377703
0.05043467
0.048305944
0.049507406
0.04905833
0.049280036
0.049424116
0.049398817
0.048586126
0.047937155
0.049349383
0.049322058
0.05079785
0.049717218
0.049835503
0.048889957
0.048194252
0.048980374
0.047932785
0.048936397
0.04864292
0.04966907
0.05004765
0.04889175
0.049630903
0.048551124
0.04816787
0.048722487
0.049413666
0.048788417
0.048505947
0.050347216
0.04894446
0.049516864
0.04992561
0.050224807
0.04880592
0.04882056
0.04926928
0.04936408
0.04815192
0.04999208
0.04893231
0.050065074
0.049604703
0.048274
0.049005818
0.0480383
0.05023212
0.048738357
0.0479714
0.04897456
0.04868135
0.047112726
0.047668688
0.048791066
0.049910877
0.04814021
0.049104977
0.049236648
0.048464093
0.048795834
0.048720565
0.049437445
0.047889058
0.05016378
0.048137113
0.04961195
0.048930053
0.048748136
0.05051688
0.04938425
0.049233545
0.048024606
0.048336823
0.047968373
0.048275374
0.049497813
0.04923843
0.0485332
0.049021546
0.04825792
0.049009718
0.04846401
0.047425054
0.047997057
0.049024835
0.04925261
0.048062507
0.04884776
0.04957273
0.04950806
0.048483815
0.04864773
0.049923074
0.048794452
0.04759934
0.047303163
0.048031285
0.048707206
0.048463635
0.04847429
0.04864527
0.047350604
0.048798393
0.047985625
0.048736803
0.04791691
0.047658265
0.04773034
0.048889056
0.047914673
0.048887983
0.048008017
0.048191
0.047587097
0.04864109
0.048351154
0.047558393
0.04867878
0.048594926
0.04907263
0.048043102
0.047736775
0.048652027
0.04745142
0.048914354
0.04953463
0.04876198
0.051195387
0.04801149
0.04993475
0.04847694
0.04784996
0.049055424
0.049237937
0.04823227
0.04843954
0.04800404
0.048147954
0.049771085
0.04776424
0.047861796
0.047609985
0.048523024
0.049103323
0.04772804
0.047894184
0.047412463
0.047761824
0.04856429
0.048743855
0.050066017
0.049186207
0.047239758
0.047669034
0.04768875
0.04855094
0.04995766
0.048608758
0.048292223
0.048424963
0.047215734
0.047425922
0.048821952
0.047902226
0.049839247
0.047789007
0.050222587
0.048384327
0.047886588
0.04826998
0.047515497
0.048670672
0.04939961
0.0480635
0.048310757
0.048469882
0.048498217
0.048344642
0.048736665
0.04834775
0.04746794
0.048528936
0.04817975
0.048292704
0.04766901
0.04880609
0.048097525
0.04777806
0.048210666
0.047774676
0.04823383
0.04846375
0.048275076
0.047702912
0.049032383
0.04887143
0.047606166
0.047842186
0.047990106
0.04930608
0.04805511
0.049498808
0.04776587
0.048274662
0.048784908
0.04782615
0.04794964
0.0483265
0.04880569
0.048248034
0.04883305
0.047530558
0.047047902
0.049356725
0.050246045
0.047953397
0.04960806
0.049029347
0.0481878
0.047389306
0.050027184
0.04780288
0.048798274
0.048763424
0.048952132
0.048425194
0.047922667
0.04883586
0.049735527
0.047816366
0.047337566
0.048071954
0.047013536
0.048505403
0.04757818
0.048377156
0.04808811
0.048228294
0.04796349
0.048128847
0.048474383
0.047950078
0.04712146
0.047520064
0.047927212
0.048627708
0.048695914
0.048920225
0.047189914
0.047430824
0.048516914
0.047085106
0.047967657
0.047033094
0.048807565
0.04827739
0.04762043
0.048459303
0.04914593
0.048999358
0.04695314
0.047708694
0.048353612
0.048815195
0.047788378
0.04861558
0.0500014
0.0482357
0.04870381
0.04780462
0.047434922
0.047495313
0.047601867
0.0485897
0.048043787
0.048376787
0.04685678
0.04849836
0.047597952
0.047311284
0.04739087
0.048427355
0.047055718
0.047183946
0.048456687
0.048219327
0.047065184
0.046348967
0.046559505
0.047539514
0.049600847
0.047701854
0.047439057
0.048244767
0.047895126
0.049311813
0.047329776
0.049109835
0.048382875
0.04693305
0.047578864
0.046944343
0.04712062
0.048472404
0.04690135
0.04680579
0.047098458
0.047693215
0.048260827
0.047320966
0.04776901
0.047612756
0.047206927
0.049103953
0.047301784
0.04880048
0.048313517
0.047409862
0.04777534
0.04756648
0.04696242
0.046704404
0.047930233
0.047581762
0.047867596
0.047613975
0.04749165
0.047585394
0.048899733
0.047819607
0.048323058
0.047957562
0.048419133
0.048420917
0.047609612
0.048310164
0.04695439
0.047695346
0.048406623
0.047723804
0.04917961
0.047357127
0.047639906
0.046668045
0.04881254
0.047593843
0.04734344
0.04734723
0.046932366
0.047392543
0.047524985
0.047164276
0.048064597
0.046806928
0.047004215
0.047611184
0.04860197
0.048083827
0.04642114
0.04764715
0.0469867
0.047985375
0.048598543
0.047987197
0.047408365
0.046933655
0.0476537
0.048212294
0.04701692
0.047124293
0.046595946
0.047296878
0.04665524
0.046633624
0.04707896
0.049705707
0.046677124
0.047353145
0.04836188
0.047381748
0.04668304
0.046394974
0.046342887
0.047878712
0.046525575
0.048725925
0.04794314
0.04732746
0.047304217
0.04751922
0.04665164
0.047183722
0.047810305
0.046425045
0.046825297
0.04896827
0.047444798
0.048017513
0.046978734
0.04911521
0.046514716
0.047378745
0.047552444
0.048535854
0.04694702
0.047055814
0.047344655
0.047123276
0.04747632
0.0479064
0.048744548
0.047527492
0.046833277
0.047667205
0.047500845
0.046686657
0.048489504
0.04647155
0.04841353
0.048452478
0.04706889
0.047233786
0.046633437
0.04672312
0.04700318
0.04661951
0.04675123
0.04660805
0.04934105
0.046426743
0.04749771
0.046809886
0.04773243
0.045764
0.04750845
0.047477
0.04800537
0.048466336
0.047885474
0.046651118
0.04631212
0.046189014
0.04688158
0.046833128
0.04707688
0.046594903
0.049354963
0.047462255
0.046511635
0.047365047
0.047182843
0.04810445
0.047051854
0.04689068
0.04959062
0.04731249
0.046934262
0.04629947
0.04755345
0.0485544
0.047610037
0.046201553
0.047865715
0.047224216
0.04596711
0.04809753
0.047716893
0.046805903
0.047752474
0.0472034
0.046057586
0.047641862
0.046445064
0.04682373
0.046945997
0.047636814
0.046391416
0.0475506
0.0486831
0.048117567
0.04718117
0.046456486
0.046795268
0.048349813
0.046703484
0.047194798
0.04712477
0.046241038
0.04717605
0.046770975
0.04750486
0.046993263
0.046411242
0.047296174
0.046348885
0.046169985
0.04610648
0.046580397
0.046450958
0.04597941
0.04589207
0.04685647
0.04663658
0.04678607
0.047215212
0.045671385
0.046891235
0.04756856
0.04581739
0.046732765
0.045710817
0.046388973
0.04655626
0.045900986
0.04695379
0.047156468
0.04628417
0.046190314
0.046439797
0.045803852
0.046473525
0.046016734
0.046877734
0.047408495
0.047456384
0.047191773
0.04612994
0.04665402
0.045849126
0.046783254
0.04558449
0.04627919
0.046833348
0.045828648
0.046465237
0.046194654
0.047042917
0.046677697
0.04651985
0.045773074
0.04590139
0.04685506
0.046891004
0.04647791
0.0455831
0.04736552
0.045647703
0.04571023
0.046872087
0.045590207
0.046386506
0.04624756
0.0471954
0.04626455
0.04696606
0.046275876
0.049146295
0.046438888
0.047227737
0.047584433
0.04651334
0.046121597
0.04640256
0.046879303
0.04678255
0.04595691
0.046162743
0.04795927
0.045643292
0.046750907
0.046263844
0.04717123
0.046085488
0.045323607
0.04507178
0.045984153
0.0468466
0.045607533
0.045265015
0.04709913
0.046529166
0.04561556
0.045577914
0.045295887
0.047164805
0.046635874
0.046848368
0.04621983
0.046521325
0.046665642
0.0458316
0.046601992
0.045310166
0.046102967
0.045806088
0.04588053
0.045232635
0.04602406
0.046185404
0.04588281
0.047081366
0.046320155
0.046211265
0.046103064
0.045723658
0.046514485
0.04527745
0.04582762
0.04564706
0.047494244
0.04709637
0.046528246
0.04570917
0.046707425
0.04738946
0.046190817
0.04478592
0.04584845
0.046207134
0.04492046
0.04642958
0.045105707
0.04519632
0.045669526
0.0460268
0.044858035
0.04606476
0.044809166
0.04741062
0.046611656
0.046940174
0.045245443
0.045715667
0.04580619
0.04511108
0.044476967
0.04615156
0.04449824
0.04523791
0.045460034
0.044550613
0.045096938
0.045411013
0.045349184
0.044888362
0.04628136
0.04609147
0.046227932
0.04634014
0.04590829
0.045285437
0.047402617
0.04653719
0.0451457
0.04738808
0.046432354
0.046969753
0.04525789
0.04638958
0.047845274
0.047318894
0.046743207
0.04660003
0.048151836
0.046071146
0.046433374
0.046358306
0.046304174
0.047662213
0.04624076
0.04686133
0.046135217
0.04580978
0.04622233
0.046003398
0.045818783
0.04680857
0.04658998
0.046954673
0.04680316
0.04585475
0.04514144
0.046832476
0.046074875
0.046442207
0.045521952
0.046024885
0.048430134
0.04693172
0.04700749
0.047153197
0.04549091
0.04699843
0.046325177
0.04707953
0.04609304
0.04554546
0.045308035
0.045441985
0.04502871
0.04629912
0.045569535
0.045628995
0.046503518
0.04582783
0.04770781
0.04675937
0.045920856
0.04586993
0.045828104
0.045393147
0.044960756
0.045731623
0.045295693
0.045011006
0.04608575
0.045710307
0.04586558
0.04543228
0.04454229
0.04560308
0.045199446
0.04547431
0.047023423
0.04490981
0.045417257
0.047647983
0.04577892
0.045015834
0.045134973
0.04736035
0.046176616