20 198.57 0.16 198.73 0.063 18 19 0.39 0.0 
40 198.16 0.21 198.37 0.096 32 40 0.7 0.0 
60 197.21 0.24 197.44 0.105 44 64 0.96 0.0 
80 197.18 0.31 197.48 0.129 58 86 1.27 0.0 
100 196.56 0.0 196.57 0.152 73 107 1.6 0.01 
120 196.02 -0.09 195.93 0.16 85 132 1.86 0.01 
140 195.51 -0.1 195.41 0.188 96 153 2.11 0.01 
160 195.34 -0.23 195.11 0.206 109 175 2.39 0.01 
180 194.96 -0.33 194.63 0.215 123 195 2.7 0.01 
200 193.89 -0.61 193.28 0.241 135 215 2.96 0.01 
220 193.72 -0.47 193.25 0.269 146 237 3.2 0.01 
240 193.85 -0.54 193.31 0.268 156 258 3.42 0.01 
260 193.03 -0.5 192.53 0.285 163 277 3.57 0.01 
280 193.04 -0.61 192.43 0.305 174 298 3.82 0.01 
300 192.09 -0.63 191.46 0.317 186 322 4.08 0.02 
320 192.08 -0.7 191.39 0.334 200 345 4.39 0.02 
340 191.57 -0.7 190.87 0.34 209 365 4.58 0.02 
360 191.04 -0.82 190.22 0.36 220 388 4.82 0.02 
380 190.81 -0.72 190.09 0.363 230 409 5.04 0.02 
400 190.39 -0.7 189.69 0.376 242 431 5.31 0.02 
420 189.67 -0.76 188.9 0.39 256 454 5.61 0.02 
440 189.37 -0.82 188.55 0.388 265 477 5.81 0.02 
460 189.25 -1.09 188.16 0.397 276 498 6.05 0.02 
480 189.63 -1.28 188.35 0.401 288 524 6.32 0.03 
500 189.02 -1.08 187.94 0.408 300 546 6.58 0.03 
520 188.32 -1.14 187.18 0.422 308 568 6.75 0.03 
540 188.72 -1.26 187.46 0.428 320 592 7.02 0.03 
560 188.28 -1.44 186.83 0.436 330 617 7.24 0.03 
580 187.61 -1.49 186.11 0.446 337 641 7.39 0.03 
600 187.37 -1.56 185.81 0.45 346 665 7.59 0.03 
620 186.9 -1.57 185.33 0.463 355 689 7.79 0.03 
640 186.61 -1.64 184.97 0.467 365 716 8.0 0.04 
660 186.38 -1.64 184.73 0.477 372 741 8.16 0.04 
680 186.14 -1.69 184.45 0.484 380 766 8.33 0.04 
700 185.72 -1.8 183.92 0.485 393 791 8.62 0.04 
720 185.42 -1.93 183.49 0.488 401 817 8.79 0.04 
740 185.25 -2.08 183.17 0.496 410 838 8.99 0.04 
760 184.63 -2.12 182.52 0.501 422 867 9.25 0.04 
780 184.66 -2.12 182.54 0.508 431 892 9.45 0.04 
800 184.24 -2.01 182.23 0.51 438 921 9.61 0.05 
820 183.35 -2.15 181.19 0.517 444 944 9.74 0.05 
840 183.09 -2.25 180.84 0.524 450 968 9.87 0.05 
860 182.76 -2.34 180.43 0.529 461 996 10.11 0.05 
880 182.5 -2.36 180.14 0.534 467 1020 10.24 0.05 
900 181.85 -2.43 179.43 0.538 476 1047 10.44 0.05 
920 181.69 -2.52 179.16 0.539 484 1068 10.61 0.05 
940 181.18 -2.8 178.39 0.543 493 1096 10.81 0.05 
960 180.66 -2.84 177.83 0.55 498 1122 10.92 0.06 
980 180.8 -2.91 177.9 0.554 505 1149 11.07 0.06 
1000 180.84 -2.94 177.89 0.556 511 1180 11.21 0.06 
1020 180.42 -2.9 177.52 0.558 519 1203 11.38 0.06 
1040 179.65 -2.89 176.77 0.569 529 1225 11.6 0.06 
1060 179.92 -2.95 176.96 0.571 536 1251 11.75 0.06 
1080 179.83 -3.05 176.78 0.573 543 1281 11.91 0.06 
1100 179.3 -3.13 176.17 0.577 554 1309 12.15 0.07 
1120 179.34 -3.22 176.12 0.583 561 1334 12.3 0.07 
1140 178.84 -3.42 175.42 0.587 568 1365 12.46 0.07 
1160 177.78 -3.5 174.28 0.59 576 1388 12.63 0.07 
1180 177.46 -3.55 173.92 0.595 581 1418 12.74 0.07 
1200 178.05 -3.57 174.48 0.601 589 1446 12.92 0.07 
1220 177.57 -3.68 173.89 0.604 598 1470 13.11 0.07 
1240 177.41 -3.76 173.65 0.605 604 1496 13.25 0.07 
1260 176.59 -3.77 172.82 0.61 610 1522 13.38 0.08 
1280 176.48 -3.88 172.6 0.617 621 1544 13.62 0.08 
1300 176.17 -4.0 172.18 0.617 629 1575 13.79 0.08 
1320 176.01 -4.02 171.99 0.623 639 1598 14.01 0.08 
1340 175.74 -4.1 171.65 0.623 648 1625 14.21 0.08 
1360 175.16 -4.2 170.96 0.627 655 1652 14.36 0.08 
1380 174.97 -4.48 170.49 0.631 663 1680 14.54 0.08 
1400 174.89 -4.58 170.31 0.633 672 1711 14.74 0.09 
1420 174.87 -4.66 170.22 0.635 679 1737 14.89 0.09 
1440 174.83 -4.65 170.18 0.641 686 1766 15.04 0.09 
1460 173.48 -4.65 168.84 0.64 694 1797 15.22 0.09 
1480 173.41 -4.85 168.56 0.645 705 1823 15.46 0.09 
1500 173.3 -5.0 168.3 0.647 712 1856 15.61 0.09 
1520 172.72 -5.07 167.65 0.649 722 1885 15.83 0.09 
1540 172.77 -5.23 167.54 0.652 732 1917 16.05 0.1 
1560 172.54 -5.38 167.16 0.655 740 1943 16.23 0.1 
1580 172.74 -5.5 167.24 0.656 748 1970 16.4 0.1 
1600 172.69 -5.65 167.04 0.661 756 2002 16.58 0.1 
1620 172.28 -5.72 166.56 0.664 763 2031 16.73 0.1 
1640 172.41 -5.85 166.56 0.669 770 2062 16.89 0.1 
1660 172.04 -5.85 166.19 0.667 778 2090 17.06 0.1 
1680 171.84 -5.99 165.84 0.671 787 2119 17.26 0.11 
1700 171.5 -6.02 165.48 0.671 794 2152 17.41 0.11 
1720 171.13 -6.09 165.04 0.673 800 2178 17.54 0.11 
1740 171.52 -6.15 165.37 0.675 806 2213 17.68 0.11 
1760 171.67 -6.24 165.43 0.679 816 2240 17.89 0.11 
1780 171.31 -6.33 164.98 0.68 821 2277 18.0 0.11 
1800 170.99 -6.38 164.62 0.68 824 2309 18.07 0.11 
1820 170.29 -6.39 163.9 0.685 831 2338 18.22 0.12 
1840 169.99 -6.42 163.57 0.687 840 2367 18.42 0.12 
1860 169.61 -6.56 163.05 0.687 847 2397 18.57 0.12 
1880 169.6 -6.56 163.04 0.69 852 2431 18.68 0.12 
1900 168.97 -6.62 162.35 0.691 856 2463 18.77 0.12 
1920 168.99 -6.7 162.29 0.695 864 2497 18.95 0.12 
1940 168.63 -6.79 161.84 0.695 867 2526 19.01 0.13 
1960 168.27 -6.9 161.37 0.7 876 2556 19.21 0.13 
1980 167.95 -7.02 160.92 0.7 884 2583 19.39 0.13 
2000 168.16 -7.17 160.99 0.704 891 2617 19.54 0.13 
2020 168.39 -7.11 161.28 0.704 901 2646 19.76 0.13 
2040 167.32 -7.07 160.25 0.705 909 2672 19.93 0.13 
2060 167.03 -7.24 159.79 0.706 914 2700 20.04 0.13 
2080 166.85 -7.4 159.45 0.708 925 2735 20.29 0.14 
2100 167.03 -7.52 159.52 0.711 931 2762 20.42 0.14 
2120 166.58 -7.51 159.06 0.711 941 2790 20.64 0.14 
2140 166.75 -7.59 159.16 0.713 949 2826 20.81 0.14 
2160 166.46 -7.59 158.87 0.715 957 2852 20.99 0.14 
2180 165.87 -7.64 158.23 0.716 962 2882 21.1 0.14 
2200 165.66 -7.68 157.98 0.719 967 2908 21.21 0.14 
2220 165.43 -7.75 157.68 0.719 974 2935 21.36 0.15 
2240 165.69 -7.84 157.85 0.72 983 2966 21.56 0.15 
2260 165.79 -7.84 157.94 0.723 990 2993 21.71 0.15 
2280 165.16 -7.86 157.31 0.725 994 3025 21.8 0.15 
2300 164.67 -7.93 156.74 0.724 1000 3058 21.93 0.15 
2320 164.66 -7.87 156.79 0.727 1006 3087 22.06 0.15 
2340 164.69 -7.98 156.7 0.73 1013 3120 22.21 0.16 
2360 164.42 -7.97 156.45 0.732 1018 3146 22.32 0.16 
2380 164.35 -8.04 156.32 0.735 1026 3175 22.5 0.16 
2400 163.85 -8.14 155.71 0.736 1036 3208 22.72 0.16 
2420 163.79 -8.26 155.53 0.735 1046 3243 22.94 0.16 
2440 163.66 -8.31 155.35 0.737 1055 3274 23.14 0.16 
2460 163.4 -8.36 155.04 0.739 1059 3306 23.22 0.16 
2480 162.97 -8.28 154.69 0.739 1063 3339 23.31 0.17 
2500 162.64 -8.35 154.3 0.742 1073 3368 23.53 0.17 
2520 162.51 -8.39 154.12 0.74 1079 3396 23.66 0.17 
2540 162.74 -8.51 154.23 0.744 1085 3428 23.79 0.17 
2560 161.89 -8.63 153.26 0.745 1094 3457 23.99 0.17 
2580 162.21 -8.64 153.58 0.748 1100 3490 24.12 0.17 
2600 162.12 -8.73 153.39 0.749 1109 3522 24.32 0.18 
2620 162.33 -8.76 153.56 0.751 1114 3557 24.43 0.18 
2640 161.97 -8.73 153.24 0.752 1119 3586 24.54 0.18 
2660 161.51 -8.8 152.71 0.753 1129 3616 24.76 0.18 
2680 161.59 -8.69 152.9 0.751 1133 3642 24.85 0.18 
2700 161.77 -8.74 153.04 0.756 1139 3671 24.98 0.18 
2720 161.73 -8.66 153.07 0.758 1145 3697 25.11 0.18 
2740 161.38 -8.57 152.8 0.755 1148 3732 25.18 0.19 
2760 161.08 -8.7 152.38 0.76 1156 3768 25.35 0.19 
2780 160.88 -8.78 152.1 0.76 1162 3802 25.48 0.19 
2800 160.67 -8.9 151.78 0.761 1168 3838 25.61 0.19 
2820 160.2 -8.89 151.31 0.764 1175 3868 25.77 0.19 
2840 160.01 -8.92 151.09 0.764 1185 3904 25.99 0.19 
2860 160.07 -9.03 151.04 0.765 1193 3936 26.16 0.2 
2880 159.69 -9.0 150.68 0.766 1198 3969 26.27 0.2 
2900 160.04 -9.1 150.94 0.769 1207 3999 26.47 0.2 
2920 159.43 -9.13 150.3 0.768 1214 4033 26.62 0.2 
2940 159.34 -9.18 150.16 0.767 1222 4070 26.8 0.2 
2960 159.29 -9.32 149.97 0.768 1228 4104 26.93 0.2 
2980 159.32 -9.46 149.86 0.772 1236 4136 27.11 0.21 
3000 159.61 -9.48 150.13 0.773 1239 4169 27.17 0.21 
3020 159.56 -9.43 150.13 0.772 1248 4200 27.37 0.21 
3040 159.04 -9.46 149.58 0.773 1254 4232 27.5 0.21 
3060 158.44 -9.46 148.98 0.773 1259 4266 27.61 0.21 
3080 158.6 -9.48 149.12 0.775 1264 4295 27.72 0.21 
3100 158.36 -9.49 148.88 0.776 1271 4328 27.87 0.22 
3120 158.51 -9.58 148.93 0.778 1275 4364 27.96 0.22 
3140 158.17 -9.71 148.46 0.777 1280 4396 28.07 0.22 
3160 157.91 -9.68 148.23 0.779 1285 4430 28.18 0.22 
3180 157.95 -9.61 148.34 0.781 1290 4465 28.29 0.22 
3200 158.32 -9.66 148.66 0.781 1297 4504 28.44 0.22 
3220 157.56 -9.53 148.03 0.781 1302 4536 28.55 0.23 
3240 157.14 -9.58 147.56 0.777 1308 4575 28.68 0.23 
3260 157.1 -9.55 147.55 0.782 1314 4614 28.82 0.23 
3280 157.19 -9.6 147.59 0.784 1320 4645 28.95 0.23 
3300 157.09 -9.65 147.44 0.785 1327 4681 29.1 0.23 
3320 156.56 -9.62 146.94 0.786 1332 4709 29.21 0.23 
3340 156.67 -9.78 146.89 0.785 1339 4745 29.36 0.24 
3360 156.47 -9.8 146.67 0.787 1343 4779 29.45 0.24 
3380 156.63 -9.8 146.83 0.786 1350 4805 29.61 0.24 
3400 156.56 -9.85 146.71 0.788 1357 4845 29.76 0.24 
3420 156.76 -9.84 146.92 0.79 1364 4880 29.91 0.24 
3440 156.29 -9.86 146.43 0.787 1368 4914 30.0 0.24 
3460 156.28 -9.89 146.39 0.792 1376 4949 30.18 0.25 
3480 156.16 -10.0 146.16 0.79 1380 4985 30.26 0.25 
3500 155.9 -9.97 145.93 0.79 1386 5020 30.39 0.25 
3520 155.8 -9.99 145.81 0.793 1392 5052 30.53 0.25 
3540 155.63 -10.05 145.58 0.794 1400 5089 30.7 0.25 
3560 155.8 -10.1 145.69 0.795 1407 5125 30.86 0.25 
3580 155.43 -10.05 145.38 0.795 1410 5160 30.92 0.26 
3600 155.76 -10.14 145.62 0.795 1418 5196 31.1 0.26 
3620 155.46 -10.14 145.32 0.795 1419 5227 31.12 0.26 
3640 155.15 -10.21 144.94 0.798 1426 5261 31.27 0.26 
3660 154.44 -10.14 144.3 0.797 1432 5292 31.4 0.26 
3680 154.45 -10.13 144.32 0.8 1438 5327 31.54 0.26 
3700 154.4 -10.12 144.27 0.799 1442 5369 31.62 0.27 
3720 154.67 -10.23 144.45 0.801 1446 5407 31.71 0.27 
3740 154.18 -10.21 143.96 0.8 1449 5441 31.78 0.27 
3760 154.29 -10.24 144.04 0.799 1453 5473 31.86 0.27 
3780 154.11 -10.29 143.82 0.8 1458 5512 31.97 0.27 
3800 154.06 -10.31 143.76 0.8 1463 5551 32.08 0.28 
3820 154.22 -10.4 143.82 0.801 1464 5588 32.11 0.28 
3840 154.04 -10.37 143.68 0.802 1467 5619 32.17 0.28 
3860 154.03 -10.39 143.64 0.803 1474 5657 32.32 0.28 
3880 153.46 -10.36 143.1 0.803 1478 5690 32.41 0.28 
3900 153.51 -10.37 143.13 0.805 1484 5729 32.54 0.28 
3920 153.59 -10.4 143.2 0.806 1492 5766 32.72 0.29 
3940 153.5 -10.43 143.07 0.808 1500 5802 32.89 0.29 
3960 153.22 -10.46 142.76 0.808 1503 5836 32.96 0.29 
3980 153.45 -10.43 143.02 0.809 1508 5871 33.07 0.29 
4000 152.63 -10.45 142.18 0.808 1511 5903 33.14 0.29 
4020 152.99 -10.46 142.53 0.808 1516 5939 33.25 0.3 
4040 152.45 -10.48 141.97 0.806 1520 5972 33.33 0.3 
4060 151.87 -10.51 141.36 0.809 1525 6006 33.44 0.3 
4080 152.42 -10.58 141.84 0.812 1531 6042 33.57 0.3 
4100 152.12 -10.67 141.45 0.811 1535 6074 33.66 0.3 
4120 152.56 -10.64 141.92 0.811 1540 6111 33.77 0.3 
4140 151.44 -10.66 140.78 0.812 1544 6150 33.86 0.31 
4160 151.96 -10.68 141.28 0.814 1548 6185 33.95 0.31 
4180 151.98 -10.72 141.25 0.816 1554 6219 34.08 0.31 
4200 151.63 -10.76 140.87 0.814 1559 6249 34.19 0.31 
4220 151.39 -10.74 140.64 0.816 1565 6282 34.32 0.31 
4240 151.81 -10.73 141.08 0.815 1568 6314 34.39 0.31 
4260 151.44 -10.66 140.78 0.815 1573 6352 34.5 0.32 
4280 151.71 -10.69 141.02 0.815 1579 6378 34.63 0.32 
4300 151.69 -10.63 141.06 0.819 1582 6411 34.69 0.32 
4320 151.46 -10.59 140.87 0.82 1589 6443 34.85 0.32 
4340 151.14 -10.56 140.58 0.819 1596 6482 35.0 0.32 
4360 151.01 -10.5 140.51 0.82 1603 6515 35.15 0.32 
4380 150.82 -10.53 140.29 0.818 1609 6546 35.29 0.33 
4400 150.64 -10.48 140.16 0.819 1614 6585 35.39 0.33 
4420 150.91 -10.46 140.45 0.82 1620 6619 35.53 0.33 
4440 150.6 -10.41 140.18 0.822 1623 6655 35.59 0.33 
4460 150.09 -10.43 139.67 0.821 1626 6691 35.66 0.33 
4480 149.99 -10.41 139.58 0.822 1632 6728 35.79 0.33 
4500 149.66 -10.46 139.2 0.824 1638 6763 35.92 0.34 
4520 149.79 -10.42 139.38 0.824 1639 6796 35.94 0.34 
4540 149.33 -10.4 138.93 0.823 1644 6834 36.05 0.34 
4560 149.3 -10.42 138.88 0.826 1651 6868 36.21 0.34 
4580 149.18 -10.37 138.82 0.826 1656 6901 36.32 0.34 
4600 149.11 -10.4 138.71 0.826 1660 6934 36.4 0.34 
4620 149.14 -10.31 138.83 0.826 1665 6966 36.51 0.35 
4640 148.73 -10.25 138.48 0.829 1673 7003 36.69 0.35 
4660 148.6 -10.27 138.33 0.827 1677 7037 36.78 0.35 
4680 148.34 -10.33 138.01 0.826 1686 7070 36.97 0.35 
4700 148.58 -10.37 138.21 0.828 1690 7107 37.06 0.35 
4720 148.58 -10.37 138.21 0.829 1696 7143 37.19 0.36 
4740 148.21 -10.39 137.82 0.829 1699 7177 37.26 0.36 
4760 148.28 -10.44 137.85 0.831 1702 7216 37.32 0.36 
4780 148.18 -10.49 137.69 0.83 1704 7254 37.37 0.36 
4800 148.08 -10.41 137.67 0.828 1709 7287 37.48 0.36 
4820 148.0 -10.43 137.57 0.831 1711 7323 37.52 0.36 
4840 148.21 -10.42 137.8 0.832 1716 7354 37.63 0.37 
4860 147.64 -10.44 137.2 0.832 1720 7390 37.72 0.37 
4880 147.62 -10.47 137.15 0.831 1727 7431 37.87 0.37 
4900 147.71 -10.52 137.19 0.833 1735 7464 38.05 0.37 
4920 147.59 -10.54 137.06 0.833 1740 7498 38.16 0.37 
4940 147.42 -10.57 136.85 0.833 1744 7538 38.25 0.37 
4960 147.3 -10.68 136.62 0.834 1750 7576 38.38 0.38 
4980 147.45 -10.67 136.78 0.833 1753 7616 38.44 0.38 
5000 147.44 -10.69 136.75 0.835 1757 7646 38.53 0.38 
5020 147.58 -10.79 136.79 0.835 1760 7686 38.6 0.38 
5040 147.41 -10.8 136.61 0.836 1768 7722 38.77 0.38 
5060 147.26 -10.79 136.48 0.835 1770 7758 38.82 0.39 
5080 146.95 -10.8 136.15 0.835 1776 7795 38.95 0.39 
5100 146.56 -10.8 135.75 0.836 1781 7834 39.06 0.39 
5120 146.95 -10.85 136.11 0.836 1787 7871 39.19 0.39 
5140 146.58 -10.82 135.75 0.838 1792 7904 39.3 0.39 
5160 146.97 -10.86 136.1 0.838 1795 7937 39.36 0.39 
5180 146.45 -10.83 135.62 0.837 1798 7970 39.43 0.4 
5200 146.37 -10.88 135.49 0.837 1800 7999 39.47 0.4 
5220 146.17 -10.92 135.25 0.839 1803 8033 39.54 0.4 
5240 146.25 -10.93 135.32 0.84 1811 8074 39.71 0.4 
5260 146.41 -10.89 135.52 0.842 1813 8103 39.76 0.4 
5280 145.76 -10.94 134.83 0.84 1817 8142 39.85 0.4 
5300 145.57 -10.91 134.66 0.841 1818 8176 39.87 0.41 
5320 146.05 -10.98 135.08 0.84 1825 8213 40.02 0.41 
5340 146.18 -10.96 135.22 0.84 1830 8245 40.13 0.41 
5360 145.72 -10.91 134.81 0.842 1832 8275 40.18 0.41 
5380 145.14 -10.98 134.15 0.842 1837 8311 40.29 0.41 
5400 145.13 -11.08 134.04 0.842 1845 8350 40.46 0.42 
5420 144.96 -11.14 133.82 0.842 1849 8394 40.55 0.42 
5440 145.02 -11.15 133.86 0.842 1851 8424 40.59 0.42 
5460 145.12 -11.18 133.94 0.844 1854 8457 40.66 0.42 
5480 144.9 -11.2 133.69 0.843 1856 8495 40.7 0.42 
5500 144.67 -11.17 133.5 0.844 1861 8530 40.81 0.42 
5520 144.56 -11.18 133.39 0.844 1869 8562 40.99 0.43 
