20 198.3 0.12 198.42 0.074 19 40 0.42 0.0 
40 197.01 0.14 197.15 0.116 39 90 0.86 0.0 
60 196.07 0.18 196.25 0.161 56 139 1.23 0.01 
80 195.04 -0.04 195.0 0.198 73 192 1.6 0.01 
100 194.4 -0.16 194.24 0.229 90 248 1.97 0.01 
120 193.59 -0.38 193.21 0.256 108 297 2.37 0.01 
140 192.55 -0.31 192.24 0.293 127 350 2.79 0.02 
160 192.16 -0.53 191.64 0.312 143 404 3.14 0.02 
180 191.49 -0.58 190.91 0.345 161 464 3.53 0.02 
200 190.16 -0.6 189.56 0.363 177 526 3.88 0.03 
220 189.73 -0.7 189.03 0.383 192 587 4.21 0.03 
240 188.93 -0.67 188.26 0.406 211 637 4.63 0.03 
260 188.34 -0.8 187.54 0.417 229 705 5.02 0.04 
280 187.29 -0.86 186.43 0.437 246 767 5.39 0.04 
300 186.7 -0.92 185.78 0.451 261 830 5.72 0.04 
320 186.12 -1.05 185.07 0.471 276 902 6.05 0.04 
340 185.55 -1.12 184.43 0.48 291 972 6.38 0.05 
360 184.79 -1.16 183.64 0.491 303 1043 6.64 0.05 
380 183.66 -1.15 182.51 0.503 321 1113 7.04 0.06 
400 183.01 -1.32 181.69 0.519 335 1191 7.35 0.06 
420 182.83 -1.32 181.51 0.535 349 1249 7.65 0.06 
440 182.63 -1.36 181.27 0.545 363 1316 7.96 0.07 
460 182.14 -1.36 180.78 0.554 377 1386 8.27 0.07 
480 181.11 -1.42 179.68 0.569 391 1453 8.57 0.07 
500 180.71 -1.54 179.17 0.575 404 1538 8.86 0.08 
520 179.73 -1.55 178.18 0.587 420 1618 9.21 0.08 
540 179.33 -1.62 177.7 0.599 434 1695 9.52 0.08 
560 178.63 -1.75 176.88 0.603 448 1783 9.82 0.09 
580 178.13 -1.86 176.26 0.611 464 1867 10.18 0.09 
600 177.42 -1.85 175.57 0.619 479 1958 10.5 0.1 
620 176.56 -1.91 174.64 0.627 495 2044 10.86 0.1 
640 175.9 -2.06 173.84 0.635 509 2122 11.16 0.11 
660 175.48 -2.05 173.43 0.641 521 2197 11.43 0.11 
680 175.1 -2.17 172.93 0.652 535 2278 11.73 0.11 
700 174.48 -2.23 172.26 0.656 547 2362 12.0 0.12 
720 173.93 -2.21 171.72 0.661 560 2449 12.28 0.12 
740 173.07 -2.32 170.75 0.665 574 2552 12.59 0.13 
760 171.91 -2.3 169.61 0.672 590 2644 12.94 0.13 
780 171.32 -2.36 168.96 0.676 606 2731 13.29 0.14 
800 171.11 -2.42 168.69 0.68 619 2832 13.57 0.14 
820 171.04 -2.61 168.43 0.685 633 2921 13.88 0.15 
840 170.53 -2.69 167.84 0.693 646 3027 14.17 0.15 
860 170.14 -2.74 167.41 0.697 661 3122 14.5 0.16 
880 169.39 -2.71 166.69 0.702 674 3216 14.78 0.16 
900 168.62 -2.66 165.96 0.705 688 3292 15.09 0.16 
920 167.92 -2.7 165.23 0.709 703 3386 15.42 0.17 
940 167.31 -2.79 164.52 0.714 716 3488 15.7 0.17 
960 167.43 -2.88 164.55 0.719 729 3592 15.99 0.18 
980 166.79 -2.85 163.94 0.722 740 3688 16.23 0.18 
1000 166.28 -2.87 163.41 0.729 752 3790 16.49 0.19 
1020 166.04 -2.98 163.05 0.731 768 3894 16.84 0.19 
1040 165.04 -2.94 162.1 0.729 781 3989 17.13 0.2 
1060 165.1 -3.02 162.08 0.738 791 4069 17.35 0.2 
1080 164.79 -3.13 161.66 0.741 804 4167 17.63 0.21 
1100 164.73 -3.23 161.5 0.745 818 4282 17.94 0.21 
1120 163.91 -3.17 160.74 0.748 831 4380 18.22 0.22 
1140 163.23 -3.14 160.09 0.751 842 4482 18.46 0.22 
1160 162.96 -3.18 159.78 0.753 855 4593 18.75 0.23 
1180 162.02 -3.09 158.93 0.757 871 4698 19.1 0.23 
1200 161.87 -3.14 158.73 0.761 885 4796 19.41 0.24 
1220 161.94 -3.19 158.75 0.762 894 4898 19.61 0.24 
1240 161.97 -3.29 158.68 0.767 907 5012 19.89 0.25 
1260 161.48 -3.33 158.16 0.769 918 5115 20.13 0.25 
1280 160.79 -3.24 157.55 0.771 931 5222 20.42 0.26 
1300 160.31 -3.28 157.03 0.775 945 5322 20.72 0.26 
1320 160.32 -3.23 157.09 0.777 959 5411 21.03 0.27 
1340 159.92 -3.14 156.78 0.78 971 5508 21.29 0.27 
1360 159.84 -3.12 156.72 0.782 987 5623 21.64 0.28 
1380 159.33 -3.2 156.13 0.783 999 5744 21.91 0.29 
1400 158.62 -3.15 155.47 0.787 1010 5851 22.15 0.29 
1420 158.47 -3.12 155.35 0.789 1020 5981 22.37 0.3 
1440 158.0 -3.18 154.81 0.79 1032 6097 22.63 0.3 
1460 157.58 -3.18 154.4 0.793 1042 6208 22.85 0.31 
1480 157.16 -3.16 154.0 0.793 1055 6332 23.14 0.31 
1500 156.56 -3.23 153.34 0.795 1063 6455 23.31 0.32 
1520 156.5 -3.17 153.34 0.796 1076 6552 23.6 0.33 
1540 156.39 -3.24 153.14 0.797 1088 6681 23.86 0.33 
1560 155.98 -3.28 152.7 0.801 1100 6803 24.12 0.34 
1580 155.65 -3.28 152.36 0.803 1109 6908 24.32 0.34 
1600 155.33 -3.22 152.11 0.804 1122 7016 24.61 0.35 
1620 155.47 -3.24 152.23 0.806 1134 7130 24.87 0.35 
1640 154.94 -3.22 151.72 0.806 1144 7242 25.09 0.36 
1660 155.02 -3.32 151.7 0.81 1156 7378 25.35 0.37 
1680 154.68 -3.35 151.33 0.813 1170 7519 25.66 0.37 
1700 154.23 -3.39 150.85 0.813 1182 7643 25.92 0.38 
1720 153.59 -3.29 150.3 0.816 1197 7763 26.25 0.39 
1740 153.4 -3.34 150.06 0.815 1209 7883 26.51 0.39 
1760 152.95 -3.27 149.68 0.817 1219 7998 26.73 0.4 
1780 153.08 -3.32 149.76 0.817 1233 8117 27.04 0.4 
1800 152.85 -3.38 149.47 0.818 1245 8235 27.3 0.41 
1820 152.55 -3.34 149.2 0.822 1255 8353 27.52 0.42 
1840 152.2 -3.3 148.89 0.822 1263 8466 27.7 0.42 
1860 151.75 -3.32 148.43 0.824 1275 8575 27.96 0.43 
1880 151.15 -3.3 147.86 0.825 1288 8697 28.25 0.43 
1900 150.89 -3.3 147.6 0.826 1299 8816 28.49 0.44 
1920 150.33 -3.26 147.07 0.827 1311 8946 28.75 0.44 
1940 150.21 -3.24 146.97 0.829 1324 9053 29.04 0.45 
1960 150.14 -3.24 146.91 0.83 1335 9189 29.28 0.46 
1980 150.43 -3.25 147.19 0.831 1345 9324 29.5 0.46 
2000 150.08 -3.26 146.82 0.831 1357 9447 29.76 0.47 
2020 150.03 -3.28 146.75 0.833 1368 9574 30.0 0.48 
2040 149.45 -3.19 146.26 0.831 1376 9685 30.18 0.48 
2060 149.36 -3.25 146.12 0.834 1388 9807 30.44 0.49 
2080 148.15 -3.1 145.05 0.834 1397 9917 30.64 0.49 
2100 148.51 -3.12 145.39 0.837 1407 10026 30.86 0.5 
2120 148.4 -3.15 145.26 0.837 1416 10144 31.05 0.5 
2140 147.95 -3.14 144.81 0.839 1431 10278 31.38 0.51 
2160 147.44 -3.1 144.35 0.841 1438 10400 31.54 0.52 
2180 147.42 -3.11 144.31 0.842 1451 10534 31.82 0.52 
2200 146.59 -3.04 143.56 0.843 1462 10659 32.06 0.53 
2220 146.7 -3.08 143.62 0.844 1469 10786 32.21 0.54 
2240 146.11 -3.1 143.01 0.843 1476 10903 32.37 0.54 
2260 146.18 -3.11 143.06 0.844 1486 11001 32.59 0.55 
2280 146.26 -3.14 143.12 0.846 1496 11124 32.81 0.55 
2300 146.22 -3.11 143.11 0.847 1506 11247 33.03 0.56 
2320 145.7 -3.05 142.65 0.847 1514 11370 33.2 0.57 
2340 145.14 -3.0 142.14 0.848 1526 11499 33.46 0.57 
2360 144.92 -3.05 141.88 0.848 1537 11643 33.71 0.58 
2380 144.82 -3.08 141.74 0.851 1542 11779 33.82 0.59 
2400 145.33 -3.13 142.2 0.85 1555 11890 34.1 0.59 
2420 144.55 -3.11 141.44 0.85 1563 12016 34.28 0.6 
2440 144.34 -3.07 141.27 0.851 1572 12158 34.47 0.6 
2460 144.39 -3.07 141.32 0.854 1587 12269 34.8 0.61 
2480 143.65 -2.98 140.66 0.855 1598 12385 35.04 0.62 
2500 143.14 -2.94 140.2 0.856 1607 12520 35.24 0.62 
2520 142.59 -2.89 139.7 0.858 1623 12658 35.59 0.63 
2540 142.39 -2.92 139.47 0.857 1634 12784 35.83 0.64 
2560 142.48 -2.99 139.48 0.858 1642 12914 36.01 0.64 
2580 142.25 -3.02 139.23 0.858 1650 13040 36.18 0.65 
2600 141.97 -2.93 139.04 0.86 1659 13142 36.38 0.65 
2620 142.62 -2.91 139.71 0.86 1666 13251 36.54 0.66 
2640 142.07 -2.89 139.18 0.861 1676 13384 36.75 0.67 
2660 141.66 -2.78 138.88 0.861 1686 13535 36.97 0.67 
2680 141.47 -2.82 138.65 0.862 1694 13672 37.15 0.68 
2700 141.47 -2.86 138.61 0.863 1705 13809 37.39 0.69 
2720 141.28 -2.81 138.47 0.863 1712 13952 37.54 0.69 
2740 141.25 -2.8 138.45 0.863 1720 14079 37.72 0.7 
2760 141.11 -2.79 138.32 0.864 1728 14220 37.89 0.71 
2780 140.67 -2.72 137.95 0.865 1735 14345 38.05 0.71 
2800 140.39 -2.7 137.69 0.865 1745 14461 38.27 0.72 
2820 140.3 -2.73 137.57 0.866 1756 14588 38.51 0.73 
2840 139.99 -2.67 137.32 0.866 1765 14715 38.71 0.73 
2860 139.65 -2.7 136.95 0.867 1776 14834 38.95 0.74 
2880 139.42 -2.69 136.73 0.868 1786 14974 39.17 0.74 
2900 139.52 -2.75 136.77 0.868 1791 15122 39.28 0.75 
2920 139.71 -2.72 136.99 0.87 1797 15261 39.41 0.76 
2940 139.11 -2.73 136.37 0.87 1803 15400 39.54 0.77 
2960 138.78 -2.73 136.06 0.87 1813 15536 39.76 0.77 
2980 138.34 -2.73 135.6 0.87 1821 15676 39.93 0.78 
3000 139.4 -2.71 136.69 0.872 1830 15800 40.13 0.79 
3020 138.82 -2.64 136.18 0.872 1838 15931 40.31 0.79 
3040 138.63 -2.6 136.03 0.872 1847 16056 40.5 0.8 
3060 138.62 -2.54 136.08 0.872 1853 16165 40.64 0.8 
3080 138.16 -2.56 135.6 0.874 1859 16280 40.77 0.81 
3100 137.61 -2.47 135.15 0.874 1869 16422 40.99 0.82 
3120 137.49 -2.46 135.03 0.875 1878 16559 41.18 0.82 
3140 137.43 -2.47 134.97 0.875 1888 16685 41.4 0.83 
3160 136.97 -2.45 134.52 0.876 1900 16838 41.67 0.84 
3180 136.61 -2.44 134.17 0.876 1905 16975 41.78 0.84 
3200 136.51 -2.47 134.04 0.877 1913 17114 41.95 0.85 
3220 136.35 -2.41 133.94 0.877 1918 17250 42.06 0.86 
3240 136.4 -2.34 134.06 0.877 1927 17362 42.26 0.86 
3260 135.73 -2.36 133.37 0.878 1937 17510 42.48 0.87 
3280 135.68 -2.41 133.28 0.878 1947 17634 42.7 0.88 
3300 135.37 -2.38 132.99 0.879 1956 17769 42.89 0.88 
3320 135.06 -2.38 132.67 0.879 1961 17897 43.0 0.89 
3340 135.38 -2.38 133.0 0.879 1969 18028 43.18 0.9 
3360 135.27 -2.38 132.89 0.88 1979 18165 43.4 0.9 
3380 135.07 -2.35 132.72 0.88 1990 18285 43.64 0.91 
3400 134.82 -2.36 132.46 0.88 1998 18421 43.82 0.92 
3420 134.75 -2.38 132.37 0.881 2006 18563 43.99 0.92 
3440 134.91 -2.3 132.61 0.882 2011 18688 44.1 0.93 
3460 134.51 -2.27 132.23 0.883 2019 18825 44.28 0.94 
3480 134.57 -2.28 132.29 0.882 2028 18962 44.47 0.94 
3500 134.16 -2.31 131.85 0.882 2036 19083 44.65 0.95 
3520 134.38 -2.21 132.17 0.881 2044 19216 44.82 0.96 
3540 133.62 -2.18 131.43 0.884 2050 19347 44.96 0.96 
3560 133.66 -2.16 131.49 0.884 2063 19490 45.24 0.97 
3580 133.11 -2.19 130.92 0.884 2074 19608 45.48 0.98 
3600 133.37 -2.17 131.2 0.884 2082 19734 45.66 0.98 
3620 132.84 -2.2 130.65 0.883 2090 19884 45.83 0.99 
3640 132.42 -2.16 130.26 0.885 2096 20025 45.96 1.0 
3660 132.49 -2.19 130.3 0.886 2102 20156 46.1 1.0 
3680 132.67 -2.19 130.49 0.886 2110 20292 46.27 1.01 
3700 132.74 -2.19 130.55 0.886 2117 20425 46.43 1.02 
3720 131.89 -2.13 129.76 0.887 2124 20543 46.58 1.02 
3740 132.11 -2.19 129.92 0.887 2131 20661 46.73 1.03 
3760 132.28 -2.16 130.13 0.888 2137 20773 46.86 1.03 
3780 131.98 -2.12 129.87 0.888 2145 20897 47.04 1.04 
3800 132.1 -2.15 129.94 0.889 2154 21036 47.24 1.05 
3820 131.86 -2.09 129.76 0.889 2159 21139 47.35 1.05 
3840 132.01 -2.06 129.95 0.888 2166 21275 47.5 1.06 
3860 131.35 -2.01 129.34 0.889 2171 21401 47.61 1.06 
3880 131.9 -1.96 129.93 0.889 2177 21519 47.74 1.07 
3900 131.19 -1.94 129.25 0.889 2187 21663 47.96 1.08 
3920 131.17 -1.93 129.24 0.891 2192 21784 48.07 1.08 
3940 131.2 -1.91 129.28 0.891 2198 21915 48.2 1.09 
3960 130.6 -1.9 128.7 0.891 2202 22051 48.29 1.1 
3980 130.22 -1.92 128.3 0.89 2212 22171 48.51 1.1 
4000 130.31 -1.88 128.44 0.89 2218 22294 48.64 1.11 
4020 130.39 -1.88 128.51 0.892 2224 22448 48.77 1.12 
4040 129.63 -1.8 127.83 0.893 2234 22581 48.99 1.12 
4060 129.63 -1.76 127.87 0.894 2239 22709 49.1 1.13 
4080 129.46 -1.69 127.77 0.893 2247 22820 49.28 1.13 
4100 129.21 -1.73 127.49 0.894 2254 22949 49.43 1.14 
4120 129.15 -1.7 127.45 0.894 2261 23092 49.58 1.15 
4140 128.99 -1.62 127.37 0.894 2268 23213 49.74 1.15 
4160 129.09 -1.54 127.55 0.895 2275 23340 49.89 1.16 
4180 128.86 -1.52 127.34 0.895 2285 23468 50.11 1.17 
4200 129.29 -1.5 127.8 0.895 2288 23605 50.18 1.17 
4220 128.77 -1.47 127.31 0.895 2296 23737 50.35 1.18 
4240 128.34 -1.47 126.87 0.895 2304 23891 50.53 1.19 
4260 128.34 -1.36 126.99 0.897 2308 24000 50.61 1.19 
4280 127.78 -1.34 126.44 0.896 2315 24146 50.77 1.2 
4300 127.88 -1.29 126.59 0.896 2320 24265 50.88 1.21 
4320 127.74 -1.25 126.49 0.897 2325 24409 50.99 1.21 
4340 127.37 -1.22 126.15 0.897 2327 24536 51.03 1.22 
4360 127.61 -1.17 126.44 0.897 2334 24659 51.18 1.23 
4380 126.86 -1.11 125.74 0.897 2339 24787 51.29 1.23 
4400 127.03 -1.1 125.92 0.897 2343 24935 51.38 1.24 
4420 127.17 -1.1 126.07 0.898 2349 25056 51.51 1.25 
4440 126.9 -1.01 125.89 0.899 2356 25197 51.67 1.25 
4460 126.5 -0.97 125.52 0.899 2360 25338 51.75 1.26 
4480 126.47 -0.93 125.55 0.899 2365 25453 51.86 1.27 
4500 126.48 -0.91 125.57 0.898 2367 25601 51.91 1.27 
4520 126.53 -0.87 125.66 0.899 2371 25727 52.0 1.28 
4540 126.19 -0.79 125.41 0.9 2376 25863 52.11 1.29 
