
0.8710983
0.856684
0.69345254
0.6466497
0.5887622
0.5517607
0.5213624
0.45121348
0.44400626
0.42905244
0.42942238
0.4370427
0.420926
0.38680854
0.34758812
0.33327267
0.30820084
0.2937704
0.28734916
0.27899963
0.27181968
0.27079844
0.2608861
0.2468004
0.23869102
0.24115163
0.2221635
0.2144118
0.19633868
0.19506383
0.190281
0.19602703
0.19577473
0.18494003
0.18479589
0.18196769
0.1717175
0.17007409
0.16944426
0.17211966
0.16202992
0.15970245
0.16896838
0.15711895
0.14507888
0.14291747
0.136184
0.1308159
0.12146844
0.13103625
0.12581658
0.12701008
0.13378513
0.120632894
0.1111233
0.10965946
0.106365174
0.107591376
0.11265384
0.10268367
0.105702326
0.0926901
0.09695167
0.102518946
0.10009111
0.09940359
0.09505892
0.0900136
0.09348903
0.0968976
0.087563396
0.086565234
0.08769008
0.092081666
0.07838145
0.08281447
0.08151376
0.08308201
0.086065166
0.07891947
0.08258099
0.077036895
0.07883299
0.07811861
0.08165663
0.07798335
0.07590137
0.07845392
0.07865847
0.07493715
0.069172196
0.076287895
0.067915335
0.070886165
0.0719117
0.062353488
0.06881194
0.06852386
0.06110084
0.059713963
0.05936406
0.05947017
0.055718653
0.059737142
0.057657614
0.06511796
0.058961883
0.062596045
0.055024203
0.05384622
0.057174545
0.05314575
0.05727493
0.055634253
0.050778683
0.05641838
0.05213736
0.059044342
0.056260955
0.051530518
0.054362647
0.04960723
0.05378116
0.049663536
0.049168628
0.046965968
0.05202289
0.04918893
0.05170999
0.048022553
0.043780975
0.050693925
0.04774594
0.049119752
0.044740867
0.048681322
0.043876547
0.044522975
0.048715755
0.046037354
0.048628766
0.04872192
0.044741005
0.045671742
0.047359955
0.043722413
0.044878703
0.04190649
0.046534717
0.042650465
0.044137675
0.040047914
0.039647095
0.04360324
0.043334763
0.042253263
0.04028519
0.041192334
0.041411858
0.0395886
0.039344583
0.039137993
0.03899135
0.045743283
0.040771216
0.03710067
0.037494168
0.03777603
0.037359748
0.039979033
0.040052395
0.037604664
0.038871694
0.038994506
0.038597867
0.042889703
0.038157757
0.034242984
0.03478402
0.035994828
0.038100887
0.035505727
0.039362755
0.039635863
0.03405087
0.038042024
0.036442216
0.034302317
0.03302455
0.035636425
0.034367546
0.035285506
0.034291994
0.035590015
0.03654032
0.03333322
0.034352086
0.033354558
0.033019476
0.031637944
0.032854293
0.035992064
0.03842842
0.032959204
0.039132014
0.036089007
0.032583773
0.03130203
0.034648314
0.03342181
0.03654272
0.03185315
0.03341279
0.03194332
0.033805177
0.02950511
0.031598385
0.032022566
0.032669894
0.03269212
0.031541348
0.031702437
0.029966878
0.03131267
0.03665499
0.03451956
0.029035596
0.030180324
0.02803731
0.033009645
0.031974964
0.031613365
0.031795993
0.035607044
0.032418124
0.030631507
0.031045983
0.028443381
0.030442432
0.028175907
0.03280141
0.029063007
0.035487562
0.027632417
0.025637899
0.029051023
0.028218208
0.030153807
0.027101398
0.02997515
0.0263318
0.030465255
0.026854657
0.029778235
0.028408298
0.026407778
0.029276641
0.026932977
0.03081637
0.031197647
0.02871012
0.03142663
0.028450375
0.027632758
0.025819309
0.026424395
0.029353932
0.027232697
0.028002005
0.027066603
0.03122782
0.027268821
0.02602657
0.0275334
0.026396627
0.029384881
0.02844669
0.031571448
0.02559396
0.027543752
0.026842616
0.024524339
0.026409892
0.026115317
0.02670328
0.027642151
0.025430879
0.025459306
0.025567876
0.026441863
0.030584008
0.024062943
0.02669519
0.025215177
0.026419552
0.024793606
0.026625736
0.02782146
0.024137782
0.026778068
0.02646313
0.025494456
0.025859766
0.023397978
0.023409562
0.025084049
0.024271285
0.026965814
0.024135942
0.025204679
0.02564813
0.024255339
0.027886527
0.023538694
0.024575418
0.025969516
0.024076283
0.026884247
0.029010167
0.027413832
0.025940744
0.02346865
0.023275949
0.02429367
0.025880037
0.02476928
0.02544465
0.02240104
0.02320664
0.024182431
0.025518663
0.025048181
0.024250519
0.025831703
0.02477884
0.023639813
0.02392206
0.024367401
0.025733357
0.024699507
0.023123385
0.025064899
0.023350913
0.021875303
0.023167802
0.02188075
0.021608036
0.022196421
0.022764774
0.023156855
0.022522544
0.023731876
0.02373115
0.022412984
0.021448627
0.02341312
0.022111077
0.021886282
0.021552589
0.023940679
0.025180763
0.023212362
0.021385226
0.021519542
0.022240572
0.022063257
0.021179771
0.021086315
0.021988332
0.024330096
0.021029161
0.022221746
0.019723909
0.023054691
0.02284297
0.02121819
0.021780478
0.021300592
0.019442344
0.021100225
0.024921115
0.022492306
0.020297691
0.01947837
0.020710789
0.020348001
0.021357536
0.019986492
0.02088824
0.01991192
0.020091683
0.01934738
0.02021182
0.018698182
0.018600682
0.021525731
0.018623505
0.019436235
0.020566149
0.018078623
0.018194651
0.0220732
0.019402195
0.019086825
0.021920795
0.021328555
0.017593512
0.019349799
0.01940146
0.022184111
0.017676208
0.019213334
0.018155156
0.02111301
0.021450087
0.019746285
0.019665748
0.02167057
0.019069036
0.017710065
0.017766086
0.021992084
0.020499669
0.020903323
0.01998608
0.02026912
0.020234829
0.018155351
0.020624021
0.019775989
0.019943679
0.018207096
0.017466497
0.018143332
0.019976268
0.019739447
0.020632694
0.021193676
0.017229127
0.019061482
0.01731861
0.019491356
0.01847669
0.018227171
0.017228393
0.018077336
0.020206181
0.017774059
0.019511497
0.016155234
0.019066347
0.018226532
0.01879448
0.018581377
0.019314855
0.018935364
0.018784216
0.02317556
0.017916773
0.017724589
0.020818993
0.017230157
0.016566144
0.01854724
0.018016411
0.017648235
0.018700564
0.018464265
0.021476673
0.017202066
0.01771833
0.01789702
0.017903425
0.020612128
0.018654307
0.017175192
0.01818212
0.017028203
0.021282665
0.01913187
0.019910948
0.017454017
0.017640801
0.018319108
0.019494161
0.017604282
0.017310856
0.017213501
0.01789815
0.020322895
0.01868574
0.019671941
0.018514076
0.019496333
0.017346172
0.018988399
0.016557597
0.01656042
0.018665856
0.018910093
0.016934788
0.016788311
0.016461167
0.01776008
0.0152973225
0.015951985
0.017457636
0.019961048
0.018396907
0.017478744
0.020056756
0.018170845
0.018858733
0.01769012
0.017093545
0.016835814
0.0147747155
0.015709985
0.019397832
0.01637284
0.018689336
0.016427219
0.018277291
0.017549263
0.018766675
0.017315445
0.017338842
0.0171953
0.01842714
0.016968474
0.016372485
0.016835067
0.015409906
0.017088493
0.017185116
0.016591795
0.019587047
0.017231705
0.017055226
0.016187426
0.017618403
0.014931519
0.016412899
0.015768344
0.017278977
0.017870577
0.0152228745
0.016559638
0.015322721
0.015868634
0.017543908
0.01820822
0.015093026
0.016143778
0.014483812
0.015585382
0.015274548
0.016586222
0.016645294
0.016394047
0.018393029
0.015849642
0.016144738
0.01625303
0.016162576
0.014813871
0.015096108
0.016618043
0.017618043
0.015896518
0.015932461
0.015313914
0.014679999
0.015081769
0.017401382
0.017724857
0.014434207
0.016725045
0.017262371
0.015646305
0.01830543
0.019905992
0.018166024
0.017508708
0.0151427165
0.016128732
0.01580872
0.016094286
0.015765693
0.01730418
0.01577891
0.015287382
0.015324167
0.014359366
0.01663169
0.017019305
0.014702842
0.015285943
0.01542404
0.016016485
0.0150221065
0.016503686
0.015740525
0.014651817
0.01616814
0.0148465345
0.01768429
0.015924452
0.016116982
0.017320149
0.017220462
0.018883513
0.01572165
0.014788793
0.014353574
0.017831083
0.013851007
0.014364555
0.014014757
0.0146127
0.01668502
0.014178739
0.014075545
0.015352065
0.0149997715
0.013990098
0.014615426
0.016856285
0.014676184
0.014499921
0.016518937
0.015061477
0.01693115
0.0142692365
0.016986309
0.016362147
0.014995349
0.015265869
0.014280566
0.014721911
0.014112702
0.014022458
0.015578918
0.014624664
0.015258768
0.01353091
0.014321947
0.017583951
0.013932127
0.014580054
0.014803619
0.016561583
0.013735621
0.0146400565
0.015793357
0.015619848
0.014083303
0.0149569595
0.015302564
0.013701361
0.013961571
0.015093971
0.012900705
0.012738089
0.01483087
0.01442573
0.014387249
0.0152847115
0.013927041
0.013839608
0.01616603
0.015216144
0.013509378
0.0140601965
0.015085241
0.012903016
0.014038967
0.013024031
0.013931016
0.012849874
0.01317432
0.013795512
0.014849306
0.014150454
0.014162606
0.01665625
0.013064854
0.014370003
0.013384551
0.013544634
0.01417783
0.01262786
0.013936727
0.014293126
0.012404865
0.0150227295
0.013210626
0.013432346
0.012783285
0.013164927
0.013656993
0.01548253
0.015356699
0.014057464
0.013188243
0.013926375
0.014619543
0.014810535
0.013276424
0.013533608
0.013582608
0.013855241
0.012762472
0.012684268
0.013256262
0.011956228
0.014104658
0.013921559
0.01431465
0.014017627
0.015591091
0.013849826
0.013734275
0.0132346125
0.013768738
0.014272952
0.013754037
0.013618831
0.013799311
0.01274343
0.0136117665
0.0145935295
0.013490736
0.0131251775
0.012422389
0.013817111
0.012898634
0.015567591
0.0145605495
0.014294522
0.013698917
0.014778675
0.014087746
0.012955188
0.014942101
0.014378356
0.014291143
0.014665007
0.013479643
0.016051825
0.01321153
0.012849083
0.014045895
0.012154844
0.0138692325
0.0135149965
0.013807267
0.013876981
0.013106374
0.0134556675
0.014099161
0.013426501
0.013104992
0.014559242
0.014079243
0.013158111
0.014127658
0.014672197
0.015920497
0.013121164
0.013557675
0.013637827
0.013096595
0.013272652
0.013477989
0.012540609
0.012852509
0.012505351
0.012537729
0.013459142
0.012667232
0.012134781
0.012564186
0.013522923
0.016542383
0.012651522
0.01468815
0.013222408
0.013258298
0.013782713
0.012870786
0.015521172
0.012719336
0.014328718
0.013499916
0.0131596895
0.013035375
0.012959268
0.013942228
0.01213277
0.01310656
0.013803474
0.015242231
0.013550069
0.011315569
0.012812016
0.0149238985
0.01254933
0.014676631
0.013246508
0.014561951
0.016806353
0.012343809
0.014856656
0.013401117
0.014432618
0.013455639
0.013922917
0.013363702
0.013177582
0.011777458
0.012414338
0.013865838
0.014563577
0.0118321935
0.012505232
0.013282099
0.012583216
0.013259468
0.013620527
0.013915738
0.012434622
0.01297765
0.013201012
0.011823661
0.011497991
0.011528434
0.011559653
0.011657299
0.012148874
0.0118933
0.012350422
0.013822453
0.013368137
0.01243803
0.01268635
0.016072666
0.012164119
0.014495554
0.013174099
0.015746972
0.014588802
0.013323935
0.013162916
0.011897936
0.01521368
0.0115232
0.011922391
0.012606197
0.0132384645
0.012017919
0.013172683
0.014258851
0.010925697
0.016121836
0.014396802
0.012774963
0.012749591
0.013360591
0.012434563
0.010654607
0.011352746
0.014550034
0.0121098105
0.012935619
0.015532198
0.012902276
0.01224512
0.012464926
0.0140448455
0.012819162
0.013222129
0.011158906
0.011349434
0.013583525
0.011858801
0.013125474
0.012078099
0.013140245
0.0114999935
0.011469429
0.01158621
0.011577619
0.011252831
0.011992933
0.012288174
0.013108537
0.011712095
0.012940492