20 358.86 0.45 359.31 0.081 19 28 0.08 0.0 
40 357.61 0.94 358.55 0.141 39 59 0.16 0.0 
60 356.21 1.28 357.49 0.194 59 88 0.24 0.0 
80 354.65 1.83 356.48 0.244 79 122 0.32 0.0 
100 352.55 1.97 354.52 0.315 99 152 0.4 0.0 
120 351.74 2.25 354.0 0.348 119 183 0.49 0.0 
140 349.86 2.5 352.36 0.392 139 215 0.57 0.0 
160 347.9 2.52 350.42 0.431 159 254 0.65 0.0 
180 344.8 2.89 347.69 0.48 178 294 0.73 0.0 
200 345.1 2.98 348.08 0.505 195 335 0.79 0.0 
220 343.3 3.12 346.42 0.534 214 372 0.87 0.0 
240 342.18 3.36 345.54 0.559 233 411 0.95 0.0 
260 341.54 3.55 345.09 0.572 252 450 1.03 0.0 
280 340.55 3.67 344.22 0.582 269 486 1.1 0.0 
300 337.91 3.8 341.71 0.602 287 526 1.17 0.0 
320 337.47 3.88 341.35 0.612 304 560 1.24 0.01 
340 334.95 4.2 339.15 0.626 323 596 1.32 0.01 
360 335.23 4.22 339.44 0.636 340 639 1.39 0.01 
380 333.83 4.41 338.24 0.654 356 678 1.45 0.01 
400 332.68 4.54 337.21 0.667 372 722 1.52 0.01 
420 332.05 4.59 336.64 0.677 389 763 1.59 0.01 
440 332.28 4.75 337.02 0.687 408 808 1.66 0.01 
460 332.39 4.73 337.13 0.693 423 850 1.72 0.01 
480 331.41 4.83 336.24 0.702 440 890 1.79 0.01 
500 329.26 4.97 334.22 0.707 456 938 1.86 0.01 
520 328.19 5.15 333.35 0.713 473 980 1.93 0.01 
540 326.24 5.07 331.31 0.723 488 1023 1.99 0.01 
560 326.75 5.1 331.85 0.733 502 1063 2.05 0.01 
580 324.63 5.22 329.85 0.74 518 1115 2.11 0.01 
600 324.57 5.26 329.83 0.747 532 1168 2.17 0.01 
620 323.77 5.37 329.14 0.755 548 1209 2.23 0.01 
640 322.71 5.46 328.17 0.762 566 1250 2.31 0.01 
660 322.65 5.53 328.18 0.766 582 1298 2.37 0.01 
680 321.79 5.66 327.44 0.775 598 1339 2.44 0.01 
700 321.25 5.65 326.91 0.777 612 1388 2.49 0.01 
720 320.61 5.71 326.33 0.782 629 1433 2.56 0.01 
740 320.15 6.02 326.17 0.787 641 1486 2.61 0.01 
760 318.5 6.33 324.83 0.79 654 1536 2.67 0.01 
780 317.78 6.46 324.24 0.797 669 1591 2.73 0.01 
800 317.64 6.48 324.12 0.801 685 1637 2.79 0.02 
820 316.89 6.55 323.44 0.801 701 1687 2.86 0.02 
840 315.89 6.63 322.52 0.806 716 1736 2.92 0.02 
860 315.03 6.75 321.78 0.81 732 1789 2.98 0.02 
880 315.07 6.89 321.96 0.815 750 1840 3.06 0.02 
900 313.11 6.98 320.09 0.818 764 1892 3.11 0.02 
920 313.13 7.05 320.18 0.82 780 1935 3.18 0.02 
940 312.66 7.06 319.72 0.823 795 1984 3.24 0.02 
960 312.07 7.07 319.14 0.828 812 2035 3.31 0.02 
980 311.32 7.14 318.46 0.831 825 2098 3.36 0.02 
1000 310.98 7.16 318.14 0.835 840 2139 3.42 0.02 
1020 310.25 7.19 317.44 0.835 853 2197 3.48 0.02 
1040 309.46 7.24 316.7 0.839 864 2245 3.52 0.02 
1060 308.77 7.3 316.07 0.841 875 2305 3.57 0.02 
1080 309.25 7.3 316.56 0.841 890 2352 3.63 0.02 
1100 306.99 7.55 314.55 0.845 901 2408 3.67 0.02 
1120 307.23 7.65 314.88 0.845 916 2465 3.73 0.02 
1140 305.94 7.66 313.6 0.848 930 2519 3.79 0.02 
1160 305.8 7.62 313.42 0.851 948 2574 3.86 0.02 
1180 305.78 7.58 313.36 0.853 961 2644 3.92 0.02 
1200 305.5 7.65 313.15 0.853 975 2701 3.97 0.02 
1220 305.37 7.59 312.95 0.856 990 2752 4.04 0.03 
1240 304.89 7.61 312.49 0.857 1002 2806 4.08 0.03 
1260 303.97 7.59 311.56 0.86 1013 2857 4.13 0.03 
1280 303.72 7.68 311.41 0.86 1025 2912 4.18 0.03 
1300 303.16 7.79 310.95 0.863 1038 2968 4.23 0.03 
1320 302.45 7.92 310.37 0.863 1053 3019 4.29 0.03 
1340 301.91 7.9 309.81 0.865 1068 3074 4.35 0.03 
1360 301.25 8.01 309.25 0.866 1080 3121 4.4 0.03 
1380 300.71 8.04 308.75 0.869 1094 3176 4.46 0.03 
1400 299.96 8.23 308.2 0.869 1103 3229 4.5 0.03 
1420 299.75 8.32 308.07 0.869 1116 3284 4.55 0.03 
1440 300.45 8.27 308.72 0.872 1126 3353 4.59 0.03 
1460 299.51 8.4 307.91 0.874 1142 3405 4.66 0.03 
1480 298.37 8.45 306.81 0.874 1157 3460 4.72 0.03 
1500 297.75 8.52 306.27 0.877 1171 3518 4.77 0.03 
1520 297.44 8.54 305.98 0.879 1186 3580 4.83 0.03 
1540 297.29 8.53 305.82 0.879 1199 3647 4.89 0.03 
1560 297.17 8.43 305.6 0.881 1215 3703 4.95 0.03 
1580 296.55 8.37 304.91 0.881 1226 3755 5.0 0.03 
1600 295.88 8.38 304.26 0.881 1239 3813 5.05 0.04 
1620 296.3 8.42 304.72 0.883 1253 3867 5.11 0.04 
1640 295.78 8.44 304.22 0.884 1267 3926 5.16 0.04 
1660 294.12 8.54 302.66 0.885 1280 3989 5.22 0.04 
1680 294.0 8.58 302.57 0.886 1295 4049 5.28 0.04 
1700 294.51 8.45 302.96 0.889 1308 4116 5.33 0.04 
1720 293.28 8.51 301.78 0.889 1321 4176 5.39 0.04 
1740 293.59 8.41 302.0 0.888 1333 4239 5.43 0.04 
1760 293.03 8.43 301.46 0.891 1344 4310 5.48 0.04 
1780 293.05 8.59 301.64 0.892 1357 4365 5.53 0.04 
1800 292.0 8.62 300.62 0.891 1371 4423 5.59 0.04 
1820 292.94 8.55 301.48 0.893 1386 4486 5.65 0.04 
1840 291.67 8.64 300.31 0.894 1401 4543 5.71 0.04 
1860 291.1 8.68 299.78 0.894 1414 4609 5.76 0.04 
1880 290.54 8.8 299.34 0.895 1427 4664 5.82 0.04 
1900 290.06 8.73 298.79 0.896 1438 4723 5.86 0.04 
1920 289.72 8.77 298.5 0.899 1452 4793 5.92 0.04 
1940 289.86 8.7 298.55 0.898 1463 4857 5.96 0.04 
1960 289.99 8.65 298.64 0.899 1479 4931 6.03 0.05 
1980 289.42 8.7 298.12 0.9 1494 4996 6.09 0.05 
