20 200.85 0.85 201.7 0.097 19 158 0.42 0.01 
40 196.09 2.16 198.25 0.157 38 343 0.83 0.02 
60 191.02 3.03 194.05 0.241 58 502 1.27 0.02 
80 187.0 3.94 190.94 0.312 78 706 1.71 0.04 
100 183.0 4.98 187.98 0.361 97 897 2.13 0.04 
120 179.37 5.83 185.2 0.396 115 1132 2.52 0.06 
140 177.26 6.67 183.92 0.437 134 1314 2.94 0.07 
160 171.33 7.58 178.91 0.486 152 1532 3.33 0.08 
180 167.61 8.57 176.17 0.513 171 1738 3.75 0.09 
200 163.84 9.44 173.28 0.531 189 2013 4.14 0.1 
220 160.64 10.39 171.03 0.563 206 2235 4.52 0.11 
240 156.58 11.29 167.87 0.594 224 2472 4.91 0.12 
260 152.94 12.3 165.24 0.62 243 2711 5.33 0.13 
