20 196.79 0.66 197.44 0.061 16 44 0.35 0.0 
40 194.6 1.17 195.77 0.091 29 91 0.64 0.0 
60 191.83 2.0 193.84 0.124 44 148 0.96 0.01 
80 190.26 2.57 192.83 0.156 61 202 1.34 0.01 
100 188.02 3.23 191.25 0.182 75 258 1.64 0.01 
120 186.39 4.1 190.49 0.199 89 316 1.95 0.02 
140 184.55 4.72 189.27 0.226 102 371 2.24 0.02 
160 183.81 5.54 189.35 0.261 117 423 2.57 0.02 
180 182.95 6.44 189.39 0.276 125 486 2.74 0.02 
200 181.73 7.06 188.8 0.293 136 551 2.98 0.03 
220 179.36 7.83 187.19 0.317 150 608 3.29 0.03 
240 177.92 8.56 186.48 0.333 162 666 3.55 0.03 
260 176.49 9.32 185.81 0.355 178 723 3.9 0.04 
280 175.6 9.92 185.52 0.36 190 780 4.17 0.04 
300 173.82 10.52 184.34 0.385 205 843 4.5 0.04 
320 173.25 11.21 184.46 0.398 214 909 4.69 0.05 
340 171.86 11.96 183.82 0.409 229 967 5.02 0.05 
360 170.23 12.78 183.02 0.426 244 1014 5.35 0.05 
380 167.54 13.56 181.1 0.447 257 1080 5.64 0.05 
400 166.16 14.6 180.76 0.453 270 1151 5.92 0.06 
420 165.15 15.37 180.52 0.459 281 1214 6.16 0.06 
440 163.95 16.26 180.2 0.474 295 1276 6.47 0.06 
460 162.28 17.07 179.34 0.482 308 1346 6.75 0.07 
480 160.37 17.91 178.28 0.507 322 1402 7.06 0.07 
500 159.46 18.72 178.18 0.51 334 1458 7.32 0.07 
520 158.19 19.49 177.68 0.527 348 1527 7.63 0.08 
540 157.33 20.38 177.7 0.539 361 1586 7.92 0.08 
560 156.13 21.2 177.33 0.535 372 1659 8.16 0.08 
580 154.07 21.93 176.0 0.55 383 1723 8.4 0.09 
600 153.4 22.77 176.16 0.555 393 1797 8.62 0.09 
620 150.74 23.37 174.11 0.563 406 1865 8.9 0.09 
640 150.02 23.95 173.96 0.572 419 1935 9.19 0.1 
660 148.76 24.54 173.29 0.581 431 1999 9.45 0.1 
680 147.59 25.25 172.84 0.591 443 2060 9.71 0.1 
700 146.72 25.9 172.62 0.587 452 2138 9.91 0.11 
720 146.48 26.74 173.22 0.595 460 2214 10.09 0.11 
740 144.89 27.42 172.31 0.606 473 2280 10.37 0.11 
760 144.66 28.19 172.85 0.602 483 2358 10.59 0.12 
780 143.5 28.82 172.31 0.612 494 2427 10.83 0.12 
800 142.22 29.59 171.82 0.619 505 2505 11.07 0.12 
820 140.92 30.28 171.2 0.631 514 2572 11.27 0.13 
840 139.14 31.08 170.21 0.64 524 2635 11.49 0.13 
860 138.09 32.04 170.13 0.645 532 2717 11.67 0.14 
880 137.36 32.71 170.07 0.65 542 2787 11.89 0.14 
900 136.33 33.54 169.87 0.652 553 2849 12.13 0.14 
920 135.12 34.37 169.49 0.664 563 2916 12.35 0.15 
940 134.01 35.35 169.36 0.666 572 2998 12.54 0.15 
960 133.16 36.19 169.35 0.671 578 3084 12.68 0.15 
980 131.53 37.1 168.63 0.672 590 3157 12.94 0.16 
1000 130.51 37.99 168.5 0.673 599 3240 13.14 0.16 
1020 129.63 38.87 168.5 0.677 610 3318 13.38 0.16 
1040 128.06 39.62 167.68 0.684 617 3395 13.53 0.17 
1060 128.16 40.43 168.59 0.691 625 3474 13.71 0.17 
1080 126.67 41.08 167.75 0.692 628 3553 13.77 0.18 
1100 125.6 41.75 167.35 0.696 638 3632 13.99 0.18 
1120 124.57 42.55 167.12 0.697 647 3704 14.19 0.18 
1140 123.2 43.23 166.42 0.702 659 3771 14.45 0.19 
1160 122.43 44.14 166.57 0.705 669 3851 14.67 0.19 
1180 121.48 45.08 166.55 0.709 681 3930 14.93 0.2 
1200 120.38 45.8 166.17 0.708 695 4013 15.24 0.2 
1220 118.96 46.58 165.53 0.711 705 4094 15.46 0.2 
1240 118.12 47.34 165.47 0.717 718 4172 15.75 0.21 
1260 117.53 48.3 165.83 0.72 727 4256 15.94 0.21 
1280 115.87 49.05 164.92 0.721 738 4336 16.18 0.22 
1300 115.15 49.92 165.07 0.724 749 4411 16.43 0.22 
1320 114.38 50.84 165.22 0.73 758 4499 16.62 0.22 
1340 114.03 51.71 165.74 0.73 768 4578 16.84 0.23 
1360 112.81 52.65 165.46 0.734 783 4656 17.17 0.23 
1380 111.73 53.41 165.14 0.734 793 4735 17.39 0.24 
1400 112.09 54.29 166.39 0.737 796 4821 17.46 0.24 
1420 110.56 55.05 165.6 0.742 809 4909 17.74 0.24 
1440 109.35 55.93 165.28 0.744 820 4991 17.98 0.25 
1460 108.56 56.75 165.31 0.747 828 5064 18.16 0.25 
1480 107.81 57.57 165.38 0.749 832 5144 18.25 0.26 
1500 107.29 58.39 165.69 0.75 838 5232 18.38 0.26 
1520 106.38 59.12 165.5 0.752 849 5312 18.62 0.26 
1540 105.47 59.84 165.31 0.755 859 5393 18.84 0.27 
1560 104.52 60.74 165.26 0.758 869 5475 19.06 0.27 
1580 103.45 61.58 165.03 0.761 879 5558 19.28 0.28 
1600 102.46 62.42 164.88 0.761 887 5645 19.45 0.28 
1620 101.28 63.35 164.62 0.766 893 5724 19.58 0.28 
1640 100.24 64.2 164.45 0.769 902 5806 19.78 0.29 
1660 100.01 64.98 164.99 0.77 908 5894 19.91 0.29 
1680 99.32 65.58 164.9 0.77 919 5975 20.15 0.3 
1700 98.04 66.36 164.39 0.775 929 6051 20.37 0.3 
1720 97.28 67.27 164.54 0.778 942 6141 20.66 0.31 
1740 96.8 68.01 164.81 0.777 947 6225 20.77 0.31 
1760 95.62 68.93 164.55 0.777 953 6314 20.9 0.31 
1780 95.38 69.73 165.11 0.777 961 6400 21.07 0.32 
1800 94.15 70.53 164.68 0.781 971 6486 21.29 0.32 
1820 93.38 71.44 164.82 0.784 983 6572 21.56 0.33 
1840 92.5 72.22 164.72 0.786 990 6654 21.71 0.33 
1860 92.27 72.98 165.25 0.787 1004 6735 22.02 0.33 
1880 90.84 73.92 164.76 0.788 1015 6830 22.26 0.34 
1900 90.29 74.7 165.0 0.792 1022 6917 22.41 0.34 
1920 89.29 75.51 164.8 0.792 1028 7005 22.54 0.35 
1940 89.3 76.5 165.79 0.79 1035 7097 22.7 0.35 
1960 87.94 77.17 165.11 0.79 1041 7175 22.83 0.36 
1980 87.67 78.07 165.75 0.791 1049 7264 23.0 0.36 
2000 86.9 78.88 165.78 0.79 1056 7349 23.16 0.37 
2020 86.41 79.57 165.98 0.792 1063 7440 23.31 0.37 
2040 85.56 80.49 166.05 0.795 1071 7530 23.49 0.37 
2060 84.58 81.2 165.77 0.799 1076 7622 23.6 0.38 
2080 84.36 82.11 166.47 0.797 1083 7702 23.75 0.38 
2100 83.57 82.99 166.56 0.799 1092 7794 23.95 0.39 
2120 82.79 83.97 166.76 0.798 1102 7879 24.17 0.39 
2140 81.88 84.69 166.58 0.803 1114 7959 24.43 0.4 
2160 80.36 85.61 165.97 0.804 1124 8048 24.65 0.4 
2180 79.75 86.61 166.36 0.803 1127 8145 24.71 0.41 
2200 78.81 87.44 166.25 0.805 1137 8237 24.93 0.41 
2220 77.85 88.21 166.06 0.809 1146 8319 25.13 0.41 
2240 77.51 89.17 166.68 0.808 1152 8419 25.26 0.42 
2260 77.64 90.08 167.72 0.81 1159 8517 25.42 0.42 
2280 76.02 90.91 166.92 0.811 1165 8608 25.55 0.43 
2300 75.04 91.9 166.94 0.807 1177 8704 25.81 0.43 
2320 74.38 92.76 167.14 0.808 1185 8795 25.99 0.44 
2340 74.29 93.64 167.93 0.81 1195 8885 26.21 0.44 
2360 72.51 94.37 166.88 0.813 1205 8964 26.43 0.45 
2380 71.76 95.28 167.04 0.815 1214 9057 26.62 0.45 
2400 71.35 96.09 167.44 0.815 1223 9152 26.82 0.46 
2420 70.66 96.98 167.64 0.816 1232 9245 27.02 0.46 
2440 69.88 97.85 167.73 0.816 1237 9339 27.13 0.46 
2460 69.21 98.72 167.93 0.817 1245 9431 27.3 0.47 
2480 68.94 99.6 168.54 0.817 1248 9523 27.37 0.47 
2500 67.98 100.49 168.47 0.819 1254 9625 27.5 0.48 
2520 67.42 101.29 168.71 0.819 1264 9708 27.72 0.48 
2540 67.13 102.06 169.19 0.82 1270 9796 27.85 0.49 
2560 66.26 102.96 169.23 0.822 1276 9880 27.98 0.49 
2580 65.55 103.73 169.28 0.824 1282 9972 28.11 0.5 
2600 65.11 104.55 169.66 0.822 1288 10072 28.25 0.5 
2620 64.56 105.27 169.83 0.823 1295 10166 28.4 0.51 
2640 63.68 106.1 169.78 0.825 1304 10257 28.6 0.51 
2660 62.87 106.96 169.83 0.825 1311 10353 28.75 0.51 
2680 61.63 107.78 169.41 0.826 1319 10446 28.93 0.52 
2700 60.96 108.71 169.66 0.827 1328 10544 29.12 0.52 
2720 60.12 109.47 169.58 0.83 1334 10643 29.25 0.53 
2740 59.52 110.2 169.72 0.829 1344 10731 29.47 0.53 
2760 59.31 111.03 170.34 0.83 1350 10828 29.61 0.54 
2780 57.96 111.9 169.86 0.832 1359 10924 29.8 0.54 
2800 57.18 112.87 170.05 0.831 1362 11017 29.87 0.55 
2820 56.83 113.68 170.52 0.829 1368 11120 30.0 0.55 
2840 56.14 114.71 170.85 0.831 1375 11219 30.15 0.56 
2860 55.0 115.52 170.52 0.831 1385 11302 30.37 0.56 
2880 54.78 116.34 171.13 0.832 1392 11400 30.53 0.57 
2900 54.44 117.22 171.66 0.832 1399 11496 30.68 0.57 
2920 53.88 118.14 172.02 0.833 1402 11597 30.75 0.58 
2940 53.05 119.0 172.06 0.835 1410 11687 30.92 0.58 
2960 51.72 119.73 171.45 0.835 1417 11776 31.07 0.59 
2980 51.16 120.42 171.59 0.837 1424 11872 31.23 0.59 
3000 50.4 121.29 171.69 0.836 1434 11956 31.45 0.59 
3020 49.8 122.07 171.86 0.838 1443 12039 31.64 0.6 
3040 49.3 122.96 172.26 0.838 1452 12136 31.84 0.6 
3060 48.76 123.92 172.67 0.837 1456 12227 31.93 0.61 
3080 48.02 124.71 172.74 0.836 1461 12318 32.04 0.61 
3100 47.3 125.52 172.82 0.839 1468 12412 32.19 0.62 
3120 46.75 126.47 173.21 0.841 1475 12513 32.35 0.62 
3140 46.0 127.35 173.36 0.841 1482 12612 32.5 0.63 
3160 45.23 128.22 173.44 0.841 1483 12710 32.52 0.63 
3180 45.21 128.95 174.17 0.841 1493 12796 32.74 0.64 
3200 44.54 129.74 174.28 0.841 1499 12892 32.87 0.64 
3220 43.79 130.61 174.41 0.84 1505 12988 33.0 0.65 
3240 43.88 131.32 175.2 0.843 1512 13078 33.16 0.65 
3260 42.46 132.09 174.55 0.846 1518 13173 33.29 0.66 
3280 41.4 132.98 174.38 0.846 1526 13264 33.46 0.66 
3300 40.95 133.87 174.82 0.846 1532 13366 33.6 0.66 
3320 40.35 134.64 174.99 0.846 1535 13471 33.66 0.67 
3340 39.91 135.49 175.41 0.845 1540 13567 33.77 0.67 
3360 39.19 136.24 175.43 0.845 1549 13663 33.97 0.68 
3380 38.12 137.06 175.18 0.848 1551 13762 34.01 0.68 
3400 38.02 137.89 175.91 0.847 1559 13855 34.19 0.69 
3420 37.11 138.69 175.8 0.849 1565 13940 34.32 0.69 
3440 36.31 139.64 175.95 0.849 1569 14028 34.41 0.7 
3460 35.83 140.6 176.42 0.849 1573 14130 34.5 0.7 
3480 34.71 141.43 176.14 0.85 1579 14231 34.63 0.71 
3500 34.4 142.34 176.74 0.852 1585 14330 34.76 0.71 
3520 33.85 143.21 177.06 0.851 1589 14426 34.85 0.72 
3540 33.25 144.05 177.29 0.851 1592 14502 34.91 0.72 
3560 32.64 144.85 177.49 0.851 1599 14595 35.07 0.73 
3580 32.41 145.67 178.08 0.852 1604 14684 35.18 0.73 
3600 32.11 146.55 178.66 0.852 1611 14777 35.33 0.73 
3620 31.09 147.34 178.43 0.852 1617 14883 35.46 0.74 
3640 30.57 148.08 178.65 0.854 1626 14977 35.66 0.74 
3660 29.85 148.83 178.68 0.855 1634 15062 35.83 0.75 
3680 29.41 149.56 178.97 0.856 1642 15154 36.01 0.75 
3700 28.81 150.48 179.29 0.856 1651 15240 36.21 0.76 
3720 28.14 151.4 179.54 0.855 1657 15338 36.34 0.76 
3740 27.04 152.15 179.18 0.856 1663 15429 36.47 0.77 
3760 26.05 152.99 179.04 0.857 1666 15527 36.54 0.77 
3780 25.65 153.8 179.45 0.858 1669 15627 36.6 0.78 
3800 24.92 154.71 179.62 0.857 1677 15718 36.78 0.78 
3820 24.72 155.57 180.29 0.861 1680 15814 36.84 0.79 
3840 23.77 156.35 180.12 0.859 1683 15905 36.91 0.79 
3860 23.66 157.24 180.9 0.859 1685 16006 36.95 0.8 
3880 22.94 158.02 180.96 0.859 1696 16105 37.19 0.8 
3900 22.39 158.81 181.2 0.861 1699 16199 37.26 0.81 
3920 21.49 159.64 181.14 0.861 1705 16298 37.39 0.81 
3940 20.64 160.47 181.11 0.862 1710 16398 37.5 0.82 
3960 20.45 161.27 181.72 0.861 1714 16493 37.59 0.82 
3980 20.1 162.08 182.18 0.861 1721 16587 37.74 0.82 
4000 19.5 163.0 182.5 0.863 1726 16682 37.85 0.83 
4020 19.01 163.88 182.89 0.864 1730 16781 37.94 0.83 
4040 18.51 164.72 183.23 0.862 1736 16876 38.07 0.84 
4060 18.0 165.6 183.6 0.864 1739 16978 38.14 0.84 
4080 17.43 166.42 183.85 0.865 1743 17075 38.22 0.85 
4100 16.76 167.2 183.95 0.866 1747 17157 38.31 0.85 
4120 16.46 168.04 184.5 0.866 1749 17254 38.36 0.86 
4140 15.85 168.89 184.73 0.867 1753 17353 38.44 0.86 
4160 15.64 169.64 185.28 0.865 1760 17444 38.6 0.87 
4180 15.19 170.49 185.68 0.865 1764 17546 38.68 0.87 
4200 14.71 171.37 186.09 0.867 1770 17649 38.82 0.88 
4220 13.74 172.2 185.94 0.865 1773 17746 38.88 0.88 
4240 12.94 173.06 186.01 0.869 1781 17845 39.06 0.89 
4260 12.08 173.97 186.05 0.87 1784 17951 39.12 0.89 
4280 11.88 174.77 186.65 0.87 1789 18052 39.23 0.9 
4300 11.53 175.65 187.17 0.867 1794 18148 39.34 0.9 
4320 11.14 176.37 187.52 0.868 1800 18241 39.47 0.91 
4340 10.46 177.24 187.7 0.869 1804 18329 39.56 0.91 
4360 10.13 177.95 188.08 0.87 1809 18419 39.67 0.92 
4380 9.26 178.78 188.04 0.87 1817 18513 39.85 0.92 
4400 8.69 179.58 188.27 0.869 1823 18610 39.98 0.93 
4420 8.08 180.44 188.52 0.869 1827 18702 40.07 0.93 
4440 7.69 181.29 188.97 0.869 1832 18786 40.18 0.93 
4460 6.96 182.03 188.99 0.869 1838 18877 40.31 0.94 
4480 6.2 182.96 189.15 0.87 1840 18970 40.35 0.94 
4500 5.64 183.85 189.49 0.87 1847 19065 40.5 0.95 
4520 5.15 184.61 189.76 0.87 1852 19162 40.61 0.95 
4540 4.49 185.37 189.86 0.87 1857 19258 40.72 0.96 
4560 3.64 186.21 189.86 0.872 1860 19350 40.79 0.96 
4580 2.86 187.0 189.86 0.872 1866 19444 40.92 0.97 
4600 2.85 187.87 190.73 0.871 1870 19542 41.01 0.97 
4620 2.31 188.67 190.98 0.874 1872 19648 41.05 0.98 
4640 1.99 189.51 191.49 0.874 1877 19753 41.16 0.98 
4660 1.64 190.54 192.18 0.874 1882 19860 41.27 0.99 
4680 0.8 191.45 192.25 0.873 1886 19960 41.36 0.99 
4700 0.94 192.39 193.33 0.872 1886 20060 41.36 1.0 
4720 0.22 193.29 193.51 0.873 1887 20151 41.38 1.0 
4740 -0.4 194.19 193.79 0.873 1891 20241 41.47 1.01 
4760 -1.1 194.94 193.84 0.874 1894 20335 41.54 1.01 
4780 -1.71 195.73 194.02 0.876 1896 20426 41.58 1.02 
4800 -1.96 196.63 194.67 0.876 1900 20514 41.67 1.02 
4820 -2.49 197.64 195.15 0.874 1904 20618 41.75 1.03 
4840 -3.72 198.52 194.8 0.875 1909 20714 41.86 1.03 
4860 -3.89 199.4 195.51 0.877 1912 20805 41.93 1.03 
4880 -4.08 200.21 196.12 0.877 1919 20894 42.08 1.04 
4900 -4.64 200.94 196.3 0.88 1925 20983 42.21 1.04 
4920 -5.02 201.74 196.71 0.88 1930 21078 42.32 1.05 
4940 -5.51 202.53 197.02 0.88 1933 21177 42.39 1.05 
4960 -5.73 203.28 197.55 0.878 1936 21276 42.46 1.06 
