
0.6788727
0.6732026
0.72548497
0.6979972
0.6651929
0.6628533
0.6204696
0.608158
0.5969582
0.5814571
0.585456
0.59034395
0.5953835
0.58481383
0.58396167
0.6259873
0.59496236
0.57144475
0.585688
0.5899745
0.57282907
0.5873539
0.5857331
0.5720015
0.57695
0.5696206
0.57777715
0.57550967
0.5676059
0.5580533
0.6084165
0.5734883
0.58544713
0.6077403
0.59063905
0.5865001
0.569078
0.5490877
0.5446177
0.54959077
0.5410634
0.54083765
0.571725
0.5526611
0.546374
0.5586844
0.5413083
0.5332773
0.55785877
0.538867
0.53580827
0.5243282
0.5258963
0.5401045
0.53245384
0.5245156
0.5358048
0.5174364
0.5259433
0.51940876
0.50969005
0.5197082
0.5147653
0.51347566
0.5207619
0.50026804
0.50863284
0.51119035
0.5276227
0.51429427
0.5116546
0.5117528
0.5241232
0.51319724
0.5191158
0.5105323
0.50149417
0.5153067
0.50733304
0.51351595
0.5042829
0.49425098
0.4855427
0.48360497
0.48909798
0.47995362
0.48177856
0.4808987
0.4872967
0.50348663
0.4825796
0.48743552
0.48928583
0.5021387
0.485617
0.48387024
0.48359856
0.48905742
0.5068416
0.4878971
0.48005724
0.4724638
0.48934054
0.4717493
0.47745618
0.49009207
0.47587177
0.48315609
0.47771284
0.47330064
0.47505945
0.4684814
0.47693434
0.47537932
0.46009952
0.46096864
0.46617022
0.47527847
0.48535097
0.45727608
0.4589428
0.45942295
0.47482717
0.4859626
0.479363
0.48970574
0.4689441
0.46344802
0.47936127
0.47244278
0.46784428
0.4661169
0.4646302
0.45090574
0.44822398
0.4606349
0.44420618
0.4511409
0.4504302
0.4428673
0.44399026
0.44374117
0.4456566
0.4475539
0.45833623
0.4531123
0.44564876
0.43914935
0.4442027
0.43995565
0.4314975
0.45639795
0.43806997
0.43443418
0.44165584
0.43382883
0.43707713
0.4378105
0.44415203
0.438539
0.43183467
0.44615132
0.43761712
0.43830952
0.4401198
0.4396123
0.42922738
0.44494754
0.43240115
0.43567955
0.43875375
0.44161195
0.4250602
0.42770374
0.42355776
0.43687496
0.42084134
0.4329357
0.42957148
0.42518932
0.43131328
0.4296884
0.42438316
0.42287734
0.4308953
0.42505178
0.42132992
0.42277938
0.41628137
0.41256973
0.41917145
0.4208499
0.41431507
0.41792127
0.42247164
0.41602546
0.4130115
0.4200327
0.41457754
0.4103708
0.41629604
0.41004986
0.41840744
0.41250634
0.41149285
0.40629327
0.41183856
0.4117956
0.41540235
0.4195617
0.41841608
0.40860432
0.40704447
0.411109
0.411743
0.40629607
0.40752172
0.40373653
0.40613186
0.40339187
0.40638483
0.41032907
0.40777117
0.4162436
0.3989138
0.3999274
0.40475824
0.39941868
0.39807326
0.39974242
0.38991562
0.39192364
0.39240623
0.3878999
0.39378667
0.39484626
0.4014119
0.39134982
0.38660637
0.40211722
0.38673937
0.3885486
0.39050862
0.39732224
0.39992476
0.38449317
0.39929795
0.39350247
0.38707542
0.3830928
0.3884447
0.38564387
0.37891546
0.3795478
0.3875366
0.38111916
0.37794867
0.405995
0.3830656
0.3911711
0.37485197
0.3870787
0.3781883
0.3815737
0.38637894
0.38455683
0.38765785
0.3853296
0.38780215
0.36922833
0.38210282
0.38835785
0.3872602
0.37893426
0.38197145
0.37992188
0.38173893
0.37818816
0.3829696
0.38150677
0.37749752
0.37402537
0.37801194
0.36845312
0.3701897
0.37121254
0.37124115
0.37892294
0.37985423
0.37042466
0.3848502
0.37782115
0.37264124
0.3782133
0.36606348
0.37151304
0.38346756
0.36651304
0.36827102
0.36776358
0.37338647
0.37325463
0.38267395
0.3772901
0.36320636
0.36700323
0.3778644
0.38315257
0.38075352
0.3854168
0.37942067
0.37391436
0.37197688
0.374783
0.37054676
0.37685117
0.36009443
0.3646001
0.36472592
0.36287633
0.36753
0.37092876
0.36201802
0.36650804
0.36641473
0.36584875
0.36431184
0.3665287
0.36443058
0.35806996
0.36742097
0.35572454
0.3577301
0.36671868
0.35525998
0.35844973
0.35776058
0.36342975
0.3578619
0.3591143
0.35519132
0.3565863
0.35398072
0.34911618
0.35221323
0.3635292
0.35584188
0.35790235
0.36136112
0.35191143
0.3643046
0.3562624
0.35003883
0.34521833
0.35573536
0.35070372
0.3455648
0.35719475
0.35332197
0.3571576
0.35122108
0.35625154
0.34908265
0.34989187
0.34896344
0.34842658
0.3679503
0.35037687
0.36547086
0.34387362
0.3505885
0.35495263
0.34795293
0.35006732
0.3440005
0.3451247
0.3401519
0.3467343
0.34412134
0.34251598
0.35316432
0.34910592
0.3407104
0.34450766
0.34146297
0.34972146
0.35545668
0.349524
0.34056598
0.3419402
0.34633458
0.342782
0.34950334
0.3482127
0.3402441
0.33431658
0.3345808
0.3359711
0.34014162
0.341048
0.34030333
0.33502004
0.3363251
0.33556378
0.3381883
0.34201786
0.33941498
0.3339791
0.334934
0.33954462
0.33500093
0.33810586
0.33845162
0.34166762
0.33922073
0.34637088
0.33712542
0.33329606
0.3378426
0.33786696
0.33272216
0.3459916
0.33641455
0.33900055
0.33073953
0.33066374
0.33699086
0.33788177
0.33497313
0.34605235
0.3365876
0.3297133
0.32814008
0.3334651
0.3362022
0.34778565
0.33266726
0.33318555
0.32491824
0.32785365
0.3302274
0.33099225
0.33055532
0.32959098
0.3220892
0.3253811
0.3248366
0.32878184
0.33214733
0.3360868
0.33095807
0.32742515
0.3264885
0.3235079
0.32426763
0.3242315
0.3247617
0.3223469
0.32232013
0.3202706
0.329549
0.32690895
0.32293203
0.32698998
0.32700217
0.3216519
0.33077562
0.32375625
0.3283465
0.31896704
0.32882497
0.31946903
0.32193503
0.32468197
0.33851135
0.32787502
0.33137438
0.32143492
0.32313758
0.31873572
0.32962364
0.31758156
0.3273006
0.3215993
0.3170099
0.32235327
0.32103667
0.32215592
0.32297352
0.3271221
0.32354045
0.31715122
0.32930225
0.31634894
0.32147875
0.31900534
0.32666287
0.32209802
0.32826832
0.32272726
0.32007763
0.32586208
0.31514055
0.32263103
0.3155339
0.318607
0.31567153
0.31651413
0.3135294
0.32087645
0.316984
0.32185388
0.31779474
0.31737038
0.32102206
0.31188262
0.31259105
0.3168371
0.31543908
0.3123149
0.32181543
0.311581
0.3129607
0.312025
0.31450957
0.30590653
0.31188607
0.30954143
0.3156216
0.3164114
0.31208453
0.3214684
0.3118444
0.31690952
0.30974877
0.31339994
0.31077576
0.30350342
0.30809978
0.302212
0.3117145
0.31967512
0.30843383
0.30312434
0.30171967
0.3109083
0.30485532
0.31572098
0.30276257
0.30500388
0.31136018
0.3053737
0.30394727
0.30891132
0.30766863
0.3032267
0.29946443
0.3011799
0.3010126
0.30259758
0.31281164
0.30744767
0.30656627
0.29753932
0.30373144
0.30225915
0.303188
0.3083825
0.30927074
0.31425238
0.3113987
0.30215627
0.3019235
0.3034971
0.30473056
0.30426764
0.31410912
0.31129825
0.29613757
0.3014884
0.29841512
0.3130635
0.304307
0.30281994
0.29828322
0.30793047
0.30135468
0.3054913
0.29915488
0.30446947
0.29976696
0.30170307
0.29511064
0.29487464
0.294683
0.29659617
0.29458657
0.30610192
0.29443088
0.29956853
0.30202368
0.2946624
0.29694167
0.29922146
0.29778644
0.29926854
0.30411136
0.29513824
0.29521272
0.3006306
0.2952214
0.29459542
0.3036632
0.29685804
0.29539636
0.29676217
0.29444566
0.30094042
0.2967233
0.2917124
0.2982568
0.29654005
0.29952487
0.2952038
0.29233268
0.29261863
0.2980368
0.28845617
0.28915706
0.28987524
0.29137284
0.29530486
0.28813264
0.29639658
0.28708932
0.28989926
0.290561
0.2836823
0.2870174
0.2860988
0.29419968
0.2872015
0.30636582
0.28510624
0.29009566
0.2920128
0.29159865
0.28897375
0.28924486
0.2913821
0.29330826
0.29268345
0.2954331
0.28400925
0.2901642
0.29435107
0.28580174
0.28681952
0.28471956
0.28419477
0.28738496
0.2968023
0.28665718
0.28852415
0.28749132
0.29446584
0.2892003
0.29324436
0.29283988
0.299613
0.2899186
0.29149106
0.29989764
0.29068652
0.29089236
0.30138358
0.3008426
0.29580522
0.29171595
0.2941117
0.29197833
0.2928957
0.29323253
0.2871405
0.29438242
0.28790656
0.2834739
0.285847
0.29082823
0.28971574
0.2788887
0.28996798
0.28873864
0.27971655
0.28880247
0.29313374
0.28690997
0.28518754
0.28090152
0.28281015
0.2810948
0.27947244
0.28734916
0.27998585
0.28700823
0.2897578
0.28453386
0.28624
0.32452512
0.28129435
0.2850432
0.28062317
0.27558902
0.27966255
0.28090128
0.28721663
0.27968875
0.28142956
0.28625882
0.28090563
0.2796271
0.27731353
0.276306
0.2801091
0.27474198
0.28440392
0.27747232
0.28185853
0.27939174
0.27942267
0.2754935
0.28056514
0.27708653
0.27572986
0.28043905
0.28031212
0.27985278
0.2773541
0.27877182
0.27714786
0.2740756
0.2775452
0.27803642
0.2797436
0.2774163
0.27676287
0.27546445
0.27366117
0.28130162
0.28497472
0.2761605
0.27501714
0.27284706
0.27821228
0.2744263
0.27758223
0.27650157
0.27576777
0.2799737
0.2778507
0.28148666
0.28033227
0.2792844
0.27945307
0.27527654
0.27575523
0.28244013
0.2813247
0.27824533
0.27245486
0.2758444
0.2770538
0.27168813
0.27042833
0.27044287
0.28139895
0.27817813
0.27789304
0.277447
0.2744118
0.27912885
0.27947232
0.28317788
0.27969146
0.2794706
0.27092838
0.2793346
0.2759713
0.2716247
0.266621
0.27128404
0.27212587
0.27332997
0.27044147
0.27103502
0.27029255
0.27093905
0.27685022
0.2712609
0.2735636
0.27249122
0.27415204
0.2738309
0.2717838
0.27145064
0.2685912
0.26870844
0.27165675
0.27792874
0.2659717
0.26830173
0.27059034
0.27184322
0.26758924
0.26856586
0.27273962
0.27541727
0.2730525
0.26608074
0.26427242
0.2687515
0.2749957
0.26926115
0.26572236
0.2684844
0.26764765
0.2692136
0.27088907
0.2700516
0.26872584
0.27244937
0.26256415
0.26600894
0.26727173
0.26261434
0.26659742
0.27833563
0.26540944
0.26814315
0.2679906
0.27530837
0.26375303
0.26331136
0.26480564
0.26836485
0.26449883
0.2694686
0.26600897
0.27371314
0.2650136
0.2638472
0.26639596
0.26120523
0.26616737
0.26419625
0.26405326
0.25879142
0.2634709
0.26953605
0.26010117
0.25910896
0.26116574
0.26130745
0.26050594
0.26057926
0.26188788
0.26848626
0.2624975
0.26135814
0.26245636
0.27020976
0.259463
0.26811057
0.26276484
0.26348358
0.2659037
0.26922825
0.2633629
0.26428002
0.26608223
0.27226052
0.25943533
0.26232472
0.26429698
0.25794378
0.26744878
0.26166415
0.26109502
0.26601005
0.26709265
0.2632388
0.26038143
0.26262203
0.258796
0.26479605
0.25974357
0.25954372
0.26233977
0.26230574
0.25590658
0.25815755
0.26479393
0.2604681
0.26466173
0.2564745
0.2591115
0.2602412
0.25779086
0.26143607
0.26197577
0.25838512
0.26072738
0.25617826
0.26177448
0.25866207
0.26188716
0.2602741
0.25907135
0.2555784
0.2580967
0.25681883
0.25690588
0.25424492
0.25698975
0.26832142
0.25605452
0.2522372
0.25982407
0.25792983
0.26762515
0.2542003
0.25337642
0.2589143
0.25530887
0.25498587
0.2659308
0.25820154
0.25584826
0.25781226
0.2543332
0.25859073
0.25406197
0.25534108
0.2579881
0.25215638
0.25634927
0.25863808
0.2539409
0.26162937
0.25397706
0.25389642
0.24921934
0.2565837
0.2582368
0.2547508
0.25339845
0.25504577
0.24965152
0.26234
0.24930884
0.25766057
0.25464073
0.25098887
0.25416666
0.25946456
0.25902846
0.2559555
0.2512293
0.25758314
0.25950783
0.26217654
0.2533559
0.2541159
0.2590234
0.25010142
0.26796106
0.25626916
0.24804859
0.24892177
0.2558721
0.25596797
0.25087085
0.25943995
0.2582496
0.26059964
0.25230986
0.2487001
0.25377557
0.24929336
0.24973372
0.2494839
0.24660546
0.24833742
0.2508913
0.24873827
0.2464512
0.25078684
0.24782339
0.2504096
0.2581247
0.2445815
0.25073484
0.24971464
0.25080198
0.2510639
0.25284865
0.2459012
0.24834241
0.25056034
0.25161195
0.24808607
0.2548521
0.25008783
0.2508091
0.25154424
0.24305147
0.25284722
0.24540281
0.24404806
0.2471918
0.2496168
0.24625593
0.24572466
0.24717973
0.2516587
0.2516124
0.25026348
0.24958023
0.24802406
0.24122407
0.24353601
0.25202927
0.24122073
0.24497704
0.24421185
0.25251645
0.24143133
0.25127065
0.24487738
0.2407867
0.2454049
0.24017186
0.2399334
0.24270628
0.24737103
0.244161
0.24872366
0.24231493
0.24534486
0.24203481
0.24214438
0.24368206
0.24107647
0.2427501
0.24024872
0.24205495
0.24638622
0.24106169
0.24426113
0.24510887
0.24290413
0.25067106
0.24986051
0.2467238
0.24132787
0.24479452
0.24526358
0.24815169
0.24459624
0.24631496
0.24118479
0.24234328
0.24422897
0.24315526
0.24164285
0.23798919
0.2404944
0.24594525
0.24799262
0.24317193
0.2453211
0.23655039
0.24847293
0.2437888
0.24469015
0.24192806
0.24328062
0.24680452
0.23947182
0.24041446
0.24587838
0.23824617
0.2465043
0.24102733
0.23674208
0.23830757
0.24013193
0.24577126
0.23760606
0.24636826
0.23838738
0.24219298
0.23718938
0.23984756
0.2431664
0.24008493
0.2403475
0.24697062
0.23943782
0.2368181
0.23354495
0.237174
0.24047953
0.23882133
0.2359445
0.23893592
0.2374842
0.23986307
0.23874858
0.23758355
0.237645
0.2352054
0.23673142
0.2425675
0.23771873
0.23397176
0.23363355
0.24030939
0.23687097
0.24727824
0.2432523
0.2402028
0.24011266
0.23907457
0.23854612
0.23950662
0.23861498
0.24083632
0.24521944
0.23704065
0.24554095
0.23492564
0.23751922
0.2376456
0.23718439
0.23533604
0.23603973
0.23484966
0.24056539
0.23608793
0.23501176
0.23725116
0.23334266
0.23542783
0.23754883
0.24162234
0.2368431
0.23592207
0.23613906
0.23543727
0.2377883
0.23447563
0.23753697
0.23616512
0.23413035
0.23454028
0.23481156
0.24211757
0.23764451
0.23958953
0.2348517
0.23460564
0.23712467
0.23348133
0.2375699
0.23624541
0.23392785
0.23685576
0.24198395
0.23568717
0.23693703
0.23529714
0.23692614
0.23090519
0.23723121
0.23348996
0.23289648
0.23790175
0.23207174
0.23245423
0.23627757
0.23892134
0.2322899
0.22990814
0.23448005
0.23560649
0.23000613
0.23396318
0.23159522
0.23275657
0.23160395
0.23353022
0.2351382
0.2311316
0.22900891
0.2302544
0.23123959
0.22931688
0.22886638
0.22837406
0.22914977
0.23021235
0.22845805
0.22851896
0.23385404
0.232842
0.22928847
0.23078847
0.23403028
0.22933926
0.22841719
0.23112254
0.2339629
0.23172127
0.23126192
0.225888
0.22584099
0.2310225
0.2257885
0.23041077
0.2263383
0.22850966
0.23078904
0.22974555
0.22590321
0.22608753
0.22479603
0.22319542
0.22820838
0.22939889
0.22120996
0.22818525
0.22394368
0.22625998
0.22350276
0.2263459
0.22288875
0.22903739
0.22940849
0.225328
0.22378333
0.22774512
0.22594284
0.22771727
0.22424155
0.22283225
0.22525515
0.23358256
0.23345056
0.2295757
0.2233079
0.22736667
0.22652996
0.22560185
0.22555268
0.22156021
0.22274402
0.22751391
0.23820315
0.2246146
0.2257484
0.2224362
0.22554989
0.23152667
0.22805698
0.22698599
0.22458535
0.22459713
0.23137759
0.23600261
0.22335795
0.23135796
0.22506797
0.23121935
0.22681661
0.22458817
0.22545305
0.22625196
0.22357634
0.22578137
0.22423446
0.22598043
0.22290552
0.2282697
0.23422672
0.23051025
0.22840007
0.22142924
0.22589396
0.22571406
0.22347406
0.22943178
0.22716255
0.22531377
0.22390617
0.22969778
0.22393535
0.22220218
0.22512485
0.22588797
0.22333528
0.22202803
0.22254446
0.22269273
0.21972124
0.22435886
0.22575569
0.22911465
0.2240411
0.23019864
0.22664593
0.22185431
0.22103
0.22205095
0.22471204
0.22341953
0.22787878
0.21926332
0.22432259
0.22087274
0.22103164
0.22040054
0.2200682
0.22423893
0.22118126
0.22470605
0.21777323
0.22174665
0.22320928
0.21838091
0.21992654
0.22395834
0.2192333
0.22184187
0.21883777
0.2221237
0.2176531
0.21924195
0.22556542
0.22230916
0.2227436
0.22134767
0.21926306
0.21841948
0.21733598
0.2194155
0.22511598
0.22251508
0.22082727
0.2184127
0.22093834
0.22044641
0.217822
0.22414179
0.22466193
0.2207343
0.22316594
0.22592224
0.22142318
0.22099274
0.22401047
0.22404791
0.22949514
0.22407228
0.21976423
0.21988212
0.22088024
0.2194368
0.22059633
0.22336398
0.21900497
0.22026016
0.2221342
0.2221014
0.22192442
0.22448613
0.21924148
0.21779339
0.22365725
0.21988891
0.22657229
0.22138448
0.22264433
0.2298317
0.22120965
0.22316171
0.22426678
0.22668009
0.22079808
0.22168627
0.2246834
0.22094947
0.22083972
0.22147824
0.21612969
0.21823993
0.22115435
0.21848682
0.22093895
0.21636288
0.22377147
0.21681412
0.22364837
0.2201913
0.21549389
0.22025196
0.22521168
0.22382362
0.22232535
0.21719196
0.21363166
0.21964449
0.21824569
0.22033633
0.21462154
0.21961252
0.21817423
0.21720882
0.21499847
0.21430121
0.21766822
0.2224607
0.22606325
0.21591268
0.21323167
0.21937922
0.21836053
0.21516502
0.217471
0.21777408
0.21398057
0.22091167
0.2187115
0.21542014
0.21108086
0.21205668
0.22205202
0.21143253
0.21282963
0.22012025
0.21835768
0.21230102
0.21937592
0.21722226
0.22086287
0.2194458
0.21826461
0.21915293
0.21703131
0.21205069
0.22299741
0.21812332
0.21933948
0.21927446
0.21860719
0.21468434
0.21242723
0.22221228
0.21555682
0.21872863
0.21932992
0.2190821
0.21523482
0.21506675
0.2192104
0.22152935
0.21620354
0.21606092
0.21779275
0.21477813
0.21218401
0.21164162
0.21493028
0.21626855
0.2154577
0.21799162
0.21545629
0.2158379
0.21338752
0.2212179
0.21369366
0.21541347
0.21570025
0.21408826
0.21274853
0.22375682
0.22448
0.21221209
0.21664368
0.21548912
0.22049527
0.21669069
0.21649335
0.21432121
0.20997013
0.21354051
0.21174245
0.21948212
0.21780649
0.20938839
0.21388601
0.2156418
0.21522103
0.21332824
0.20784642
0.21788669
0.21387775
0.21031995
0.21478324
0.21123128
0.21323846
0.2105266
0.21470463
0.21337052
0.21097195
0.21099167
0.21591239
0.21614471
0.21462111
0.21305154
0.21044968
0.2141573
0.21539883
0.21314913
0.21443342
0.20975839
0.2119946
0.20930184
0.2102467
0.21881169
0.20952216
0.2106659
0.21797466
0.20940411
0.2107607
0.2115855
0.21044298
0.21086802
0.20909144
0.20643905
0.20999898
0.20879802
0.20895588
0.20935863
0.20825092
0.20911214
0.20751387
0.20707434
0.21288992
0.20788531
0.21013688
0.21213363
0.21298067
0.20586042
0.21191631
0.20898409
0.2138636
0.21373637
0.21090065
0.2147598
0.21079904
0.20938955
0.21113373
0.21144779
0.21663111
0.21467477
0.2145583
0.22762845
0.21544021
0.21139237
0.21376576
0.20896386
0.21255884
0.20798956
0.20992686
0.21349105
0.20900784
0.21120636
0.20877591
0.21006748
0.20845841
0.20594175
0.20900117
0.20917481
0.21162212
0.206329
0.20505269
0.2065047
0.20866743
0.20812936
0.20587526
0.2058628
0.20706923
0.20306157
0.2110712
0.20575286
0.20471291
0.20314486
0.2072266
0.20328908
0.208848
0.20733845
0.20988499
0.20991687
0.20713831
0.20542254
0.21087961
0.20509951
0.21436107
0.20892593
0.20897584
0.20735273
0.20796525
0.20786461
0.21420315
0.20681654
0.20573667
0.20678733
0.21041913
0.20814678
0.2059196
0.2046475
0.20640475
0.2036632
0.20585254
0.2075043
0.20847706
0.20635478
0.2073539
0.20349656
0.20769212
0.20715159
0.20894052
0.20737165
0.21085036
0.21137607
0.20637801
0.20587082
0.2120696
0.20774506
0.20478748
0.2102076
0.20645161
0.20790665
0.20156632
0.2074162
0.20265815
0.20302239
0.20355608
0.2075119
0.20674117
0.20618764
0.20608392
0.20232488
0.20438527
0.20632175
0.20422265
0.20562527
0.2024423
0.20227465
0.20424147
0.20745254
0.20350532
0.20251788
0.2036681
0.20217024
0.20523417
0.20446722
0.20446399
0.20409717
0.20961986
0.2085573
0.20377405
0.20318398
0.20569885
0.208177
0.20812295
0.20146687
0.20371538
0.20673166
0.20091571
0.20410219
0.20493281
0.20074366
0.20083317
0.20537461
0.20022048
0.20253183
0.2014329
0.2052271
0.2125424
0.20322604
0.20519556
0.20595884
0.2026652
0.20553248
0.20630214
0.20079622
0.2056562
0.20102084
0.20194672
0.20104592
0.19990496
0.20142543
0.19911735
0.20037627
0.20414113
0.20053275
0.20519577
0.20093518
0.20250334
0.2024653
0.20214954
0.20258172
0.20414224
0.20017408
0.20331363
0.20086884
0.20608105
0.19966656
0.20793189
0.20135684
0.20418073
0.20135698
0.20131604
0.20547584
0.20187654
0.20312676
0.19976567
0.20076182
0.20066044
0.20504323
0.19868381
0.2009372
0.20350093
0.20011264
0.20189051
0.20650217
0.20398806
0.1970449
0.20278803
0.20569015
0.20230916
0.201094
0.20302287
0.20875835
0.20153053
0.20371822
0.20308477
0.20383112
0.20269173
0.20059966
0.20107396
0.20197989
0.19744086
0.1987301
0.20017144
0.20074369
0.19870633
0.19927587
0.19791196
0.20107836
0.2000362
0.19764425
0.19857277
0.20090108
0.19820157
0.19926193
0.19786647
0.20348509
0.20158619
0.2015897
0.19946496
0.19757493
0.20163532
0.19498472
0.19523251
0.19823912
0.19587131
0.1995038
0.19976756
0.19961356
0.20035405
0.20227425
0.2020411
0.20030054
0.19809526
0.19852877
0.19908811
0.19829488
0.20098998
0.20543602
0.20265743
0.2017235
0.19903272
0.19988105
0.19946125
0.19934529
0.1987479
0.19784321
0.19668603
0.19785234
0.20376796
0.19936225
0.20258005
0.19878016
0.19805837
0.19904424
0.19791761
0.20347151
0.19825906
0.19935371
0.2033949
0.20038696
0.19890466
0.20523141
0.19395246
0.2055929
0.19731998
0.19698738
0.1958112
0.19485213
0.20098205
0.19413899
0.19611311
0.19324473
0.19382396
0.19525535
0.1940231
0.19280046
0.19932854
0.19321539
0.19702657
0.19557373
0.1978068
0.20001201
0.19500604
0.19545384
0.19486423
0.19948298
0.19490735
0.19785546
0.19719706
0.19912402
0.19808163
0.19925457
0.19504522
0.2002439
0.19529581
0.19853862
0.19572948
0.1926024
0.19701788
0.19853327
0.19717005
0.19724263
0.19555588
0.19722944
0.20027079
0.1956926
0.1952863
0.19468756
0.20279932
0.19578955
0.19689324
0.1938319
0.19922718
0.19829036
0.20293167
0.19531319
0.1937427
0.19500218
0.1947207
0.19837308
0.20824265
0.19689034
0.19766861
0.19164577
0.19915044
0.1929111
0.19773473
0.19188732
0.19968264
0.19840802
0.19473952
0.19241098
0.18996952
0.19523582
0.1935938
0.1944334
0.1933451
0.19911778
0.19622701
0.19293182
0.19385055
0.1952264
0.19493528
0.19522308
0.20311844
0.19456899
0.19563317
0.19320492
0.19559114
0.19537582
0.19161583
0.19656424
0.19364244
0.19402695
0.19462067
0.1938167
0.1961682
0.19864531
0.1934787
0.1932781
0.19698943
0.19463913
0.19448131
0.19231735
0.19871324
0.19836496
0.19637088
0.19417693
0.1977972
0.19709367
0.1965561
0.19304709
0.19290029
0.19807251
0.20188692
0.19608958
0.19172804
0.1983851
0.19547725
0.2019372
0.19550474
0.19734745
0.19891831
0.19971527
0.19594279
0.19550444
0.1949318
0.19306736
0.19715579
0.19284412
0.19446898
0.19314566
0.19825648
0.19460097
0.19453257
0.19324026
0.19500372
0.19021194
0.18966292
0.19309808
0.19259496
0.19973072
0.19040222
0.19549811
0.19090454
0.19262418
0.19556025
0.19363889
0.19104953
0.19915429
0.19175279
0.19642037
0.1936946
0.19533896
0.19228117
0.19528474
0.19744098
0.19500121
0.1937393
0.18946308
0.19636968
0.19823083
0.19229008
0.19460401
0.19195017
0.19418518
0.19263992
0.20039691
0.18868592
0.19582267
0.19395259
0.19095
0.19405352
0.19067523
0.1919021
0.19262753
0.18959309
0.19018361
0.1901741
0.18793964
0.18818359
0.19278862
0.1877159
0.19246197
0.18928899
0.19003722
0.19517924
0.19333054
0.19699688
0.19251288
0.19316532
0.1929403
0.19316061
0.1921725
0.18998183
0.19822918
0.20146212
0.19249485
0.1909209
0.19115464
0.19064137
0.18968606
0.19157217
0.19014217
0.19137175
0.19026403
0.18980895
0.19715248
0.18995048
0.18990448
0.18746711
0.18689282
0.18636535
0.19025697
0.18781313
0.18970767
0.18766744
0.18881606
0.19158603
0.18905015
0.1881175
0.19322143
0.18912107
0.18791647
0.18823977
0.1880983
0.19059418
0.19221093
0.19083458
0.19303317
0.19269162
0.19085245
0.19286695
0.1894764
0.18710819
0.1917829
0.19334792
0.1880338
0.1945667
0.19128008
0.19284847
0.18824923
0.19318259
0.19211654
0.1890659
0.1910526
0.19179425
0.19057842
0.18772
0.19122802
0.19292751
0.18861699
0.19405428
0.19680199
0.19611385
0.18937969
0.19103277
0.19331089
0.19178946
0.19535573
0.18769431
0.19107568
0.19097899
0.18845604
0.1921192
0.18842462
0.18664765
0.18678766
0.1869647
0.19420363
0.19407876
0.1864083
0.18739943
0.18828231
0.19194786
0.18738715
0.18860547
0.18845439
0.18559368
0.18927763
0.18721415
0.1916268
0.1883884
0.18705359
0.19088314
0.18982413
0.18580951
0.19463246
0.18833494
0.18793415
0.19181311
0.1872444
0.18755886
0.19110562
0.18420133
0.1889218
0.18912958
0.18669173
0.19274661
0.18544032
0.18880694
0.18735994
0.18570466
0.1890134
0.18903813
0.1879977
0.19379094
0.1852576
0.18715908
0.1857048
0.18844354
0.18408656
0.1885612
0.18461344
0.18496044
0.18740778
0.18790033
0.18586768
0.18577644
0.18674207
0.18899815
0.19094715
0.18750231
0.18929417
0.1871892
0.18313839
0.18681256
0.18290888
0.18392874
0.18522368
0.19027479
0.1859179
0.18653515
0.18716475
0.18885563
0.18658924
0.18367766
0.18612242
0.18507408
0.18938594
0.18403669
0.18552336
0.1845271
0.18876643
0.19036943
0.18721107
0.18433526
0.18393745
0.18595567
0.18498032
0.18573551
0.18620601
0.18594447
0.18492398
0.18869112
0.18479869
0.18461557
0.18412317
0.1862832
0.18717925
0.18317738
0.18390724
0.19013412
0.187016
0.1871892
0.18234043
0.18674853
0.1851786
0.18901779
0.18713325
0.18603607
0.1853107
0.18517464
0.18455972
0.18686467
0.18660505
0.18360455
0.18899645
0.18672153
0.18603864
0.18773116
0.18579955
0.18269111
0.18612751
0.18364492
0.18489936
0.18238696
0.18065158
0.18186028
0.18122192
0.18176866
0.18447468
0.18968144
0.18468139
0.18210721
0.18663405
0.18561848
0.18690209
0.18155208
0.18946588
0.18857089
0.18660009
0.18568549
0.1827435
0.18480527
0.18549125
0.18565892
0.18753505
0.18273918
0.18469194
0.18312722
0.1832786
0.18590437
0.19296584
0.18324976
0.18613681
0.18361826
0.18345463
0.18413307
0.18368557
0.1913106
0.19154213
0.18368194
0.19031645
0.18679842
0.18896647
0.18822093
0.18743035
0.18426475
0.18805115
0.18309925
0.18571797
0.18937373
0.18661237
0.18620872
0.18865605
0.19377236
0.1816404
0.18340997
0.18595624
0.18156727
0.18634386
0.18379954
0.18221739
0.1858409
0.1860469
0.18477872
0.18564333
0.18297403
0.18456362
0.1851452
0.18202722
0.184014
0.18381606
0.18370259
0.18280968
0.18465714
0.18451598
0.18357585
0.18538925
0.18594682
0.18497404
0.18514757
0.18720534
0.18344034
0.181874
0.18050943
0.18437997
0.18882406
0.18404359
0.18707828
0.18617375
0.1843555
0.18631366
0.18405074
0.18551388
0.18638355
0.18360496
0.18581049
0.18152232
0.1861162
0.18724728
0.18981044
0.18312176
0.18568173
0.18492185
0.18330225
0.18357348
0.18433267
0.18756267
0.18354653
0.18358096
0.1879761
0.18221264
0.18386804
0.18673143
0.18506378
0.18216687
0.1822435
0.18305975
0.18568209
0.18936144
0.18174078
0.18404278
0.18267196
0.18153332
0.18123212
0.18751214
0.18576303
0.18151635
0.18261807
0.1815754
0.18492806
0.18016316
0.18473932
0.18552497
0.18211621
0.1877951
0.1788185
0.18450534
0.18133527
0.17988718
0.18081453
0.18737414
0.17954123
0.17962539
0.17872898
0.18002103
0.1828468
0.18104468
0.17866734
0.1838628
0.18350503
0.1856458
0.18263525
0.18191727
0.18382083
0.18227917
0.18262696
0.18705782
0.18072173
0.18186225
0.17978574
0.18111779
0.18052605
0.18605158
0.18202595
0.18816844
0.18569064
0.18225814
0.18164308
0.1804413
0.17854787
0.1782077
0.18763538
0.17996047
0.1826522
0.18640912
0.1813057
0.18125853
0.18219675
0.18552437
0.17822427
0.18331663
0.18636754
0.17958218
0.18242413
0.18176956
0.18044016
0.18469174
0.18527435
0.18224555
0.1783439
0.18465273
0.18036552
0.1838716
0.17883585
0.18129346
0.17901362
0.1806669
0.17779797
0.17664252
0.17770611
0.18030983
0.18588802
0.17949452
0.18049584
0.1804672
0.17731996
0.18003413
0.18214966
0.18103524
0.17976688
0.18136694
0.18002315
0.17641748
0.18488583
0.18733329
0.18287537
0.18583259
0.17949232
0.17997643
0.17893624
0.1788587
0.18427594
0.18163505
0.1790545
0.18065572
0.17948802
0.1799365
0.1798564
0.17899793
0.18113704
0.18280004
0.17962691
0.17971273
0.18548739
0.18551315
0.18047146
0.17957303
0.18157624
0.18377046
0.18024318
0.18189187
0.1847314
0.1788641
0.17883563
0.17958991
0.17693181
0.18003897
0.1783048
0.17982958
0.17710021
0.17743291
0.18079735
0.17755373
0.17692447
0.1798415
0.17841874
0.17976384
0.17730458
0.18091173
0.17961542
0.18389821
0.18094026
0.17725988
0.18154214
0.1791442
0.1761736
0.18465532
0.17887115
0.17988634
0.1785162
0.17635882
0.17931847
0.17616619
0.17792773
0.17526913
0.17549966
0.18410899
0.17626107
0.17571913
0.17519782
0.1797341
0.17868207
0.1789879
0.1787376
0.18316458
0.17623036
0.17659308
0.17906241
0.17865571
0.18368216
0.1743259
0.18433376
0.177829
0.17542696
0.17639309
0.17558666
0.17572004
0.17750902
0.17645638
0.17585748
0.17376822
0.18471672
0.17783451
0.17713368
0.17615575
0.1760581
0.17520034
0.17459713
0.17854665
0.17786665
0.17606628
0.17530769
0.18406202
0.17833619
0.1796433
0.1763734
0.175147
0.17781706
0.1794227
0.18132472
0.17601989
0.17710526
0.17605619
0.17660703
0.17661144
0.17656451
0.17670386
0.17655829
0.17689005
0.17870504
0.17892134
0.17354661
0.18392675
0.17765385
0.18011938
0.1776152
0.18499255
0.17674825
0.1750329
0.17741422
0.17598194
0.17629549
0.18047982
0.17933819
0.17847747
0.17774107
0.17607954
0.1758149
0.17752784
0.17728095
0.17829281
0.17559163
0.1790027
0.17735663
0.18188764
0.1738173
0.17652999
0.17697036
0.17365333
0.17708929
0.18031324
0.17897049
0.1740861
0.1759658
0.18237105
0.18265592
0.17564104
0.17632002
0.17472607
0.17562392
0.17709722
0.17784299
0.17945002
0.1759764
0.17437896
0.17785011
0.17262213
0.17654438
0.17674458
0.17564248
0.17918064
0.17475455
0.17843236
0.17537399
0.17961411
0.1759081
0.17600814
0.17664732
0.17988965
0.17775872
0.17551751
0.17987199
0.17776133
0.17786196
0.17856565
0.1784874
0.17688742
0.17822409
0.17573221
0.17682078
0.17434876
0.17618772
0.17846757
0.17798275
0.17903699
0.1783481
0.18058695
0.17498156
0.17355871
0.17649858
0.18383695
0.17605683
0.18091713
0.18101412
0.18234943
0.18117791
0.17630593
0.1780796
0.1797528
0.1753764
0.18096513
0.17593034
0.17613913
0.18467161
0.17555898
0.17996742
0.1795837
0.17517896
0.17506987
0.17516449
0.17789893
0.1756422
0.17922512
0.18028814
0.17907365
0.17382503
0.17619306
0.1790703
0.18250732
0.17355484
0.17635453
0.18177953
0.17694706
0.18063882
0.17766237
0.17486146
0.1770636
0.17392927
0.17513283
0.17207186
0.17974715
0.17427765
0.17649275
0.1759104
0.17971179
0.17451033
0.17806284
0.17824276
0.1775778
0.17340407
0.17612168
0.1749299
0.17593566
0.17558907
0.17486177
0.17822087
0.17409319
0.17437512
0.17669234
0.1744981
0.170389
0.17496158
0.17348346
0.17188829
0.17321663
0.1756433
0.17582625
0.17216878
0.1722057
0.17509402
0.17612605
0.17866372
0.17213924
0.1777533
0.17143385
0.17503837
0.17525825
0.175358
0.17336595
0.17833835
0.17336915
0.1780692
0.17330799
0.17654467
0.17373802
0.17652
0.17391771
0.17424393
0.17814186
0.17364259
0.17425446
0.1765322
0.17374654
0.17390205
0.18041404
0.17565955
0.17250793
0.17289606
0.17332214
0.17428859
0.1759243
0.17670028
0.17617169
0.17127134
0.17013483
0.17890827
0.17580038
0.17704286
0.17416544
0.17194802
0.17129388
0.17251715
0.17871056
0.1709352
0.17191303
0.1716168
0.17567122
0.17320807
0.17497167
0.17105925
0.16992779
0.17342506
0.171327
0.17450705
0.17305979
0.17474759
0.17355946
0.17105246
0.17269473
0.17376967
0.17364237
0.17442437
0.17580083
0.17225598
0.17252333
0.1759966
0.1717166
0.17207809
0.17477447
0.16901556
0.17652047
0.17398456
0.17467223
0.17359346
0.17070004
0.17685303
0.172935
0.17086904
0.17600335
0.17703606
0.17776501
0.17267455
0.17304865
0.17183764
0.17205743
0.1834413
0.17438534
0.17226246
0.1712786
0.17280824
0.17441297
0.17805432
0.173261
0.17280091
0.17126101
0.17635648
0.17209283
0.17139304
0.17080423
0.17421003
0.17122419
0.17581294
0.17510533
0.17448783
0.17301935
0.17400679
0.1708627
0.1703843
0.1689609
0.17295311
0.17009501
0.17416984
0.17470607
0.16947141
0.17240514
0.17045523
0.17105946
0.17189117
0.17358224
0.172673
0.17427664
0.17472897
0.16962458
0.17846258
0.1772054
0.17517269
0.171967
0.17115854
0.17123273
0.16871707
0.17158696
0.1718857
0.17106779
0.1711584
0.17618471
0.16960253
0.17714214
0.17341122
0.17080007
0.17309318
0.1710458
0.1764586
0.1709709
0.1753827
0.17456332
0.17286326
0.17430237
0.16961953
0.1732157
0.16834286
0.17538692
0.17091852
0.17386325
0.16980864
0.17479123
0.16883859
0.17353898
0.1693062
0.17126814
0.17451656
0.17084113
0.17168689
0.16994597
0.1717822
0.168382
0.16895553
0.16915214
0.17190698
0.17115942
0.17138234
0.17321934
0.17495798
0.16980542
0.17142001
0.16703652
0.17217597
0.17134975
0.16995157
0.17199808
0.16760682
0.1761237
0.17098361
0.16924748
0.17061955
0.16776162
0.17035148
0.16701564
0.17025232
0.16876383
0.17338827
0.17049296
0.16795476
0.17149417
0.17064986
0.1724268
0.17175518
0.17478195
0.1739913
0.17166966
0.17166364
0.17685498
0.17074019
0.1739848
0.16990174
0.17343603
0.17249918
0.17177698
0.17297359
0.1710036
0.17258568
0.17178696
0.17422397
0.17235407
0.17135297
0.17096908
0.1729894
0.16815883
0.17011574
0.17309868
0.17108898
0.17125754
0.16751522
0.17195226
0.17225339
0.17066137
0.16683814
0.16824597
0.1707059
0.171254
0.17053421
0.1674831
0.16780889
0.17447606
0.16972822
0.17199403
0.1712259
0.16765653
0.17042123
0.17648667
0.17012234
0.16758554
0.17277727
0.17238288
0.17027369
0.1710689
0.16769497
0.17327471
0.1684657
0.1690024
0.1735917
0.17178778
0.16796446
0.17154999
0.16885051
0.16785732
0.16873397
0.1731763
0.17151527
0.16882542
0.17292506
0.16832034
0.16724312
0.16934179
0.16745526
0.16548507
0.17008176
0.16960368
0.16942434
0.16651575
0.16905053
0.17067562
0.1697644
0.16607839
0.16649835
0.1678878
0.1689794
0.16983622
0.1719584
0.17004882
0.16494834
0.1717154
0.168096
0.16749635
0.17031915
0.16921294
0.16832128
0.1657211
0.16619498
0.16679388
0.16581511
0.16964388
0.16499284
0.16607465
0.16824041
0.16772549
0.16945764
0.16759045
0.17009027
0.1669173
0.16837515
0.16541417
0.16685738
0.17144836
0.16685455
0.1681746
0.163785
0.1678237
0.17054397
0.16393408
0.16607478
0.16656028
0.16758347
0.16713105
0.16780981
0.16788644
0.16911432
0.1687266
0.16764255
0.1715296
0.16781016
0.16555427
0.16863774
0.16779988
0.16555062
0.16396135
0.16484797
0.16727099
0.16523518
0.17125134
0.16993554
0.16721211
0.17188881
0.1688212
0.16382152
0.170035
0.1657035
0.17308272
0.16804707
0.16853707
0.16883217
0.16927592
0.16823494
0.16759911
0.16564822
0.16438885
0.1651047
0.16677223
0.1703812
0.1649729
0.16604707
0.16856426
0.16710566
0.16722223
0.16924097
0.17138645
0.16489223
0.16804118
0.16518967
0.16390078
0.16841094
0.16834189
0.17279945
0.17233643
0.16366358
0.16588709
0.16796377
0.16804112
0.16642895
0.16869783
0.16848433
0.16961476
0.16863829
0.17235911
0.16931579
0.16745555
0.17691635
0.16894053
0.17221525
0.16913481
0.16726074
0.16863719
0.16737182
0.17026001
0.17155653
0.16445419
0.17080513
0.17032795
0.17084637
0.16925007
0.16895683
0.17038865
0.17371076
0.17383237
0.17338568
0.16962685
0.1699418
0.16941935
0.17069398
0.16951585
0.16678452
0.16945195
0.16690312
0.16921301
0.16633004
0.1732608
0.1696983
0.16695654
0.1717279
0.16615552
0.16863571
0.16727631
0.17164469
0.17464483
0.16743036
0.16806357
0.16662936
0.16816345
0.17373648
0.16642907
0.16790886
0.17263973
0.1665963
0.16555658
0.17393407
0.16496795
0.16966341
0.16447994
0.16640228
0.16635595
0.1632987
0.1666474
0.16754515
0.16616413
0.16664623
0.17154038
0.1654758
0.16971195
0.1649799
0.16113345
0.1705582
0.16870329
0.16787128
0.1667618
0.16397794
0.16582887
0.16665265
0.16345422
0.16629763
0.16775964
0.16423397
0.16438562
0.16562419
0.16428016
0.166799
0.16645113
0.16324928
0.16274807
0.17010452
0.16521244
0.16424645
0.16603467
0.16390723
0.16382061
0.16197616
0.16402383
0.16352828
0.16487385
0.16252011
0.16269559
0.16359584
0.16930054
0.16883937
0.16994643
0.16825475
0.16321497
0.16483003
0.16800705
0.16440174
0.1662988
0.170588
0.16372254
0.16440009
0.1694
0.16533996
0.1644864
0.16403799
0.16534823
0.16337685
0.16634598
0.16324021
0.16317537
0.16671212
0.16389807
0.16429973
0.1645733
0.16661397
0.16539377
0.16754994
0.16390377
0.1657631
0.16728291
0.16517632
0.17407191
0.16579995
0.16951104
0.16755542
0.16548032
0.16684155
0.16734283
0.16761968
0.16917509
0.16758855
0.16229935
0.16643605
0.16393475
0.1646213
0.16563834
0.16633368
0.16971749
0.16471037
0.1644283
0.16388157
0.1618745
0.16625597
0.16877425
0.16772215
0.16694641
0.16766135
0.16293885
0.16769448
0.16363691
0.16802126
0.16799524
0.16838928
0.16381088
0.16348146
0.1687137
0.16722095
0.16508222
0.16519384
0.1657969
0.16315527
0.1652326
0.16881777
0.16558255
0.16592441
0.16303858
0.16994783
0.17623356
0.16926679
0.16473518
0.1660309
0.16804473
0.16081214
0.16681924
0.16712207
0.16557264
0.16248411
0.16605106
0.16761062
0.16719797
0.16010341
0.16206011
0.16443627
0.16499755
0.16345444
0.16472737
0.16367593
0.16537882
0.16578734
0.16274972
0.1617256
0.16205534
0.16197903
0.16400445
0.16024433
0.16114245
0.16273116
0.16325
0.1617106
0.16396756
0.16148216
0.16417429
0.1627646
0.16275854
0.16301037
0.1651424
0.15972662
0.16548924
0.1643223
0.16264251
0.16141735
0.16052133
0.16418567
0.15979457
0.16228673
0.16621049
0.16251963
0.16534011
0.15903395
0.16524798
0.15987153
0.16669933
0.16391724
0.16517332
0.16340615
0.15919794
0.16046126
0.16197544
0.16159858
0.16037545
0.16244127
0.16555348
0.16205227
0.16313872
0.16229814
0.16506684
0.16451289
0.16293229
0.16567734
0.16209239
0.16146474
0.16424836
0.1620334
0.16261195
0.16232343
0.16409357
0.16633205
0.1630843
0.16331577
0.1631733
0.16070656
0.16553394
0.16187516
0.16227908
0.16353016
0.16379164
0.16217713
0.16676918
0.16598123
0.16567515
0.16401136
0.16156544
0.16219516
0.16155055
0.16616726
0.16261959
0.16384035
0.16385399
0.16501385
0.16681509
0.16996554
0.16237643
0.16561523
0.1644473
0.1622759
0.16220698
0.16537999
0.16932206
0.16598266
0.16971867
0.16117842
0.1666305
0.16088824
0.16667086
0.16390388
0.16445658
0.16509983
0.1672668
0.16642365
0.17019731
0.16046168
0.16454786
0.16353458
0.16208299
0.16352665
0.16257639
0.1622639
0.15956855
0.16385974
0.1639172
0.17231189
0.1614074
0.15887816
0.15987407
0.16309717
0.16210726
0.1609199
0.15994802
0.16222134
0.16351107
0.1638601
0.16181102
0.16403502
0.15978694
0.15962838
0.15946448
0.16309
0.1615749
0.16295534
0.16097273
0.16107103
0.16346413
0.16213007
0.16119748
0.1595126
0.15935802
0.16218282
0.16918463
0.15945187
0.1612146
0.15804097
0.15972796
0.16131583
0.16012348
0.16629383
0.16375473
0.16186495
0.16537306
0.16232692
0.16081855
0.16089852
0.16382433
0.16355562
0.16663797
0.16396864
0.16905943
0.16239734
0.16683067
0.16118446
0.1611171
0.16088653
0.16490373
0.16096991
0.16017005
0.1648374
0.16140279
0.16247104
0.15984508
0.16201225
0.15896052
0.1583
0.15882424
0.16138142
0.15899086
0.16272125
0.16418561
0.16194381
0.16308987
0.1612822
0.16398542
0.15974376
0.15824261
0.15752907
0.16001712
0.16309567
0.16193646
0.161557
0.15913162
0.16467516
0.16060197
0.16116877
0.16234745
0.15860775
0.16315107
0.16111955
0.1635545
0.1604012
0.1629074
0.16386202
0.1599043
0.16253246
0.15883234
0.15862648
0.16303192
0.15877338
0.1599037
0.16722952
0.1645451
0.16084479
0.16204828
0.16097125
0.15873171
0.15995106
0.15907413
0.16089518
0.15842059
0.16272515
0.15995032
0.15839498
0.16001402
0.1643946
0.15652686
0.15957035
0.16224563
0.1596873
0.1632516
0.15769862
0.16081312
0.15923032
0.16284077
0.15811108
0.16072334
0.1629257
0.15921494
0.15834011
0.16044149
0.15960918
0.15584281
0.16585836
0.15983641
0.1592623
0.15714134
0.16141936
0.16043551
0.15783562
0.15884078
0.1680118
0.15773126
0.15658739
0.1583413
0.1602531
0.15592526
0.15895529
0.15785702
0.16125368
0.16027059
0.16123565
0.16192302
0.15745476
0.15869041
0.16005906
0.1588171
0.15876913
0.15746199
0.15776356
0.1588817
0.1599215
0.15835054
0.164192
0.16594228
0.15625907
0.15873414
0.15980364
0.15786391
0.15752915
0.1567644
0.16019206
0.15642601
0.15555006
0.16296782
0.158869
0.1600243
0.15960346
0.16013224
0.16011947
0.16717993
0.16484915
0.16201447
0.1610652
0.15718892
0.15917583
0.15885542
0.156073
0.15857281
0.1585049
0.15870899
0.15621758
0.15836291
0.16111133
0.16057584
0.1583056
0.15597978
0.15837319
0.15681632
0.15800914
0.15441696
0.15862268
0.15899856
0.16380417
0.1592648
0.159847
0.15477678
0.15482552
0.15549548
0.15540893
0.15851443
0.15787698
0.15794893
0.158876
0.15748896
0.1565247
0.15725523
0.16370551
0.16236393
0.15709937
0.15535912
0.15685526
0.15856665
0.15978958
0.1608045
0.16039093
0.15528683
0.16006546
0.15630749
0.15619878
0.16612586
0.16070895
0.15864347
0.15519254
0.15907866
0.16456261
0.15927766
0.1588771
0.16207983
0.16219673
0.15824229
0.15852755
0.1584098
0.15931065
0.15967411
0.1568374
0.15860984
0.15728828
0.15713188
0.16179
0.15958305
0.15800992
0.15403113
0.1579923
0.15768775
0.1584718
0.16142203
0.1579452
0.15767948
0.15966895
0.15683398
0.16019318
0.15986563
0.16094819
0.15697667
0.15947637
0.15850958
0.15678363
0.15661773
0.15793948
0.15525566
0.15439987
0.15942395
0.15431315
0.15666246
0.160927
0.15588471
0.15974519
0.15854
0.15588011
0.15534395
0.15512715
0.1568074
0.1550528
0.15967575
0.15640914
0.16255006
0.15888411
0.15880913
0.15526049
0.15798503
0.15798402
0.1527907
0.15531076
0.1542036
0.15650783
0.15390101
0.15450777
0.1546446
0.15196708
0.15647262
0.16015825
0.15641367
0.15438178
0.15460445
0.15407601
0.15638809
0.15399633
0.15435706
0.15322874
0.15802613
0.15849462
0.15752059
0.15949404
0.15438943
0.15508528
0.15624711
0.1543961
0.15830258
0.15858492
0.1549987
0.1547425
0.1549743
0.1599165
0.15422213
0.15382947
0.15411694
0.15939124
0.15517905
0.16128463
0.15484126
0.15731575
0.15937318
0.15409802
0.15576078
0.15381277
0.15612414
0.1540782
0.1561474
0.15689915
0.15867987
0.15923703
0.15548332
0.15953654
0.15912804
0.15654166
0.15658495
0.16161531
0.1578346
0.15899125
0.15905133
0.15941958
0.16218399
0.16088612
0.16059095
0.15538645
0.15877886
0.15563552
0.1567407
0.15617114
0.15682745
0.15973872
0.15589616
0.15873645
0.15582515
0.15554662
0.15566118
0.160696
0.15487248
0.15496804
0.15593551
0.16165183
0.15873483
0.15732816
0.15657623
0.15789457
0.15719925
0.15605721
0.15620069
0.15828581
0.15350725
0.15490068
0.15656215
0.15391271
0.15375498
0.15437531
0.16581234
0.15387203
0.15579891
0.15794134
0.15969245
0.15542932
0.15560322
0.15301871
0.15761787
0.15561351
0.1547288
0.15340918
0.15966849
0.1567962
0.15623173
0.15419395
0.15884557
0.158144
0.16082722
0.15515856
0.15781328
0.15821463
0.15487245
0.15620096
0.1521729
0.15216792
0.15391482
0.15330048
0.15283637
0.15126343
0.15688723
0.15351461
0.15391184
0.15393165
0.15072376
0.15464973
0.15263188
0.15308684
0.1550469
0.15750334
0.15648621
0.15557885
0.15673514
0.15579261
0.15789123
0.15263213
0.15254031
0.15598929
0.15202378
0.15466237
0.15080495
0.15373224
0.15134434
0.15382685
0.15014328
0.15539093
0.15276013
0.15152743
0.15215047
0.15489627
0.1507144
0.15139385
0.15473738
0.15105036
0.15088686
0.15459871
0.15269403
0.15341534
0.15604204
0.1518332
0.1522606
0.15046689
0.15289961
0.15780815
0.15164639
0.14964983
0.1508879
0.1597102
0.15493725
0.15396753
0.15120357
0.15425952
0.15008374
0.15218502
0.15200573
0.1563052
0.15314269
0.15490298
0.15176931
0.15787773
0.14994664
0.1535941
0.15510845
0.15325198
0.15477432
0.15482202
0.15090472
0.15016814
0.14916463
0.15143502
0.15337558
0.15191232
0.15640251
0.15449704
0.15454377
0.15590566
0.15694383
0.15197366
0.16003063
0.15261343
0.15276574
0.15357989
0.15481617
0.15128721
0.15261903
0.15537466
0.15052038
0.15048419
0.15371779
0.15591705
0.15487695
0.15288632
0.15701057
0.15684913
0.15901902
0.15387008
0.15358914
0.15498137
0.15424368
0.15439826
0.15715031
0.15274386
0.15699649
0.15646742
0.15987141
0.15347737
0.15449753
0.15281497
0.15519485
0.15562497
0.15446249
0.1529826
0.1540497
0.15530898
0.15686008
0.15353087
0.15046525
0.15020247
0.1525193
0.1540008
0.15255484
0.15328152
0.15491147
0.15277144
0.15317568
0.15837374
0.15592834
0.15646677
0.15082487
0.15447079
0.15189213
0.15072939
0.1506781
0.15422907
0.15210795
0.1497298
0.15821798
0.1546374
0.15157291
0.15366688
0.15158902
0.15647626
0.14894833
0.15487733
0.15048596
0.14974315
0.15003367
0.15011032
0.15347219
0.14983366
0.1519561
0.15239692
0.15200649
0.15417384
0.1538188
0.1527466
0.15014975
0.15339349
0.15361632
0.153146
0.14845236
0.1534084
0.15058698
0.15377665
0.15253428
0.15220934
0.15112033
0.15034571
0.14925961
0.15711519
0.14865847
0.15348087
0.15036221
0.1526405
0.15119806
0.15141916
0.14961776
0.14877395
0.15179364
0.15410483
0.15070206
0.15120432
0.14670514
0.14952157
0.1495999
0.15647922
0.15090598
0.1521454
0.15237714
0.1582701
0.15179908
0.15558769
0.1558208
0.15403698
0.15062015
0.15453477
0.15189317
0.15557529
0.15212446
0.15035708
0.15258318
0.1518868
0.15609702
0.15645936
0.15743823
0.15371658
0.15461007
0.15536614
0.15378995
0.15489922
0.15363513
0.15454902
0.15352434
0.15126304
0.15281945
0.15466185
0.15028031
0.15358435
0.15416537
0.15120795
0.15227501
0.15189245
0.1518955
0.15250428
0.15224151
0.15176216
0.15449242
0.14973125
0.15104875
0.15396823
0.15026863
0.1488026
0.1533074
0.154101
0.1524017
0.15127616
0.15010269
0.15421064
0.15289418
0.1537771
0.15239376
0.14865611
0.15207717
0.15037413
0.15217744
0.1513357
0.15245418
0.15153337
0.15047675
0.14771183
0.14815825
0.1501344
0.1484572
0.15050669
0.15000483
0.15076587
0.15010545
0.14953156
0.15150368
0.1540411
0.14957292
0.15201469
0.15112816
0.14992765
0.15259555
0.14826238
0.148951
0.15202394
0.14737448
0.15123479
0.15683217
0.14816022
0.16031721
0.14956203
0.15558223
0.1518878
0.15207791
0.15173905
0.14906816
0.1491243
0.15198569
0.15409838
0.15497941
0.15402435
0.15385185
0.15047409
0.15070887
0.15067789
0.14858942
0.14772664
0.15086958
0.14900371
0.15102974
0.1535537
0.14821893
0.14953876
0.14973061
0.15109378
0.14695908
0.14841206
0.15094407
0.146431
0.14710844
0.14929563
0.14809558
0.14922744
0.1489879
0.14728458
0.150081
0.1474953
0.14792368
0.15064283
0.15253606
0.14886639
0.15419836
0.15207908
0.15409684
0.15213129
0.15507425
0.15199003
0.15115413
0.15326548
0.15496954
0.14978588
0.1525541
0.15303978
0.15193747
0.15061963
0.1539532
0.15206923
0.14898859
0.1538716
0.14968006
0.14820975
0.14928418
0.1521099
0.15198945
0.14831984
0.14791308
0.14836693
0.1496777
0.14879543
0.15341444
0.15668267
0.14742471
0.14815794
0.14757039
0.15268244
0.15028054
0.14695522
0.15110388
0.14891447
0.15026014
0.14904708
0.15136488
0.1504527
0.14908467
0.1497507
0.14912266
0.150104
0.14936465
0.14652018
0.1464933
0.14857382
0.1484819
0.15114096
0.15082054
0.1507087
0.15162376
0.15180972
0.148018
0.15029363
0.14757551
0.14812791
0.14984451
0.15190782
0.15239167
0.14996499
0.15089332
0.1504836
0.14761645
0.14929989
0.15272243
0.15379977
0.14742696
0.1511339
0.1500097
0.14846726
0.14776511
0.14886026
0.1505662
0.15000738
0.15814506
0.15076266
0.1488122
0.15140925
0.15019551
0.15283869
0.14950484
0.14888394
0.15007725
0.14894363
0.15012053
0.14983757
0.1493724
0.14975458
0.1477282
0.14747792
0.15003005
0.14856288
0.14796373
0.14941503
0.1494482
0.15202568
0.14652164
0.14640863
0.14610453
0.14689702
0.14610638
0.145683
0.14737874
0.14304638
0.14900419
0.14706835
0.15475062
0.14727885
0.14564992
0.14716282
0.15020643
0.14807492
0.14757417
0.14565775
0.14815484
0.14871036
0.14799765
0.14715655
0.14657047
0.14840893
0.1469624
0.14797838
0.1476782
0.14659998
0.14678402
0.14731736
0.14805862
0.14515021
0.1483816
0.15000442
0.14973833
0.15338127
0.15176198
0.14661443
0.14713547
0.14547896
0.14616904
0.14913225
0.15133823
0.14583077
0.14447586
0.14967012
0.1470167
0.14476584
0.14669266
0.14792094
0.14925948
0.14755695
0.14807436
0.14719312
0.14733963
0.15125373
0.14841734
0.15073535
0.14502408
0.1454879
0.14485858
0.14641783
0.14543933
0.14977305
0.14619204
0.1497989
0.1466791
0.14436573
0.14897506
0.14273717
0.1455904
0.14612643
0.14678885
0.14482556
0.1432155
0.1449975
0.14915866
0.15204158
0.14870474
0.14867444
0.14855932
0.14622079
0.1452439
0.15218274
0.14637938
0.14999142
0.14764093
0.1456366
0.1440492
0.14857197
0.14840297
0.14979616
0.14838846
0.14857297
0.1484006
0.1466965
0.1467199
0.14777938
0.1451877
0.14532103
0.14885415
0.14509472
0.14650932
0.14391434
0.14942932
0.1458218
0.15417595
0.14899772
0.14845796
0.14529435
0.14625457
0.14507513
0.1462175
0.14528577
0.14770375
0.14523815
0.14587171
0.1469816
0.1466108
0.14583409
0.1528613
0.14921272
0.14571427
0.1452972
0.14999768
0.14865737
0.14895147
0.14929785
0.14863333
0.14838766
0.15021864
0.14702047
0.14654753
0.14490822
0.1462482
0.14660063
0.14892308
0.1496207
0.1482685
0.15299936
0.14641374
0.1491897
0.15247339
0.14800368
0.14780554
0.1483532
0.14493823
0.14713484
0.14630371
0.14478894
0.14755169
0.14796157
0.14475437
0.14626586
0.14468206
0.14894676
0.1486716
0.14763235
0.14723037
0.14874476
0.14719369
0.14764382
0.14691654
0.15258692
0.14845486
0.14411654
0.14551586
0.14551465
0.14544076
0.14759487
0.14427805
0.14442231
0.14945023
0.1451548
0.14821813
0.14549719
0.14505322
0.1458551
0.14367326
0.14768481
0.1442814
0.14919633
0.14436947
0.14490944
0.14899193
0.14730088
0.15002081
0.1453116
0.14515999
0.14339757
0.14798707
0.14854756
0.14505507
0.14942215
0.14424793
0.14887033
0.14549455
0.14701746
0.14794785
0.14710438
0.14816414
0.1450318
0.14444567
0.14516944
0.14783089
0.14574532
0.14862883
0.14478038
0.14674184
0.14609891
0.14517546
0.1511319
0.14695312
0.14672771
0.14423166
0.14491053
0.15182142
0.15193424
0.14668505
0.15113798
0.14747602
0.14949027
0.15133345
0.14973694
0.14479722
0.150563
0.14776447
0.14716047
0.14808759
0.15041137
0.14645718
0.1484682
0.14962322
0.14721236
0.1473093
0.14921135
0.14671563
0.14920014
0.14706494
0.14742464
0.14521664
0.14793023
0.14970864
0.1450718
0.1491825
0.14414
0.14606431
0.14380883
0.14540143
0.14561127
0.14702348
0.14963304
0.14615369
0.14909199
0.14558196
0.15198953
0.14496355
0.14871487
0.14828427
0.14747186
0.14491689
0.14758651
0.15016612
0.14467247
0.14629973
0.14647491
0.14552498
0.14916162
0.14537743
0.14725903
0.14601538
0.14967196
0.14761521
0.14809841
0.14706211
0.14776255
0.14403304
0.14781246
0.14436734
0.14646015
0.14441936
0.14548485
0.14509425
0.14816436
0.14647882
0.15093334
0.14633016
0.14718091
0.14943941
0.14901981
0.14887123
0.14605543
0.14458399
0.14645338
0.14710686
0.14736575
0.14473395
0.1475904
0.14454032
0.14845856
0.14508666
0.14666189
0.14880377
0.14282788
0.14775045
0.14932789
0.14432728
0.14896542
0.14866371
0.14954136
0.15011722
0.14638078
0.1511472
0.14568844
0.14894369
0.14624007
0.14587241
0.14956531
0.14526837
0.14648083
0.14638372
0.14530802
0.15003443
0.14714316
0.14691433
0.14754528
0.15014468
0.14722984
0.15207057
0.14691734
0.14935383
0.14955178
0.1457075
0.14663105
0.14580771
0.14544982
0.14411953
0.14379299
0.14638317
0.1443423
0.14542794
0.14526476
0.14263056
0.14366953
0.14422548
0.14321902
0.14442003
0.14667782
0.14467087
0.14417891
0.14467059
0.14424619
0.14671488
0.14450756
0.1452309
0.14366125
0.14552298
0.14341724
0.15020674
0.14780444
0.14477015
0.14669095
0.1509307
0.14560173
0.14538084
0.146852
0.14840575
0.14654438
0.14530955
0.14726925
0.14214377
0.14605336
0.15030529
0.14813924
0.14603853
0.14458263
0.14378484
0.14379126
0.14503835
0.14350387
0.14403994
0.144135
0.1468792
0.14376505
0.14798519
0.14740661
0.14510062
0.14272603
0.14745703
0.14427307
0.1445127
0.14537175
0.14656003
0.14452432
0.1439246
0.14320734
0.1521207
0.14615218
0.14680581
0.14500344
0.14425486
0.14847365
0.1482805
0.14403787
0.14706305
0.1463759
0.14528486
0.14899065
0.1437024
0.14607027
0.14613588
0.14238411
0.14220254
0.1462008
0.14557604
0.14332753
0.14312686
0.1449062
0.1471731
0.14566909
0.1483271
0.14556715
0.14512043
0.14876962
0.1425123
0.14501995
0.14515242
0.14396587
0.14281683
0.14496654
0.14849213
0.14558452
0.14679343
0.14390734
0.1465832
0.145511
0.14655414
0.1501364
0.14304486
0.14164928
0.14490695
0.14104389
0.143844
0.14340799
0.14499576
0.14481793
0.14776258
0.14256528
0.14391536
0.14218177
0.1451662
0.14844407
0.14943923
0.14387332
0.14272647
0.1456751
0.14286774
0.14430834
0.14351499
0.14375216
0.14431228
0.14343317
0.13962199
0.14420879
0.14600429
0.14294998
0.14712702
0.14321254
0.14175513
0.14400187
0.14341348
0.14379393
0.14237964
0.14699033
0.1433229
0.14117754
0.1440276
0.14364952
0.1419476
0.14282906
0.14355448
0.14482057
0.14017518
0.14634126
0.14588779
0.14922497
0.14624208
0.14070065
0.14348719
0.1435859
0.1464963
0.14018433
0.14528282
0.14671098
0.14522153
0.14076267
0.14360753
0.14393707
0.14561845
0.14843352
0.14240588
0.14263037
0.14091478
0.14559929
0.14583732
0.14640425
0.14502221
0.14690629
0.14201406
0.14547357
0.1497819
0.14774308
0.14782009
0.14867921
0.14840302
0.14465837
0.14427978
0.14521396
0.15188144
0.14679192
0.14566757
0.14490016
0.14320275
0.14323218
0.14532174
0.153549
0.14464994
0.14433196
0.14752755
0.1494062
0.15009286
0.14477827
0.14413652
0.14248563
0.14465523
0.14354086
0.14326169
0.14564787
0.14526884
0.14257528
0.14407627
0.15000749
0.14075246
0.14514981
0.14198673
0.14471911
0.14183676
0.1447892
0.14191256
0.14195466
0.14489467
0.14203462
0.14492083
0.14444031
0.14270616
0.1408093
0.14176242
0.14299265
0.14330225
0.14367145
0.14176124
0.14341408
0.1412553
0.14180398
0.13934083
0.1437371
0.1442689
0.13970478
0.13946432
0.14117563
0.14349928
0.1420212
0.14292566
0.14318702
0.1388097
0.14737892
0.14196253
0.13953033
0.13996343
0.14066347
0.14423802
0.14259022
0.14157464
0.14192827
0.14646229
0.14388615
0.14217225
0.13896298
0.14118797
0.14131731
0.14216761
0.14305101
0.14233555
0.14219578
0.1439147
0.14161384
0.14272481
0.14157532
0.14134464
0.1419952
0.14645946
0.14321762
0.14224838
0.14293543
0.14501779
0.14327963
0.14178413
0.14408432
0.1434279
0.14249553
0.14749908
0.14518127
0.14338565
0.14262745
0.1482499
0.14616635
0.14340232
0.14224169
0.14338261
0.14159283
0.14284107
0.14431997
0.1399848
0.1440146
0.1457518
0.15158652
0.15029393
0.14382724
0.14381444
0.14280501
0.14380433
0.14134064
0.14329746
0.14045973
0.14265825
0.14098382
0.14749923
0.14485261
0.14305219
0.14146116
0.14240722
0.14251277
0.14185041
0.14326651
0.14364451
0.14365733
0.14762095
0.14173436
0.14106694
0.14388308
0.14186035
0.14196843
0.14395668
0.14083776
0.1425649
0.1385916
0.14270486
0.1412414
0.14190887
0.14459883
0.14376435
0.14141615
0.13919778
0.14421579
0.1407433
0.14082952
0.14225602
0.14138319
0.13915369
0.13997568
0.14146553
0.14266498
0.1407076
0.14030947
0.14061972
0.14115685
0.14803152
0.14279556
0.13943617
0.13779059
0.14427204
0.1403262
0.14090908
0.14192662
0.14323568
0.1425579
0.14230599
0.14062293
0.1422937
0.14368582
0.14137144
0.1412356
0.14154889
0.14210677
0.14305553
0.14670353
0.13976109
0.13947824
0.1396115
0.14278369
0.1436462
0.14003007
0.1433887
0.14359023
0.14004746
0.14177479
0.13839139
0.14166032
0.13894048
0.14082798
0.14201818
0.13893154
0.13706817
0.13817719
0.13924207
0.13777563
0.1392305
0.13717218
0.14254336
0.14296025
0.14081667
0.13813984
0.13897504
0.13839765
0.13755497
0.13816601
0.13920975
0.14230487
0.13811836
0.14101332
0.13976423
0.13877095
0.13967519
0.14336026
0.14867814
0.14094202
0.1416742
0.14146164
0.14327292
0.14351983
0.1398372
0.14104629
0.13616109
0.13767636
0.13939215
0.13779514
0.14035887
0.14182386
0.14288671
0.14042582
0.14064912
0.14152162
0.1403747
0.13971002
0.14324923
0.14161813
0.1401229
0.14191635
0.14197877
0.14034459
0.13947347
0.1448233
0.13983752
0.1394752
0.14004643
0.14084226
0.1417277
0.14136127
0.14162067
0.14771657
0.14071271
0.14276339
0.14141184
0.14064819
0.14151773
0.14270489
0.14509904