
0.8710983
0.856684
0.76433545
0.7034973
0.6767139
0.6528897
0.55470294
0.57810074
0.57631445
0.562753
0.5497727
0.51168346
0.45594302
0.4135787
0.4290977
0.41519397
0.4347266
0.42798695
0.41255277
0.37513116
0.36503354
0.35403183
0.34039706
0.32545578
0.3071305
0.30414233
0.28887242
0.2832495
0.31174743
0.27528286
0.26471874
0.2718251
0.26531467
0.25472516
0.2520069
0.24361429
0.23736803
0.23089792
0.23484635
0.22183582
0.2229923
0.23291634
0.23391047
0.231722
0.2163001
0.22016136
0.205902
0.19758137
0.2170021
0.19236225
0.1960103
0.187642
0.18142152
0.17967434
0.17634083
0.17130497
0.18013269
0.16889508
0.17826663
0.1721589
0.17240927
0.16965793
0.1724114
0.16858764
0.15039276
0.16872872
0.15459992
0.15389484
0.1632885
0.1554943
0.14428237
0.14539443
0.13540521
0.14377253
0.14090243
0.141983
0.13854034
0.13581882
0.12951456
0.12600426
0.124520496
0.1261744
0.12757312
0.12799117
0.13024095
0.12010609
0.1206699
0.12248356
0.12608387
0.11853211
0.113625936
0.12835221
0.12276865
0.12782282
0.11730113
0.11838743
0.107667625
0.11601871
0.11872331
0.1163253
0.11079616
0.11567406
0.109239675
0.113324665
0.10880007
0.10516584
0.103276655
0.10352349
0.1012852
0.0984619
0.098077856
0.092480555
0.09455474
0.09788976
0.100504994
0.09504985
0.09125724
0.09606988
0.08759536
0.09019739
0.08829946
0.08406935
0.08881913
0.08814066
0.087295644
0.081550464
0.08782328
0.0809203
0.07889674
0.08603219
0.079903275
0.07677816
0.08039304
0.08236522
0.08479522
0.082286544
0.08573546
0.079544716
0.075363815
0.07125377
0.07352087
0.076522656
0.07743483
0.07463369
0.07597535
0.07435496
0.07492647
0.06995308
0.07039867
0.07332502
0.06893358
0.071874775
0.062072687
0.07127165
0.06944581
0.067272775
0.06645233
0.07039133
0.06980197
0.07133859
0.06899309
0.06979441
0.064734004
0.06521877
0.06185351
0.069552064
0.06688128
0.064776875
0.07291694
0.066565245
0.06444528
0.060798936
0.069772884
0.068659924
0.06503051
0.063924566
0.060634825
0.059695207
0.059863433
0.06415783
0.06084484
0.055182904
0.056806054
0.061929785
0.061760195
0.059090007
0.0638503
0.055190127
0.062597856
0.05633682
0.053377192
0.057673335
0.05486177
0.05602845
0.054812036
0.062209208
0.057757005
0.05532894
0.05379581
0.05340911
0.05263785
0.053030584
0.054168165
0.051020958
0.050737724
0.052036136
0.051549245
0.051049236
0.050056875
0.05551029
0.056800585
0.05165797
0.04899673
0.047953337
0.052841365
0.054356523
0.048244223
0.050757114
0.052156508
0.056725103
0.048964817
0.047241297
0.052629154
0.05502054
0.055982497
0.047916476
0.04767821
0.05339102
0.047539275
0.048309676
0.05184965
0.04625159
0.047527578
0.04521966
0.04758585
0.05124801
0.04774532
0.04535767
0.048155174
0.051260285
0.04462786
0.04952443
0.048499938
0.048573114
0.043240614
0.04505923
0.043793608
0.043736957
0.044648573
0.042985156
0.045453873
0.043349188
0.043349247
0.04367744
0.046888985
0.041005664
0.044680998
0.051214192
0.04191993
0.04535054
0.041851904
0.041120443
0.0423305
0.042364758
0.044053156
0.041131116
0.044402633
0.044757374
0.04423157
0.046220988
0.04481853
0.043820854
0.04556709
0.047149863
0.039381158
0.04093989
0.04137724
0.039761327
0.042565435
0.041238
0.043867394
0.0406801
0.047485065
0.039444026
0.039383706
0.04115789
0.04039622
0.041157003
0.037543792
0.037066862
0.039844096
0.041861176
0.037717827
0.040404137
0.03561974
0.03810722
0.038680427
0.043183155
0.03838499
0.039502583
0.039510973
0.040326044
0.042707775
0.038120274
0.03878959
0.037329264
0.03839272
0.03839885
0.039677292
0.035957802
0.041302603
0.034838174
0.037743375
0.036032155
0.036578897
0.03919736
0.035623197
0.03920633
0.037028577
0.03730746
0.03826597
0.03393924
0.039330155
0.034874175
0.034107126
0.033403732
0.033431403
0.033307597
0.035640694
0.033545095
0.03625383
0.034018904
0.033447605
0.032631658
0.033140562
0.03500246
0.033817403
0.034626648
0.03601245
0.03245406
0.042256806
0.034368753
0.034336936
0.033508036
0.035802413
0.03491914
0.036071382
0.03451845
0.03151383
0.031546935
0.03312247
0.032338973
0.032435276
0.030683385
0.034391318
0.03130443
0.03216008
0.031671464
0.034619913
0.033178937
0.034554843
0.032003473
0.032403093
0.030905452
0.03246526
0.029571831
0.033834074
0.032499485
0.03391483
0.030926598
0.030143088
0.030452833
0.031686686
0.0305696
0.030806517
0.03199082
0.030112922
0.029870259
0.03150591
0.032462545
0.03028077
0.028452083
0.032024242
0.031249223
0.030067096
0.033744756
0.030452497
0.031047005
0.030241817
0.033420764
0.031490784
0.030204555
0.028766183
0.029975185
0.031160975
0.030938605
0.029976998
0.03535984
0.029003238
0.029591953
0.03201812
0.031334102
0.02978852
0.030901328
0.031303123
0.030222839
0.029789716
0.031139825
0.031196285
0.033266805
0.03032527
0.028569242
0.028609553
0.028841361
0.03272165
0.027064418
0.031442814
0.033139594
0.02840217
0.030715808
0.028646963
0.032255843
0.027879518
0.027555905
0.02649419
0.028673505
0.028232109
0.027503476
0.02984456
0.026816184
0.030590147
0.026690163
0.028665485
0.026526816
0.027786449
0.029682906
0.026902722
0.028837807
0.027110703
0.027335906
0.028400013
0.02901581
0.029223872
0.027707659
0.026451847
0.028071012
0.02845038
0.028994685
0.029397465
0.025267953
0.031160012
0.026240064
0.025827792
0.02579067
0.028088918
0.02558272
0.026715126
0.027630627
0.030598268
0.026285615
0.02693259
0.027618762
0.026472801
0.025966266
0.027723681
0.025511457
0.027124878
0.026376706
0.025209688
0.026324283
0.027002444
0.02725284
0.027166422
0.026558463
0.02878215
0.027424863
0.026513884
0.027328808
0.025768043
0.02821936
0.023137132
0.027274719
0.025203126
0.027596233
0.024960108
0.026185239
0.027667588
0.02489003
0.026776336
0.029532788
0.024973296
0.02594091
0.028485974
0.026293175
0.029221097
0.027721105
0.025680475
0.024574716
0.026396422
0.026114998
0.024598148
0.025885412
0.024566097
0.025267722
0.024049055
0.024304172
0.024294157
0.02634316
0.02669486
0.025472438
0.026618917
0.029719094
0.024468444
0.03068096
0.024653016
0.02413566
0.023793604
0.026566256
0.025727808
0.02432758
0.023726964
0.026304476
0.02538101
0.026011184
0.024225773
0.023976818
0.025899256
0.02420688
0.02309151
0.025817934
0.026749771
0.02786158
0.02889218
0.023980675
0.022551486
0.023889592
0.025249641
0.023727458
0.023677936
0.026635453
0.024474708
0.024214445
0.024080591
0.024074044
0.02290926
0.024181757
0.026798068
0.023979198
0.022517294
0.02549834
0.024565978
0.023679733
0.023477467
0.025235917
0.026050795
0.022967245
0.023312813
0.0229565
0.026128704
0.025510646
0.02325121
0.024557842
0.023165936
0.025419973
0.02533775
0.024165792
0.025066664
0.02312059
0.025535455
0.026849572
0.024295818
0.025499292
0.023152072
0.022533845
0.023361508
0.024032608
0.02249064
0.023844546
0.021691917
0.0232545
0.022169955
0.023848178
0.022097781
0.024671184
0.02264154
0.024352074
0.023614276
0.023646578
0.025832396
0.023050578
0.024123833
0.021083588
0.022890203
0.023298543
0.022783611
0.023128899
0.022074278
0.023226844
0.021733463
0.022339243
0.023015404
0.024165938
0.022324856
0.024753572
0.022169715
0.022492303
0.024174264
0.022560667
0.022939969
0.020710167
0.022856038
0.024853533
0.020364726
0.02357281
0.022075266
0.024493832
0.020826105
0.021771228
0.024782019
0.022546435
0.021116074
0.02470988
0.023097893
0.023018777
0.022164566
0.02247853
0.021072457
0.020294636
0.021078339
0.020263819
0.021331213
0.02154271
0.022575166
0.0229037
0.020156045
0.02010835
0.021715214
0.021243807
0.022803098
0.023074748
0.019835614
0.021270681
0.021103399
0.021641584
0.02062272
0.023255426
0.021492122
0.02062864
0.020801127
0.020306641
0.019572338
0.0208178
0.0216465
0.020109959
0.023012515
0.020654714
0.020679463
0.021376941
0.020190993
0.02046205
0.020220213
0.02130316
0.020765837
0.020569468
0.022257628
0.019467814
0.020941759
0.020785848
0.020171944
0.0219013
0.020887999
0.024339542
0.020987878
0.020776853
0.020074306
0.023491653
0.020315204
0.02216026
0.020443492
0.019632189
0.019596318
0.02116433
0.02187111
0.022284849
0.020797867
0.019041933
0.020237204
0.021145117
0.018994356
0.018618785
0.020912247
0.021731146
0.021079404
0.022040112
0.01969256
0.018965572
0.020714952
0.021644173
0.02222184
0.020409798
0.022912122
0.02673374
0.022115916
0.019635579
0.018780528
0.019236906
0.022067688
0.02010598
0.019124348
0.02040698
0.021474855
0.018494792
0.023648944
0.01769065
0.019564124
0.018531334
0.017658971
0.020618841
0.01920486
0.018003572
0.018299146
0.020247238
0.01833425
0.018845467
0.017818263
0.01843451
0.018241676
0.019943587
0.017606137
0.018167952
0.018437628
0.019266494
0.019347783
0.01940246
0.017936684
0.022156661
0.019594831
0.019794015
0.017157353
0.018148782
0.018524842
0.019321907
0.018920189
0.017900048
0.018931055
0.02030426
0.019169958
0.017537916
0.018375438
0.019231157
0.020040812
0.02187602
0.016917128
0.022974906
0.01805747
0.020278996
0.018009191
0.01857567
0.019893046
0.020203741
0.018922115
0.017259903
0.02153457
0.017287686
0.018573327
0.01885477
0.017474234
0.019136462
0.017258007
0.017319547
0.020021334
0.017903335
0.018080613
0.020031162
0.019468179
0.020276623
0.018848417
0.019130236
0.019399794
0.01895705
0.01908645
0.018632444
0.016813325
0.018660646
0.018099576
0.017037371
0.021128245
0.022040328
0.01784833
0.019636422
0.019143289
0.017057389
0.02026466
0.017810412
0.018461328
0.018653318
0.01794881
0.019984195
0.019418905
0.020131137
0.019256927
0.019398691
0.0168834
0.018679408
0.016984774
0.017693993
0.018858846
0.019511336
0.018488863
0.018623836
0.01927405
0.01712534
0.017125942
0.01788542
0.016963724
0.020732503
0.019499337
0.018391967
0.017202942
0.018827664
0.01730759
0.018945927
0.01855965
0.020094829
0.016555816
0.017826125
0.017653938
0.017784182
0.017766528
0.016260305
0.016288845
0.020079337
0.01697324
0.016640138
0.01790271
0.017441161
0.01873263
0.017397333
0.016786164
0.018820662
0.017249938
0.01783516
0.01768786
0.017600998
0.018004553
0.018183213
0.019139292
0.01720258
0.017260216
0.016745128
0.018341979
0.017746055
0.017219516
0.0186763
0.015902566
0.018107716
0.01833807
0.01899115
0.015938466
0.016653048
0.019306213
0.01753041
0.016485829
0.018139752
0.016905142
0.02121166
0.018841552
0.018796436
0.019140055
0.017221186
0.015919315
0.01673937
0.017220967
0.017385306
0.016802214
0.016689308
0.01669878
0.015853455
0.016740942
0.017967006
0.017170513
0.017005617
0.017368736
0.018474191
0.016606556
0.01631157
0.016155384
0.01852702
0.01797659
0.017331677
0.016037276
0.016674865
0.016131567
0.017656844
0.016040029
0.01652066
0.016592111
0.0155837145
0.017094757
0.016851222
0.016307222
0.015854815
0.016681606
0.0149988355
0.016146613
0.017696211
0.016086379
0.017906409
0.016475635
0.019789709
0.017571634
0.016609265
0.01762878
0.018713323
0.015861796
0.019890497
0.017041238
0.016957548
0.016203525
0.015296997
0.016332174
0.016263708
0.01794414
0.01663432
0.0153246205
0.016234078
0.016443908
0.015577724
0.018386478
0.017944507
0.016837185
0.01761824
0.01596681
0.015897755
0.01630285
0.015402269
0.0156200845
0.016638415
0.018517165
0.016496683
0.017517608
0.018878719
0.01849893
0.016911715
0.015493082
0.017079715
0.015709048
0.019427922
0.01675176
0.016015515
0.01770318
0.016401397
0.016539969
0.018271755
0.015477236
0.018050073
0.01629143
0.014911797
0.016646892
0.01790294
0.017703827
0.017128093
0.018686686
0.020316165
0.01600103
0.017729359
0.01707829
0.01666886
0.01508529
0.015934186
0.015828403
0.016303703
0.016942251
0.01688915
0.014886825
0.015987957
0.017099295
0.016332794
0.016501702
0.015565948
0.016966796
0.017800214
0.018411478
0.015777124
0.015203756
0.016897025
0.015667181
0.018637583
0.016044116
0.016163021
0.016140519
0.016256152
0.01915874
0.017052362
0.0149743995
0.016776606
0.016653746
0.019581169
0.018204601
0.014884635
0.016643591
0.017172515
0.016999839
0.017232887
0.0166723
0.015465795
0.016939543
0.015135003
0.015877945
0.015705926
0.015679283
0.015789263
0.014802696
0.015683878
0.016736897
0.01515267
0.016592769
0.016597388
0.014637087
0.015004784
0.016639387
0.015993286
0.015645623
0.016342254
0.017607896
0.017113326
0.015400823
0.013388842
0.016029233
0.016301423
0.016028238
0.016636362
0.014641964
0.014244236
0.015307375
0.015971199
0.016561136
0.014557239
0.0151960775
0.014601896
0.017021371
0.014568777
0.016278867
0.01719238
0.015070516
0.015378795
0.015140359
0.015020388
0.015371025
0.014197532
0.01786763
0.015554562
0.018029755
0.01574192
0.015111762
0.014163662
0.014666694
0.016210232
0.01716317
0.015309786
0.016142603
0.013038148
0.013753913
0.015914291
0.014965643
0.014762111
0.014112834
0.013697103
0.016664503
0.016159132
0.015701752
0.014842668
0.013551421
0.014988526
0.014655503
0.013785439
0.015547597
0.01437326
0.014583457
0.016141545
0.01497536
0.017277645
0.014455459
0.015755495
0.015458225
0.013922001
0.014222001
0.014433352
0.014444744
0.015794218
0.016525755
0.016378567
0.017056288
0.01648895
0.014053894
0.014415139
0.015912415
0.015084411
0.015055115
0.014388821
0.015414045
0.015572437
0.01580166
0.015637908
0.015557782
0.017753249
0.013172717
0.015208644
0.016353797
0.015646223
0.014383742
0.013052165
0.014842613
0.0157342
0.013885107
0.013939757
0.013466933
0.014672179
0.015264683
0.015119125
0.016019221
0.015495764
0.017339962
0.014398414
0.014313265
0.0148319015
0.013633054
0.014905522
0.015012465
0.015106891
0.014770624
0.017208558
0.016272439
0.014849684
0.013610333
0.013238186
0.013790451
0.0145866815
0.014565069
0.01442608
0.014739391
0.0143212015
0.015173514
0.01530485
0.014267739
0.014129646
0.015123181
0.013456449
0.014250364
0.015273304
0.01598079
0.017332414
0.014302647
0.01470039
0.014667993
0.015612531
0.014253271
0.015711108
0.013199193
0.017120512
0.015776874
0.013573032
0.014000386
0.01566333
0.013678639
0.013861527
0.015276374
0.013702186
0.014620358
0.014644922
0.013653912
0.014102033
0.016456883
0.013645815
0.014208511
0.014234577
0.015846359
0.01535516
0.012845079
0.015850838
0.01266534
0.015538985
0.0150409965
0.013242144
0.014528358
0.015975099
0.014541572
0.016431905
0.014260261
0.0146132475
0.014273418
0.013293597
0.012422857
0.013491749
0.01371119
0.015983632
0.013554814
0.015517244
0.015073735
0.015507155
0.0130999135
0.0144984005
0.014288823
0.012735827
0.0138838375
0.01455367
0.013264705
0.013094125
0.013093719
0.013700977
0.0137778865
0.01443456
0.013195598
0.014215762
0.01288766
0.013342446
0.01331507
0.013230739
0.014188609
0.012610355
0.014047029
0.014540303
0.014438227
0.015460704
0.013912811
0.015323334
0.013783241
0.014506669
0.013583949
0.0141446125
0.013994608
0.015777398
0.013641266
0.01349506
0.014192704
0.013475804
0.014597749
0.014187511
0.013020271
0.013834883
0.015854595
0.013067464
0.014433526
0.014669315
0.013826373
0.014371354
0.014369718
0.014295516
0.013939995
0.014017247
0.0148982555
0.0143452985
0.0147312675
0.01253392
0.015592766
0.012771769
0.013574578
0.014446277
0.013182481
0.013024235
0.014243905
0.014845219
0.014007685
0.014967661
0.012821211
0.013401173
0.012552052
0.01493613
0.012140053
0.015719963
0.014560196
0.01322418
0.012957919
0.013275701
0.012175838
0.012487313
0.013011258
0.013657828
0.013892352
0.013855197
0.012848867
0.012881135
0.011904605
0.013624807
0.015456535
0.014415164
0.014515746
0.013291515
0.014886113
0.013943319
0.013795385
0.013929528
0.012839141
0.013712803
0.014414208
0.014359132
0.014157787
0.012311537
0.012933938
0.013780673
0.014844096
0.014237831
0.013324057
0.015024503
0.012995176
0.013747485
0.013478778
0.014979309
0.012042059
0.013724676
0.015070391
0.012916975
0.012261853
0.013612696
0.013168855
0.0128584495
0.013509098
0.013012082
0.013887411
0.013950612
0.0132953925
0.014277152
0.012566794
0.015089986
0.013959953
0.015051783
0.014199822
0.016239215
0.014408347
0.012888559
0.012827435
0.013246013
0.012999788
0.013055648
0.013050059
0.014532896
0.012916032
0.013262353
0.012194414
0.013809048
0.013267035
0.014223282
0.013446198
0.011961011
0.012874467
0.0123085445
0.0127915535
0.012847721
0.013625706
0.013800592
0.013603355
0.01677778
0.013468745
0.013230679
0.01559442
0.0133036915
0.014566887
0.0141683305
0.013279362
0.01343672
0.011659413
0.014304806
0.013743363
0.012543715
0.012256429
0.012474369
0.014477314
0.0134711545
0.01237681
0.014754387
0.012704737
0.013269455
0.014950657
0.015712934
0.012526869
0.014656313
0.013206205
0.015857745
0.01263292
0.013239359
0.012472434
0.013449311
0.013441665
0.014304649
0.014782121
0.013292818
0.015740324
0.012962182
0.012176901
0.0139525
0.013529431
0.012243485
0.013364244
0.013034094
0.0128161935
0.013137088
0.013633893
0.012597875
0.013930465
0.013619699
0.013191628
0.0135934865
0.012105045
0.012462438
0.011803962
0.011955283
0.013798653
0.013963117
0.0119770495
0.016272832
0.01284369
0.013611983
0.012432775
0.014842235
0.013264449
0.013906488
0.012553459
0.011935182
0.013007338
0.013531891
0.011275391
0.01347236
0.01183566
0.0122597385
0.0128072165
0.013363539
0.011658067
0.01294173
0.012040269
0.013802557
0.012548918
0.014254513
0.012549273
0.013591062
0.013818377
0.012924967
0.012639091
0.014121172
0.013762534
0.013387855
0.012668736
0.014655686
0.014002291
0.012224797
0.012031254
0.012516395
0.013260321
0.015487152
0.01235483
0.013506774
0.013503067
0.012506055
0.012454685
0.012565117
0.012932471
0.013228536
0.013090929
0.012962363
0.013676498
0.0144198835
0.014181948
0.013068639
0.012561689
0.014236773
0.011854051
0.013734785
0.011557507
0.013569757
0.016051397
0.012118844
0.011956067
0.011772385
0.01215412
0.012679006
0.012240074
0.0140569825
0.0131661575
0.012362278
0.011580161
0.013928603
0.012989384
0.011997978
0.011765368
0.013514232
0.013913035
0.01288628
0.012158947
0.013101067
0.01203654
0.011780623
0.0145469215
0.01301239
0.012266274
0.011842321
0.012343602
0.013079411
0.012167979
0.012993301
0.0119497515
0.012225774
0.013275895
0.011642315
0.012384797
0.0116925165
0.0119201625
0.012444714
0.011807476
0.011472616
0.010807029
0.012861466
0.013015677
0.013317955
0.0135099925
0.012969161
0.0130710155
0.012994854
0.012676936
0.01274313
0.01190593
0.013050341
0.011926593
0.013153039
0.013342552
0.011725466
0.01218139
0.012322724
0.012138098
0.01256655
0.011151175
0.012436041
0.013338988
0.015724337
0.0119315125
0.011901068
0.011591095
0.013597553
0.012192441
0.01178544
0.014100104
0.011183725
0.012257069
0.012422976
0.013819566
0.012792549
0.013625169
0.013100027
0.011646497
0.012757737
0.011977675
0.01310413
0.013049766
0.012059997
0.013217219
0.013616918
0.012221622
0.015289491
0.014151897
0.015066945
0.0147473095
0.014105107
0.012631103
0.010933985
0.01216948
0.01226278
0.012719063
0.013504717
0.012559988
0.013888509
0.0128564425
0.011198573
0.012446184
0.012592289
0.012455581
0.012894187
0.01382592
0.012207185
0.0149466
0.013208538
0.013441919
0.011999241
0.012553788
0.012347246
0.012076163
0.012133493
0.0130896205
0.012056415
0.011490841
0.012983452
0.0140142925
0.015169457
0.013660695
0.012348014
0.013146194
0.01242305
0.011995139
0.012533163
0.012703402
0.01464326
0.012966408
0.01332628
0.014698525
0.013109746
0.012396111
0.013433071
0.013438262
0.013527146
0.011829143
0.012416051
0.012197221
0.01212237
0.015031107
0.013274232
0.011380856
0.013372787
0.012487678
0.0131575605
0.012705885
0.0112693915
0.012826317