
0.17183606
0.16223612
0.15553844
0.15674965
0.14865461
0.15590951
0.14172941
0.14153425
0.14494127
0.14431384
0.13701566
0.13987857
0.13850679
0.13604403
0.13550787
0.13595933
0.13469242
0.13269217
0.13286501
0.13396296
0.13461596
0.13232347
0.1294145
0.13102752
0.13523453
0.12858336
0.12648317
0.12474192
0.12804604
0.12868315
0.12704337
0.1231307
0.12475783
0.12490438
0.12684014
0.12697826
0.12725188
0.1224961
0.12364473
0.121959716
0.12198567
0.12329712
0.12047592
0.120284654
0.12104146
0.11784346
0.11699409
0.11936961
0.11970701
0.12056286
0.12075036
0.11850279
0.11953709
0.124620706
0.11643629
0.11675845
0.11875752
0.1181967
0.12286272
0.119897194
0.11495322
0.117185615
0.11641827
0.11718829
0.1170318
0.11462022
0.11519495
0.11398672
0.11643818
0.11410414
0.113617875
0.11409455
0.114757955
0.11578369
0.11232229
0.113069035
0.10925611
0.11309222
0.11162738
0.11003733
0.11224215
0.11053661
0.11270851
0.113640785
0.11061531
0.11255342
0.115133986
0.109991774
0.11209001
0.10882611
0.11075184
0.109450884
0.1093572
0.11334687
0.10991137
0.11299114
0.109382555
0.111241736
0.110422656
0.109853566
0.113534026
0.11230505
0.11190843
0.11217391
0.1078315
0.10689724
0.10698518
0.10776267
0.10829215
0.107434854
0.10981628
0.1070506
0.10845453
0.10746976
0.110185765
0.105608895
0.10601186
0.10565019
0.10734456
0.106192246
0.10309197
0.10366812
0.104897104
0.10685048
0.10682862
0.107876085
0.10489916
0.104471676
0.10568491
0.10799271
0.10432143
0.109833516
0.10680454
0.10527566
0.107473634
0.10638137
0.10479389
0.107901745
0.108222656
0.10838966
0.10539487
0.10904484
0.10398861
0.10229064
0.103875816
0.1020615
0.104066186
0.10172788
0.102588445
0.101401925
0.10311959
0.10140252
0.101260826
0.1003693
0.10125575
0.1034118
0.09978441
0.10343094
0.103693016
0.1062674
0.099804826
0.099337496
0.10122625
0.09753752
0.09930546
0.101196244
0.09870574
0.100643076
0.098639674
0.097770266
0.10311733
0.102381006
0.09807581
0.09896846
0.10467014
0.1001281
0.103045575
0.100111954
0.10160969
0.09968889
0.09796851
0.09931928
0.09760735
0.09798031
0.096753046
0.09547966
0.09761995
0.09678243
0.10168895
0.10028546
0.09943914
0.09648614
0.09692932
0.09710006
0.095997036
0.09476924
0.09971722
0.09695051
0.09437547
0.09726149
0.09730008
0.09717926
0.09587304
0.09437398
0.094381556
0.09680985
0.09491767
0.09578763
0.09350838
0.09565671
0.09662215
0.094011664
0.09500752
0.0928318
0.09348206
0.09623708
0.09286111
0.09399858
0.09280673
0.09189308
0.09178996
0.09175258
0.09193578
0.09370871
0.09307142
0.094091676
0.096303165
0.093824096
0.09485025
0.09274386
0.0926234
0.091612786
0.09216288
0.091072544
0.09263342
0.09178392
0.09598156
0.09066126
0.091197215
0.09111957
0.09189911
0.09124636
0.09068486
0.09219153
0.093063496
0.09035706
0.089684345
0.093320124
0.089382865
0.09034878
0.09088498
0.090273164
0.092460126
0.09214675
0.0932373
0.09452225
0.09268315
0.090365164
0.09173768
0.09197246
0.08887614
0.0912077
0.09036215
0.09069014
0.090060115
0.08974137
0.09068234
0.08843311
0.08962868
0.087042406
0.08711844
0.088320255
0.08915179
0.087189145
0.089271374
0.0883456
0.08676992
0.089178264
0.09211467
0.08834356
0.08865231
0.08690205
0.08999877
0.08714885
0.08722552
0.08681742
0.08608653
0.08585642
0.08745648
0.086571805
0.08556414
0.08550154
0.08562579
0.086670704
0.08658675
0.085069425
0.086745635
0.08627251
0.08384013
0.08551243
0.08439252
0.08449104
0.09065034
0.08402302
0.08490921
0.08528696
0.08619176
0.08357488
0.08567274
0.0850718
0.08669329
0.08535053
0.08532741
0.085727535
0.08428616
0.08418717
0.083404206
0.08777688
0.08254259
0.08523854
0.083501995
0.08460696
0.08209885
0.083196335
0.083937965
0.08614486
0.082788564
0.08283252
0.0834381
0.085295916
0.083168976
0.0853535
0.08271907
0.0865709
0.083047144
0.08231743
0.08287665
0.082711846
0.08211275
0.084219635
0.08269105
0.08249158
0.08281842
0.0828406
0.08327596
0.08279278
0.08341552
0.08329483
0.08361874
0.08180911
0.0831741
0.084009945
0.080313966
0.0807849
0.08291374
0.08236784
0.08169128
0.08191099
0.080683
0.08125677
0.08051437
0.08103688
0.07969444
0.08188207
0.07895939
0.079605356
0.079583175
0.082185894
0.08054587
0.07992728
0.08215809
0.078168
0.081985466
0.07902074
0.07843417
0.07951384
0.08068516
0.08167876
0.08141382
0.08404949
0.082251504
0.081287615
0.080773965
0.07805623
0.07905128
0.08318196
0.0802675
0.07852813
0.07970693
0.07945312
0.07853723
0.08180771
0.0810914
0.0831719
0.08238639
0.079019
0.07898157
0.0817466
0.07816904
0.08044696
0.078223035
0.07689136
0.07791922
0.077651
0.077682264
0.07695547
0.07793824
0.07745668
0.07649675
0.07571378
0.07641905
0.07675965
0.07791375
0.07593447
0.07891766
0.078851685
0.07746199
0.07861143
0.07850302
0.07843375
0.07629698
0.078451194
0.07684978
0.07604437
0.078080244
0.0770096
0.07700366
0.07553273
0.07603503
0.07587984
0.07677345
0.07740514
0.07688919
0.07581635
0.07623751
0.07871368
0.07514202
0.07443446
0.07563734
0.07755126
0.07763195
0.07560897
0.07565576
0.0750315
0.07479295
0.07409948
0.07654806
0.07531536
0.07536466
0.074268565
0.07668799
0.073733136
0.0752299
0.07554122
0.07667952
0.077233195
0.076116696
0.07574774
0.07765057
0.073918514
0.074648105
0.07553859
0.076253764
0.075675696
0.074994564
0.074629225
0.0744953
0.07468364
0.0753479
0.07538154
0.07628425
0.07261208
0.07507777
0.07370236
0.07460173
0.07842082
0.07327367
0.072848946
0.0748397
0.07269226
0.07381516
0.075204805
0.07583091
0.07326071
0.07375342
0.07182672
0.07340599
0.073494114
0.071272336
0.07305761
0.07371434
0.07355199
0.07302426
0.07238304
0.0724178
0.072261035
0.07250154
0.071970075
0.073179886
0.07226678
0.07232921
0.072913475
0.07416942
0.07362771
0.07068013
0.073282965
0.07209179
0.07291841
0.07323529
0.07059659
0.073654816
0.07271832
0.07098384
0.0729695
0.07134579
0.0706416
0.07274166
0.07252783
0.07130993
0.070668966
0.07219493
0.07058176
0.072322026
0.07168766
0.06990112
0.072001964
0.072794646
0.07250854
0.07118542
0.0734417
0.07301722
0.070704356
0.07431553
0.0718429
0.06993268
0.070335366
0.06961316
0.070662
0.069559835
0.072903596
0.07016749
0.07125751
0.07204833
0.07041707
0.07085624
0.06934728
0.06896526
0.06996564
0.0705392
0.0699745
0.06957467
0.06921082
0.06923057
0.068756744
0.070528574
0.07030922
0.0683361
0.06904203
0.0685163
0.06889503
0.06809317
0.06871647
0.06964214
0.06779371
0.0683642
0.06775758
0.07014349
0.070302956
0.07028777
0.068741105
0.069006585
0.070356324
0.069627136
0.07051539
0.06886988
0.0679774
0.069797404
0.06789124
0.07015277
0.067001514
0.06703667
0.06879518
0.06681679
0.06923673
0.06755082
0.067323096
0.06828043
0.06739465
0.068120085
0.07153192
0.06800762
0.06901784
0.06896075
0.068470664
0.06850783
0.0675715
0.06864449
0.068007484
0.06753287
0.06784736
0.069662824
0.068780504
0.06861137
0.06872702
0.06791774
0.068011895
0.06773506
0.06765115
0.06883696
0.06745917
0.06641304
0.06733215
0.06725977
0.06555002
0.06628727
0.06593458
0.06510059
0.06536566
0.065180995
0.06742446
0.065697
0.06569563
0.06606874
0.06561341
0.06488107
0.065429635
0.06862562
0.06560956
0.06574925
0.065287985
0.06627006
0.06677043
0.0644297
0.06493194
0.064788364
0.06581555
0.06562358
0.06704887
0.0672477
0.06598354
0.06706374
0.06551396
0.06624993
0.06535633
0.06518126
0.06530282
0.06447168
0.0641916
0.06404196
0.06666557
0.063784674
0.06547998
0.06544716
0.066417284
0.06536752
0.064808704
0.06429686
0.0645003
0.06450567
0.0672438
0.06637971
0.066255465
0.06366122
0.06393555
0.06521215
0.06732118
0.06645133
0.065347806
0.06419193
0.06578888
0.065078
0.06566239
0.06443763
0.06601441
0.063930534
0.064003445
0.065190904
0.06492888
0.06360928
0.063682236
0.06369582
0.06429464
0.06410595
0.06379144
0.064708315
0.06512904
0.062118262
0.064054295
0.06301707
0.06479707
0.06476896
0.063209444
0.06598615
0.06576097
0.06367009
0.06445352
0.063147955
0.063256614
0.063208066
0.06278573
0.06273291
0.06367824
0.061519586
0.06267236
0.061849754
0.06180735
0.062482398
0.063048266
0.06375254
0.06212518
0.06326597
0.06320868
0.061688986
0.06334191
0.062452808
0.06292982
0.061684195
0.06261955
0.06645236
0.06255251
0.06191246
0.062473062
0.060935665
0.060898058
0.06282986
0.06200784
0.06275492
0.061272766
0.0619681
0.06225389
0.06207622
0.062179837
0.06060009
0.06194068
0.061441842
0.061676823
0.061035708
0.060423452
0.06112075
0.061183702
0.061762493
0.0634394
0.062205624
0.06237257
0.06236157
0.06195095
0.060611553
0.06255956
0.061402027
0.06115106
0.061155353
0.060786825
0.060660284
0.06218902
0.06430255
0.062206004
0.060090214
0.061103106
0.060263235
0.061782237
0.060917564
0.060434926
0.05997568
0.05961696
0.060385108
0.061246708
0.060742836
0.061022695
0.060052168
0.0615301
0.0612365
0.06016931
0.06017646
0.06017776
0.061463956
0.061053794
0.061349563
0.06061463
0.06175199
0.060125936
0.06177764
0.059203263
0.061235346
0.05932255
0.06259254
0.060174394
0.0601676
0.060906895
0.059017584
0.05966733
0.059172988
0.061119743
0.058943465
0.05933514
0.059105884
0.059596278
0.060684115
0.060344487
0.059873085
0.060065005
0.060547095
0.061472643
0.059366282
0.058765322
0.05857198
0.059159275
0.05895717
0.05975208
0.060108054
0.059357658
0.059397906
0.059530947
0.058729522
0.0590547
0.059281237
0.059592914
0.059385166
0.05934717
0.059562456
0.05884967
0.057595976
0.05867838
0.058127426
0.05859185
0.059141487
0.05893427
0.06148852
0.05946579
0.057698965
0.059291333
0.059455246
0.061216522
0.059283298
0.057381958
0.058505844
0.057670083
0.05969195
0.058126356
0.059331566
0.058306348
0.057852264
0.056631684
0.05864713
0.056311782
0.057570394
0.058156446
0.057448458
0.05798301
0.0587546
0.05742472
0.05785789
0.05745135
0.057628646
0.0575883
0.05893306
0.05719483
0.057391677
0.05758239
0.057556886
0.057563905
0.05678852
0.05858887
0.058113754
0.05669918
0.058176275
0.058819234
0.05733661
0.05689513
0.057487085
0.058804184
0.056694385
0.05751053
0.05715843
0.05736347
0.057567913
0.05668013
0.056995437
0.05908882
0.057434965
0.056584876
0.056895357
0.057591096
0.056671944
0.058642164
0.056685556
0.056990992
0.05745774
0.056392483
0.05761798
0.056230914
0.0576566
0.056274094
0.056500122
0.056479342
0.056517676
0.057542343
0.05585261
0.0571489
0.057224605
0.056155562
0.05526164
0.055153515
0.056573268
0.056502223
0.05502487
0.05656295
0.05659637
0.054676406
0.05484106
0.054584924
0.055886395
0.05552919
0.055065315
0.056092482
0.054999568
0.05656451
0.055222988
0.058736302
0.05516673
0.054557566
0.055453442
0.05554084
0.054632615
0.05536446
0.054782975
0.05604263
0.055228435
0.05581831
0.05449126
0.05437887
0.05524326
0.05575513
0.054933667
0.054104432
0.054137368
0.055162087
0.0559105
0.053906098
0.055729378
0.055149768
0.054799303
0.053978994
0.0553207
0.05636206
0.054966055
0.058644257
0.055268366
0.054983925
0.054695506
0.054588716
0.054627214
0.056373555
0.0536693
0.0544487
0.053840607
0.054476317
0.05385361
0.05456265
0.054775942
0.054206233
0.05431771
0.05386621
0.05399
0.05476568
0.0532951
0.0534942
0.05325748
0.05342911
0.054074157
0.05484514
0.0541052
0.053500343
0.055201042
0.054219443
0.05370272
0.0539989
0.053267308
0.054058947
0.05483864
0.05552588
0.054572966
0.05367855
0.054403264
0.05413684
0.055202425
0.05417179
0.05346932
0.053062852
0.05344025
0.053129032
0.053255085
0.055034198
0.053438082
0.053503614
0.053163122
0.051977705
0.055074193
0.053182576
0.05266543
0.053488746
0.05316899
0.054226283
0.05436792
0.053403392
0.054572884
0.05265099
0.054318953
0.054211024
0.053378653
0.054862436
0.05391565
0.054617293
0.052745044
0.05327106
0.05308334
0.05287899
0.053177137
0.052336887
0.052511644
0.052910842
0.052377008
0.0522467
0.052562512
0.052251954
0.052267782
0.052101184
0.053286433
0.051373478
0.05144777
0.052092776
0.051261667
0.053513587
0.05216269
0.05221957
0.053032354
0.05153703
0.051063642
0.051039737
0.05123956
0.05239325
0.05404076
0.052274138
0.05170139
0.051367298
0.052563474
0.052419577
0.051588222
0.051648952
0.052533932
0.05186954
0.052121796
0.05160362
0.051503383
0.05171971
0.051153094
0.051914837
0.051597547
0.05151428
0.051306404
0.050321907
0.05238159
0.051271748
0.051093243
0.051709346
0.051041983
0.050051194
0.051226184
0.051768124
0.051163927
0.051345043
0.05107523
0.050162997
0.051815137
0.051092338
0.052861076
0.050759003
0.051101144
0.050857242
0.05113095
0.051217575
0.050782565
0.050184753
0.050172552
0.050675623
0.050805673
0.050107393
0.05076574
0.05110943
0.051994108
0.051307812
0.05100251
0.05040946
0.050860524
0.05068283
0.05065879
0.049705926
0.050254103
0.05074782
0.05009355
0.049692936
0.050330754
0.049445372
0.049485926
0.049860828
0.05068809
0.049667027
0.05025089
0.050192557
0.05030542
0.04907328
0.050044425
0.05088176
0.049121145
0.05018392
0.049569067
0.05019386
0.049729656
0.04956078
0.05000067
0.049911495
0.049827393
0.04912883
0.048863582
0.0492921
0.04913467
0.049005903
0.049261495
0.049482737
0.04991694
0.04967887
0.05014267
0.048812725
0.048708633
0.05054627
0.049637243
0.0505034
0.050544266
0.049344294
0.048862293
0.048898164
0.049229916
0.048500966
0.048736677
0.04893374
0.049785037
0.04825787
0.04923602
0.04791782
0.050570164
0.04875981
0.04839469
0.048634954
0.048309453
0.04934255
0.04809397
0.048303533
0.049551204
0.04777359
0.049672216
0.049182884
0.048555538
0.04918582
0.048648763
0.048743565
0.048738208
0.04861263
0.048059084
0.048892442
0.04775584
0.049955778
0.048545107
0.049384873
0.04908261
0.047988288
0.047589317
0.050447542
0.049107604
0.04877933
0.04967766
0.049132045
0.049866598
0.049627364
0.048747998
0.047796857
0.04818869
0.04953716
0.048914295
0.048640564
0.047684032
0.049229857
0.0476664
0.04761891
0.04849781
0.049413662
0.048336152
0.04828802
0.047779508
0.047580656
0.047933634
0.048922427
0.04839231
0.04855905
0.048414294
0.048433136
0.048588343
0.04798545
0.047971718
0.04881685
0.04777909
0.047884427
0.049051
0.047963336
0.04855283
0.048642986
0.047014948
0.04793239
0.048545655
0.047065213
0.047892988
0.0479708
0.04723545
0.046933737
0.049241893
0.047990512
0.04918067
0.048273575
0.04733879
0.048445463
0.047761366
0.048375342
0.046938207
0.046851683
0.047597583
0.048735168
0.046881717
0.047707144
0.047956657
0.048050903
0.04702787
0.047565248
0.047666375
0.04765106
0.047044393
0.047475014
0.048100963
0.047655277
0.04701942
0.047918204
0.04698234
0.047122665
0.04903818
0.047443386
0.04692256
0.04622963
0.046344016
0.047719195
0.046296295
0.045861818
0.046766147
0.046338495
0.04738322
0.047842197
0.04751161
0.047267374
0.047868274
0.046761703
0.045724962
0.046823937
0.046006475
0.04596491
0.046887644
0.04797588
0.046203677
0.046024423
0.04578384
0.046783596
0.045609355
0.04730572
0.04638065
0.0466269
0.046508335
0.047041297
0.04712696
0.04606864
0.045751303
0.04802019
0.04651115
0.045715936
0.04623096
0.047384255
0.046483975
0.04652236
0.04609734
0.0468525
0.0469225
0.046371713
0.045091357
0.046764713
0.04762732
0.046458814
0.046821345
0.0464202
0.045977265
0.046070475
0.045251206
0.0475009
0.045683738
0.04631052
0.046230324
0.045972187
0.04569371
0.0453346
0.04557464
0.045363467
0.04498244
0.046291675
0.045128502
0.04506505
0.04574691
0.045395594
0.04550329
0.04480304
0.04562055
0.045144357
0.045739453
0.04597263
0.046400182
0.04642776
0.046229877
0.045650575
0.046899255
0.046151467
0.046009555
0.046180934
0.04562671
0.04512452
0.045918707
0.045914616
0.04581881
0.045871697
0.045847565
0.045704495
0.046000473
0.045603193
0.04564854
0.04566688
0.045691915
0.046710644
0.04534078
0.045216657
0.045009986
0.04603638
0.045097794
0.045324046
0.045006998
0.045015857
0.045289744
0.046152793
0.04519797
0.04509138
0.04490062
0.045880564
0.04458369
0.045263093
0.044886004
0.045735367
0.04705538
0.045783557
0.044960786
0.045169536
0.04429798
0.04500488
0.04469061
0.045761805
0.044904206
0.044236097
0.04668602
0.046010703
0.04537171
0.04404263
0.044789203
0.04458966
0.045524288
0.046813652
0.045002148
0.045061562
0.045339063
0.04428833
0.04570205
0.044918437
0.04486528
0.044836197
0.044414986
0.04384783
0.045029555
0.04619146
0.04669753
0.044590842
0.04497138
0.046030015
0.044174638
0.044152193
0.044033147
0.04492603
0.04565632
0.044816107
0.045001272
0.044299904
0.043321308
0.043767534
0.04464673
0.043895595
0.044427473
0.044977162
0.045556076
0.044631094
0.044485472
0.044199675
0.044022553
0.04485432
0.04417432
0.044748537
0.04444918
0.04425027
0.044412695
0.04439742
0.04325516
0.04456736
0.04357322
0.043386288
0.04457148
0.04360453
0.04434513
0.04372613
0.043349262
0.044087064
0.044188105
0.043458812
0.04396298
0.044292312
0.04364631
0.043749444
0.043525193
0.0428286
0.043353226
0.042460676
0.045033913
0.043314688
0.04330306
0.04349833
0.043540355
0.04310115
0.043033093
0.0439419
0.043097787
0.043484204
0.04261293
0.04357572
0.044187587
0.043345835
0.04282843
0.043575674
0.043652315
0.043278683
0.043850902
0.044201057
0.043620635
0.042405773
0.043285906
0.044157255
0.04303518
0.04350226
0.04286756
0.04324193
0.042577397
0.043326568
0.04404853
0.042543665
0.04329596
0.044382848
0.042833913
0.043763507
0.04313705
0.043435946
0.04285219
0.042038765
0.042803727
0.042503223
0.043602787
0.043763258
0.043221693
0.04325308
0.042351298
0.04272546
0.043162327
0.044160426
0.04282342
0.042510405
0.04316143
0.043213952
0.042557485
0.04134179
0.041966673
0.04345227
0.042059146
0.042111006
0.043033727
0.04247262
0.04250897
0.042920884
0.04206426
0.04188642
0.042539474
0.043417644
0.042078838
0.04176503
0.04127811
0.042354904
0.042329177
0.042166386
0.042303342
0.041818757
0.042273518
0.042333417
0.041726187
0.042276066
0.042400766
0.041561376
0.042762157
0.042404823
0.042129677
0.04217524
0.042603
0.041224573
0.042628888
0.042811476
0.041282978
0.041646592
0.04157004
0.04196944
0.04151144
0.040813755
0.041795783
0.041188207
0.04300842
0.04180627
0.04179716
0.04229078
0.04233654
0.04257493
0.04066789
0.041739922
0.043170907
0.042448554
0.04217801
0.041052636
0.04302377
0.04173729
0.041281663
0.04059236
0.04182
0.041225262
0.04228693
0.04119334
0.041561175
0.04166091
0.042158484
0.042614445
0.040789764
0.042672634
0.041881382
0.041484065
0.04184321
0.041776273
0.041127734
0.04066145
0.040358305
0.04119597
0.041782677
0.04025464
0.043449774
0.04117423
0.040483553
0.0419263
0.040156152
0.040378474
0.040603355
0.040369555
0.04139837
0.040527318
0.04017093
0.041264344
0.040271565
0.04144905
0.03998786
0.0410156
0.04045095
0.04031998
0.042879637
0.03999384
0.040150516
0.040208187
0.04165859
0.04072738
0.040679283
0.041015696
0.040420447
0.040759835
0.040551007
0.04072269
0.040329095
0.040418915
0.041265637
0.040422566
0.041383352
0.041243166
0.04021813
0.041189395
0.039960597
0.03994359
0.041286487
0.04071688
0.040725447
0.040984955
0.040717624
0.04150119
0.04114327
0.040232494
0.042155925
0.041407917
0.040362474
0.04032022
0.040979244
0.04070601
0.040748604
0.041276466
0.04025031
0.040690314
0.039897785
0.041387454
0.040587023
0.040977225
0.041952353
0.04105394
0.039935976
0.040303305
0.04126995
0.04082664
0.041326363
0.040495045
0.040598642
0.040932182
0.04065991
0.041093007
0.040380135
0.041055083
0.04171113
0.039900657
0.039913423
0.040603537
0.040705223
0.039725985
0.040816333
0.040767916
0.0404072
0.041653305
0.039669007
0.04084591
0.041031674
0.041219585
0.0393709
0.04010376
0.039926935
0.041043133
0.041046534
0.039527137
0.04069022
0.03970978
0.039967127
0.04074594
0.04004842
0.039890803
0.039835572
0.039526347
0.03994948
0.039902914
0.038993523
0.039640017
0.039868582
0.038773004
0.040142972
0.0391051
0.03872645
0.04034826
0.040012788
0.040084906
0.0387661
0.039309595
0.03917929
0.039800037
0.040322684
0.039131027
0.0426141
0.038335465
0.03881721
0.040491328
0.04009306
0.03862632
0.03926864
0.03952335
0.038884085
0.039439578
0.038824696
0.038756955
0.03902907
0.039560556
0.03975078
0.0392379
0.03898523
0.039571874
0.040738102
0.039794516
0.03926073
0.0394673
0.03951595
0.040539537
0.039432358
0.039411813
0.03912657
0.04054438
0.039665904
0.03886088
0.039234523
0.041517574
0.039422624
0.039578196
0.03880298
0.038993448
0.038946696
0.040209033
0.038897216
0.038194623
0.039806314
0.03881769
0.03955414
0.038908593
0.03981527
0.039691385
0.038865983
0.03910895
0.039195355
0.039600234
0.03910254
0.039427295
0.039106127
0.03961406
0.039074365
0.038717646
0.038523633
0.039283063
0.039156143
0.038801674
0.039209604
0.038890205
0.039971884
0.038361363
0.038782608
0.03855374
0.03884584
0.03826569
0.038331557
0.03793971
0.038933314
0.038683396
0.039885167
0.03945799
0.038516738
0.038368173
0.039197482
0.038789064
0.038155515
0.03832739
0.038365312
0.03778748
0.038685754
0.0394849
0.038845874
0.038073532
0.038835708
0.037477724
0.03829526
0.038832247
0.03878466
0.037730888
0.038723115
0.038287554
0.038124625
0.037569676
0.038146228
0.038621884
0.038405653
0.037835218
0.038422342
0.037770826
0.037765145
0.037876323
0.03814318
0.038970467
0.037822798
0.03767171
0.037427355
0.03859989
0.037811138
0.037643492
0.03864494
0.03752891
0.038004424
0.03822842
0.038158253
0.038111094
0.037848778
0.037903346
0.037692368
0.037975267
0.03776068
0.037940282
0.03847677
0.03818326
0.03750644
0.037611097
0.037886996
0.037884627
0.038086444
0.03749257
0.03826129
0.038524836
0.037243925
0.03848055
0.03801037
0.037534732
0.036905456
0.03902567
0.037397984
0.03705834
0.037604507
0.037715025
0.037983913
0.037177276
0.03858589
0.038366877
0.037268184
0.03883544
0.03781956
0.03865662
0.038433712
0.038242336
0.037370384
0.037422564
0.036974553
0.037499193
0.037107114
0.038002685
0.037403397
0.037078466
0.037563223
0.03868767
0.03876402
0.037810292
0.038125783
0.038269494
0.037818152
0.03802834
0.03776998
0.038293455
0.038092367
0.03825819
0.037318777
0.038340375
0.037291072
0.037404582
0.03748566
0.03841569
0.037589017
0.037814453
0.03855858
0.037536226
0.037439115
0.037929136
0.03803954
0.037510615
0.037441492
0.03698827
0.037403844
0.036777418
0.03792467
0.036965642
0.037205465
0.03643178
0.037168637
0.03680706
0.03711506
0.03717053
0.036675572
0.03662062
0.037848108
0.036853194
0.037035417
0.037286557
0.03667015
0.036999635
0.037004147
0.036702573
0.037818406
0.037875187
0.037187565
0.03702014
0.037539974
0.037374195
0.036605913
0.03702029
0.036598228
0.037945148
0.03734356
0.03654819
0.037173364
0.037872493
0.03744331
0.038273044
0.03638439
0.03762975
0.0366046
0.037201818
0.037718892
0.036635567
0.036525927
0.037951503
0.036712933
0.037559092
0.03673822
0.03734178
0.036655236
0.036596105
0.037512064
0.037141528
0.038112115
0.036909685
0.037091102
0.03681191
0.037690144
0.036420573
0.037522834
0.036710616
0.03633384
0.03793503
0.037612353
0.036587257
0.036338095
0.03722451
0.03596029
0.035834126
0.036418535
0.036935776
0.03621728
0.037063126
0.036478017
0.037061643
0.03732509
0.03732368
0.03729337
0.036003273
0.0363653
0.03597393
0.03588371
0.03641966
0.03802739
0.035779182
0.03593297
0.0364644
0.03607643
0.03657265
0.036512032
0.036732282
0.036330465
0.036312584
0.036419053
0.036729313
0.037154883
0.0380361
0.036978085
0.036244515
0.03630834
0.03663715
0.036817204
0.036779024
0.036637295
0.036090422
0.035957508
0.036131654
0.036699016
0.036761586
0.03614407
0.036362074
0.03601652
0.037645746
0.03582852
0.036037304
0.036372554
0.036444936
0.03645425
0.036566302
0.03564281
0.0366222
0.03653059
0.036342073
0.036475033
0.035793744
0.03610545
0.035376012
0.03603711
0.03598775
0.037800904
0.035989888
0.03579914
0.037298728
0.03587888
0.03534052
0.036327824
0.035345897
0.03720346
0.036677692
0.035561096
0.03616719
0.03580953
0.035511393
0.03594715
0.036012735
0.035887487
0.034987133
0.035434105
0.03536667
0.03568133
0.03547523
0.036285657
0.036493078
0.03628972
0.036976684
0.035424206
0.035841595
0.035310663
0.035409674
0.036247253
0.036284994
0.03550886
0.036031187
0.03592471
0.03609034
0.035310563
0.036556564
0.035578012
0.035677835
0.03533989
0.03507801
0.035856616
0.035284348
0.034852467
0.036162026
0.036286898
0.03619277
0.035424627
0.035577442
0.034999367
0.035425216
0.035862323
0.03556552
0.035700373
0.0363869
0.03621577
0.03493767
0.03515702
0.035723668
0.035138134
0.03568526
0.035873942
0.035853058
0.03580161
0.034752168
0.03613577
0.035911586
0.035675153
0.03457819
0.03490264
0.03603325
0.035027273
0.03520071
0.035487726
0.03512765
0.03557095
0.03516342
0.03558515
0.036429208
0.035542823
0.035210714
0.035028268
0.035313167
0.034943957
0.035272967
0.03578027
0.0345687
0.034527157
0.03496344
0.036290653
0.035326753
0.0347492
0.03549223
0.03595623
0.036124505
0.035318617
0.03474576
0.0348871
0.035074275
0.035425708
0.034693804
0.034727246
0.03483264
0.03438797
0.035498124
0.03545626
0.035518263
0.035269465
0.035264872
0.034649868
0.034371287
0.035028677
0.034302466
0.03511692
0.035352334
0.03465494
0.03567708
0.034293193
0.034682132
0.034756612
0.034459624
0.03488639
0.034407854
0.03501439
0.035218943
0.03451344
0.034474235
0.035358414
0.035679698
0.035623524
0.034153152
0.035215218
0.035985116
0.034957737
0.034741588
0.03459812
0.035090506
0.035066973
0.035277206
0.034642477
0.03429137
0.035201035
0.035514712
0.035531994
0.034961116
0.035155162
0.03471346
0.034334134
0.03500281
0.035920992
0.03482194
0.034477185
0.03421278
0.03429718
0.03406123
0.033607688
0.035409395
0.033960026
0.034483403
0.03463173
0.034201752
0.03530111
0.034907036
0.035314698
0.035578255
0.03361596
0.0349606
0.03478775
0.03385416
0.03602711
0.0346923
0.034790345
0.034458373
0.03442524
0.03514434
0.035397172
0.034473125
0.034428842
0.03441551
0.034177445
0.03467606
0.035398047
0.034287404
0.03432367
0.03450687
0.035201717
0.034611985
0.033983853
0.033988908
0.033917952
0.033930957
0.034290973
0.033594247
0.034357823
0.034487203
0.034202244
0.034582768
0.034151204
0.03537228
0.034395564
0.034729384
0.034634896
0.03432168
0.034299266
0.034451067
0.034232564
0.034688056
0.0343219
0.033649508
0.0343495
0.03435111
0.034127127
0.034045435
0.033799242
0.034240384
0.034365468
0.033966362
0.034271605
0.03564052
0.033846714
0.034764178
0.03423274
0.0336871
0.034437075
0.033362374
0.03492725
0.033590063
0.034500264
0.034402076
0.034575388
0.03340497
0.034824915
0.033822864
0.03394328
0.033647392
0.034008432
0.034744244
0.034702063
0.034992564
0.034955565
0.033599835
0.033893317
0.03351468
0.034051165
0.033988684
0.033982124
0.03406365
0.033702336
0.03389051
0.033672906
0.03597637
0.03369889
0.034661353
0.03465386
0.033544756
0.034985356
0.033279397
0.033631984
0.034464672
0.033149227
0.03413208
0.03323231
0.033457544
0.033523753
0.03329418
0.03362317
0.03368936
0.03448918
0.0339464
0.034325287
0.034298882
0.034277763
0.034434337
0.034505334
0.033681825
0.033565667
0.033808228
0.034306526
0.034481928
0.033913482
0.03311976
0.034205407
0.033779055
0.033490926
0.03366182
0.03363824
0.034306746
0.034550223
0.033594035
0.033305004
0.033524
0.034053676
0.034211867
0.034740746
0.033719193
0.034034032
0.03352609
0.033293564
0.03391709
0.033248533
0.033129174
0.033441875
0.033332516
0.034226276
0.034018744
0.03470396
0.033307802
0.03361148
0.033564426
0.033360615
0.03442523
0.033983205
0.033972204
0.03446743
0.03352133
0.035374153
0.033487193
0.03422476
0.033197388
0.0331374
0.033753075
0.034278523
0.033170152
0.033163164
0.03351985
0.03257356
0.033443436
0.033603746
0.03297616
0.03314768
0.033241175
0.032961316
0.03373283
0.033656362
0.032660596
0.033455953
0.03300243
0.032803416
0.033207316
0.03266061
0.033208743
0.034444217
0.033191204
0.033196606
0.03253429
0.033128403
0.032897964
0.03340189
0.033145964
0.033032127
0.033114716
0.033453036
0.03356707
0.033269417
0.032855533
0.03254076
0.033678744
0.033453055
0.033437688
0.03404038
0.033266746
0.03409214
0.032691784
0.03432462
0.03437956
0.034113456
0.033300005
0.032886565
0.033635624
0.033026107
0.03347875
0.032842137
0.033584736
0.033091377
0.033742595
0.032936223
0.033730756
0.032792892
0.03338421
0.032941274
0.032959536
0.033627782
0.032971453
0.03216966
0.032165207
0.032770596
0.03351218
0.03267147
0.032442104
0.03251767
0.033749282
0.033012874
0.032458592
0.033420067
0.033152174
0.032515083
0.03242094
0.032272942
0.033175662
0.03251105
0.033570208
0.03296007
0.032214463
0.033478107
0.032179244
0.03215649
0.03230361
0.032695174
0.032526813
0.032533508
0.032909263
0.032270774
0.033075426
0.03256015
0.03271669
0.031801518
0.0336183
0.032300983
0.03309877
0.03317572
0.033217788
0.032639917
0.031897586
0.031672288
0.032290064
0.03372825
0.033183355
0.032646775
0.033130046
0.032233834
0.031945486
0.032682996
0.03216916
0.033723123
0.033005714
0.032052908
0.032863397
0.032704834
0.033300713
0.032254647
0.032436833
0.03308945
0.03226737
0.032306578
0.032513183
0.03283298
0.03291644
0.033259146
0.03187361
0.03232747
0.032523878
0.033403415
0.03245838
0.032262817
0.032051064
0.032410886
0.03159589
0.032130003
0.031956885
0.032232903
0.03403914
0.03208907
0.031539924
0.0323194
0.032005258
0.032975048
0.031590704
0.032259844
0.03270242
0.032376193
0.03246357
0.03215117
0.032609552
0.03196618
0.032220356
0.032352217
0.03248177
0.032277294
0.032712366
0.032214884
0.032362733
0.0324448
0.033433218
0.03155849
0.032116786
0.032502092
0.031465944
0.032960325
0.03308326
0.031960197
0.03212028
0.032207776
0.032853678
0.032084193
0.032830272
0.03196506
0.0324722
0.032658033
0.032443717
0.03168469
0.032603797
0.031898685
0.0318505
0.031920403
0.032468397
0.031930234
0.03222588
0.03233246
0.032075427
0.03154071
0.03288358
0.0321605
0.031553753
0.03184707
0.03219653
0.032083485
0.032064512
0.03212335
0.033112936
0.031575322
0.031802535
0.031640973
0.03169053
0.031158503
0.031919565
0.031617485
0.032152962
0.03305272
0.03128977
0.032925576
0.031649165
0.0317632
0.032732025
0.03203035
0.031443447
0.032007266
0.032584425
0.0320223
0.032076128
0.03210669
0.03163305
0.032780502
0.03168047
0.032851756
0.03161554
0.031439442
0.031910107
0.032346137
0.03163717
0.031980127
0.031783037
0.03159954
0.032160766
0.031275347
0.031768657
0.03102459
0.031619973
0.031251945
0.031273935
0.0318299
0.031074766
0.031756796
0.032411925
0.031945206
0.03132399
0.03178873
0.03166035
0.03178917
0.03225483
0.031655338
0.031654786
0.03187724
0.033616956
0.031906012
0.03134913
0.03192884
0.032192536
0.031934135
0.03144007
0.03233455
0.031281594
0.030885646
0.031098388
0.030773757
0.03199938
0.031889886
0.03181607
0.03424231
0.031245127
0.031141574
0.031420756
0.03160722
0.031305443
0.031631306
0.031108273
0.03218703
0.03193087
0.031319007
0.03127894
0.032173436
0.0320036
0.032034617
0.030772245
0.031067455
0.032564368
0.031607162
0.032370396
0.031857233
0.031924434
0.031365536
0.031042168
0.03234016
0.031876955
0.031526554
0.031273633
0.031685233
0.031499136
0.031895675
0.03188296
0.03138498
0.032902934
0.031619024
0.03144624
0.03088533
0.0314877
0.03160555
0.031705584
0.031053012
0.032212954
0.03180028
0.03156193
0.031927053
0.03155223
0.03166185
0.031137083
0.03173998
0.030910019
0.032096513
0.03149619
0.033134475
0.031181414
0.031182634
0.03138204
0.032040127
0.03193321
0.031495318
0.032191493
0.03151954
0.030918036
0.03116722
0.031332374
0.031261556
0.031228349
0.031562407
0.033285283
0.031923063
0.031196255
0.031179134
0.0306461
0.031876344
0.031830076
0.031994063
0.031311646
0.031541493
0.032400705
0.030842891
0.031047696
0.030774605
0.030453525
0.031686492
0.031675357
0.030985745
0.031388815
0.031581577
0.03062717
0.031652838
0.030228186
0.03061421
0.03050372
0.030823536
0.031691317
0.031579614
0.030559106
0.031253844
0.031021727
0.031127617
0.031215338
0.03161904
0.031199906
0.031966083
0.03115939
0.031429727
0.030989882
0.031127814
0.030618757
0.030974925
0.03129073
0.030748226
0.030766914
0.030520033
0.030617042
0.030736767
0.03161226
0.031535815
0.0316264
0.030739948
0.03083604
0.030896123
0.030188791
0.030232806
0.030056413
0.029925866
0.031236656
0.030307945
0.030577643
0.030353652
0.030664992
0.030707244
0.031387698
0.031496704
0.031082822
0.030587096
0.031050095
0.031119633
0.031569928
0.030771174
0.031389702
0.030943003
0.030631758
0.030756963
0.030626502
0.030618303
0.030562544
0.030727196
0.030021494
0.030403113
0.030820226
0.030800141
0.030915935
0.0318139
0.03104863
0.03124395
0.030944612
0.030096859
0.030767325
0.031170899
0.030463623
0.030671779
0.031141125
0.03052358
0.030846799
0.030710056
0.030505145
0.031677477
0.032330558
0.030654423
0.031043854
0.031046504
0.031072026
0.030830052
0.030617394
0.030514434
0.030785674
0.030370908
0.031545177
0.030231927
0.030479655
0.03099782
0.03005533
0.030919071
0.031092476
0.030116435
0.030635485
0.030913144
0.03126744
0.031374503
0.031425793
0.030163832
0.031016933
0.030595077
0.030789433
0.030960968
0.030398943
0.031407483
0.030520866
0.030890504
0.03115907
0.031089256
0.030356485
0.030874755
0.030970484
0.030427873
0.031237554
0.030101731
0.030634295
0.030577864
0.03110855
0.030248923
0.031249953
0.030535117
0.032091293
0.030502638
0.030622223
0.030607004
0.030372469
0.031059608
0.030174708
0.031076605
0.030991772
0.03011326
0.030235594
0.030436361
0.030230468
0.03055562
0.030415395
0.030275656
0.030572142
0.030585196
0.030278265
0.030211614
0.030296411
0.03065017
0.030498486
0.030262923
0.03052028
0.029769592
0.030025646
0.03079726
0.03032611
0.029681582
0.030186456
0.03021183
0.030306196
0.030066041
0.030856024
0.030024916
0.030534267
0.030557793
0.0306246
0.030380877
0.029952336
0.03036375
0.030478192
0.029747872
0.030190768
0.03004822
0.031002652
0.030347088
0.029850312
0.029778836
0.029865995
0.029909184
0.029475713
0.029991928
0.030391524
0.029742153
0.029462412
0.030872427
0.030828245
0.030021565
0.030342108
0.029786037
0.03013587
0.02979275
0.030528806
0.0298258
0.030098945
0.030205451
0.030491678
0.029726371
0.029780824
0.030328384
0.029497342
0.030801266
0.030570848
0.029276965
0.029849146
0.029962866
0.03031161
0.03038079
0.030467365
0.029544048
0.030939106
0.030157227
0.030929321
0.031009737
0.029135274
0.030078512
0.030127395
0.03041891
0.029966583
0.029511914
0.031042226
0.030507877
0.029609295
0.030274019
0.02951779
0.03027857
0.030608296
0.029893747
0.02988837
0.03191158
0.029619105
0.030680189
0.03021611
0.029565988
0.02998462
0.029915798
0.030279646
0.030956244
0.030548884
0.029609505
0.029462801
0.029642599
0.030277371
0.029955382
0.029655872
0.029629111
0.029597532
0.029473469
0.029575527
0.03051357
0.030855741
0.029971058
0.030718777
0.029892543
0.02967581
0.029814005
0.028991973
0.030395266
0.029781966
0.02993679
0.030312063
0.02957075
0.030083045
0.029979976
0.029656207
0.030367965
0.029585648
0.029839337
0.029632488
0.029907914
0.030733373
0.029740015
0.030068658
0.029050158
0.03026544
0.029289462
0.029298665
0.029779643
0.030209709
0.030462204
0.029404636
0.029341929
0.029948419
0.029700393
0.030225646
0.030142395
0.030240156
0.02929176
0.030060364
0.030043993
0.030224472
0.03010806
0.02986601
0.029854057
0.029201912
0.029633699
0.029695984
0.029572545
0.030035619
0.029936723
0.029749969
0.030016137
0.02962031
0.029942319
0.029848877
0.029445058
0.029971944
0.029702326
0.029510539
0.029528279
0.029427154
0.029552376
0.03004132
0.029423418
0.029571617
0.02964983
0.030914022
0.02909973
0.029806886
0.030075083
0.030228289
0.029746244
0.030202188
0.02972976
0.029307237
0.029626286
0.029249718
0.030430118
0.03042313
0.029445728
0.029899603
0.029452205
0.030349439
0.029667808
0.029433059
0.029962279
0.029967206
0.029086256
0.02893807
0.030001491
0.029258389
0.029218327
0.029847307
0.029222135
0.029576631
0.029623376
0.029607214
0.030846497
0.029508939
0.02944885
0.029507974
0.028959636
0.03028503
0.02981872
0.029471338
0.028608525
0.029157484
0.029009677
0.029350113
0.030140031
0.029582895
0.028844358
0.028974308
0.030203247
0.029506022
0.028616082
0.030216226
0.029842682
0.029471755
0.029267617
0.029133959
0.02934179
0.029217074
0.029996173
0.029785812
0.029527318
0.029309092
0.030627148
0.029440716
0.029125897
0.029663227
0.029589213
0.029747652
0.028904028
0.030100029
0.030956378
0.02985949
0.02913904
0.029793859
0.028767968
0.029175583
0.02895105
0.028524874
0.030047743
0.029301653
0.029681707
0.02960414
0.030132307
0.028895844
0.030075222
0.029544545
0.029320182
0.028959423
0.029392235
0.028673796
0.028757565
0.028977731
0.028869366
0.029814746
0.029966237
0.029946668
0.029280882
0.028868834
0.028954463
0.028430581
0.028748939
0.029611392
0.029151885
0.03107156
0.028951984
0.029085914
0.028993048
0.02901542
0.028585386
0.02865731
0.028662281
0.029642014
0.02886591
0.028686607
0.029761853
0.028837398
0.028922595
0.029322853
0.029104372
0.029744796
0.028962346
0.029251294
0.028808033
0.028895276
0.02932738
0.02917415
0.029407946
0.029101226
0.02890083
0.029359408
0.02935639
0.028808337
0.028896615
0.029062763
0.029165514
0.028720943
0.028808355
0.028947433
0.028641148
0.029073296
0.029060593
0.029197883
0.028754959
0.028640527
0.02959039
0.029022466
0.029161092
0.02910254
0.029370267
0.029761601
0.028486112
0.029993838
0.029973963
0.02915147
0.029664798
0.030022793
0.028696349
0.028683769
0.029370949
0.02893953
0.029060332
0.029606005
0.028912365
0.028970722
0.028589426
0.029356726
0.029894426
0.029091163
0.029107522
0.029445952
0.028585274
0.02844874
0.029023115
0.029257162
0.029469278
0.028937273
0.028536297
0.028941503
0.029896934
0.028818293
0.028796265
0.028923463
0.029181538
0.028344924
0.028423784
0.028505461
0.028860409
0.028294742
0.02875928
0.029526643
0.0289119
0.029325329
0.02966296
0.029005734
0.028764127
0.029959638
0.02920786
0.028187808
0.028009374
0.029321183
0.028772835
0.02891613
0.02898685
0.028828334
0.029033596
0.028756209
0.02872679
0.028940115
0.029024485
0.029912837
0.028443262
0.028611707
0.028799985
0.028883407
0.028900687
0.028854039
0.029080803
0.029499983
0.029520622
0.030293267
0.028201029
0.028929437
0.029860085
0.029127697
0.029534979
0.029557608
0.028800748
0.028784197
0.0289001
0.02898937
0.02940446
0.029051987
0.029976694
0.029580671
0.028659264
0.02885929
0.028636115
0.0288055
0.0292162
0.02883494
0.028547283
0.028551405
0.028724607
0.028982975
0.029452346
0.028766928
0.0291403
0.028584603
0.02804847
0.028200582
0.02823985
0.028419033
0.028836414
0.028990416
0.028368015
0.028093923
0.028787091
0.02862573
0.02894132
0.028836347
0.028099827
0.028337693
0.028968928
0.027863234
0.028411888
0.02849999
0.027969144
0.028764589
0.02872072
0.028036993
0.027302919
0.029147351
0.027785446
0.027743502
0.028647084
0.028927153
0.028603612
0.028629504
0.028580133
0.028787963
0.02813609
0.027768847
0.028141245
0.028303433
0.028274568
0.028371453
0.028762024
0.028315524
0.028234957
0.028325886
0.02791753
0.028520145
0.027639955
0.028135557
0.027857883
0.028057897
0.028261105
0.028412718
0.028851569
0.028393785
0.02818252
0.028355755
0.027835166
0.02769973
0.027864268
0.027988218
0.02765239
0.028158862
0.02809276
0.029083367
0.027487332
0.028213054
0.02764005
0.02868727
0.027742848
0.02811725
0.028202394
0.028105656
0.027776103
0.028241822
0.029147703
0.028581021
0.028292885
0.028512903
0.028007884
0.028044136
0.028028224
0.027885027
0.028770208
0.027989205
0.02850196
0.028006071
0.029032148
0.02794417
0.027781716
0.028210077
0.027683878
0.027938992
0.027859759
0.028009772
0.02798185
0.028878612
0.027840322
0.027624752
0.027811563
0.027611364
0.027905168
0.027918726
0.028161664
0.027410077
0.028183276
0.02816417
0.028353151
0.028077204
0.027886085
0.0280302
0.027284699
0.028341716
0.027850699
0.027675578
0.028329583
0.028057313
0.027474629
0.02784677
0.027358528
0.027645256
0.027425848
0.027396033
0.028214509
0.028274268
0.02812227
0.027367078
0.027924174
0.028659314
0.0283048
0.027946183
0.02759627
0.028552776
0.02777946
0.028030327
0.02764664
0.02752396
0.02850518
0.027854605
0.027344912
0.027759967
0.027595866
0.028621832
0.027239975
0.02756045
0.027449787
0.027274495
0.027788924
0.027955933
0.027338536
0.027466157
0.0272874
0.027353913
0.02791558
0.027876804
0.028221713
0.02756802
0.027616743
0.0275377
0.027543504
0.027660783
0.027942307
0.027293984
0.028145833
0.027633723
0.027422398
0.028096544
0.027593667
0.02769095
0.027499665
0.028350469
0.027154986
0.027383724
0.027227366
0.027780322
0.02777481
0.02827351
0.027467765
0.028127914
0.027354144
0.028925994
0.027268367
0.02759054
0.027328316
0.027612278
0.027773937
0.027709903
0.027659701
0.028091041
0.027693974
0.027559584
0.02760457
0.027671877
0.02816381
0.027217962
0.026671521
0.027273085
0.026988726
0.027460143
0.02758169
0.027914794
0.026962183
0.027702004
0.027528482
0.027169181
0.028144447
0.028708978
0.02761431
0.02739657
0.027539024
0.027148122
0.027205078
0.027199531
0.027521392
0.027632954
0.027437834
0.027300991
0.027793927
0.027908746
0.02751203
0.027121516
0.028484447
0.027966827
0.027511967
0.027320081
0.028415004
0.02873268
0.027001519
0.02916013
0.028103543
0.027605997
0.027679002
0.027493475
0.027543142
0.027224459
0.027933905
0.027945688
0.027306229
0.027331626
0.02775042
0.027990267
0.027096216
0.028310686
0.027270995
0.02704861
0.027684813
0.027186897
0.029040061
0.026840039
0.02728763
0.02734276
0.027562968
0.027609963
0.027250709
0.027143572
0.027336337
0.027190525
0.027471773
0.028055176
0.027623728
0.027118294
0.027581794
0.027267752
0.027505457
0.027333124
0.026772814
0.027405256
0.027556207
0.027597057
0.0269324
0.027274884
0.026948486
0.029043637
0.027099678
0.027543532
0.027457379
0.027364163
0.028862411
0.027861778
0.02745749
0.028021201
0.02673728
0.027095884
0.027563404
0.027390474
0.027245676
0.027870122
0.02693849
0.027017321
0.026444158
0.026950851
0.02833192
0.027155817
0.027415927
0.027518399
0.02661618
0.027649773
0.027613865
0.026597548
0.027938798
0.027486822
0.027397737
0.026822364
0.027866067
0.02625079
0.027781153
0.027464595
0.027237784
0.027373916
0.026854297
0.027723636
0.02809147
0.027154464
0.026771577
0.026860535
0.027029626
0.027346898
0.027523957
0.027342778
0.027908541
0.026689682
0.026674343
0.027913628
0.027401296
0.026974307
0.027122686
0.02666067
0.02709567
0.02688042
0.026733536
0.027734555
0.02754929
0.027531434
0.027207738
0.026876112
0.027440432
0.027650166
0.027134936
0.027024688
0.026613573
0.02741702
0.026946357
0.027194029
0.026831135
0.026745794
0.026542656
0.026662096
0.027491853
0.027283112
0.027382713
0.027360708
0.02693764
0.026998695
0.026874552
0.027304001
0.026480645
0.027017972
0.0274464
0.026916059
0.02721238
0.027625563
0.02713608
0.027901325
0.027825603
0.026529359
0.026685452
0.026364097
0.026693203
0.026555452
0.02695334
0.026709927
0.02717497
0.026937202
0.027079951
0.026324261
0.026497904
0.026991284
0.026523473
0.025836334
0.027430868
0.026843367
0.026712831
0.026619637
0.027542211
0.027920084
0.027102185
0.026395846
0.028027534
0.02698137
0.026603807
0.027244048
0.026394106
0.026490103
0.026531037
0.027209524
0.026962124
0.026999427
0.026828868
0.02671013
0.026685553
0.026583435
0.027795224
0.02716429
0.026777802
0.026996557
0.026446061
0.026656963
0.026675003
0.026541585
0.027274385
0.026672171
0.027117552
0.027472485
0.026394473
0.026629407
0.027194774
0.026523305
0.026318908
0.026408771
0.026454793
0.026160913
0.026299054
0.026882472
0.026420988
0.026660904
0.026611045
0.02684849
0.026596218
0.02647273
0.02638281
0.026303483
0.027009992
0.027467158
0.02622056
0.02621824
0.02617188
0.026181472
0.02662035
0.026999174
0.02699938
0.026629968
0.027038062
0.026754713
0.026226483
0.026559332
0.0271396
0.0272471
0.02640912
0.026771447
0.026285352
0.026848093
0.026656127
0.027110541
0.025885645
0.027211722
0.025924023
0.026435165
0.026375558
0.027267233
0.025926823
0.026508631
0.026290953
0.026430259
0.026755612
0.027075851
0.026425576
0.026031531
0.026597103
0.025861168
0.026376542
0.026094258
0.026354095
0.026712397
0.027507612
0.026346058
0.027164493
0.02590627
0.026432574
0.026796691
0.02708393
0.02576242
0.025874665
0.02757641
0.027786212
0.027147228
0.026713546
0.027170002
0.02678602
0.027244376
0.02635666
0.02642059
0.026621958
0.026579259
0.027043473
0.027001508
0.02669168
0.026877051
0.027237676
0.027476331
0.026284311
0.026354523
0.027153563
0.026403809
0.026079629
0.027159302
0.026158053
0.025687413
0.026569786
0.026144931
0.026564294
0.027388327
0.027049921
0.026424147
0.026244186
0.027329765
0.026596803
0.027561618
0.026804762
0.026446085
0.026848152
0.026846344
0.026094573
0.02644067
0.02678262
0.025844464
0.02614707
0.02747469
0.02672794
0.026290338
0.025994927
0.02617119
0.026472528
0.026574202
0.02677462
0.026287058
0.027132172
0.026749749
0.02628078
0.02724538
0.025807695
0.027056197
0.026944607
0.026309151
0.025998443
0.026349615
0.026548143
0.02573146
0.025798064
0.02616243
0.026062787
0.02652385
0.02657476
0.02647109
0.02584549
0.026485732
0.025989046
0.026767025
0.026359774
0.02654793
0.026461944
0.026931029
0.02739306
0.02611732
0.026257856
0.02713164
0.026468957
0.026385935
0.026007215
0.027658917
0.026015136
0.026781728
0.028711407
0.027098274
0.026354363
0.026328819
0.026295159
0.026346471
0.026532423
0.026488762
0.02628799
0.026006384
0.02595009
0.02683981
0.026871976
0.0266586
0.026439462
0.026645187
0.026452078
0.026243662
0.027011951
0.026158076
0.025746504
0.026057335
0.026286839
0.026676351
0.025995191
0.027265131
0.026325025
0.02643381
0.02608186
0.025725042
0.026408503
0.025504006
0.026687497
0.02674057
0.025869085
0.026238464
0.025578715
0.025915874
0.02569592
0.026006391
0.026800422
0.02565791
0.026271464
0.025676984
0.025646793
0.025483567
0.026565718
0.02622141
0.025764205
0.02624952
0.026483484
0.025522362
0.025723446
0.026133057
0.025575344
0.025880707
0.02579218
0.026216611
0.0270295
0.026243761
0.025983112
0.02551518
0.027116425
0.02615398
0.025817893
0.026934242
0.02601184
0.025618527
0.025987322
0.026042175
0.025961224
0.025978826
0.026401622
0.026312957
0.026171736
0.025886847
0.025571527
0.026122984
0.026921768
0.02577704
0.026694825
0.026297744
0.026317274
0.025594292
0.026589327
0.026462782
0.02594191
0.026100598
0.026101816
0.025647352
0.026271848
0.02642556
0.025666147
0.026018085
0.026001543
0.026296167
0.026162194
0.026297297
0.025745984
0.026617635
0.027684825
0.025922414
0.026023267
0.026008116
0.025939262
0.02602182
0.026506353
0.025787069
0.025402274
0.025455356
0.02630774
0.025795795
0.025930302
0.026010776
0.026278207
0.02565561
0.025836186
0.026214775
0.026274847
0.02540752
0.02557937
0.025755685
0.026286112
0.026744949
0.0257185
0.027469773
0.025972206
0.025933377
0.026079435
0.02569323
0.025945842
0.025703082
0.025555113
0.025614072
0.025838993
0.026046397
0.026239347
0.025691783
0.026063625
0.025971305
0.026184928
0.025964014
0.025652736
0.025594048
0.025300719
0.02607063
0.0256422
0.025586003
0.025602158
0.026274461
0.025944376
0.025651772
0.025052303
0.025788473
0.025323652
0.02570195
0.025796168
0.025538689
0.025610453
0.02622622
0.025901375
0.025516298
0.025650855
0.025606833
0.025835972
0.025599206
0.026268095
0.025391912
0.02504529
0.025352389
0.025782628
0.026277598
0.025885794
0.026023844
0.025775075
0.025571316
0.026124243
0.026003432
0.025822185
0.027274018
0.0256841
0.025852952
0.026007831
0.02535362
0.025190858
0.025767501
0.025859311
0.02527901
0.026507216
0.025814006
0.025961507
0.025580056
0.025656333
0.025871059
0.025740784
0.025690215
0.025398333
0.02556151
0.025486892
0.025774388
0.025799368
0.026217243
0.025588877
0.026346432
0.025915839
0.02540374
0.025414575
0.026807576
0.02532235
0.025810264
0.025653968
0.026426725
0.024754226
0.026111247
0.025401967
0.025183033
0.025589608
0.025785794
0.025183182
0.025732618
0.024899712
0.025206951
0.025367193
0.025220735
0.025172248
0.0252591
0.025281902
0.02569397
0.025277952
0.025640523
0.025189297
0.024763009
0.025244085
0.025571711
0.025600389
0.025710598
0.025606126
0.025806617
0.02559195
0.02535856
0.02607122
0.02560348
0.02588509
0.025627865
0.02553026
0.02615206
0.025546618
0.025707828
0.025492126
0.025927791
0.02518625
0.025209496
0.025269682
0.0254665
0.024989085
0.025641235
0.024887577
0.025016822
0.025658017
0.02534279
0.025042666
0.025987659
0.025897685
0.025558144
0.026366536
0.025934352
0.025389384
0.026760219
0.025833912
0.02601068
0.026389014
0.026395613
0.026595328
0.026199054
0.025771597
0.025900563
0.024975175
0.025604317
0.025940752
0.025514672
0.024703486
0.025059499
0.025594398
0.025206644
0.025017539
0.024990294
0.025252607
0.024865564
0.025174566
0.02499842
0.025296254
0.025058214
0.026331954
0.026445504
0.025700364
0.025756113
0.025347356
0.02503921
0.025638025
0.026149495
0.025091857
0.02510333
0.024947453
0.025312107
0.02513664
0.02521423
0.026307087
0.025804533
0.025232581
0.02564271
0.02527834
0.025285464
0.02479999
0.025893569
0.024915975
0.026447535
0.02566274
0.02544881
0.025314048
0.024817264
0.026049478
0.024637485
0.025260026
0.025372718
0.024890209
0.026229579
0.025114445
0.025533037
0.025501624
0.02485105
0.02478311
0.024484875
0.025054058
0.02546847
0.024920583
0.026104862
0.025518417
0.024840541
0.024437262
0.026054572
0.025163388
0.024788616
0.025374858
0.025095588
0.025504397
0.025359932
0.024628157
0.025236446
0.024798738
0.02532876
0.025436139
0.02487063
0.025775645
0.024853995
0.025663737
0.024924666
0.025406554
0.025487771
0.025170159
0.02532724
0.025346784
0.024841597
0.025222482
0.025405576
0.024965163
0.025326027
0.02524022
0.025799042
0.025645824
0.024925845
0.025582207
0.02488184
0.025746925
0.025059642
0.025315657
0.025829967
0.024852835
0.02523118
0.024732344
0.025313301
0.02459864
0.025313165
0.025347112
0.024561452
0.024570957
0.02509233
0.024435148
0.02499873
0.025239732
0.025096212
0.025825158
0.024551611
0.024872098
0.024577195
0.025533259
0.024581226
0.025595827
0.025650457
0.0250919
0.025977187
0.025493162
0.025098177
0.025272546
0.02511714
0.025186202
0.025363497
0.02548176
0.026159467
0.025278222
0.025076728
0.025012106
0.025103489
0.025134312
0.024841303
0.025503194
0.024942596
0.025730722
0.025248175
0.025715396
0.025608277
0.025333246
0.02466333
0.025284091
0.025479907
0.024591042
0.025005035
0.02483396
0.02554475
0.024906537
0.024977129
0.024666576
0.025079723
0.024421085
0.024495844
0.025500027
0.02514492
0.024682904
0.025082096
0.025488302
0.025225727
0.02625144
0.024828572
0.024647294
0.024866432
0.025566328
0.025018062
0.02551363
0.024900148
0.024900272
0.024639904
0.024858387
0.024926402
0.025733838
0.024674805
0.025480215
0.025122253
0.02475291
0.02519082
0.024738194
0.024760494
0.0251009
0.024823561
0.024632389
0.024819648
0.025553117
0.024631137
0.024656365
0.025364341
0.024792807
0.024707174
0.025121493
0.024746174
0.025136767
0.024634823
0.024741018
0.025685849
0.024162127
0.025219863
0.024509244
0.025755446
0.02496462
0.025560278
0.024441507
0.024812762
0.024519725
0.024704885
0.024853662
0.025004728
0.025444511
0.024443222
0.025212651
0.024514118
0.024344366
0.02488783
0.024637008
0.025273513
0.024787046
0.024998214
0.024278805
0.024631482
0.024467949
0.025582936
0.024741534
0.024380995
0.023829354
0.02457839
0.024986075
0.024512947
0.024350747
0.02437903
0.025051892
0.024815481
0.024853205
0.024224583
0.024715925
0.02421268
0.026548183
0.024445526
0.024439847
0.025177883
0.024211735
0.024869889
0.024806513
0.024181996
0.02470954
0.024950216
0.024746044
0.024294602
0.02429254
0.024854429
0.024622833
0.024836536
0.024357883
0.02430323
0.02467346
0.025063323
0.02435644
0.024506802
0.02454956
0.025371108
0.024371976
0.024188204
0.024561403
0.024481744
0.02545554
0.024291556
0.024883237
0.025143852
0.024486171
0.024345418
0.024471426
0.024810523
0.024954403
0.024426557
0.024628116
0.02436291
0.024293687
0.02438083
0.025102252
0.024265366
0.024588142
0.024049025
0.024357215
0.024806928
0.025166523
0.024139239
0.024498107
0.024064213
0.024412166
0.025300289
0.024689538
0.024456304
0.024139913
0.024484396
0.023953795
0.024155596
0.023964392
0.02513019
0.024166413
0.024845215
0.023793442
0.024929497
0.02560088
0.024153283
0.02390984
0.024071677
0.024318343
0.024705485
0.024544058
0.024256866
0.025249626
0.024378197
0.02477602
0.024831666
0.025033845
0.02480433
0.024154576
0.025382305
0.024869261
0.024294488
0.025036292
0.024412313
0.025211079
0.024442306
0.024908379
0.024135226
0.024174368
0.024362313
0.024216058
0.024189929
0.023811191
0.024647893
0.024645893
0.023976926
0.02417464
0.023991777
0.024151536
0.02420188
0.024224494
0.02452444
0.023763295
0.024470067
0.0242083
0.024735104
0.024426067
0.023863565
0.025110826
0.025134247
0.02434945
0.023889277
0.024123663
0.02408687
0.025102882
0.024128376
0.023861324
0.025614748
0.023722019
0.024219126
0.024012633
0.024501437
0.02372844
0.024182653
0.023744399
0.024569402
0.024520366
0.02415443
0.024312004
0.024833284
0.025432205
0.024155749
0.02485405
0.023810629
0.023879318
0.023868958
0.024145763
0.02401065
0.024131835
0.024745258
0.023817377
0.024132015
0.024228558
0.024299212
0.024339331
0.023892637
0.024372123
0.024509856
0.024590185
0.024454638
0.024406444
0.024185646
0.023558466
0.02384755
0.024755448
0.023433229
0.024594663
0.024399355
0.023798307
0.0244503
0.024087751
0.024149092
0.024285607
0.023811394
0.024606995
0.024333622
0.024163453
0.024396231
0.023937047
0.023831015
0.024207957
0.023987724
0.023930838
0.024023611
0.024320912
0.024009172
0.024575677
0.02381249
0.023778195
0.024287706
0.024783462
0.023843978
0.024354668
0.024100434
0.024291415
0.02392731
0.023842718
0.024275128
0.024686184
0.023843892
0.023869127
0.025673581
0.023747811
0.02401876
0.02397826
0.024368258
0.024274271
0.023874482
0.023938447
0.024454195
0.023806794
0.023667589
0.024057189
0.02436972
0.024029423
0.025410805
0.024444345
0.023476295
0.02400641
0.023770751
0.023989264
0.02456663
0.02374151
0.023964787
0.023956174
0.02388198
0.023927402
0.02423071
0.023763804
0.02366607
0.023889892
0.023870997
0.02385353
0.023367638
0.023923678
0.02394504
0.024100456
0.024846317
0.02451294
0.023326188
0.023862693
0.023933569
0.024448613
0.02489683
0.023594158
0.023405291
0.024544712
0.02451348
0.0239106
0.023855735
0.024171455
0.02406533
0.024622263
0.024236638
0.024445849
0.02312738
0.023664804
0.023850555
0.024115741
0.023874687
0.024155393
0.023914374
0.023727737
0.023886273
0.024372978
0.023456762
0.02346605
0.024774427
0.023347558
0.024115909
0.0236596
0.023874557
0.023834737
0.023326404
0.023707101
0.024216577
0.02321837
0.024079205
0.02391233
0.023559036
0.023587098
0.023501478
0.023669329
0.023224011
0.023827221
0.023782257
0.024679966
0.02375287
0.023424795
0.023580799
0.024518296
0.02436806
0.023663824
0.023630293
0.023529908
0.024800638
0.023879623
0.023644075
0.023651376
0.023479862
0.02425275
0.023669433
0.02399727
0.024005761
0.023964182
0.023492288
0.024603913
0.023890672
0.024266575
0.024311852
0.02375671
0.024797942
0.023731504
0.023815628
0.02411123
0.023944398
0.023586528
0.023519812
0.023569658
0.023601416
0.023777544
0.024520421
0.023654195
0.02513313
0.023606358
0.023530954
0.023806393
0.023862848
0.024191653
0.023720061
0.023313513
0.023363719
0.023577055
0.023980262
0.02410827
0.023577051
0.024770005
0.024177108
0.024413344
0.02390783
0.024335176
0.023519194
0.023677683
0.02315555
0.023765918
0.023715664
0.023007434
0.023784753
0.023598323
0.02449072
0.023125036
0.023619413
0.023615453
0.024978306
0.023141615
0.02359086
0.023250978
0.023628337
0.023476917
0.023568697
0.023620589
0.023606764
0.024003675
0.02347605
0.023649795
0.02468354
0.023576625
0.023591029
0.024487518
0.023495406
0.02345955
0.023532096
0.02375871
0.024409637
0.024428295
0.02321093
0.023962986
0.02364147
0.025070617
0.023975583
0.023430707
0.02369661
0.023703055
0.023621457
0.023397928
0.02406131
0.023234108
0.02425835
0.02305922
0.024024667
0.025255391
0.024195945
0.023622783
0.023422606
0.023510521
0.023627564
0.02368756
0.023281058
0.023932252
0.02357217
0.023361698
0.024073765
0.023972526
0.023376493
0.023769993
0.0234968
0.023263957
0.023793869
0.022987308
0.023410087
0.023721052
0.024079053
0.023533553
0.024030551
0.023531878
0.023696125
0.023372615
0.023470115
0.022958778
0.02404594
0.023161137
0.02312731
0.0233896
0.02325569
0.023727128
0.02365719
0.02331725
0.02310439
0.023628822
0.023412015
0.02282635
0.023810502
0.022886092
0.023428712
0.02320088
0.02382938
0.023590416
0.02388398
0.02323092
0.023137067
0.023080364
0.02375979
0.023567116
0.023486918
0.024056537
0.02339513
0.023279434
0.023025863
0.023006566
0.023698732
0.02335202
0.02323861
0.023887265
0.023757061
0.024536645
0.023891816
0.023286426
0.022843756
0.023400621
0.024100294
0.0235383
0.023142865
0.02280421
0.023816785
0.023577502
0.02349058
0.023307184
0.023592843
0.023044989
0.023736656
0.023615265
0.023509767
0.023131605
0.023188317
0.023987908
0.023389522
0.023411227
0.023808144
0.023834025
0.02324511
0.02294129
0.023301065
0.023043532
0.023548739
0.0233748
0.023454674
0.02339076
0.023769427
0.023290053
0.023228709
0.023620866
0.023395441
0.02348774
0.022806846
0.02328484
0.023878928
0.023809578
0.023407243
0.02295322
0.023014858
0.023392059
0.023702485
0.023769459
0.023172399
0.02303709
0.02288371
0.023233633
0.022862738
0.022773983
0.023235576
0.023022782
0.024318801
0.022850541
0.023088316
0.023387697
0.023099614
0.02406387
0.023614101
0.022965886
0.023476569
0.023591788
0.023307202
0.023215387
0.02308794
0.022688083
0.0233192
0.02308235
0.023035165
0.023229534
0.02374846
0.023591464
0.023574093
0.023782883
0.0230987
0.023371156
0.023023767
0.023328505
0.022975242
0.023642313
0.023039779
0.023600888
0.023489611
0.02309373
0.023129987
0.023543278
0.023504268
0.023535296
0.023059
0.023654904
0.02389319
0.023214161
0.02350437
0.023667946
0.023181997
0.023094878
0.02341744
0.02313383
0.023295496
0.02389809
0.022804845
0.023010667
0.02320447
0.023666296
0.02349692
0.023259157
0.022998443
0.023437886
0.02345719
0.023801437
0.024979807
0.023065202
0.022933459
0.023462832
0.023193311
0.02280549
0.022555457
0.023454845
0.023838961
0.023296742
0.023372881
0.023049142
0.023042634
0.023361735
0.023140728
0.023145702
0.022657594
0.02335257
0.023522777
0.022781666
0.0227678
0.023045545
0.02355921
0.023380442
0.022674397
0.023049213
0.022897149
0.022978242
0.02250707
0.02320435
0.023104679
0.022995388
0.02300137
0.022794276
0.0227727
0.023165759
0.023063237
0.02311553
0.023104314
0.023347437
0.023503315
0.023695664
0.023174297
0.022984691
0.023710847
0.023103774
0.023187524
0.022481691
0.02331772
0.023727845
0.02317356
0.022457892
0.022693034
0.024684362
0.022801332
0.022820888
0.022874625
0.022565465
0.022532366
0.022924712
0.022875644
0.023589732
0.022833616
0.023380889
0.023785472
0.023205554
0.0231765
0.022718975
0.02289109
0.022547452
0.023462452
0.023497203
0.022887345
0.023017721
0.023328492
0.023429934
0.023216648
0.023461618
0.023956051
0.023332536
0.02281018
0.023372063
0.02321867
0.022827934
0.02313245
0.02260383
0.022741681
0.023280637
0.022826096
0.023219762
0.02276051
0.022280943
0.022421844
0.023090238
0.02283285
0.022957275
0.022911381
0.022624847
0.02250134
0.023350945
0.02282401
0.022821167
0.023088256
0.023842378
0.023248114
0.02362126
0.024073046
0.023684759
0.023745218
0.022889584
0.02312327
0.023731269
0.02339667
0.023340045
0.023133015
0.023144023
0.023970906
0.023524206
0.023889424
0.023272207
0.023935392
0.022920184
0.0228372
0.023053605
0.023014264
0.022612281
0.022675645
0.023247987
0.022925273
0.023223855
0.022846203
0.022795556
0.022767847
0.023411803
0.02254223
0.023372194
0.023122367
0.023220744
0.022450076
0.023072243
0.022543823
0.022425594
0.023524232
0.023433091
0.022971585
0.022517344
0.023301233
0.022835953
0.023012865
0.022820706
0.022994857
0.02351611
0.022193076
0.023476025
0.022725996
0.022515515
0.022931691
0.02311519
0.022767415
0.023088144
0.022627678
0.02266271
0.02276461
0.022628324
0.02328771
0.022767235
0.022960724
0.022880495
0.022853678
0.02279089
0.022844989
0.023243034
0.022690952
0.022609338
0.02246353
0.022812203
0.022986086
0.022602051
0.023148118
0.023013743
0.022568146
0.023206009
0.022593439
0.022586003
0.023137141
0.02288048
0.02282639
0.02327769
0.023096392
0.02273129
0.023195058
0.0227351
0.022332123
0.02286083
0.022934515
0.022866087
0.023267094
0.02303702
0.023224778
0.022920055
0.022741102
0.022634884
0.023004564