20 353.99 0.29 354.28 0.063 19 42 0.08 0.0 
40 352.34 0.43 352.76 0.133 39 99 0.16 0.0 
60 348.43 0.67 349.09 0.24 59 163 0.24 0.0 
80 345.03 0.87 345.9 0.314 79 222 0.32 0.0 
100 341.93 1.07 342.99 0.39 99 288 0.4 0.0 
120 337.79 1.22 339.0 0.455 117 361 0.48 0.0 
140 336.44 1.43 337.88 0.481 135 450 0.55 0.0 
160 334.15 1.79 335.94 0.515 153 520 0.62 0.0 
180 330.47 2.06 332.52 0.54 168 596 0.68 0.01 
200 329.26 2.14 331.41 0.565 185 672 0.75 0.01 
220 326.48 2.34 328.83 0.586 203 760 0.83 0.01 
240 324.81 2.43 327.24 0.607 222 846 0.9 0.01 
260 322.27 2.61 324.88 0.632 240 934 0.98 0.01 
280 319.09 2.65 321.74 0.663 259 1030 1.06 0.01 
300 318.21 2.89 321.11 0.676 271 1133 1.1 0.01 
320 316.12 3.22 319.33 0.691 288 1251 1.17 0.01 
340 313.86 3.48 317.34 0.707 306 1333 1.25 0.01 
360 310.56 3.77 314.33 0.715 325 1434 1.32 0.01 
380 308.97 3.86 312.83 0.723 343 1542 1.4 0.01 
400 308.32 4.19 312.5 0.737 359 1635 1.46 0.02 
420 307.43 4.38 311.8 0.745 373 1772 1.52 0.02 
440 304.57 4.61 309.18 0.755 389 1875 1.59 0.02 
460 303.31 4.95 308.26 0.762 407 2012 1.66 0.02 
480 301.92 5.08 306.99 0.769 420 2134 1.71 0.02 
500 301.28 5.36 306.63 0.778 437 2229 1.78 0.02 
520 298.64 5.63 304.27 0.786 452 2361 1.84 0.02 
540 295.87 5.87 301.75 0.794 466 2474 1.9 0.02 
560 294.56 6.03 300.6 0.797 482 2608 1.96 0.02 
580 293.7 6.19 299.9 0.805 499 2735 2.03 0.03 
600 293.31 6.43 299.74 0.81 515 2875 2.1 0.03 
620 290.76 6.79 297.55 0.817 531 3016 2.16 0.03 
640 288.84 7.01 295.85 0.818 549 3174 2.24 0.03 
660 286.56 7.28 293.84 0.823 564 3296 2.3 0.03 
680 285.53 7.6 293.13 0.824 578 3444 2.36 0.03 
700 284.27 7.84 292.12 0.827 589 3570 2.4 0.03 
720 283.48 8.02 291.49 0.837 604 3728 2.46 0.03 
740 282.68 8.26 290.93 0.84 623 3896 2.54 0.04 
760 281.39 8.53 289.92 0.844 639 4030 2.6 0.04 
780 281.46 8.71 290.17 0.846 655 4184 2.67 0.04 
800 279.96 8.9 288.86 0.849 671 4321 2.74 0.04 
820 278.01 9.18 287.2 0.854 687 4452 2.8 0.04 
840 276.26 9.54 285.8 0.857 700 4609 2.85 0.04 
860 276.66 9.73 286.39 0.862 717 4751 2.92 0.04 
880 275.03 10.03 285.06 0.864 733 4921 2.99 0.05 
900 272.97 10.28 283.25 0.865 747 5063 3.05 0.05 
920 272.39 10.51 282.91 0.865 760 5237 3.1 0.05 
940 271.51 10.86 282.38 0.869 775 5398 3.16 0.05 
960 270.65 11.19 281.84 0.87 789 5535 3.22 0.05 
980 269.92 11.43 281.36 0.874 802 5702 3.27 0.05 
1000 268.89 11.73 280.62 0.877 813 5871 3.31 0.05 
1020 265.83 12.09 277.92 0.879 829 6056 3.38 0.06 
1040 264.86 12.4 277.26 0.881 841 6240 3.43 0.06 
1060 264.3 12.66 276.96 0.884 856 6432 3.49 0.06 
1080 262.43 13.05 275.48 0.887 870 6594 3.55 0.06 
1100 261.28 13.39 274.66 0.889 887 6772 3.62 0.06 
1120 260.75 13.66 274.4 0.889 902 6972 3.68 0.06 
1140 259.68 13.97 273.64 0.893 914 7157 3.73 0.07 
1160 258.97 14.29 273.26 0.894 929 7334 3.79 0.07 
1180 257.11 14.6 271.72 0.894 944 7492 3.85 0.07 
1200 254.93 14.94 269.87 0.896 957 7671 3.9 0.07 
1220 254.1 15.31 269.41 0.9 975 7844 3.97 0.07 
