
0.48922056
0.44451648
0.4433416
0.46681166
0.45957845
0.4390025
0.42945576
0.4382325
0.41908455
0.4430794
0.43856347
0.42167982
0.4034275
0.42274642
0.40948138
0.40417546
0.43355444
0.4201034
0.41202292
0.4129161
0.41736004
0.4286153
0.3989658
0.4253821
0.3868211
0.40442094
0.40271375
0.39007738
0.38790253
0.4004987
0.40504652
0.41050518
0.3935842
0.40654466
0.38644662
0.40312526
0.3856049
0.39178333
0.39405966
0.3850359
0.38293236
0.37535992
0.3813347
0.36682683
0.36539373
0.3623077
0.36693043
0.3827188
0.35524604
0.36233032
0.3563765
0.35523725
0.3488699
0.3456168
0.3407803
0.3487899
0.33871794
0.33175558
0.33738497
0.3317958
0.32760012
0.3412638
0.33063653
0.3304171
0.3255016
0.31857848
0.3298055
0.3246231
0.32717043
0.3199967
0.32266334
0.31377974
0.3063703
0.31335604
0.31933933
0.311234
0.31717205
0.30204746
0.3103844
0.31106132
0.30928692
0.32197133
0.3188491
0.30825624
0.30242267
0.2993782
0.29386032
0.29839748
0.29539335
0.2967497
0.28806168
0.30278894
0.29204002
0.28895834
0.29669318
0.2809077
0.3005689
0.2873365
0.28256238
0.27754465
0.27946666
0.29078722
0.2807172
0.2734083
0.27640706
0.27441755
0.27549922
0.27237242
0.27686104
0.2650286
0.2707894
0.26519993
0.26399082
0.2748737
0.26563078
0.26882228
0.27735406
0.26603395
0.2624462
0.2631391
0.2611179
0.26818138
0.2589199
0.25717586
0.2577905
0.25680387
0.25540262
0.2589199
0.26131055
0.25765166
0.2548135
0.25914377
0.2535182
0.25310278
0.25252306
0.25648016
0.25590652
0.24838369
0.24734071
0.24585819
0.2535457
0.24275759
0.23956211
0.25254363
0.25221428
0.24058828
0.2508127
0.2422628
0.24313931
0.24543032
0.2442261
0.23947878
0.23936276
0.25229365
0.24253559
0.23330572
0.23503053
0.23745461
0.23502542
0.23890114
0.24147287
0.23832266
0.24115533
0.24388
0.23539668
0.23763703
0.23233944
0.236438
0.23798871
0.23618603
0.24164394
0.24729209
0.2426022
0.24585246
0.23944311
0.24508719
0.23350753
0.23421746
0.23639692
0.23825653
0.24662009
0.23098822
0.23692389
0.22365506
0.22225665
0.22802527
0.22495368
0.2302583
0.2282309
0.22146563
0.22720146
0.22364973
0.22773735
0.22241586
0.22968641
0.22353685
0.22345103
0.21872889
0.22054902
0.23087022
0.22464815
0.22432467
0.21461864
0.22171676
0.22012234
0.2177901
0.22280227
0.2247987
0.21954685
0.223426
0.2165679
0.21873537
0.21443598
0.21937731
0.22106688
0.21961676
0.2135801
0.22309819
0.22070271
0.2151965
0.20991492
0.20821948
0.21292149
0.21339509
0.21146025
0.21004446
0.21116817
0.20934157
0.20571078
0.20799166
0.21027747
0.2057487
0.21181032
0.210647
0.213142
0.2032844
0.20858543
0.21223351
0.20746252
0.20511372
0.21330985
0.20759907
0.20751612
0.20690283
0.2073116
0.21033841
0.21250041
0.20535968
0.20005465
0.20617233
0.20202444
0.19893946
0.20571177
0.19685444
0.20962755
0.19637926
0.19645312
0.19721901
0.20603213
0.19980673
0.20103756
0.19770764
0.20636897
0.19915405
0.19702761
0.1964278
0.21234936
0.197694
0.20219323
0.19629243
0.19694473
0.195585
0.19398506
0.19295219
0.19065107
0.1998686
0.19593023
0.19416313
0.19365874
0.19426905
0.191468
0.19469422
0.18999833
0.19105168
0.19056791
0.1826515
0.18600054
0.18776052
0.1884715
0.18769579
0.18431157
0.18534936
0.19055942
0.18574387
0.19156197
0.1943035
0.17973852
0.18584923
0.17944777
0.18443666
0.18426533
0.18493533
0.18279615
0.17962982
0.18276477
0.18151337
0.18603423
0.18051147
0.18691443
0.17541693
0.17507865
0.17690489
0.17859912
0.17624216
0.17692274
0.181075
0.18585634
0.17600627
0.17519146
0.1794905
0.17847648
0.17548382
0.17833151
0.17386371
0.17444271
0.17416948
0.17667295
0.17343035
0.16935274
0.17947415
0.18147975
0.17089747
0.17090277
0.17464493
0.17338237
0.17503096
0.17299205
0.17220813
0.1727393
0.17294449
0.17059676
0.17278343
0.168476
0.1716309
0.16928709
0.1693094
0.17207015
0.16907753
0.17477785
0.16779216
0.168356
0.17019095
0.16801578
0.16764416
0.16495112
0.16881153
0.16508217
0.17190604
0.17023025
0.16819632
0.16929348
0.16615781
0.16316658
0.16579986
0.16511826
0.17154132
0.16644622
0.16848765
0.1654906
0.16393867
0.16398267
0.16753599
0.16244215
0.16812493
0.16280268
0.16103072
0.17097698
0.16572484
0.1703694
0.16466704
0.16274764
0.16497223
0.16256753
0.16058135
0.16877174
0.16214672
0.16558766
0.16222805
0.16063328
0.16439512
0.16532576
0.16274844
0.15711631
0.16158459
0.15892245
0.16017333
0.15763114
0.15819588
0.16591452
0.15639399
0.15502816
0.15791444
0.15631486
0.15326652
0.15637213
0.15657718
0.15362588
0.15682098
0.15411043
0.15850781
0.15735663
0.15709381
0.15780516
0.15441391
0.15404347
0.15315211
0.1526258
0.15060565
0.15304834
0.15027744
0.1579929
0.15629095
0.15340796
0.15289316
0.15268329
0.15478364
0.15099087
0.15375888
0.15177472
0.15018512
0.15344223
0.14884612
0.15305841
0.15169998
0.14999318
0.15421869
0.15403457
0.15552355
0.14644988
0.1482113
0.15486942
0.14777115
0.14934196
0.14628375
0.14836966
0.14667834
0.14997475
0.14629453
0.14967209
0.14835234
0.1544259
0.1512001
0.14860019
0.15213445
0.14833082
0.14716919
0.14929622
0.14508057
0.14172569
0.14742494
0.14797635
0.14278111
0.15189342
0.14718916
0.14303927
0.14643784
0.14996798
0.14538777
0.14176644
0.14468843
0.1429462
0.1438365
0.14787754
0.14225218
0.14608735
0.14236096
0.14335142
0.14629547
0.14357044
0.14310616
0.14657634
0.14665128
0.14444102
0.1462018
0.14455141
0.14513382
0.14776024
0.14255962
0.14547107
0.14396416
0.14221491
0.14214474
0.14603202
0.14135766
0.1464768
0.1499417
0.14321639
0.14342293
0.13780941
0.14214875
0.13717452
0.14202975
0.14201678
0.13897814
0.14405893
0.14195535
0.14156775
0.14122775
0.13675304
0.14197762
0.13818243
0.1426422
0.1409601
0.13994521
0.13637169
0.13529994
0.13519837
0.13766794
0.13804173
0.13632634
0.14019299
0.13361886
0.13445894
0.13779968
0.13716485
0.1397138
0.13735536
0.13453406
0.13495111
0.1361139
0.13495834
0.13583834
0.13656633
0.13596283
0.13477619
0.13423593
0.13668154
0.13257821
0.13383293
0.13831642
0.13389081
0.13357185
0.13750696
0.14171965
0.135296
0.13388713
0.13457544
0.13256827
0.13441212
0.13504648
0.13396108
0.13867007
0.13229795
0.13195072
0.130571
0.13283566
0.13332498
0.13479511
0.1338694
0.13312465
0.13681279
0.13306443
0.1313209
0.13170935
0.13191259
0.13163552
0.13430318
0.13111351
0.12897876
0.13898553
0.12721097
0.12904336
0.12982202
0.12876843
0.1328108
0.12756513
0.12852629
0.12797652
0.12569018
0.12779874
0.12708493
0.12798275
0.12900424
0.13382211
0.13076903
0.12650484
0.13140886
0.1276852
0.124943465
0.12570645
0.1310809
0.12577072
0.12492219
0.12742233
0.12270259
0.12454643
0.12540513
0.1253002
0.12626562
0.12629114
0.12697864
0.12761879
0.1251351
0.12714878
0.1231401
0.12536304
0.124839425
0.12260519
0.12163161
0.12829958
0.13724369
0.12728377
0.12535264
0.12355073
0.12379263
0.12293542
0.12549235
0.12661363
0.121970184
0.1206749
0.12492774
0.12274357
0.12373249
0.121458605
0.122023635
0.12249344
0.12124013
0.12156437
0.12302568
0.124408945
0.11891666
0.12955531
0.11884738
0.12636137
0.121349394
0.12034413
0.12849768
0.118902884
0.12183804
0.12204343
0.122306585
0.1242905
0.11957246
0.12004637
0.12075531
0.12064116
0.122781955
0.11864278
0.119067416
0.12000824
0.12132504
0.11906523
0.12197012
0.120145455
0.120921455
0.12242132
0.123176
0.12444374
0.12062936
0.11998548
0.12120968
0.12110668
0.11744464
0.12034881
0.11994243
0.12090427
0.119078875
0.121263206
0.11994594
0.118617155
0.11871233
0.1209583
0.117899545
0.12005889
0.118146814
0.118461706
0.11559122
0.11833383
0.115446605
0.11821668
0.12042934
0.11859489
0.11969199
0.116448805
0.117269285
0.11736685
0.12008976
0.11739995
0.11693414
0.120273836
0.11689247
0.11752165
0.11658585
0.116061054
0.117741
0.117282666
0.115424596
0.11734749
0.11293836
0.11501951
0.11724014
0.11530416
0.11443888
0.11684273
0.111593865
0.1145183
0.11302368
0.11581312
0.116051055
0.113001935
0.11834046
0.112176105
0.11583796
0.115841836
0.11150938
0.116098255
0.1111309
0.113958836
0.11580072
0.112302266
0.112749495
0.116027206
0.111092955
0.11605233
0.112667434
0.11372478
0.11660188
0.11349609
0.115602344
0.11154903
0.112701826
0.11075186
0.114671364
0.111029826
0.10873237
0.112201475
0.11010671
0.11140276
0.11117647
0.11145144
0.11053403
0.11208725
0.10882461
0.11500449
0.11083101
0.11018627
0.11289429
0.10930208
0.110195056
0.108742625
0.11010246
0.11095282
0.108209014
0.10970313
0.11043765
0.10806451
0.10863554
0.11273116
0.108066455
0.114089
0.10926366
0.109992154
0.11042451
0.108790755
0.10904692
0.109647885
0.10727036
0.11024774
0.11174809
0.107055694
0.10689088
0.11022055
0.11388483
0.10899209
0.10683678
0.10921995
0.10535289
0.10584877
0.10615807
0.11033829
0.10782404
0.10718448
0.11175913
0.10681617
0.10779777
0.10958739
0.107369795
0.10846402
0.10742051
0.10878861
0.11266057
0.10759174
0.11084151
0.10927621
0.11068775
0.10873463
0.107768975
0.10905922
0.104501255
0.110146575
0.10831927
0.10860008
0.10855231
0.108399175
0.10749492
0.10940423
0.11018642
0.107843526
0.10569376
0.10597871
0.10609037
0.10981334
0.1082015
0.10919687
0.10700925
0.10689651
0.1051118
0.10569139
0.104751
0.10382514
0.1069063
0.106487334
0.103907056
0.10599433
0.10458616
0.10441846
0.10409385
0.10574005
0.10281578
0.10476652
0.105024345
0.10320389
0.10984229
0.10115828
0.104537226
0.10429184
0.106140085
0.100705564
0.10608542
0.10304178
0.10267252
0.102188446
0.10429482
0.10343632
0.10446277
0.104802385
0.105098054
0.102677345
0.104194544
0.102339454
0.10213236
0.108643465
0.101893
0.1036358
0.101998396
0.10110087
0.10245707
0.105103515
0.10214887
0.10076438
0.104163505
0.1029924
0.10233066
0.100622185
0.10284867
0.10173513
0.102661826
0.10278636
0.09966067
0.10307802
0.098898344
0.09889063
0.10001545
0.1001405
0.09923346
0.0989937
0.09929642
0.10116135
0.10064025
0.098435044
0.10075442
0.10174318
0.10024576
0.100268304
0.10124383
0.1020442
0.099499226
0.10138376
0.09898367
0.10017849
0.10014157
0.09811473
0.10297373
0.10052911
0.102722466
0.09986122
0.099957794
0.09732238
0.09787459
0.09764643
0.10239704
0.09853991
0.09776982
0.10252064
0.09982149
0.097973585
0.09971366
0.09952696
0.098944224
0.0975328
0.099914335
0.09677245
0.09747454
0.09881735
0.0955627
0.097890064
0.09667916
0.09582669
0.097659625
0.09899241
0.09653767
0.09588591
0.09775574
0.097669095
0.10179205
0.09740238
0.09891112
0.09850621
0.096751116
0.097290345
0.099020794
0.09838498
0.09544029
0.09592866
0.100632034
0.09551629
0.09709221
0.10044248
0.09757215
0.09692548
0.09461728
0.09645114
0.095011264
0.09629221
0.09728323
0.097873144
0.097404405
0.09731098
0.099726595
0.0938554
0.09780861
0.09643544
0.095536724
0.09454482
0.093218744
0.09692872
0.09376763
0.09371161
0.09521175
0.094215244
0.09733669
0.09543228
0.098852955
0.09634339
0.09314865
0.095442
0.09303713
0.094786085
0.094493456
0.09283253
0.09841065
0.09299931
0.09480312
0.09416265
0.09449404
0.09302774
0.09498375
0.09386746
0.09581123
0.0939969
0.09524522
0.093845725
0.09393406
0.095180064
0.09574991
0.09417358
0.09766049
0.09734902
0.09794801
0.09212385
0.09387582
0.09350241
0.0946479
0.09392687
0.09345134
0.098020524
0.09347253
0.09548669
0.096163474
0.09592087
0.09398651
0.09397358
0.09368907
0.09335739
0.09391065
0.09146458
0.09597202
0.09275337
0.09354024
0.09229798
0.09249767
0.0905755
0.09306293
0.091247
0.091493204
0.09345852
0.09185053
0.09182617
0.093632
0.08949367
0.09038508
0.09499118
0.09411279
0.09255012
0.09186723
0.09262679
0.09027117
0.093775965
0.09049453
0.09323705
0.09169464
0.09124868
0.09525015
0.09394525
0.090286404
0.09392033
0.092405796
0.09245377
0.09368298
0.089308776
0.08866556
0.090509824
0.090865344
0.0917721
0.09239876
0.09217369
0.08993914
0.09186579
0.090225555
0.09107958
0.0944721
0.09013587
0.089685395
0.090120584
0.089144245
0.08979923
0.09336054
0.09259533
0.090638354
0.08935127
0.09232181
0.09091267
0.09097065
0.08989958
0.08969003
0.08966862
0.09053391
0.090656176
0.09021092
0.09182346
0.09144264
0.08987907
0.090633616
0.088200994
0.0915943
0.09296688
0.0891073
0.090541095
0.088114284
0.087554276
0.08831834
0.09065723
0.089945324
0.09073666
0.08627135
0.08751931
0.0871678
0.087658875
0.09045165
0.08682386
0.09008219
0.08843555
0.08559085
0.0886764
0.089990444
0.0861654
0.089465596
0.08700607
0.08815317
0.08780973
0.08634884
0.088378035
0.09034927
0.086671434
0.08788012
0.087665714
0.08614032
0.08697566
0.08759437
0.086493544
0.08802759
0.08886162
0.08799309
0.08524466
0.087005354
0.086895995
0.08695544
0.088921934
0.08853356
0.08638362
0.08865211
0.08593876
0.08464281
0.08803878
0.08840643
0.08902459
0.088291295
0.09005447
0.08522864
0.08799016
0.085506365
0.08526028
0.08569886
0.084957525
0.08934178
0.08855678
0.086847134
0.08586499
0.083827294
0.087204665
0.08791595
0.088079326
0.084883936
0.08630148
0.08655202
0.08622698
0.08494395
0.08781711
0.08881361
0.08414852
0.08876966
0.089943804
0.08716863
0.08515015
0.08623438
0.084892325
0.08369695
0.086700685
0.08443048
0.084888935
0.08545103
0.0828301
0.08808897
0.08269728
0.08405052
0.083566025
0.08679579
0.08521522
0.085419066
0.08386722
0.083081186
0.085869625
0.08377224
0.08368551
0.08588751
0.0841622
0.08723884
0.08461353
0.08343976
0.086924754
0.087066874
0.08397771
0.08665223
0.08564462
0.0855868
0.083935805
0.08512516
0.08366354
0.08571182
0.08430065
0.084427185
0.08269997
0.08512673
0.08308936
0.08412149
0.08547009
0.08323758
0.08222025
0.08470761
0.08427179
0.08566111
0.08551933
0.083682105
0.082964085
0.08249782
0.084207565
0.08530717
0.082887284
0.08231658
0.08573624
0.0820577
0.082735725
0.08901746
0.08120176
0.08091409
0.0825814
0.08104938
0.08465977
0.08257075