20 45.15 0.45 45.6 0.592 11 32 0.98 0.11 
40 43.02 0.64 43.66 0.67 21 66 1.86 0.23 
60 41.5 0.68 42.17 0.699 26 101 2.3 0.36 
80 39.26 0.93 40.19 0.736 37 134 3.28 0.48 
100 38.56 1.18 39.75 0.765 41 168 3.63 0.6 
120 37.9 1.39 39.29 0.783 51 196 4.52 0.7 
140 36.64 1.64 38.28 0.798 59 227 5.23 0.8 
160 35.42 1.92 37.34 0.806 71 260 6.29 0.92 
180 34.93 2.16 37.09 0.828 85 292 7.54 1.04 
200 34.0 2.42 36.42 0.842 95 328 8.42 1.16 
220 33.59 2.7 36.28 0.847 106 365 9.4 1.29 
240 33.23 2.98 36.21 0.858 117 404 10.37 1.43 
260 32.76 3.22 35.98 0.866 134 442 11.88 1.57 
280 32.56 3.46 36.02 0.869 141 473 12.5 1.68 
300 32.19 3.73 35.91 0.881 157 508 13.92 1.8 
320 31.76 4.0 35.76 0.887 167 547 14.8 1.94 
340 31.26 4.24 35.5 0.892 177 584 15.69 2.07 
360 30.58 4.45 35.03 0.898 185 622 16.4 2.21 
380 29.84 4.67 34.52 0.9 197 654 17.46 2.32 
400 29.6 4.88 34.48 0.905 206 690 18.26 2.45 
420 28.99 5.09 34.09 0.91 216 725 19.15 2.57 
440 28.79 5.33 34.12 0.912 225 765 19.95 2.71 
460 28.36 5.53 33.89 0.913 237 802 21.01 2.84 
480 28.09 5.72 33.81 0.916 249 836 22.07 2.96 
500 27.77 5.92 33.69 0.92 259 875 22.96 3.1 
520 27.37 6.11 33.47 0.924 271 914 24.02 3.24 
540 26.97 6.29 33.26 0.927 282 953 25.0 3.38 
560 26.67 6.47 33.14 0.926 295 992 26.15 3.52 
580 26.45 6.68 33.13 0.928 310 1031 27.48 3.66 
600 26.32 6.87 33.19 0.93 320 1069 28.37 3.79 
620 26.16 7.1 33.26 0.931 329 1105 29.17 3.92 
640 25.96 7.33 33.29 0.935 340 1141 30.14 4.05 
660 25.45 7.49 32.93 0.937 350 1175 31.03 4.17 
680 25.11 7.68 32.79 0.938 362 1216 32.09 4.31 
700 25.22 7.87 33.09 0.94 369 1256 32.71 4.45 
720 24.95 8.11 33.07 0.941 380 1293 33.69 4.59 
740 24.83 8.32 33.15 0.941 388 1327 34.4 4.71 
760 24.51 8.53 33.04 0.943 396 1363 35.11 4.83 
780 24.38 8.75 33.13 0.946 403 1408 35.73 4.99 
800 24.23 8.92 33.16 0.946 410 1443 36.35 5.12 
820 24.18 9.12 33.31 0.947 418 1481 37.06 5.25 
840 24.02 9.36 33.38 0.947 428 1518 37.94 5.38 
860 23.76 9.55 33.31 0.947 433 1559 38.39 5.53 
880 23.64 9.71 33.34 0.949 440 1598 39.01 5.67 
900 23.63 9.9 33.53 0.95 447 1634 39.63 5.79 
