20 196.21 0.05 196.26 0.101 19 59 0.42 0.0 
40 194.26 -0.57 193.69 0.154 39 164 0.86 0.01 
60 192.37 -0.94 191.43 0.202 59 248 1.29 0.01 
80 189.96 -1.28 188.68 0.255 77 347 1.69 0.02 
100 188.2 -1.55 186.65 0.29 95 455 2.08 0.02 
120 186.84 -1.91 184.93 0.336 114 562 2.5 0.03 
140 185.07 -2.06 183.02 0.371 134 669 2.94 0.03 
160 183.45 -2.26 181.19 0.413 153 768 3.36 0.04 
180 182.11 -2.41 179.69 0.438 170 887 3.73 0.04 
200 180.29 -2.45 177.85 0.461 188 988 4.12 0.05 
220 177.58 -2.48 175.09 0.488 206 1100 4.52 0.05 
240 175.2 -2.66 172.54 0.515 224 1222 4.91 0.06 
260 174.81 -3.0 171.81 0.533 244 1330 5.35 0.07 
280 174.05 -3.18 170.87 0.554 262 1467 5.75 0.07 
300 172.89 -3.23 169.66 0.574 279 1579 6.12 0.08 
320 171.51 -3.28 168.23 0.59 297 1722 6.51 0.09 
340 169.74 -3.28 166.46 0.609 314 1847 6.89 0.09 
360 168.38 -3.34 165.03 0.618 330 1983 7.24 0.1 
380 167.09 -3.49 163.6 0.634 347 2107 7.61 0.1 
400 165.17 -3.45 161.71 0.649 365 2250 8.0 0.11 
420 164.54 -3.41 161.13 0.655 381 2390 8.36 0.12 
440 162.59 -3.35 159.23 0.665 399 2543 8.75 0.13 
460 161.41 -3.41 158.01 0.678 416 2728 9.12 0.14 
480 160.04 -3.39 156.65 0.687 432 2872 9.47 0.14 
500 158.55 -3.4 155.15 0.696 451 3051 9.89 0.15 
520 157.76 -3.42 154.34 0.706 469 3213 10.29 0.16 
540 156.58 -3.33 153.25 0.712 486 3385 10.66 0.17 
560 155.83 -3.28 152.55 0.719 505 3532 11.07 0.18 
580 155.15 -3.3 151.84 0.73 522 3706 11.45 0.18 
600 153.91 -3.19 150.73 0.742 541 3848 11.86 0.19 
620 153.31 -3.28 150.03 0.745 552 4035 12.11 0.2 
640 152.21 -3.29 148.93 0.75 569 4220 12.48 0.21 
660 151.14 -3.22 147.91 0.756 586 4384 12.85 0.22 
680 150.46 -3.11 147.35 0.759 597 4561 13.09 0.23 
700 149.41 -3.09 146.33 0.767 614 4727 13.46 0.24 
720 149.16 -3.01 146.15 0.771 628 4912 13.77 0.24 
740 148.15 -3.03 145.12 0.778 642 5081 14.08 0.25 
760 146.91 -3.02 143.89 0.777 659 5282 14.45 0.26 
780 146.38 -2.89 143.48 0.786 676 5466 14.82 0.27 
800 144.82 -2.82 142.0 0.79 689 5641 15.11 0.28 
820 145.12 -2.73 142.38 0.794 699 5838 15.33 0.29 
840 144.48 -2.67 141.82 0.797 713 6015 15.64 0.3 
860 143.51 -2.53 140.98 0.8 728 6206 15.96 0.31 
880 142.82 -2.31 140.52 0.803 746 6385 16.36 0.32 
900 142.22 -2.26 139.96 0.809 763 6591 16.73 0.33 
920 140.78 -2.1 138.68 0.811 778 6782 17.06 0.34 
940 140.79 -1.99 138.79 0.814 791 6981 17.35 0.35 
960 139.97 -1.88 138.09 0.813 805 7203 17.65 0.36 
980 138.74 -1.76 136.97 0.816 820 7412 17.98 0.37 
1000 137.84 -1.64 136.19 0.82 838 7611 18.38 0.38 
1020 136.84 -1.43 135.42 0.82 855 7785 18.75 0.39 
1040 136.17 -1.36 134.81 0.826 868 7976 19.04 0.4 
1060 135.45 -1.3 134.15 0.827 881 8185 19.32 0.41 
1080 135.76 -1.18 134.58 0.826 895 8377 19.63 0.42 
1100 134.83 -1.07 133.77 0.83 906 8559 19.87 0.43 
1120 133.93 -1.0 132.92 0.832 914 8755 20.04 0.44 
1140 133.24 -0.9 132.34 0.834 929 8975 20.37 0.45 
1160 132.7 -0.78 131.93 0.838 945 9176 20.72 0.46 
1180 131.98 -0.66 131.32 0.838 959 9387 21.03 0.47 
1200 131.39 -0.57 130.83 0.84 977 9577 21.43 0.48 
1220 130.78 -0.39 130.4 0.842 991 9757 21.73 0.49 
1240 129.97 -0.26 129.71 0.844 1006 9963 22.06 0.5 
1260 130.18 -0.2 129.98 0.845 1018 10187 22.32 0.51 
1280 129.44 -0.03 129.41 0.847 1034 10390 22.68 0.52 
1300 128.05 0.12 128.17 0.849 1051 10563 23.05 0.53 
1320 128.27 0.07 128.33 0.851 1065 10793 23.36 0.54 
1340 127.37 0.3 127.67 0.849 1080 11012 23.68 0.55 
1360 126.85 0.48 127.33 0.852 1092 11224 23.95 0.56 
1380 126.34 0.61 126.95 0.855 1107 11441 24.28 0.57 
1400 125.36 0.76 126.12 0.856 1124 11671 24.65 0.58 
1420 125.12 0.94 126.06 0.857 1137 11915 24.93 0.59 
1440 124.27 1.06 125.33 0.859 1147 12129 25.15 0.6 
1460 124.02 1.19 125.22 0.858 1162 12342 25.48 0.61 
1480 122.96 1.39 124.35 0.86 1178 12539 25.83 0.62 
1500 122.17 1.42 123.58 0.861 1191 12752 26.12 0.63 
1520 121.92 1.5 123.42 0.863 1203 12943 26.38 0.64 
1540 121.16 1.7 122.85 0.864 1215 13166 26.64 0.65 
1560 121.23 1.72 122.94 0.862 1227 13367 26.91 0.66 
1580 120.64 1.95 122.6 0.865 1239 13542 27.17 0.67 
1600 119.83 2.17 122.0 0.868 1253 13743 27.48 0.68 
1620 119.36 2.29 121.65 0.869 1264 13954 27.72 0.69 
1640 118.84 2.47 121.3 0.87 1279 14148 28.05 0.7 
1660 118.49 2.6 121.09 0.873 1291 14385 28.31 0.72 
1680 118.2 2.79 120.99 0.871 1301 14611 28.53 0.73 
1700 118.18 2.89 121.07 0.873 1312 14831 28.77 0.74 
1720 117.57 3.09 120.66 0.875 1327 15033 29.1 0.75 
1740 116.77 3.34 120.11 0.874 1343 15268 29.45 0.76 
1760 116.72 3.56 120.29 0.875 1354 15500 29.69 0.77 
1780 116.17 3.67 119.84 0.876 1366 15706 29.96 0.78 
1800 115.37 3.92 119.29 0.876 1378 15930 30.22 0.79 
1820 114.85 4.14 118.99 0.877 1389 16143 30.46 0.8 
1840 114.2 4.44 118.64 0.878 1401 16339 30.72 0.81 
1860 113.58 4.6 118.18 0.879 1412 16582 30.96 0.82 
1880 113.32 4.7 118.02 0.88 1425 16805 31.25 0.84 
1900 112.4 4.89 117.3 0.88 1440 17023 31.58 0.85 
1920 112.21 5.04 117.24 0.881 1456 17254 31.93 0.86 
1940 111.63 5.2 116.83 0.883 1466 17510 32.15 0.87 
1960 110.9 5.34 116.24 0.884 1479 17736 32.43 0.88 
1980 110.57 5.51 116.08 0.884 1491 17951 32.7 0.89 
2000 110.46 5.75 116.21 0.885 1506 18178 33.03 0.9 
2020 110.05 5.93 115.98 0.885 1519 18402 33.31 0.92 
2040 109.78 6.16 115.94 0.886 1530 18627 33.55 0.93 
2060 108.83 6.4 115.24 0.888 1539 18834 33.75 0.94 
2080 108.65 6.62 115.26 0.887 1552 19074 34.04 0.95 
2100 107.83 6.8 114.62 0.889 1563 19302 34.28 0.96 
2120 107.74 6.97 114.71 0.89 1578 19509 34.61 0.97 
2140 106.99 7.17 114.16 0.89 1588 19730 34.82 0.98 
2160 106.84 7.34 114.18 0.892 1603 19946 35.15 0.99 
2180 106.21 7.5 113.71 0.891 1615 20164 35.42 1.0 
2200 106.09 7.68 113.77 0.893 1624 20380 35.61 1.01 
2220 105.66 7.84 113.49 0.89 1633 20641 35.81 1.03 
2240 104.81 8.05 112.86 0.893 1644 20885 36.05 1.04 
2260 104.87 8.25 113.12 0.894 1652 21121 36.23 1.05 
2280 103.96 8.52 112.48 0.894 1666 21338 36.54 1.06 
2300 103.75 8.63 112.38 0.896 1677 21554 36.78 1.07 
2320 103.31 8.74 112.05 0.896 1689 21777 37.04 1.08 
2340 103.34 8.92 112.26 0.897 1700 22019 37.28 1.09 
2360 102.86 9.05 111.92 0.898 1713 22254 37.57 1.11 
2380 102.28 9.23 111.52 0.898 1726 22474 37.85 1.12 
2400 101.79 9.48 111.27 0.898 1739 22681 38.14 1.13 
2420 101.67 9.63 111.3 0.9 1749 22917 38.36 1.14 
