
0.17327599
0.16948013
0.15912092
0.15369718
0.14689718
0.15157002
0.14971186
0.14363347
0.156376
0.14314117
0.12994136
0.14076155
0.13387623
0.13078675
0.12885007
0.12968773
0.12700738
0.12852818
0.13254821
0.12486361
0.12629247
0.12764612
0.12408057
0.12523405
0.12955515
0.122472614
0.123905696
0.12104729
0.12245984
0.11851823
0.1211904
0.117294826
0.116077326
0.12142182
0.120229654
0.11588271
0.1216855
0.11692581
0.11979402
0.11722438
0.11914073
0.11902225
0.117990956
0.11463684
0.11840911
0.11436317
0.115870245
0.11623048
0.11764776
0.11354254
0.11476081
0.113698654
0.11431076
0.11227391
0.112216204
0.11431876
0.11345919
0.113919206
0.110322386
0.11154832
0.1105012
0.10907699
0.1092679
0.10755341
0.1072322
0.10843331
0.10512623
0.10549125
0.10585171
0.10713109
0.10535066
0.107647456
0.10479656
0.10380923
0.1030257
0.102217585
0.104194
0.101912685
0.10364357
0.101414986
0.106120974
0.10484663
0.10138088
0.10168823
0.1012112
0.10154044
0.0989211
0.100304365
0.09919639
0.100206904
0.09891685
0.096597016
0.100743465
0.09849995
0.099725015
0.100798436
0.099216744
0.09992656
0.09767849
0.09840234
0.0992272
0.09695344
0.09629085
0.102377705
0.0992494
0.09651755
0.09748956
0.094840355
0.09635649
0.09662328
0.096444175
0.10038167
0.094730765
0.097003415
0.09652558
0.094167806
0.09387881
0.0921601
0.095005885
0.09178663
0.09098136
0.088845775
0.08950989
0.08996759
0.08948698
0.09189245
0.089912325
0.089351445
0.09125005
0.08849624
0.09012452
0.089003086
0.086821675
0.09065881
0.08461683
0.088662595
0.08629254
0.08824086
0.08934771
0.087604724
0.08670074
0.088903226
0.09008974
0.08572896
0.0853561
0.08784569
0.086679004
0.08563768
0.08501696
0.087695986
0.084950946
0.08312848
0.08544676
0.084809534
0.08263064
0.084138006
0.08521615
0.08614798
0.08440587
0.083718054
0.08336749
0.08383883
0.08458495
0.08439789
0.08464824
0.083164714
0.08376454
0.08299673
0.08121208
0.08208662
0.08030841
0.08166869
0.08407297
0.08175686
0.0815172
0.080648
0.079377204
0.07986179
0.080318294
0.07953153
0.08050663
0.07942568
0.08245765
0.08038138
0.07874745
0.07881844
0.08062371
0.078093365
0.08127365
0.08027032
0.078629434
0.079981126
0.080975436
0.078877866
0.07702797
0.081233814
0.076388575
0.07854268
0.07486303
0.0765804
0.07626566
0.076512635
0.07685615
0.07719491
0.075601526
0.07502182
0.07955898
0.07465308
0.07537164
0.07503945
0.07571413
0.07478925
0.07304251
0.075908475
0.07376497
0.074547075
0.07607109
0.07419905
0.07400156
0.073676586
0.07253033
0.07343532
0.07208938
0.07268554
0.07302411
0.07366427
0.07202863
0.07269645
0.07474562
0.07213579
0.07212148
0.07087741
0.07482766
0.070254095
0.07069212
0.07158458
0.07080656
0.07030228
0.070966154
0.06918589
0.06977094
0.06971263
0.07044641
0.0685911
0.069868095
0.06993734
0.069670655
0.073086776
0.06723333
0.06848191
0.06786477
0.07012678
0.06673507
0.06595756
0.0671588
0.066269204
0.06786525
0.06795072
0.06830395
0.067187704
0.06641892
0.06837103
0.06753694
0.067049466
0.06727576
0.06740706
0.06690274
0.066759996
0.06600338
0.06732265
0.06662159
0.067029886
0.06634953
0.06644398
0.0666262
0.065794386
0.06630086
0.06616608
0.0652571
0.06848834
0.06672112
0.066576175
0.06592264
0.0657699
0.0659925
0.0650783
0.06848634
0.064542644
0.064764485
0.06365203
0.06524412
0.06426338
0.06401492
0.0642646
0.0643301
0.0649775
0.06430161
0.06794811
0.06531966
0.06361913
0.06380462
0.06263552
0.06340267
0.06296754
0.062216967
0.0625009
0.061586116
0.06219844
0.06202496
0.06200714
0.062644795
0.06374864
0.062117856
0.06366742
0.06199641
0.061578743
0.060602628
0.062007967
0.06196087
0.061751176
0.062353965
0.06261154
0.06202479
0.062414303
0.061713777
0.06185088
0.063434824
0.062259812
0.060945045
0.06113766
0.06138346
0.06229539
0.062341455
0.061170172
0.061427735
0.06020933
0.060831387
0.059064064
0.059940446
0.060319155
0.058794588
0.05964339
0.05895301
0.058318198
0.05793536
0.060377013
0.058284003
0.06021551
0.05789922
0.059252463
0.05900021
0.059266396
0.059492026
0.058471512
0.059261326
0.05715649
0.05776457
0.057731297
0.058243494
0.058154404
0.057284515
0.05737823
0.05861557
0.05927128
0.0575754
0.058829438
0.057907663
0.05760932
0.05788151
0.05654876
0.057907645
0.057937838
0.05840121
0.058093727
0.058640864
0.056927957
0.058656532
0.05873634
0.057115797
0.058009654
0.05845995
0.056268368
0.0568357
0.057183
0.057531465
0.05571067
0.057066828
0.05548625
0.056533836
0.055160455
0.057043575
0.055962365
0.05560617
0.055976983
0.0559065
0.05708034
0.05632553
0.053860046
0.05444074
0.053961515
0.054457232
0.05415058
0.055813655
0.056453638
0.05611935
0.054153427
0.054392677
0.05483088
0.054904826
0.054748874
0.054302435
0.053730834
0.054899964
0.057850216
0.05657142
0.0539913
0.054801647
0.052955754
0.05346701
0.053893752
0.055851527
0.05246251
0.053090863
0.05326636
0.053036585
0.05236073
0.052342817
0.053020902
0.054955516
0.05158626
0.05216241
0.052827593
0.05351676
0.052201416
0.05283556
0.053583458
0.052113447
0.052115593
0.05171057
0.05298721
0.051430546
0.05203834
0.052344233
0.05129634
0.051451635
0.052214134
0.050964683
0.05092567
0.050561875
0.05194209
0.05024257
0.05096247
0.051613793
0.051014666
0.05128258
0.05186618
0.050417647
0.0503475
0.049976792
0.050481778
0.050546467
0.050693374
0.04989506
0.049833357
0.049963623
0.04921188
0.050412793
0.05069474
0.050686166
0.050520923
0.049487535
0.049800362
0.049674083
0.048721705
0.049425334
0.049532343
0.048948113
0.048855387
0.050733343
0.049367867
0.04996802
0.049023043
0.04925291
0.049172956
0.048758645
0.050111767
0.04960189
0.04781161
0.049002476
0.049299456
0.049809657
0.050735608
0.049040493
0.050713196
0.04886846
0.049733352
0.050115913
0.04851085
0.049017854
0.049862396
0.04803706
0.047275025
0.049195908
0.04821278
0.04748614
0.047804125
0.048186667
0.049478196
0.048312884
0.047524344
0.04831977
0.047863588
0.049287762
0.047311656
0.04831821
0.047596164
0.04682183
0.04757364
0.047175717
0.046010535
0.046313636
0.04635346
0.045793545
0.046631448
0.046285704
0.04736802
0.045701448
0.047612082
0.046686534
0.045863032
0.046079196
0.046528745
0.044808086
0.046578925
0.04594522
0.04564703
0.04657465
0.04613716
0.04731519
0.046672154
0.04628469
0.045248423
0.044924285
0.046801805
0.045964956
0.04556118
0.046688754
0.046586666
0.046631895
0.045709558
0.045451038
0.046145026
0.046047837
0.045811325
0.04499037
0.045517184
0.04502109
0.044323236
0.045501027
0.044810157
0.04628079
0.045551077
0.045487072
0.046351768
0.044703525
0.04628134
0.04475621
0.04651031
0.045172367
0.04554289
0.04528797
0.04649299
0.044267476
0.04415822
0.04480528
0.043508817
0.044226278
0.04332696
0.044632334
0.04397245
0.043142926
0.04362223
0.045673598
0.045571893
0.0448102
0.04447353
0.046398655
0.0457129
0.044092264
0.04690825
0.044267405
0.043696083
0.044165462
0.043984115
0.045066517
0.043660335
0.043565825
0.043635394
0.04375179
0.04393778
0.043320913
0.04286782
0.04338005
0.042383995
0.042860553
0.043097883
0.042059623
0.043306157
0.04287277
0.043964878
0.04212162
0.04303217
0.04417509
0.043405116
0.043365944
0.04337596
0.04324186
0.04259468
0.042291652
0.042640597
0.04286046
0.04367329
0.043691393
0.04286567
0.042859364
0.04448487
0.042570002
0.04248785
0.044579785
0.043235738
0.043599825
0.042281218
0.04364685
0.04358903
0.042888183
0.04241308
0.042501457
0.041412465
0.04241244
0.042381156
0.04215457
0.04322828
0.04197335
0.04218145
0.04171898
0.041848626
0.042654093
0.041824162
0.04162763
0.04093362
0.04250862
0.04129813
0.04233929
0.042959314
0.041258562
0.042288322
0.04313494
0.04061177
0.040763162
0.041810438
0.04264482
0.041957892
0.04375431
0.04148402
0.040894866
0.040476542
0.04003172
0.039698023
0.04115144
0.041008912
0.041680526
0.040499713
0.04087441
0.040508796
0.040825896
0.040074673
0.0394838
0.040414363
0.039829973
0.04042018
0.039578542
0.041983087
0.04097975
0.040475957
0.04126046
0.040136725
0.040024552
0.040757984
0.039996605
0.040673938
0.039625432
0.040346894
0.039910838
0.04049293
0.039585177
0.040336862
0.040398516
0.040122468
0.039791882
0.039559532
0.040129855
0.04006704
0.039415948
0.03949613
0.039237414
0.039991375
0.03979765
0.04150273
0.039645214
0.040892005
0.03904237
0.039088447
0.04063974
0.0393587
0.039400425
0.03980992
0.03905845
0.03905883
0.03943027
0.039351527
0.039424285
0.03930552
0.03800342
0.03947982
0.03984729
0.039960172
0.04092423
0.038763985
0.038840886
0.038634855
0.040172383
0.03903589
0.038763978
0.03900598
0.038483545
0.038481977
0.038532883
0.038090196
0.038749106
0.038801793
0.03838433
0.03904687
0.039331988
0.03770727
0.03873393
0.039624117
0.038585674
0.038592793
0.038836475
0.03809514
0.03787584
0.038827922
0.038064994
0.038349
0.03753583
0.03823672
0.038292147
0.037750512
0.038061548
0.039458532
0.038246326
0.038205124
0.037541393
0.038417947
0.037949976
0.038454223
0.038019426
0.03749504
0.03768865
0.03724548
0.03804072
0.038063366
0.038184065
0.038177356
0.038850743
0.037958976
0.037725717
0.036959767
0.037705407
0.036932305
0.038259227
0.03678743
0.03765786
0.038417727
0.03882672
0.03774934
0.037388716
0.037346248
0.038393717
0.03697792
0.03686442
0.03763772
0.037735067
0.03735922
0.036596444
0.036884755
0.036727194
0.03736551
0.03612514
0.037702054
0.03751351
0.036960114
0.037305005
0.036337256
0.0358668
0.03704678
0.037323628
0.037705846
0.035921317
0.037447136
0.03627147
0.036635112
0.03611928
0.035926584
0.037597362
0.036334686
0.03649133
0.03598046
0.037467998
0.037175495
0.03648721
0.035552893
0.037867684
0.035542056
0.035893332
0.03558061
0.035532422
0.035567973
0.03577363
0.035658292
0.03534147
0.03611533
0.03592719
0.03635358
0.036049504
0.03657316
0.036366526
0.036758754
0.0364728
0.035968963
0.035553712
0.035309236
0.036155272
0.03597353
0.036479827
0.036013976
0.035746414
0.03527952
0.035747927
0.036495242
0.035884354
0.035781916
0.035719384
0.03654724
0.037230674
0.03555747
0.03539511
0.035180252
0.034993198
0.037276525
0.036845338
0.035928376
0.035298012
0.036387153
0.03479721
0.034829445
0.03521659
0.035821617
0.034981463
0.035838205
0.035377137
0.035614163
0.03518352
0.034882225
0.034993913
0.03501662
0.035165556
0.035151087
0.0363525
0.034727704
0.034903772
0.036070045
0.03472699
0.035948727
0.03726703
0.035880066
0.03533335
0.03545774
0.034892607
0.035191618
0.03607116
0.034612905
0.03421003
0.03399361
0.03580897
0.033828735
0.034911487
0.03354517
0.034980588
0.034480333
0.03438489
0.034694996
0.034147374
0.03465583
0.03474005
0.034267046
0.034249768
0.034808405
0.034573603
0.035073858
0.033984
0.033986114
0.034593374
0.034267437
0.034257397
0.033843778
0.03474009
0.034701057
0.03346029
0.03330382
0.034272954
0.034283105
0.034189448
0.03352791
0.033382367
0.034181055
0.033191547
0.033885412
0.0335344
0.0336556
0.03346689
0.033022758
0.033333723
0.033410147
0.033746876
0.034444377
0.033158947
0.03321725
0.03478094
0.033368547
0.03409181
0.033696346
0.03367241
0.035016112
0.033591054
0.033359654
0.03430289
0.03369218
0.033903223
0.03392319
0.034050837
0.033042256
0.034260947
0.03386964
0.033478506
0.033205338
0.033845603
0.03387591
0.033506323
0.03421062
0.032678593
0.032886747
0.034766063
0.03294425
0.03329194
0.03284531
0.03437655
0.032346476
0.034107808
0.03417885
0.03373488
0.03304251
0.035216454
0.032739293
0.03357738
0.032367334
0.0335848
0.03287497
0.033309653
0.033025198
0.032761782
0.03342435
0.033404965
0.033205237
0.03272307
0.03296589
0.033437613
0.033132933
0.03281042
0.032978445
0.03277717
0.03307553
0.032840937
0.032244943
0.03231339
0.032147545
0.032178123
0.03311463
0.033636685
0.03239387
0.032236367
0.03231241
0.03265661
0.033116255
0.03253761
0.032850347
0.032643516
0.03273317
0.033507418
0.032157306
0.03316308
0.032388534
0.033736587
0.032344878
0.033410788
0.03214039
0.031750627
0.032193225
0.03232399
0.031973906
0.033226997
0.03203313
0.031803884
0.032095015
0.03265935
0.032691963
0.0321406
0.032749765
0.03176355
0.03290576
0.031685047
0.031699747
0.032096237
0.03157238
0.031921335
0.031476945
0.032781526
0.031484175
0.03232424
0.031778485
0.032742437
0.031481594
0.03190117
0.031262282
0.032184318
0.03210717
0.031762518
0.03133008
0.031777874
0.031705495
0.03229382
0.032215066
0.032812703
0.032361172
0.031981673
0.031886794
0.032236844
0.032449152
0.031950112
0.031842243
0.031709235
0.031798095
0.032036092
0.03258187
0.031272955
0.031175287
0.031848136
0.032325193
0.03153204
0.032314617
0.031929772
0.031130208
0.03178851
0.031785853
0.031183667
0.030886114
0.031650916
0.03194839
0.031351317
0.03245642
0.032040194
0.0326603
0.032603707
0.03207755
0.03179323
0.03137828
0.031594735
0.03160455
0.031572457
0.030849593
0.031670965
0.030964311
0.031460647
0.03051899
0.031616867
0.03093858
0.03122635
0.031661037
0.03137148
0.03154347
0.03243344
0.030842932
0.03117224
0.03102457
0.031243157
0.030587148
0.030682787
0.030862032
0.031647705
0.03094263
0.030784084
0.031284835
0.031756345
0.030500365
0.030630548
0.030313266
0.030531056
0.030540584
0.03072156
0.031094221
0.031249993
0.030531395
0.030317292
0.031936407
0.030717095
0.030474298
0.030577557
0.029675463
0.03150147
0.030329442
0.030325452
0.03117533
0.03058917
0.030490499
0.03123502
0.03086657
0.03013492
0.030998414
0.030509247
0.030479973
0.030240126
0.030182548
0.03273118
0.029750096
0.030350942
0.030863835
0.030396704
0.031056374
0.030509798
0.029995294
0.031775884
0.03034506
0.031073038
0.030294014
0.03042933
0.031140164
0.030140083
0.030102823
0.030396193
0.02989293
0.030020807
0.030429266
0.029540021
0.030969845
0.030445207
0.03061261
0.030127551
0.030125823
0.030893236
0.030804433
0.030298257
0.030794013
0.031000003
0.030315852
0.030245367
0.030744156
0.029615372
0.029820329
0.0298424
0.030596083
0.029730562
0.029285591
0.030197449
0.030402739
0.030076705
0.030666605
0.030056464
0.029942444
0.029804027
0.029613527
0.030907165
0.02952182
0.02948384
0.029773895
0.030192235
0.029802693
0.030363614
0.029627465
0.029329492
0.030354388
0.030482154
0.029470792
0.029475298
0.029422594
0.02995336
0.029651463
0.029275097
0.029463338
0.029611113
0.030135723
0.029339833
0.030010365
0.029447401
0.02940349
0.02889707
0.029171621
0.029685834
0.029695092
0.029601984
0.029426679
0.029241405
0.02921673
0.029470973
0.028705217
0.029670691
0.029059159
0.029435582
0.029997772
0.02881962
0.029363766
0.028783118
0.02881184
0.028901318
0.028892696
0.0291493
0.028630475
0.028959354
0.029129269
0.028746475
0.029752422
0.028441247
0.028691642
0.028906744
0.029276844
0.029297374
0.029482167
0.029152313
0.029202621
0.030009655
0.029631268
0.028750837
0.028347224
0.028624006
0.029492535
0.030221347
0.028156519
0.029161543
0.028934004
0.02942504
0.029175792
0.029798996
0.029035563
0.028738294
0.028696654
0.029149896
0.028250642
0.029019494
0.030051976
0.02907778
0.028774079
0.028960105
0.028836144
0.028754981
0.029339284
0.028492678
0.029722057
0.028222835
0.028407194
0.029325085
0.02866202
0.028933894
0.028375648
0.029212214
0.028446034
0.028282885
0.02902691
0.02805875
0.027879577
0.028240992
0.028477512
0.028571043
0.0294545
0.028203998
0.028152538
0.028246053
0.028138788
0.028624553
0.028039277
0.028829042
0.028794441
0.028921712
0.02817722
0.028224032
0.028396064
0.028619055
0.027958114
0.028223857
0.028904831
0.02877697
0.028177023
0.02887434
0.028068522
0.027714135
0.02826582
0.028803628
0.027997226
0.028137723
0.028040735
0.02824704
0.02873384
0.027906828
0.028218562
0.028518688
0.02862479
0.027665181
0.028991517
0.027720397
0.029031044
0.02882211
0.029120253
0.028605448
0.028187528
0.028178155
0.028148282
0.028089033
0.0286447
0.029293746
0.027578333
0.027959745
0.028272208
0.02808698
0.027907236
0.028476937
0.028566228
0.028298168
0.02795094
0.02883165
0.02788751
0.028448394
0.028027263
0.028430924
0.028223105
0.027913183
0.027530875
0.0289013
0.028153272
0.027749078
0.02752484
0.027862508
0.028111968
0.02827851
0.029121779
0.028399073
0.027712144
0.028322924
0.027696969
0.027762536
0.027705826
0.028250499
0.027870726
0.027839052
0.027624294
0.027619937
0.02734091
0.027519982
0.02693883
0.027110968
0.027673142
0.026882665
0.027780851
0.02762559
0.02778692
0.027695905
0.027309574
0.027246121
0.027153106
0.026859466
0.027051587
0.026985014
0.027165692
0.0275109
0.02808819
0.027305538
0.028132346
0.02726802
0.026999535
0.026907608
0.027043594
0.028217217
0.027381847
0.027504131
0.026813522
0.02710423
0.027354939
0.027946968
0.026971372
0.026735403
0.027687822
0.026731707
0.027948765
0.027395712
0.027600879
0.026918635
0.026497964
0.026472237
0.02668999
0.02730334
0.026925014
0.02679791
0.026989685
0.027932564
0.027960094
0.026731154
0.02629498
0.027289465
0.027859021
0.026807562
0.026840996
0.026535224
0.026831811
0.026500428
0.027529312
0.026531123
0.02624044
0.026625574
0.02636971
0.02735111
0.026660904
0.026636576
0.026469704
0.02679161
0.026345003
0.026321903
0.027975844
0.02735583
0.026946213
0.027125888
0.027090108
0.026915854
0.027125757
0.02661051
0.02716729
0.026637545
0.027178904
0.026489785
0.026982198
0.02630866
0.026920272
0.026352473
0.026520463
0.02645732
0.026602894
0.026502302
0.026899608
0.026479071
0.026307821
0.027345799
0.02621757
0.02642026
0.026888784
0.027136626
0.02668156
0.026574463
0.026376799
0.026401117
0.026407585
0.0271588
0.02641831
0.026025288
0.026785359
0.026200686
0.02581437
0.02672212
0.026470255
0.026188407
0.026389923
0.026090184
0.026801562
0.026375305
0.026052555
0.026200522
0.026414094
0.026056899
0.026038336
0.026455402
0.026062531
0.026860328
0.02558714
0.025910461
0.026349932
0.025871886
0.025755787
0.025731135
0.025926817
0.026054282
0.026097346
0.026195282
0.026470182
0.02662881
0.0257058
0.026931828
0.025880149
0.026837533
0.025991712
0.025787044
0.02611544
0.026392706
0.026811363
0.025685769
0.02591614
0.025798697
0.026184624
0.027042616
0.02566419
0.026582072
0.02595184
0.026917925
0.025825245
0.026440436
0.025804207
0.025093248
0.025573747
0.025799694
0.02681863
0.025607836
0.026047194
0.025707537
0.026227213
0.025941353
0.026187636
0.025496285
0.025670556
0.025780955
0.025867885
0.025269357
0.025685823
0.027459953
0.025350837
0.025214206
0.02562724
0.025714254
0.025208209
0.026326573
0.02692845
0.026463335
0.02585947
0.025687555
0.02684009
0.02533535
0.025859786
0.02560186
0.025827466
0.025496371
0.02583615
0.025657
0.025436569
0.025773657
0.025044326
0.026122047
0.025915941
0.026485745
0.025606316
0.0253804
0.025481297
0.025397306
0.025721347
0.024689222
0.02519609
0.025690023
0.02542892
0.025804803
0.025688587
0.025532978
0.026043756
0.025755681
0.025574554
0.025943737
0.025521416
0.026494069
0.025303083
0.02543586
0.024650067
0.024943186
0.025887858
0.025413742
0.025995648
0.026365153
0.024909504
0.025753925
0.024913553
0.025627134
0.025582626
0.025248665
0.025949443
0.025678165
0.025583498
0.025559155
0.026864681
0.0252726
0.025126217
0.025963297
0.025601279
0.02562436
0.024842087
0.025056344
0.025132813
0.024835622
0.025638418
0.024972005
0.025354307
0.025220845
0.02509427
0.024728633
0.024662502
0.025633635
0.025107486
0.025228048
0.025369976
0.024454042
0.025897412
0.025298687
0.024510127
0.024408342
0.024798019
0.02528856
0.025118861
0.024978632
0.025397044
0.024423135
0.026126748
0.025070136
0.025403723
0.024550917
0.02511547
0.025021581
0.025824532
0.024666838
0.02534135
0.024721188
0.025203312
0.025459867
0.024533492
0.02485767
0.025007665
0.025422115
0.025425097
0.025079386
0.02532831
0.025604824
0.025536135
0.02517
0.024688367
0.025376812
0.02467054
0.025055904
0.025135325
0.024598503
0.025509838
0.025054678
0.025023714
0.025054503
0.024732132
0.02432716
0.024471404
0.025137674
0.024060428
0.024126818
0.025025977
0.024866536
0.025647271
0.024730835
0.024914512
0.024527313
0.024761828
0.024648769
0.024971813
0.024559313
0.023736604
0.024392962
0.024013257
0.024681129
0.02487238
0.025339428
0.024133105
0.024229035
0.025324512
0.024600374
0.025105044
0.024730751
0.02472834
0.024348322
0.024358181
0.024428548
0.024456888
0.024023283
0.024617385
0.024359172
0.024084255
0.024423722
0.024362857
0.024840752
0.024165697
0.02457343
0.024572523
0.024837304
0.024288738
0.023801673
0.02384844
0.024032593
0.024390614
0.023740813
0.024060238
0.024395293
0.024090055
0.023914717
0.024702054
0.023837002
0.024771595
0.02514592
0.024951905
0.024151573
0.02408284
0.024328481
0.024625165
0.023850493
0.024603277
0.024683535
0.02509593
0.024073405
0.024061883
0.024223322
0.02449935
0.025044382
0.023945706
0.024416864
0.023966422
0.023935065
0.024085343
0.024381187
0.02360177
0.02388931
0.024480801
0.023836713
0.024025025
0.024042107
0.024115892
0.023400353
0.023741664
0.024118554
0.024861863
0.02408977
0.02453858
0.024914147
0.024095658
0.02433288
0.024333075
0.02380544
0.024311885
0.024416734
0.024260683
0.024230903
0.024889769
0.02417603
0.023994427
0.024155771
0.023873994
0.024225771
0.023795987
0.024576435
0.024636883
0.02385443
0.024053633
0.024369732
0.02380136
0.023355564
0.0243509
0.02374684
0.024088252
0.024311632
0.024238529
0.024382154
0.024782637
0.023786873
0.023447007
0.024334755
0.02428422
0.023675878
0.023927247
0.023457065
0.02348755
0.02350392
0.023687137
0.024212264
0.024139505
0.023896363
0.02415497
0.024276726
0.023361506
0.023813331
0.024060803
0.023810105
0.024166225
0.022990055
0.02481215
0.023879122
0.023533814
0.023663921
0.023652596
0.02421521
0.023556698
0.023756182
0.023805961
0.023407103
0.023397872
0.024006657
0.023516428
0.024291718
0.023940051
0.023895923
0.023833208
0.024194311
0.024016645
0.023723898
0.023238292
0.023297936
0.023954246
0.024311861
0.024129085
0.024922451
0.02418254
0.023261638
0.023447014
0.023724202
0.023009278
0.023548054
0.023661517
0.023206579
0.02383088
0.023577321
0.023486365
0.023593955
0.023552889
0.024257427
0.023170402
0.023428375
0.02281202
0.023062058
0.023362253
0.02411113
0.023243237
0.022924012
0.023496924
0.023340898
0.023632528
0.023470426
0.022969546
0.02356758
0.02364955
0.023719398
0.023256795
0.023607658
0.023664296
0.023313604
0.023283971
0.022966381
0.0230473
0.02365739
0.02354013
0.024729418
0.02333425
0.023201304
0.023268146
0.02369754
0.02301903
0.022962648
0.023282832
0.023013582
0.023904748
0.023136202
0.022793233
0.023271224
0.022916086
0.023219194
0.023130452
0.022697141
0.022980075
0.023032408
0.02362882
0.02268738
0.02294913
0.023218118
0.022677142
0.022755465
0.023741258
0.022786891
0.023358224
0.02375126
0.023381356
0.023289384
0.02244828
0.022937637
0.022680352
0.023264715
0.022794846
0.023304114
0.023672348
0.023060897
0.024106348
0.023424067
0.023008812
0.023025118
0.023609057
0.023405667
0.023406278
0.022755992
0.023114152
0.023421083
0.022850508
0.02295986
0.023296274
0.02323527
0.022856625
0.022733562
0.023340948
0.023178883
0.023767766
0.022829033
0.023526885
0.023481918
0.023131128
0.022988586
0.022763565
0.022999968
0.024208503
0.022414833
0.022438006
0.023408841
0.022052426
0.02283986
0.023837963
0.022469725
0.02264369
0.02240078
0.023038507
0.023254815
0.022874253
0.0231214
0.022398837
0.022740537
0.023655562
0.022855889
0.022621477
0.022914989
0.022859782
0.02274204
0.022726918
0.022583488
0.022962473
0.022736888
0.02322429
0.02242137
0.023078645
0.0227734
0.022497673
0.022811403
0.022855343
0.02233878
0.022979854
0.02330595
0.022976372
0.023143763
0.022917118
0.022814691
0.022280037
0.02278119
0.02313404
0.022732664
0.023856906
0.022455964
0.023950452
0.022495864
0.022297615
0.022635685
0.022992326
0.023030652
0.023515575
0.022810685
0.024245681
0.022757694
0.023529207
0.02256606
0.022375405
0.022550387
0.022342518
0.022646794
0.02268316
0.023014585
0.022543332
0.02242866
0.022836732
0.022436183
0.022683743
0.022188216
0.022854604
0.022600707
0.023486163
0.022458266
0.022824332
0.022602322
0.023167357
0.023550041
0.02294134
0.022342239
0.022449803
0.022225123
0.022350844
0.022460852
0.022482352
0.021995142
0.022699563
0.023363516
0.02337633
0.022824133
0.022515548
0.022065941
0.02240949
0.023105035
0.02250107
0.022429252
0.02213881
0.022406211
0.02235973
0.02272232
0.023158187
0.022582205
0.023026276
0.023008194
0.022385838
0.022116859
0.022231111
0.022493608
0.022372765
0.022198882
0.022377422
0.022681037
0.022461962
0.022049323
0.022515884
0.022212537
0.022321196
0.023492927
0.02222373
0.022765176
0.022539252
0.021911696
0.02241508
0.022714328
0.022323951
0.022353996
0.0228307
0.022029268
0.0229397
0.022385266
0.02231117
0.023014288
0.022682875
0.021740744
0.022435654
0.022016687
0.02174643
0.022472708
0.022322318
0.022205539
0.021843992
0.0219628
0.022324689
0.02189362
0.022115735
0.022360269
0.021828853
0.022058176
0.022922961
0.02169677
0.022250993
0.022572698
0.022316173
0.022053696
0.021749547
0.02180186
0.022273313
0.022706155
0.022338947
0.02168131
0.022054793
0.021915542
0.022241477
0.022103215
0.021917393
0.02221024
0.021718243
0.0221093
0.02146055
0.022366902
0.02218283
0.022082172
0.022157677
0.022065524
0.022451604
0.021543475
0.021983335
0.022357728
0.021832962
0.02227519
0.022170303
0.02180532
0.02215165
0.021493655
0.022476314
0.021602094
0.021976257
0.021934288
0.022089733
0.02221853
0.021918938
0.022359343
0.021802045
0.022294844
0.02155493
0.022369843
0.021585582
0.022714112
0.022445109
0.021694465
0.021999111
0.02137379
0.021634124
0.021719683
0.022251552
0.021451788
0.022238692
0.022244856
0.021608518
0.021926653
0.022444345
0.022155939
0.022389766
0.022238145
0.021498006
0.021436246
0.022443933
0.02185988
0.021532148
0.021257896
0.021653652
0.021492781
0.021844165
0.02171141
0.022047298
0.021988874
0.022066824
0.021739257
0.02183029
0.022093892
0.023023427
0.021991435
0.021502685
0.021844788
0.021456834
0.02309754
0.022133278
0.021881063
0.021708572
0.022277553
0.02216044
0.022633124
0.021254048
0.021415783
0.02233343
0.021500224
0.021481581
0.021262225
0.021882756
0.021856332
0.021193318
0.02142215
0.021436324
0.022598913
0.021439059
0.021720286
0.021114783
0.022735497
0.021744471
0.020964598
0.02208839
0.022283886
0.021215785
0.021923082
0.021633523
0.021803677
0.021784587
0.021222187
0.021827636
0.021331182
0.021658208
0.021660494
0.021394301
0.021761762
0.021826098
0.021314489
0.022402905
0.021595508
0.022135202
0.021009665
0.021595156
0.021525897
0.021575414
0.020931974
0.021553524
0.021406207
0.022104373
0.020680094
0.021907838
0.021745954
0.021335205
0.021740943
0.02130627
0.022173718
0.021449748
0.020610005
0.021216983
0.021769898
0.021277161
0.021873295
0.021034183
0.02168245
0.022144854
0.021724598
0.02142931
0.022308247
0.021292375
0.020998979
0.021498367
0.021278521
0.021750702
0.021368938
0.021469668
0.021477414
0.02152935
0.021063985
0.021519035
0.021065
0.021254769
0.021426136
0.021211663
0.02112861
0.0209375
0.022056356
0.020833604
0.020880392
0.021118809
0.021666083
0.021183558
0.021108191
0.02118457
0.02112066
0.021796936
0.021326173
0.02164631
0.021542495
0.020524848
0.02136561
0.022251911
0.02105942
0.020691248
0.020974258
0.021189231
0.021605592
0.021273987
0.021067316
0.020856567
0.021148006
0.020651093
0.021510297
0.020960532
0.021049222
0.020902045
0.021183796
0.021929579
0.020820953
0.020578995
0.021768631
0.021324394
0.020937905
0.021802103
0.021089863
0.02095188
0.021063132
0.020663545
0.021185752
0.021867203
0.020856481
0.021064285
0.020934897
0.020784691
0.021455228
0.02086336
0.020777293
0.021807004
0.021077452
0.02124196
0.021143066
0.020927863
0.021142913
0.021312794
0.020503048
0.021238271
0.021113725
0.020936776
0.02093982
0.02106932
0.022562936
0.02046722
0.020845288
0.020707604
0.02081822
0.021191401
0.020998154
0.020608237
0.02109769
0.020795437
0.02070399
0.020806015
0.02093113
0.02020818
0.020630414
0.02066532
0.020627974
0.020641139
0.020526012
0.021721829
0.020515207
0.020567842
0.0210879
0.020695742
0.02045174
0.021528669
0.020708654
0.021652838
0.021304946
0.020488495
0.020532534
0.020504475
0.02128286
0.02075738
0.02055614
0.020984925
0.020601483
0.020335868
0.020907167
0.020641489
0.021226358
0.020972474
0.02095129
0.020746717
0.0206037
0.02151821
0.020515574
0.021118438
0.020454044
0.02117862
0.022433951
0.021317152
0.020384192
0.02092313
0.021288827
0.02117294
0.021007601
0.021051578
0.020501118
0.020632463
0.020841315
0.02147272
0.020268004
0.021088012
0.020350052
0.021868998
0.020355063
0.02079198
0.020824796
0.0207099
0.020993527
0.020827534
0.021024005
0.020546041
0.020634424
0.020504728
0.020321626
0.020767625
0.02057263
0.020818569
0.02056058
0.020691209
0.020429514
0.019993255
0.019951094
0.020553114
0.020303288
0.020459732
0.020347092