
0.31158304
0.30568513
0.3140393
0.2929942
0.27986062
0.28485397
0.27009353
0.25768077
0.2654932
0.25944087
0.2572513
0.25330254
0.24766175
0.25281963
0.24482678
0.25223988
0.24620996
0.24351716
0.25022194
0.23943554
0.24467508
0.23840185
0.24081756
0.2531493
0.24830556
0.24788
0.23605573
0.24204524
0.23453045
0.2376327
0.24220622
0.23839554
0.24191469
0.24299985
0.23649609
0.24146049
0.23681971
0.22978559
0.23171039
0.2458338
0.23954678
0.2336764
0.23339441
0.23405255
0.23495513
0.22858788
0.23067734
0.23282361
0.24289353
0.22688076
0.22658694
0.22999132
0.22591653
0.2220651
0.22952954
0.23004334
0.22441137
0.22417931
0.22542812
0.22445877
0.22393271
0.22007596
0.22290193
0.22537626
0.22756082
0.232286
0.22009918
0.21923529
0.22164415
0.22595671
0.22367392
0.22494332
0.2220133
0.22032382
0.22581705
0.21559252
0.22197948
0.22303526
0.2194932
0.22196001
0.2147132
0.21867791
0.21314313
0.21928324
0.21316224
0.21914653
0.21091007
0.2120936
0.21200596
0.21076618
0.21073133
0.21059185
0.21357034
0.21134798
0.21582519
0.21395272
0.21422338
0.21321644
0.20984097
0.21288049
0.21002752
0.20367785
0.20792778
0.20824206
0.2063562
0.21675628
0.23206784
0.20610355
0.20685214
0.20998536
0.20989966
0.21163467
0.21048105
0.21053144
0.20696639
0.2030504
0.20051804
0.20322262
0.20384325
0.19715874
0.19908498
0.1968177
0.2038642
0.20363323
0.19990693
0.19970053
0.20049307
0.19786704
0.1956027
0.1989629
0.19755842
0.19505984
0.2017324
0.19300027
0.19558302
0.19050714
0.19679818
0.19249628
0.19761547
0.19611886
0.19312817
0.19903633
0.20272696
0.19684497
0.2006745
0.19469607
0.19479863
0.19634455
0.19304715
0.19233437
0.19521807
0.19222727
0.19170386
0.19182731
0.18933755
0.1901218
0.19341548
0.19425045
0.19007462
0.18798403
0.18496926
0.18724275
0.18913172
0.19246103
0.18867469
0.18882068
0.18932799
0.18759005
0.18735689
0.19144359
0.18642282
0.18570454
0.18424623
0.18633997
0.18750606
0.18416895
0.1879503
0.18431446
0.1873627
0.18083268
0.18334803
0.18235809
0.1877014
0.18212038
0.18503493
0.18227917
0.18339919
0.18013711
0.18021397
0.18448225
0.18061537
0.18449362
0.17882252
0.18015826
0.17993759
0.18082435
0.18103594
0.18293339
0.18171416
0.18139257
0.1808708
0.18214169
0.18257754
0.18203531
0.1785329
0.18031195
0.17588393
0.18094505
0.18111207
0.17201927
0.17869318
0.17432599
0.18208358
0.17477877
0.17515466
0.18070854
0.17656326
0.17394407
0.17199716
0.17227675
0.17757595
0.17198192
0.17268999
0.16747569
0.17098568
0.17036475
0.17651458
0.16913234
0.17143014
0.17102182
0.17397462
0.17322485
0.1745924
0.18038829
0.17802192
0.17267974
0.17391112
0.17606574
0.17228627
0.16973674
0.17188592
0.17314121
0.17432298
0.17336142
0.17132218
0.17206697
0.17060035
0.16685623
0.16872433
0.17248482
0.17247587
0.1743897
0.16992524
0.17465396
0.16940537
0.16785474
0.1673847
0.16975108
0.16909859
0.17050007
0.17042966
0.16806772
0.1702362
0.16734754
0.16644864
0.16929308
0.16443312
0.1688831
0.16555686
0.16770847
0.16921367
0.17041089
0.16803825
0.16578838
0.17021526
0.16791026
0.1665033
0.16745916
0.1675535
0.16386683
0.16349182
0.16642156
0.16809349
0.16943938
0.16508217
0.16840947
0.1634687
0.16828206
0.16507396
0.16617534
0.16130885
0.16019078
0.16441141
0.16711164
0.15999629
0.16085854
0.16286317
0.16774613
0.16629785
0.16000387
0.1616197
0.16095592
0.1590343
0.1619027
0.16189648
0.16469324
0.16226642
0.15803972
0.16105868
0.15995409
0.15876383
0.15963034
0.16426152
0.16126962
0.15763889
0.15913875
0.15380092
0.16358456
0.16209318
0.15745111
0.15570301
0.15888292
0.16312298
0.15566026
0.16361679
0.15935087
0.1586275
0.1579235
0.15403871
0.15307696
0.16138126
0.16093205
0.15524681
0.15635514
0.15656906
0.15574172
0.15567511
0.1556551
0.15215012
0.15642205
0.15502581
0.1538044
0.15499267
0.1554981
0.15407242
0.15619068
0.15529521
0.15350886
0.15503666
0.15672429
0.15758637
0.15149866
0.15199514
0.1512721
0.15640596
0.14997205
0.15602338
0.15375486
0.15044917
0.15244845
0.154632
0.15905511
0.15079087
0.14975518
0.15188351
0.15158409
0.15210496
0.14944047
0.14846347
0.14905126
0.1461269
0.14845811
0.14641035
0.14971513
0.14622344
0.15003628
0.15094829
0.14759815
0.14841938
0.14689103
0.1477275
0.1452633
0.14850584
0.14574583
0.14930598
0.1486277
0.14395243
0.1469605
0.14976572
0.1455633
0.14708966
0.14790256
0.14692582
0.14708354
0.15054144
0.14319298
0.14696716
0.14787233
0.14300978
0.14455621
0.14531633
0.14562309
0.1460431
0.1475651
0.14517973
0.14628875
0.14291085
0.14978921
0.14961408
0.1502046
0.1505307
0.15047911
0.14839548
0.15017162
0.15123533
0.14619675
0.14311238
0.14319153
0.15075463
0.1467685
0.14422782
0.14458054
0.14818135
0.1466224
0.1454135
0.14499426
0.14333312
0.14581412
0.14460933
0.14328991
0.14504291
0.14245945
0.14613943
0.14434494
0.14224084
0.14139006
0.14489995
0.143026
0.14118835
0.14527535
0.14548239
0.1423337
0.14382622
0.14266032
0.14534493
0.14350452
0.14090136
0.14273229
0.14735496
0.13980813
0.14082007
0.1401864
0.14075047
0.13999566
0.14088249
0.14320715
0.13800031
0.13875538
0.1409663
0.13878228
0.13787922
0.1396121
0.13901378
0.14147656
0.13697061
0.13949528
0.13951169
0.13915324
0.1424521
0.14044453
0.13717408
0.13935405
0.13923177
0.14021586
0.13889425
0.13810086
0.1383252
0.13564469
0.14220819
0.13824223
0.13536832
0.13647427
0.13590732
0.13741067
0.13545582
0.13361055
0.13733743
0.13574605
0.13869712
0.14194497
0.13959391
0.13996133
0.13848685
0.13719125
0.14398026
0.14004654
0.13768116
0.13439213
0.13688555
0.13760208
0.13776453
0.13533872
0.13784789
0.13416076
0.13254195
0.13571979
0.13671231
0.13368519
0.1337512
0.13297091
0.1377243
0.1329076
0.13071366
0.13050906
0.13589238
0.13276425
0.13362108
0.13206564
0.13382617
0.1326951
0.13255426
0.13445635
0.13424988
0.13255617
0.132504
0.13193294
0.13070117
0.1325762
0.13171908
0.13098481
0.13301371
0.13472824
0.13000743
0.13095099
0.13248968
0.13186418
0.13194093
0.13187167
0.12923884
0.13077042
0.13445896
0.13343062
0.13017789
0.133429
0.12829018
0.13131444
0.12798429
0.1312755
0.12982547
0.12878813
0.13394098
0.13001327
0.13058667
0.13033524
0.1288285
0.13046202
0.12915328
0.12939209
0.12950611
0.12704308
0.13140705
0.13067867
0.12775822
0.13472503
0.12498156
0.12806281
0.12571134
0.12982093
0.12856987
0.12744084
0.12692156
0.13217676
0.12664004
0.12613893
0.13391349
0.14538924
0.12510788
0.1254361
0.12705146
0.12642045
0.12664564
0.12618452
0.12463852
0.12614046
0.12654568
0.12829189
0.12640655
0.12660769
0.12669808
0.12688325
0.12384489
0.12631486
0.12950426
0.12582533
0.12980193
0.12638803
0.13075379
0.1266608
0.12611589
0.12850447
0.12457074
0.12977982
0.12970306
0.1268002
0.12323075
0.124369286
0.12403532
0.12717322
0.12645268
0.13139118
0.12746066
0.12400757
0.123156875
0.124192975
0.123801544
0.12250712
0.12422182
0.12477651
0.12671392
0.12265603
0.12519494
0.12153535
0.12103711
0.12310112
0.12528928
0.120377116
0.12427834
0.12165039
0.11982476
0.1226756
0.12197099
0.12086255
0.12309606
0.1232938
0.12435726
0.12000916
0.12183968
0.1222772
0.12587766
0.11974793
0.122411214
0.123237036
0.11980007
0.12017841
0.12266614
0.12375163
0.12063801
0.12141092
0.12154874
0.12323767
0.12106667
0.12206753
0.12158258
0.12014472
0.12466286
0.12046675
0.120714694
0.122349404
0.11869873
0.119815215
0.118331194
0.1182295
0.11835318
0.11998557
0.12043745
0.11941406
0.11816947
0.11963419
0.12123393
0.11693141
0.11665698
0.11769785
0.12175989
0.12066881
0.11930677
0.119021766
0.116643004
0.116422154
0.11824283
0.119409315
0.11910023
0.11881261
0.12029233
0.117214374
0.12046739
0.12034306
0.118674286
0.11835109
0.117978685
0.11811976
0.11766167
0.11865546
0.11578358
0.116516665
0.11959341
0.117919125
0.11997047
0.12052652
0.1174059
0.117470756
0.1196196
0.11903436
0.12022818
0.12003234
0.11605664
0.11798303
0.115458034
0.11719238
0.116600886
0.11559562
0.117864385
0.115242206
0.11846132
0.11447933
0.115243554
0.11854698
0.115178995
0.11674644
0.11782632
0.11745801
0.11491897
0.11550563
0.116804525
0.11426239
0.114640646
0.11494139
0.11354333
0.11490887
0.11553521
0.11991421
0.11641749
0.118365444
0.11696837
0.11437975
0.118443705
0.113830276
0.11648656
0.11362147
0.113306634
0.11342715
0.11350988
0.11448687
0.115140624
0.11762359
0.11698678
0.11610123
0.1165387
0.11715124
0.11312551
0.11514506
0.11532476
0.114994556
0.11225619
0.114269555
0.11530058
0.11403109
0.1148683
0.115185335
0.11418508
0.11249678
0.1126283
0.11475595
0.11280639
0.11331014
0.11202934
0.1156305
0.11248885
0.11319595
0.1152838
0.11492714
0.11510855
0.11371888
0.11491303
0.112170324
0.11419002
0.112511
0.11355382
0.11410783
0.116304934
0.11224286
0.11089165
0.11090461
0.11201427
0.11253085
0.110759884
0.11142705
0.110141836
0.11142155
0.11046121
0.11001995
0.11398514
0.11384373
0.11183418
0.11001838
0.11155496
0.11137939
0.10889844
0.112886086
0.11113009
0.11148074
0.11118495
0.11313478
0.11159845
0.10962968
0.112615146
0.11090033
0.11131694
0.10875475
0.11105556
0.11147889
0.11082009
0.108462825
0.108828746
0.109633744
0.112671256
0.109180234
0.10719563
0.109103724
0.108946435
0.11103868
0.10897884
0.10965341
0.109105825
0.109544
0.106382385
0.110692374
0.109088205
0.113556705
0.11035055
0.108516045
0.10669296
0.10820888
0.107186854
0.10862401
0.10602094
0.109193414
0.10949318
0.108311564
0.10734382
0.10815509
0.10959428
0.10608233
0.10817714
0.107271254
0.108033836
0.10788689
0.107732005
0.10773465
0.10817256
0.10821243
0.10801106
0.104989104
0.10678771
0.10697428
0.10723045
0.10702744
0.106512964
0.105772324
0.10613378
0.10618284
0.10845908
0.106267855
0.109810166
0.107908435
0.105013475
0.109554395
0.108520076
0.1078672
0.10649981
0.104993545
0.107716575
0.10712097
0.10535492
0.112236895
0.10847362
0.10857622
0.10888996
0.106838
0.10798893
0.10876506
0.10607551
0.10339954
0.10609515
0.10501301
0.1051637
0.10910118
0.108900994
0.10508596
0.10504524
0.10494238
0.10821492
0.10503018
0.1068197
0.10580905
0.10553649
0.105806395
0.10815665
0.10832039
0.10654756
0.106041364
0.107611895
0.10384536
0.10425641
0.107072696
0.10493286
0.10425081
0.10380908
0.10699289
0.10417056
0.10851112
0.10534091
0.10577517
0.10563924
0.10723847
0.103910245
0.10589071
0.105289444
0.10357158
0.10367991
0.10600787
0.103526756
0.103416614
0.103084214
0.10437369
0.1034234
0.10464786
0.10341368
0.10173008
0.10395922
0.100736335
0.10269103
0.10346402
0.10494977
0.10475031
0.10436799
0.10206099
0.103626974
0.10306756
0.10283608
0.104091495
0.1023309
0.104175985
0.102620594
0.10462068
0.10557863
0.10201188
0.10342897
0.10220164
0.10425252
0.10149961
0.10116965
0.10233147
0.105429545
0.10244423
0.107309304
0.10272998
0.10154572
0.10147844
0.10372786
0.1052983
0.101938054
0.10029979
0.10426716
0.101208255
0.1004299
0.104922965
0.10284045
0.101883754
0.10266153
0.10311573
0.10045063
0.10083845
0.10101421
0.10227228
0.1019946
0.099713884
0.102601886
0.10436788
0.105173565
0.10140726
0.102135584
0.10020832
0.10350133
0.104129165
0.10179056
0.10308822
0.1001353
0.100418046
0.09933626
0.10069618
0.098314345
0.102918215
0.09876293
0.09959938
0.09945393
0.09768241
0.09905143
0.09697414
0.098143384
0.0999054
0.09714178
0.10191616
0.09964268
0.098839186
0.09725902
0.09826371
0.098485895
0.10065176
0.09685527
0.099362835
0.09767365
0.09873405
0.09881919
0.098165765
0.09955328
0.09812866
0.100194424
0.09755082
0.097331636
0.10003076
0.100405455
0.09800389
0.099867105
0.099369496
0.101323776
0.09836707
0.10000391
0.09842957
0.100441694
0.09952182
0.097051196
0.09698603
0.095829114
0.09660001
0.09783896
0.100195095
0.09758085
0.09702579
0.097453974
0.09773683
0.098563805
0.097387
0.097076386
0.09820524
0.098517485
0.09594958
0.09803583
0.09891914
0.09981467
0.0992362
0.0982872
0.09790248
0.09878134
0.10002476
0.09922019
0.09551397
0.09837934
0.0975482
0.09617515
0.09939175
0.09555617
0.09710259
0.09716587
0.096067995
0.09534248
0.09497895
0.09530335
0.09505748
0.09667637
0.0963503
0.09644747
0.096572556
0.09495963
0.09502773
0.095340416
0.09740095
0.09550049
0.09537135
0.097066134
0.0979217
0.09796042
0.09692564
0.09658575
0.09733479
0.096151255
0.095158696
0.09474957
0.09582953
0.097832784
0.09541861
0.093991295
0.09648967
0.09684226
0.09824858
0.09557347
0.09633916
0.09666634
0.09601023
0.09659455
0.09366206
0.09703217
0.09557613
0.09429992
0.095083416
0.09637326
0.095165886
0.09498733
0.094167836
0.09309853
0.09238054
0.09399866
0.09387786
0.09607526
0.09306852
0.09313819
0.09371538
0.09431717
0.094346
0.09591865
0.09293594
0.09292875
0.0930893
0.096878946
0.09521195
0.09364927
0.092494406
0.09497762
0.09565898
0.09553825
0.09253323
0.094326526
0.09565767
0.09553766
0.09371763
0.094135344
0.09310205
0.095024385
0.09365354
0.09504827
0.09274146
0.094332315
0.09708682
0.093649104
0.094579294
0.09272316
0.09198353
0.09142739
0.093070276
0.09511526
0.09321691
0.09340426
0.09403484
0.09441505
0.09459967
0.09785126
0.0935873
0.09433863
0.09387187
0.09301121
0.0941605
0.092607714
0.09154917
0.09235037
0.09236725
0.09089771
0.09084777
0.09206891
0.09344086
0.092982724
0.09506773
0.09386524
0.09166469
0.0948902
0.09188536
0.09331266
0.091554545
0.09300482
0.09441926
0.09343199
0.09262487
0.09323862
0.09285456
0.09290815
0.092263415
0.09203661
0.09067708
0.09185036
0.092525974
0.09243178
0.09090838
0.09190977
0.094138645
0.091500364
0.09281553
0.09195067
0.09206282
0.091152586
0.09145945
0.08926351
0.091217645
0.09150719
0.09395393
0.08965066
0.09181717
0.0903176
0.08843071
0.09048279
0.08951623
0.08974595
0.09297958
0.088721246
0.088657856
0.09023924
0.0898997
0.08976743
0.09041045
0.092352815
0.090766095
0.08927651
0.090345114
0.08886021
0.08918855
0.093095005
0.08972812
0.0904322
0.09047211
0.09081067
0.090700805
0.0903506
0.09013141
0.08966697
0.09207012
0.08839525
0.092061795
0.09209983
0.091294736
0.08926413
0.09124811
0.090729825
0.08947237
0.08945901
0.08902083
0.09084938
0.08848968
0.08927686
0.09163661
0.089581765
0.089240655
0.088677496
0.0898512
0.08825586
0.08936078
0.08841422
0.08947419
0.08803345
0.08689222
0.08859756
0.08840464
0.09049741
0.08842985
0.089721
0.08982613
0.08868529
0.09010161
0.090853356
0.086906336
0.087313734
0.09085374
0.088585325
0.08831546
0.08691672
0.08917695
0.09073581
0.08941072
0.08908567
0.08852972
0.08879065
0.08817959
0.087888755
0.09017594
0.08895222
0.0880827
0.08616536
0.08995197
0.088445336
0.08821366
0.08919648
0.087563
0.089545354
0.092867464
0.088249825
0.08868717
0.08955966
0.08995271
0.08760821
0.08718463
0.08807073
0.0903858
0.087655276
0.09082189
0.089346595
0.08630988
0.09012556
0.08589165
0.08962204
0.0868243
0.08648746
0.087301835
0.08603328
0.09096231
0.09126567
0.08651993
0.0862815
0.08607195
0.085517466
0.08680032
0.08481329
0.08557574
0.086561464
0.08537986
0.085773796
0.087596685
0.08630529
0.08853575
0.08780142
0.08761783
0.08795612
0.0862045
0.08565952
0.08526878
0.086889386
0.08626249
0.08571405
0.08548913
0.08433177
0.08687838
0.086338654
0.087944776
0.08588505
0.08967818
0.08755144
0.087729454
0.08628286
0.08541665
0.085920885
0.08677444
0.086262025
0.08690074
0.08676707
0.08618618
0.084163666
0.08658273
0.08490965
0.08576674
0.08567506
0.087164
0.08543703
0.08507407
0.08586279
0.085784614
0.085372865
0.08376438
0.08591407
0.08391155
0.086326666
0.0846603
0.084212616
0.084352955
0.0858434
0.085716754
0.08489006
0.08717137
0.08476869
0.08630351
0.08680821
0.08872162
0.08725402
0.08724879
0.087577954
0.08606745
0.089046225
0.08399432
0.085147016
0.08359848
0.08333331
0.08559382
0.083405115
0.08677374
0.08402567
0.084707156
0.08522808
0.08521888
0.08539958
0.0846287
0.08409742
0.08527111
0.08445226
0.08388053
0.08339039
0.08467538
0.08301625
0.08379789
0.08318509
0.08559184
0.08579326
0.083269596
0.08398692
0.08385058
0.0847405
0.08470131
0.083776414
0.08351033
0.082775384
0.08639898
0.0827699
0.08463043
0.08565224
0.08491212
0.0827764
0.08508927
0.084520504
0.085065804
0.08375718
0.085000046
0.08273569
0.08439316
0.08728903
0.083039
0.08367104
0.08444417
0.08253653
0.08442185
0.082847156
0.081666015
0.08356706
0.08224572
0.08283582
0.08325358
0.08395647
0.08509778
0.08317643
0.08354897
0.08414721
0.08307023
0.082989596
0.08176397
0.08407925
0.08482727
0.083149165
0.08424093
0.08193494
0.08720744
0.08293659
0.083023705
0.0833178
0.08387318
0.08411325
0.08239542
0.08464249
0.085637406
0.082176656
0.0825145
0.08407362
0.082373016
0.081711575
0.08490383
0.084395535
0.082930654
0.08198032
0.08394499
0.08379155
0.082080625
0.08320497
0.083324395
0.08287352
0.08133789
0.08143312
0.083507486
0.08180722
0.08168642
0.0832797
0.08342982
0.08396038
0.08164558
0.08293216
0.08239554
0.0827675
0.08291312
0.08232224
0.08157981
0.08203817
0.08223466
0.082223125
0.081334956
0.08426205
0.0824858
0.08188516
0.08124371
0.081673756
0.08165172
0.08007245
0.08475936
0.08429868
0.082208045
0.081226066
0.082264036
0.08090238
0.079679996
0.08170273
0.08221269
0.08260113
0.08183707
0.082131654
0.08163521
0.081221946
0.08005371
0.079047956
0.08137344
0.08223351
0.08305999
0.080565095
0.08012459
0.083498955
0.08122575
0.079985164
0.08066218
0.07902858
0.08091165
0.080881745
0.07941818
0.08153434
0.08096805
0.08118957
0.08109224
0.08256103
0.079452544
0.080503166
0.078179106
0.08174282
0.08224997
0.081188165
0.08053381
0.08014302
0.080851115
0.080895126
0.082805485
0.081458986
0.07963248
0.07990237
0.08134238
0.07981096
0.08033029
0.079596885
0.08194218
0.07913943
0.07994306
0.07998278
0.08177969
0.079893075
0.08036906
0.07992064
0.080067016
0.08071834
0.0790166
0.07904131
0.07880788
0.07895792
0.07879572
0.07990407
0.081091166
0.07979131
0.08046135
0.08012234
0.08181414
0.08171517
0.08017519
0.079547994
0.07849628
0.07962463
0.079186425
0.07988278
0.08113849
0.080084264
0.0800282
0.07981929
0.07915124
0.079529695
0.08219499
0.07844358
0.07955945
0.07844436
0.07722269
0.07901192
0.07993164
0.08082914
0.0781745
0.081344806
0.07903493
0.08009079
0.07793465
0.07998106
0.07781284
0.08015403
0.077658296
0.07761927
0.0800216
0.07781232
0.0790476
0.077928886
0.07959758
0.07807669
0.07930872
0.07799887
0.07847887
0.08088291
0.07864663
0.07864713
0.08029514
0.08057534
0.078619294
0.078070335
0.07793554
0.07732416
0.077437684
0.07837735
0.0790946
0.078622214
0.081016
0.08143689
0.07658044
0.07825875
0.076421715
0.080193125
0.077441566
0.07735048
0.0774434
0.07942467
0.077664495
0.07838279
0.079737775
0.079709046
0.077730194
0.0819907
0.079101115
0.077364795
0.07942244
0.07795863
0.077224515
0.07675956
0.07674824
0.08005991
0.079556026
0.07763687
0.07695353
0.0761825
0.07711959
0.07763828
0.07964119
0.07828959
0.07919966
0.07882548
0.076762594
0.07609018
0.0766199
0.07584312
0.07759963
0.07712894
0.07831771
0.07701454
0.078303285
0.0781763
0.077736616
0.07703221
0.07615295
0.07972655
0.07684772
0.0769641
0.07721184
0.079310976
0.07581239
0.07575088
0.07734322
0.078505576
0.07874553
0.079536006
0.07577038
0.077229746
0.07750353
0.07737525
0.07811275
0.07602319
0.07816523
0.07959676
0.076707125
0.07564453
0.0761163
0.07544474
0.07675128
0.07640154
0.0785159
0.07597122
0.076752216
0.07797138
0.07701976
0.076768085
0.07877251
0.07557634
0.07675497
0.07704277
0.07479554
0.0767657
0.076503456
0.07770932
0.07568806
0.07582806
0.076485544
0.077511564
0.07450624
0.07678087
0.076322496
0.07690648
0.07464721
0.077733964
0.07549232
0.07486241
0.07372198
0.076920524
0.075749114
0.07659327
0.076369844
0.076741025
0.075959705
0.07704086
0.07654817
0.074930824
0.07521832
0.07524506
0.07430919
0.07567163
0.075224236
0.07608655
0.07603892
0.074798
0.07610378
0.07754626
0.077033006
0.075952716
0.07801286
0.07582476
0.07440298
0.07626697
0.07826447
0.07508982
0.07480271
0.075195014
0.07496604
0.07484788
0.07853183
0.075717
0.07414647
0.07380304
0.07407214
0.07375451
0.07336284
0.0738666
0.0745499
0.074408576
0.07473324
0.073610075
0.07396132
0.074310355
0.074490756
0.07506322
0.07445213
0.0748067
0.07482942
0.07504164
0.07532376
0.07573311
0.07534305
0.074713066
0.07440602
0.075843744
0.07324429
0.07312433
0.0752208
0.07600429
0.07497923
0.0749543
0.07387764
0.07438102
0.07439692
0.07410972
0.07560725
0.074642524
0.073412016
0.075395845
0.07565023
0.07374754
0.075138316
0.07568661
0.074094124
0.0749899
0.07635093
0.0764142
0.07532856
0.07481879
0.07454077
0.07515778
0.07516328
0.07539189
0.07510748
0.07449888
0.07505586
0.077076375
0.07530333
0.07342836
0.07511882
0.07473927
0.074171364
0.07526291
0.07484208
0.073718995
0.07533206
0.07631819
0.07397102
0.07345759
0.07543773
0.07353673
0.07277536
0.07358387
0.07368774
0.074252546
0.07362054
0.073784776
0.074713215
0.074895315
0.0736455
0.07327277
0.07430182
0.07443222
0.074769154
0.07543965
0.073749915
0.07357945
0.073251724
0.07669532
0.073453955
0.07471803
0.07368128
0.07339963
0.075390875
0.074872956
0.074195325
0.073556274
0.07390715
0.07466641
0.07382851
0.07327859
0.074485265
0.07290945
0.074417494
0.074403204
0.07239212
0.07480605
0.074204266
0.07210106
0.07362978
0.07293787
0.07449805
0.072110675
0.07387718
0.073133126
0.0749088
0.074781336
0.072607495
0.07324108
0.07230837
0.074007146
0.072000206
0.07278557
0.07350388
0.07245889
0.07431188
0.07195299
0.073696695
0.07280934
0.07186674
0.07361829
0.07170575
0.0710689
0.0748319
0.07308831
0.071661815
0.07291191
0.07034635
0.07158932
0.07240999
0.071601264
0.073888555
0.07434287
0.07203279
0.073470026
0.071199946
0.072228216
0.071786836
0.07239806
0.071744606
0.075109534
0.07235721
0.072503954
0.07237851
0.07301277
0.07133845
0.071917474
0.07174479
0.071715645
0.07130449
0.07274276
0.071737304
0.07303046
0.071829386
0.07205617
0.0732248
0.07156555
0.072163865
0.071697384
0.071461596
0.07167321
0.07068022
0.07003124
0.07246848
0.07275954
0.07061348
0.07142628
0.07248642
0.07076352
0.07064834
0.07127382
0.0716335
0.07086912
0.07191434
0.073455356
0.07182746
0.07479884
0.07129193
0.07261695
0.07208914
0.070317954
0.07146143
0.07232397
0.072892815
0.0707041
0.073110394
0.07259672
0.07172198
0.072164364
0.0719668
0.07186124
0.07126368
0.07233329
0.074098796
0.07363891
0.0731408
0.0729486
0.07119222
0.07018249
0.071613014
0.07026174
0.0714997
0.07134025
0.073186174
0.07187073
0.072312
0.0701138
0.07140568
0.07095769
0.07313806
0.07139421
0.071453884
0.07202144
0.07316302
0.071262926
0.07219021
0.07265656
0.072604865
0.07452123
0.06996366
0.0747708
0.07095085
0.07120956
0.07063876
0.07015465
0.07053338
0.07038365
0.0699678
0.070296206
0.07173481
0.07057485
0.07045643
0.07386282
0.07379204
0.07162327
0.07223596
0.070857696
0.07112007
0.070427395
0.07178272
0.07018998
0.070503235
0.06923508
0.07168108
0.07024133
0.07037426
0.07111754
0.069321744
0.07183601
0.07123544
0.07032113
0.070936374
0.07023468
0.069693856
0.07002012
0.07169837
0.0694929
0.071210034
0.0697017
0.07311006
0.06910656
0.069753565
0.070975855
0.070131816
0.06943394
0.07106317
0.071244895
0.06970686
0.06992129
0.069494985
0.07101913
0.06896148
0.06966447
0.06845317
0.06947557
0.07016756
0.07199888
0.07207145
0.06982578
0.06798991
0.06814805
0.06897448
0.07039578
0.06917704
0.07063306
0.06917775
0.07077807
0.07056719
0.06912143
0.06929512
0.07219142
0.0686636
0.06844343
0.06884743
0.06902393
0.068024166
0.07139893
0.06994432
0.06856626
0.069287546
0.068774685
0.0699457
0.07129668
0.06841153
0.06945329
0.06877763
0.070835605
0.07147439
0.069169655
0.06994965
0.0692061
0.069261454
0.06867205
0.07054862
0.07050658
0.0701529
0.068603635
0.0681506
0.06821531
0.06911882
0.06876639
0.06809482
0.06852813
0.06879131
0.06834301
0.06979181
0.07013041
0.06770026
0.068923265
0.06860662
0.06904853
0.068350784
0.06980619
0.069914274
0.068224035
0.06929726
0.06993697
0.06994206
0.068771414
0.06826379
0.067449614
0.06807084
0.06752347
0.06737323
0.069742896
0.07000448
0.071702674
0.069004595
0.06776829
0.067619644
0.068058334
0.06862379
0.06746242
0.067345545
0.068023264
0.06929789
0.06843897
0.06779212
0.068267584
0.06860642
0.06892045
0.06726593
0.06924513
0.06809504
0.06849469
0.06896416
0.06723132
0.069068395
0.06643399
0.06861674
0.06921787
0.070557304
0.06769114
0.06691088
0.068038285
0.068134576
0.06737898
0.067738816
0.06998087
0.06992104
0.06779531
0.06709903
0.06851998
0.06742718
0.06714365
0.06716877
0.06872494
0.068539925
0.06738068
0.06717407
0.06860891
0.0674143
0.066175595
0.06789902
0.06845098
0.068733595
0.06841196
0.06821751
0.06858006
0.06647525
0.068629414
0.06796522
0.06686461
0.067975014
0.06912918
0.06717314
0.06839127
0.06790769
0.06672236
0.06864035
0.06781251
0.06659852
0.06806385
0.06719662
0.067372695
0.06627066
0.06638135
0.067342035
0.06580476
0.06703103
0.06659441
0.067964144
0.066260375
0.06830889
0.0686208
0.06750182
0.06710863
0.0670033
0.067602485
0.06706437
0.06811028
0.06649627
0.066843785
0.067115866
0.066649675
0.06661696
0.06643812
0.067650065
0.06774982
0.0663342
0.06528941
0.06715037
0.06773516
0.06761789
0.065834686
0.06727972
0.06764915
0.06698639
0.067814656
0.0667623
0.06732686
0.06639431
0.06652082
0.06592914
0.06646441
0.0655198
0.06487116
0.06727178
0.06660523
0.06606585
0.067099266
0.065719314
0.065989636
0.06793051
0.065651424
0.06754794
0.06588706
0.066561274
0.06693621
0.06617963
0.068252146
0.067317456
0.0678406
0.066983424
0.06645697
0.07076916
0.06663454
0.06585803
0.06649679
0.06700681
0.066125
0.06736273
0.06673469
0.06673038
0.067419976
0.06617044
0.0658134
0.065534
0.06638053
0.067145415
0.0680993
0.06598012
0.066142954
0.06690411
0.065578364
0.066415176
0.06573288
0.06812959
0.06534904
0.06731807
0.065472744
0.06559704
0.06760473
0.06803898
0.067812264
0.06672238
0.065093674
0.06614285
0.06533318
0.06633191
0.06650371
0.06478878
0.06498781
0.065885805
0.066807136
0.06737388
0.06409483
0.06759478
0.065135166
0.06633965
0.06651616
0.06685881
0.06530211
0.06541623
0.06499637
0.06585148
0.06590937
0.06679623
0.065028526
0.06587147
0.06445084
0.06586412
0.064970136
0.06530175
0.06740977
0.06462602
0.0649103
0.06556975
0.065522045
0.06575386
0.06629477
0.06676821
0.06570987
0.065447345
0.06547349
0.06644413
0.06563207
0.065347254
0.06535821
0.06515909
0.06576943
0.066375665
0.064949915
0.06559592
0.06599133
0.06636692
0.0647058
0.06529784
0.065740235
0.06573045
0.06550915
0.0659336
0.065583125
0.064370275
0.067138225
0.06628795
0.06576064
0.065486014
0.064839065
0.06448688
0.066418305
0.0671506
0.06634339
0.06579206
0.06550717
0.06498802
0.06592534
0.06715427
0.06702726
0.06467768
0.06504245
0.06668642
0.06527678
0.064741485
0.065559685
0.06482683
0.06574491
0.064536124
0.06407623
0.06589172
0.064743675
0.06627866
0.06421629
0.064795695
0.064876355
0.06551942
0.065864295
0.06412563
0.06420565
0.06514444
0.063964374
0.06449135
0.06563715
0.065287024
0.06530169
0.06511847
0.06512964
0.06566337
0.06548835
0.06470272
0.06548471
0.065365545
0.06546929
0.06461542
0.06570311
0.066427544
0.065976955
0.06586264
0.066013865
0.06482271
0.06618077
0.06396065
0.063412316
0.064356856
0.06690736
0.063716255
0.0641663
0.06593065
0.06598712
0.06377944
0.06506051
0.064358026
0.064906225
0.06384171
0.06626276
0.065335624
0.06389193
0.064505786
0.064268015
0.0644498
0.06506502
0.06443056
0.063346885
0.06372261
0.064243615
0.06471263
0.06710677
0.06325372
0.06709381
0.063227564
0.06555587
0.062350594
0.06394088
0.06401694
0.06484893
0.06465274
0.06338815
0.065145396
0.06612345
0.06622598
0.06401412
0.064201966
0.065255485
0.063393414
0.06380399
0.064932056
0.0625267
0.064845264
0.06439163
0.062846564
0.06369267
0.06603114
0.06344078
0.06425373
0.06332796
0.06509533
0.062808365
0.064102456
0.06348778
0.062556215
0.06310146
0.06330242
0.06366562
0.06277009
0.0627672
0.064532556
0.063014366
0.0643952
0.06373814
0.06394573
0.06411339
0.06451151
0.06719395
0.063183405
0.06289959
0.06444026
0.063040875
0.06261283
0.06314336
0.0633741
0.063619405
0.06366794
0.06360476
0.062979825
0.06528267
0.063914806
0.06443915
0.06293991
0.06374024
0.063958146
0.06477139
0.06436857
0.06658152
0.06598704
0.064538926
0.0635779
0.06505428
0.064343736
0.066064104
0.06398455
0.065224014
0.06393013
0.06406904
0.065418385
0.06422465
0.06268829
0.063311964
0.06336976
0.06279987
0.06376549
0.063907325
0.06503271
0.062463194
0.06254366
0.06506002
0.0647653
0.062225744
0.06260507
0.062401548
0.06346427
0.061874308
0.062302973
0.06421363
0.06303618
0.06301696
0.06446274
0.06662623
0.064612634
0.06591971
0.063620955
0.06449068
0.06758777
0.06374378
0.06323142
0.06345811
0.06211445
0.064133525
0.06300911
0.06422227
0.064232595
0.063179925
0.06262543
0.06302849
0.06296241
0.06272422
0.062559456
0.061841674
0.06351084
0.06410777
0.062297326
0.06318445
0.06256852
0.064452924
0.06445875
0.065265276
0.062489495
0.062294185
0.06384729
0.062292933
0.063653775
0.0629773
0.0636854
0.064022854
0.06434575
0.06339354
0.06348115
0.06425162
0.06382805
0.0632991
0.061918
0.06449005
0.06300159
0.062837325
0.062708974
0.06261724
0.062079757
0.062281556
0.06290392
0.063685074
0.063062295
0.06237938
0.062206138
0.06366159
0.06250571
0.06188715
0.062445536
0.06318148
0.063340664
0.06290969
0.06229859
0.061685435
0.061461367
0.062302105
0.06068283
0.06321448
0.0632172
0.061688498
0.062907495
0.062058173
0.061661992
0.062960714
0.062014736
0.062007986
0.063393
0.063124456
0.06173204
0.06296239
0.06175371
0.062317673
0.061383817
0.06281546
0.061834272
0.061993193
0.06251895
0.06373023
0.063115135
0.06392431
0.06396524
0.06377839
0.062472098
0.063917354
0.06375611
0.06342065
0.061557874
0.06108968
0.063695386
0.0626073
0.062184647
0.061845705
0.062075596
0.062122006
0.061554343
0.062425643
0.06325389
0.06458182
0.062321056
0.060505416
0.06291085
0.06120031
0.063262105
0.06122063
0.06329754
0.062281713
0.061116576
0.061139233
0.06348116
0.062051646
0.061202753
0.06289924
0.06132099
0.064306274
0.061462786
0.061912548
0.060697395
0.062462162
0.06272684
0.061892927
0.0624915
0.060961075
0.061761193
0.062732354
0.06269312
0.06290422
0.06216781
0.062456585
0.061170004
0.060761355
0.061622024
0.061270814
0.06198253
0.060840927
0.06435756
0.06302594
0.063268095
0.060944
0.06384154
0.06372971
0.061353546
0.062394477
0.06190794
0.06160285
0.061139155
0.062594496
0.06112629
0.06051618
0.06121007
0.06198935
0.061807316
0.062442362
0.06155543
0.060903218
0.061440732
0.061684202
0.06342657
0.061829213
0.061680753
0.061918337
0.060889885
0.062303767
0.060538992
0.060769033
0.061363515
0.061680865
0.061886434
0.061020587
0.060034834
0.062485207
0.06359294
0.05974917
0.061434142
0.06162948
0.062006757
0.05974806
0.06052338
0.060656015
0.06082181
0.06087086
0.061101146
0.06056089
0.061064854
0.060703646
0.059863776
0.06169468
0.0604353
0.0598037
0.061262675
0.06065506
0.06020835
0.06094634
0.06080296
0.060559552
0.06067457
0.06263009
0.06275197
0.06260595
0.05890099
0.061214868
0.060511924
0.061292082
0.058986504
0.060833585
0.06221923
0.0601732
0.06124293
0.060365252
0.06312935
0.0622218
0.061836068
0.059636164
0.059881248
0.060397696
0.06118122
0.060191676
0.06191695
0.060433365
0.061681733
0.06030765
0.059562076
0.0607554
0.062511675
0.060237948
0.059361298
0.061023265
0.059607737
0.061609533
0.059577473
0.060326166
0.060449157
0.059715465
0.060561135
0.061030436
0.062972024
0.060455758
0.060295656
0.059323538
0.060382318
0.059672404
0.059792526
0.059712432
0.060108136
0.059635904
0.05895036
0.060407605
0.06102759
0.06143325
0.059861016
0.060405634
0.060819298
0.06044913
0.05920146
0.06096674
0.060449947
0.061013833
0.06240409
0.061059084
0.05947201
0.06060138
0.06352764
0.06062047
0.058873445
0.06078963
0.06042037
0.05989628
0.060871296
0.059936356
0.060311228
0.058990438
0.059439868
0.06115833
0.059251886
0.061072275
0.060397055
0.059732623
0.061290137
0.06092444
0.057976488
0.059773147
0.05938085
0.05946476
0.05841493
0.06032707
0.059200168
0.06041799
0.058850177
0.059427146
0.05948706
0.05832013
0.06051062
0.058360875
0.060682338
0.058591567
0.058876514
0.058824748
0.059862178
0.059150994
0.060482286
0.05956023
0.059338022
0.059875157
0.06188769
0.05949456
0.059130352
0.06074123
0.05946178
0.059199795
0.05952148
0.05934663
0.05970517
0.05855325
0.058683407
0.059552405
0.060367536
0.058897693
0.05955034
0.058875352
0.059997823
0.059406266
0.059117895
0.06039244
0.058663443
0.06052623
0.05893479
0.058885805
0.06016669
0.059425958
0.05916947
0.059154764
0.05837466
0.060475808
0.05955456
0.05915226
0.05873674
0.058524344
0.060461488
0.059468787
0.059850253
0.06138121
0.060879398
0.059899703
0.059307083
0.05961595
0.05848215
0.059338223
0.060448878
0.058985658
0.05886985
0.05950423
0.061491553
0.059723873
0.05919168
0.060159985
0.058246084
0.0590585
0.059117112
0.059083767
0.058893383
0.059382524
0.0582418
0.060250714
0.059986908
0.05978845
0.05987942
0.058184482
0.05932359
0.059132367
0.060043294
0.058746867
0.06025922
0.05822876
0.05913334
0.05800977
0.058761764
0.059769347
0.057947446
0.058952298
0.05878695
0.05932639
0.059134286
0.058616713
0.059048656
0.059792817
0.059343133
0.05937841
0.05920204
0.0602161
0.058893748
0.058878656
0.05850031
0.060196895
0.05876271
0.061457373
0.05917153
0.05938123
0.05989055
0.060134433
0.05883518
0.060028963
0.05808973
0.058207683
0.057762485
0.06046246
0.05807289
0.058109105
0.05940253
0.05828096
0.058611207
0.059125476
0.058413148
0.058379732
0.058178607
0.057987086
0.058281127
0.058995236
0.058482084
0.05757872
0.05821211
0.057909302
0.057906453
0.05893297
0.058112755
0.057950474
0.059670962
0.058131177
0.060113758
0.05751288
0.05855553
0.058570042
0.05892271
0.061675098
0.058490638
0.05855839
0.05860474
0.060974363
0.05734052
0.05998485
0.05758525
0.059849296
0.05869148
0.05799198
0.057245467
0.057416935
0.05692226
0.058250904
0.05723922
0.056290556
0.059399296
0.05697329
0.058333155
0.058985993
0.058468334
0.057310164
0.05809054
0.05835963
0.057702158
0.059892334
0.05799295
0.058012173
0.057350393
0.05791197
0.058571108
0.057798795
0.0600136
0.05724997
0.058427166
0.058109418
0.05690127
0.058911394
0.05768095
0.05690639
0.056809884
0.05738871
0.05902113
0.058893856
0.05750681
0.057504434
0.05717304
0.056580674
0.057918128
0.05793818
0.058517404
0.05843588
0.05790631
0.0583008
0.059333753
0.058356065
0.058056187
0.059546217
0.057851642
0.058422793
0.058762796
0.05902943
0.060605876
0.05753788
0.057763383
0.058412522
0.058230214
0.0582196
0.058009703
0.058178246
0.05751839
0.05838846
0.057388093
0.05686736
0.056743246
0.05713239
0.059036322
0.05903917
0.057667684
0.05907742
0.057021238
0.057409737
0.05709022
0.05720144
0.057023577
0.058535323
0.05764398
0.057358734
0.05747578
0.057033133
0.05860096
0.057290744
0.056964964
0.05807987
0.058689333
0.05757724
0.057189178
0.05745507
0.056806814
0.056792583
0.056491006
0.05897528
0.05646464
0.057828452
0.05775473
0.057015866
0.05658833
0.057932083
0.05792318
0.058012072
0.05748796
0.058173884
0.05848218
0.056924634
0.05683589
0.05819391
0.056410298
0.055898968
0.056662936
0.056092698
0.05787278
0.057002265
0.056318246
0.05720056
0.057873517
0.057772696
0.05710486
0.05658058
0.058511402
0.057713255
0.05608451
0.056894884
0.05774626
0.056455396
0.059380155
0.055928234
0.05698037
0.056325145
0.056644823
0.059994895
0.05666379
0.056179404
0.056589946
0.057890635
0.05703737
0.057962958
0.05529689
0.056426506
0.05704684
0.0574381
0.05718271
0.05713023
0.05719521
0.05743795
0.0564445
0.05600122
0.05571585
0.057082236
0.057966974
0.057194043
0.056493986
0.058338407
0.057376184
0.056207806
0.056462362
0.055451542
0.056252945
0.055476356
0.05708413
0.056064025
0.057031114
0.057071548
0.05654828
0.055310722
0.05598832
0.056335084
0.056159757
0.05732199
0.056647792
0.05648126
0.055829264
0.05594171
0.055932622
0.055755064
0.056103136
0.05633034
0.05592533
0.056516733
0.058107205
0.05603966
0.05763876
0.056000717
0.05606083
0.05734395
0.057911906
0.056882154
0.056115404
0.05576816
0.05717479
0.05649081
0.05863714
0.058997028
0.05716949
0.0569766
0.056609698
0.05724913
0.057136875
0.056085043
0.056054816
0.05586898
0.056099493
0.055668153
0.056820333
0.05705527
0.05707539
0.056481156
0.05657654
0.055168793
0.05621317
0.05791387
0.055784997
0.056684118
0.056277495
0.056636903
0.056066643
0.056821417
0.055787995
0.055403553
0.055240255
0.056542434
0.055118356
0.056250203
0.0563209
0.0560767
0.05571254
0.055519216
0.05537075
0.05562476
0.056693424
0.055929694
0.055935994
0.055304866
0.057460938
0.056322854
0.05704673
0.055216003
0.056842234
0.05600155
0.05613318
0.058559887
0.05650822
0.05595533
0.05527606
0.056353584
0.055756625
0.056858804
0.0559976
0.055369224
0.056610983
0.05532962
0.056816384
0.055488437
0.056145605
0.057327807
0.055621568
0.05548022
0.05554612
0.055433497
0.05652948
0.0557881
0.055273965
0.05596408
0.05552538
0.055402275
0.056392774
0.055402752
0.056839135
0.056062616
0.055283446
0.059460163
0.055238098
0.05735054
0.056812067
0.057124745
0.0557928
0.056291092
0.056996185
0.055740006
0.055677287
0.055701952
0.056286786
0.05522331
0.055435766
0.056198306
0.05855276
0.054826155
0.05645971
0.055902466
0.05593982
0.056329228
0.05578886
0.05706238
0.056055594
0.054815263
0.056811903
0.055843856
0.054295763
0.055498917
0.055782598
0.055741362
0.054386254
0.057984367
0.055661064
0.054810174
0.05494187
0.05573946
0.057494484
0.054379907
0.055338796
0.054837584
0.054392073
0.055876214
0.054726094
0.0550563
0.055360064
0.05565644
0.05653914
0.05437347
0.056170564
0.054779805
0.055097003
0.056172162
0.05429518
0.056807633
0.055692635
0.05685147
0.05517785
0.054407727
0.0548014
0.05565928
0.055219382
0.054786857
0.05566296
0.05717823
0.05553823
0.0565304
0.05560968
0.05470942
0.056334402
0.055351086
0.05562004
0.05481512
0.056250483
0.05615194
0.056380667
0.05402968
0.055599917
0.05513468
0.05562262
0.054971084
0.055401813
0.056213606
0.055872567
0.055960264
0.054440543
0.055659674
0.0549259
0.05449717
0.05516565
0.057068277
0.055427782
0.053768568
0.055707466
0.054805193
0.05520079
0.054575656
0.05587695
0.054673973
0.05449861
0.05460213
0.055450927
0.055613708
0.056309894
0.0545284
0.054898843
0.05490556
0.05539194
0.056101903
0.054612137
0.055720937
0.054515783
0.05543755
0.05567653
0.05577238
0.05679521
0.056923322
0.05652618
0.055913396
0.054491445
0.055370007
0.055278275
0.05548294
0.05625518
0.05572169
0.05462809
0.054825723
0.05523793
0.0554203
0.054994978
0.054366544
0.0542223
0.054596484
0.05471088
0.05592228
0.054686315
0.055719398
0.05439651
0.0549191
0.05549973
0.05508232
0.053345595
0.05417014
0.053855043
0.054241553
0.054461174
0.054118983
0.054924723
0.05520572
0.05463331
0.054331146
0.05519426
0.05410552
0.056154426
0.05454519
0.055217456
0.054867677
0.054782372
0.054558102
0.05600971
0.055091143
0.055552445
0.055015713
0.054194372
0.058534477
0.055894293
0.055705085
0.054202195
0.05486373
0.054333035
0.055864755
0.05505752
0.054600287
0.055792667
0.055591837
0.055888712
0.056610603
0.05417737
0.05410915
0.05462648
0.055931266
0.05657741
0.056093816
0.054539535
0.056570116
0.056502912
0.056006223
0.055884175
0.05547887
0.0537948
0.05695151
0.05534723
0.05459001
0.055433918
0.054865696
0.054459427
0.05538327
0.05737268
0.05515764
0.055552173
0.054593213
0.053470947
0.05384371
0.05449006
0.054136343
0.05649445
0.053838696
0.0554865
0.05451235
0.055856336
0.054488793
0.05517106
0.053968135
0.053319372
0.053905122
0.054435443
0.054931976
0.05418584
0.05580534
0.05386775
0.0552578
0.054642137
0.053613722
0.05494244
0.054111864
0.054940846
0.054877184
0.053897355
0.054762598
0.05568532
0.053050503
0.055120576
0.053970363
0.05359268
0.053419076
0.054426156
0.0549212
0.05418985
0.05398093
0.05361205
0.056031197
0.05405459
0.055761322
0.05526352
0.054012176
0.054386016
0.05499653
0.054935273
0.05423612
0.05279654
0.053909842
0.05463382
0.054113187
0.055254593
0.053277384
0.054209333
0.05415111
0.054316342
0.053466212
0.053984754
0.05350951
0.055269416
0.0546079
0.05429539
0.054024577
0.05539737
0.054186806
0.055227734
0.053546257
0.054596696
0.054178737
0.054363802
0.0534298
0.055085655
0.053407576
0.053937435
0.05570614
0.05485899
0.05314534
0.053223938
0.0538393
0.053667445
0.054306984
0.05443554
0.053563435
0.05478838
0.05452056
0.056107122
0.05406884
0.05461342
0.053813923
0.053440142
0.054257363
0.05303485
0.053677194
0.054223664
0.05436557
0.05273687
0.053547192
0.053638153
0.053960297
0.053784825
0.05535011
0.053987447
0.0551689
0.056406368
0.055324923
0.055134766
0.052821077
0.05257265
0.052474845
0.053610783
0.053920753
0.053764414
0.053785004
0.053456176
0.054432504
0.053991903
0.05567105
0.053313997
0.055634048
0.0528578
0.05248063
0.054688744
0.052560408
0.05305907
0.054210395
0.054038636
0.053698592
0.05361905
0.05383548
0.05400947
0.05321776
0.05275276
0.053485937
0.05327225
0.05386033
0.053134304
0.053181637
0.052736156
0.054698575
0.054138627
0.05324705
0.05316288
0.05395899
0.05230671
0.053473253
0.05308795
0.053181484
0.05394388
0.05272636
0.053610448
0.053264413
0.055202994
0.05281624
0.054019544
0.05368318
0.05331373
0.052887537
0.05357732
0.054715663
0.053672295
0.052939005
0.05283384
0.053393956
0.05486243
0.052439414
0.052691523
0.05297898
0.05341921
0.051999696
0.052395973
0.053461794
0.052943006
0.053565416
0.053610522
0.052880857
0.05361088
0.053054508
0.05210632
0.054459237
0.053295176
0.05279915
0.051891595
0.053248256
0.05262544
0.052283235
0.05305055
0.0520187
0.052552883
0.052241273
0.052497204
0.05266286
0.053832397
0.052731074
0.052699573
0.05319946
0.053820778
0.052778848
0.053599283
0.054390103
0.05373573
0.05346321
0.055147223
0.052118056
0.05397663
0.05246982
0.05304487
0.05456904
0.054166134
0.052378196
0.053087305
0.052367594
0.052639257
0.051645044
0.053096138
0.051611573
0.052373648
0.051773004
0.05227466
0.052523457
0.05309457
0.05258102
0.053530216
0.053016767
0.052732017
0.053429592
0.053038247
0.053046655
0.0510974
0.05272175
0.051870845
0.053478457
0.053600438
0.052204713
0.053004857
0.052268103
0.05297763
0.053131476
0.05229436
0.052662574
0.054260124
0.052962407
0.052942127
0.05367923
0.051615596
0.054726068
0.052504696
0.05145435
0.051416907
0.051651996
0.05099575
0.05256067
0.053332362
0.051639874
0.052131213
0.053106774
0.053568695
0.055253346
0.052948516
0.05242537
0.05192704
0.054083217
0.05226021
0.052098323
0.05185512
0.053957883
0.051793315
0.051775012
0.055865288
0.052371196
0.05478066
0.052504633
0.053358644
0.05273768
0.052257206
0.051742423
0.05177764
0.051178593
0.053126242
0.0524037
0.05141775
0.05168334
0.05194813
0.053578854
0.05208993
0.05180656
0.052417386
0.052721795
0.052150995
0.052532114
0.052651163
0.05174784
0.053448744
0.05244569
0.053606056
0.0538456
0.052233428
0.052423734
0.053123195
0.052139465
0.052714173
0.051900618
0.054196734
0.053575866
0.051669236
0.051737096
0.052896615
0.052115757
0.05270516
0.0521424
0.05069546
0.052415714
0.051459916
0.053666055
0.05400851
0.05183057
0.05355981
0.05140079
0.053036686
0.052895486
0.052737176
0.053167667
0.053534105
0.052303582
0.05392036
0.052753408
0.05367283
0.052643195
0.05268511
0.054241996
0.054306567
0.05344839
0.052234598
0.05369528
0.053171843
0.053369273
0.051467817
0.053447504
0.052562665
0.052513737
0.052553322
0.05320129
0.050847508
0.052655358
0.05299189
0.051797066
0.05274509
0.052494176
0.05182535
0.052611858
0.054040845
0.051979225
0.05237481
0.053624067
0.052654903
0.052914612
0.052132566
0.05172007
0.052391764
0.052196264
0.05200748
0.05317533
0.05145327
0.052688252
0.05214811
0.053757805
0.052663215
0.054259825
0.0508041
0.051491916
0.051762227
0.053271957
0.05071918
0.05339436
0.054420322
0.05211813
0.052704047
0.051472083
0.05181588
0.05224492
0.050988328
0.052324444
0.052306708
0.051125795
0.05182204
0.05165375
0.0545629
0.05299905
0.051906
0.05117299
0.051375635
0.050861947
0.05224909
0.052264865
0.05149085
0.051176574
0.05165449
0.05281339
0.052092772
0.050989475
0.051742386
0.052808836
0.051768478
0.051398385
0.05146743
0.05357873
0.051249214
0.05068276
0.052381035
0.054270905
0.051119316
0.051024973
0.05137465
0.051616337
0.05115827
0.051647052
0.052496243
0.05237384
0.052432448
0.051215116
0.050849255
0.050715342
0.050971545
0.051666755
0.050894782
0.050341915
0.051105507
0.050688397
0.051643733
0.050871927
0.0541325
0.051407076
0.050331686
0.05228689
0.051284373
0.050602052
0.050375514
0.051540185
0.051992808
0.052406617
0.05123704
0.052550476
0.05206783
0.0518598
0.050973665
0.05148546
0.051760867
0.050779182
0.051389225
0.051437736
0.05227638
0.051804587
0.05167113
0.052025083
0.051820677
0.052119635
0.05168567
0.052629218
0.051962357
0.051254775
0.05320892
0.051345542
0.051167168
0.05166017
0.05179972
0.051267166
0.05214707
0.052125823
0.05181614
0.052123457
0.051471703
0.05141683
0.051717907
0.05127227
0.052788835
0.050827485
0.05050487
0.05115341
0.050835516
0.050886977
0.05261287
0.05017127
0.050452773
0.05139119
0.0508612
0.050100427
0.0513904
0.050762948
0.051062036
0.0513211
0.051016334
0.05130064
0.051954117
0.05077338
0.051372632
0.05180585
0.052163407
0.05038171
0.05149479
0.050889183
0.050805945
0.051030632
0.051035613
0.050635796
0.052293487
0.05076362
0.050401546
0.050186485
0.050192468
0.051919997
0.050497152
0.05261066
0.0518558
0.05097588
0.050869085
0.051069207
0.050940104
0.05087042
0.050137497
0.051308103
0.051538162
0.05059539
0.050528355
0.05241121
0.051695585
0.051529862
0.049840953
0.052210037
0.05233093
0.050406396
0.052556932
0.051137865
0.05068466
0.049969032
0.051815417
0.050623346
0.050190043
0.049888168
0.05047544
0.051416323
0.051818535
0.05085613
0.05069359
0.050369415
0.05104827
0.050788954
0.050884817
0.050658233
0.05152721
0.051077038
0.052088078
0.05057132
0.05164954
0.05023791
0.05026353
0.050746385
0.050755788
0.05114275
0.05073495
0.05128278
0.0509274
0.05184979
0.052307922
0.05271101
0.050804686
0.051244557
0.054506063
0.051370874
0.051607728
0.050021097
0.050785203
0.051151242
0.050496724
0.05156028
0.05191297
0.050099842
0.051704865
0.05043065
0.050087936
0.049435154
0.051395476
0.05081464
0.04988044
0.050937764
0.050960716
0.051403694
0.050915323
0.050227165
0.050571237
0.05190366
0.0498351
0.050406035
0.049786992
0.051086266
0.050026827
0.051288497
0.050260395
0.050315544
0.05019667
0.050531298
0.05096846
0.050144136
0.050739657
0.050811756
0.05106242
0.049906097
0.050374426
0.05013003
0.04892675
0.051720764
0.050046474
0.050023958
0.051113915
0.051852442
0.049549118
0.050582934
0.050799146
0.049270492
0.05147153
0.04996614
0.04964193
0.050149716
0.05064702
0.04968697
0.049497843
0.050702564
0.053784784
0.05162952
0.050164096
0.050048154
0.050198574
0.049412496
0.05154959
0.05085188
0.050983343
0.050502993
0.04959982
0.04973393
0.04937758
0.050615832
0.050753634
0.050764486
0.050811853
0.050104693
0.050535936
0.051859178
0.05045082
0.050166145
0.049528107
0.05006189
0.050623495
0.050615005
0.049734585
0.04986812
0.049700268
0.05068533
0.04986847
0.051180586
0.051147927
0.05117925
0.0516405
0.051070992
0.049612768
0.050465487
0.051867347
0.04992533
0.05038411
0.050411172
0.049764372
0.049377155
0.05106754
0.051787
0.0502186
0.050996672
0.049032696
0.04962533
0.05018108
0.05122082
0.051147606
0.05073709
0.050834477
0.050143234
0.052340146
0.050952625
0.051224727
0.050596353
0.050759453
0.050769888
0.049287915
0.049457267
0.052263904
0.050587576
0.050482776
0.05070238
0.049653385
0.049941503
0.04975339
0.050046723
0.051040437
0.04964808
0.050358597
0.049707547
0.0508278
0.05351858
0.04979616
0.05061251
0.049622703
0.050097063
0.049246784
0.050080318
0.050943177
0.049348492
0.049227968
0.0496811
0.051401976
0.0510212
0.049992364
0.04984577
0.049264267
0.049137417
0.04967573
0.05026059
0.05057613
0.050090518
0.051891543
0.05150069
0.05227214
0.04967287
0.05187077
0.050386727
0.050127584
0.04978625
0.050486363
0.050562408
0.0494064
0.05130782
0.049615845
0.05023133
0.050429836
0.051216345
0.050762545
0.051301304
0.051176697
0.050419133
0.050763138
0.05007834
0.049327813
0.050361004
0.049759574
0.049486164
0.049398024
0.049550254
0.050006244
0.049427647
0.050944217
0.051210992
0.04898996
0.052062653
0.0493319
0.04958103
0.049801134
0.05030389
0.04965101
0.050623275
0.05008361
0.04937329
0.049804315
0.04972178
0.050124817
0.04986991
0.050138004
0.051098693
0.050201174
0.049795948
0.04944569
0.049247842
0.049367737
0.04970095
0.049266897
0.050161485
0.05042772
0.04911948
0.04935954
0.050477285
0.050008006
0.04927774
0.049427815
0.049794883
0.049408652
0.050177515
0.049624626
0.049229622
0.05054318
0.05040971
0.04874837
0.049823973
0.049362384
0.04885793
0.049480494
0.049158044
0.048883148
0.04968054
0.049915943
0.051828697
0.049076304
0.049483936
0.047905356
0.04852539
0.04875391
0.048985407
0.048696227
0.049529824
0.048420418
0.048633512
0.048049286
0.049398925
0.04930834
0.048953455
0.048312113
0.048465647
0.048446022
0.050676227
0.049907647
0.049614556
0.04941778
0.0494974
0.048963606
0.049283873
0.048936486
0.04949926
0.048878428
0.0485532
0.0491166
0.04825295
0.0496827
0.04858325
0.0488894
0.04912082
0.05018134
0.0485761
0.048358504
0.050294757
0.049195565
0.050638776
0.0485096
0.048683602
0.04916739
0.049207646
0.04883593
0.049806304
0.04870321
0.048771624
0.048810247
0.049829915
0.0482845
0.04951897
0.04878736
0.04970221
0.0481605
0.04855053
0.05005061
0.04943822
0.04863881
0.049868636
0.04944389
0.0488767
0.048105855
0.048372045
0.0498026
0.049178466
0.048670713
0.049372677
0.048611797
0.049984496
0.04765826
0.049863953
0.049579803
0.04893499
0.049275715
0.04759547
0.04869905
0.04833729
0.050156627
0.04879324
0.04845753
0.049463093
0.049080208
0.048633825
0.0481465
0.05018008
0.04938354
0.04924231
0.050296634
0.049935937
0.048773225
0.048804954
0.049029462
0.048880376
0.049342178
0.049829364
0.048274413
0.049673446
0.049723927
0.050157115
0.04839025
0.048520945
0.04927979
0.04873826
0.04916835
0.04897759
0.04835865
0.048604134
0.048501972
0.049076404
0.048907924
0.051012676
0.04921198
0.048855454
0.049120538
0.05002119
0.0493056
0.05015144
0.048368063
0.04806348
0.047741238
0.04897441
0.048587102
0.048503306
0.04873403
0.049279924
0.050342947
0.049304135
0.051522527
0.05000052
0.049183775
0.049042016
0.04898708
0.049242727
0.048037298
0.04850987
0.049066342
0.048642505
0.04845251
0.048455868
0.050701723
0.048180986
0.048659854
0.049314577
0.048704937
0.05076732
0.048152257
0.047963697
0.04931887
0.049125504
0.049502805
0.04876088
0.047734026
0.048733257
0.0486193
0.048014432
0.048625037
0.048902616
0.048536893
0.048667375
0.04797719
0.048808794
0.049608245
0.04951303
0.048403025
0.049516566
0.04925304
0.048365213
0.048927765
0.04855566
0.04849567
0.047575
0.049590427
0.04895125
0.047557753
0.049560554
0.049039572
0.04957533
0.047780484
0.04819758
0.048732065
0.047874156
0.047772374
0.04823588
0.048268817
0.047764592
0.048152763
0.047482356
0.04784496
0.047704734
0.04923665
0.04916163
0.049215954
0.04929585
0.04901742
0.048270322
0.04878189
0.048897922
0.049520705
0.048686694
0.04791407
0.0483823
0.04783812
0.04909792
0.047925487
0.04770101
0.04784827
0.050118275
0.048898336
0.0480738
0.04781117
0.04961958
0.04884892
0.050278492
0.048495162
0.04777449
0.048919942
0.049782697
0.04846319
0.048527826
0.047976196
0.0488711
0.049240313
0.048226096
0.04832323
0.05000258
0.049239855
0.048148558
0.048764843
0.047992986
0.05004004
0.048424482
0.04768194
0.04779153
0.047904443
0.049207304
0.04922371
0.047579758
0.048633657
0.048971895
0.047642943
0.047544193
0.048599508
0.0484885
0.047111787
0.04725856
0.049215447
0.048402008
0.04890564
0.047176648
0.047685422
0.048188664
0.048298027
0.048155516
0.047004823
0.04789373
0.048073024
0.047824487
0.047387797
0.047722064
0.04848564
0.048417546
0.04808358
0.04880713
0.047480483
0.050393905
0.048321478
0.047989152
0.048985254
0.04799913
0.04949529
0.04866558
0.047963765
0.04871127
0.04751583
0.04773239
0.049029823
0.047462966
0.047953103
0.047999807
0.048343953
0.0474975
0.047905512
0.048469063
0.048090648
0.04701081
0.04836298
0.048643176
0.047688052
0.047611594
0.048846
0.047108464
0.048522174
0.04939934
0.05012301
0.048692804
0.04761081
0.048204936
0.04848487
0.048561227
0.048419785
0.0484909
0.04764146
0.048009917
0.04919442
0.0494311
0.05014962
0.04822024
0.04752723
0.047462605
0.04888486
0.04971904
0.047191307
0.04865835
0.048308723
0.047454175
0.047693115
0.04748868
0.048022617
0.047772117
0.04803716
0.05000204
0.047530513
0.048557024
0.047181875
0.04767116
0.05000549
0.047458947
0.048207
0.049699366
0.0472258
0.0469927
0.048180893
0.048633732
0.04834849
0.048262097
0.048962455
0.0471047
0.046896335
0.04794477
0.046968944
0.047063142
0.047256436
0.047608897
0.046938945
0.04775419
0.048046928
0.047451816
0.046907257
0.048154816
0.04747785
0.04773262
0.048001792
0.048823014
0.047046654
0.04711654
0.047552995
0.04844614
0.048253737
0.047883213
0.050037734
0.047691066
0.04812495
0.0493244
0.04912119
0.04791318
0.048960473
0.047244277
0.04968139
0.048581246
0.047510307
0.04868956
0.046810348
0.04680405
0.047667827
0.047490265
0.04764951
0.04861178
0.048524883
0.04704636
0.048729274
0.047225088
0.046786435
0.047678277
0.04778037
0.04801304
0.047034133
0.04743618
0.048052896
0.048603
0.046817098
0.04698503
0.04731102
0.047521967
0.0469729
0.04754941
0.04856341
0.047913287
0.04773661
0.047410037
0.047735155
0.04769897
0.046752103
0.049341273
0.046513274
0.0482105
0.04697417
0.047017112
0.047735542
0.047506474
0.0475162
0.04698606
0.046881627
0.047783922
0.046898957
0.047635436
0.04725063
0.046195205
0.047764927
0.046456702
0.047276817
0.04781365
0.04822643
0.04763387
0.047138546
0.047885604
0.04809992
0.046454377
0.047873132
0.048449792
0.04659967
0.046932116
0.04812042
0.04815041
0.04724801
0.04865297
0.046360157
0.04783808
0.048056327
0.04786922
0.04712728
0.047940843
0.04684221
0.04732062
0.04755326
0.047973957
0.04726839
0.04760875
0.04627051
0.046127215
0.046395216
0.047402654
0.047332134
0.045863267
0.047051713
0.0461284
0.047216166
0.04697694
0.046535354
0.046624556
0.046693105
0.046261508
0.04999839
0.048787855
0.047539335
0.046694014
0.04639518
0.048003983
0.04703495
0.046857905
0.046268713
0.04578127
0.047741983
0.046093583
0.047498517
0.04742012
0.046809107
0.04851946
0.0464073
0.046447497
0.04744295
0.046547398
0.04797621
0.04755789
0.047284834
0.046915386
0.046495046
0.0476021
0.04725679
0.047809344
0.049333572
0.046696085
0.04714051
0.046250947
0.04678132
0.047004525
0.049109954
0.046173424
0.04665802
0.047351103
0.04666891
0.04762539
0.04605172
0.04707903
0.04718442
0.046629734
0.04650565
0.046642933
0.04742279
0.04713197
0.046589125
0.046578676
0.046121288
0.048541546
0.046711855
0.04652481
0.04739195
0.04644606
0.046055783
0.04677678
0.04657541
0.047351953
0.04730461
0.047243964
0.045897916
0.046746057
0.047356345
0.046690915
0.046483472
0.046867847
0.045579333
0.047110025
0.047615882
0.047410302
0.046760872
0.04696786
0.04618675
0.04622956
0.04591252
0.046392206
0.046708543
0.04707839
0.046210635
0.04688096
0.046696592
0.04634102
0.04694952
0.046422087
0.04625625
0.046207223
0.047235813
0.045884587
0.045663465
0.04605671
0.04592495
0.046557635
0.046497546
0.047992915
0.04714284
0.045839943
0.045726977
0.046736166
0.047969997
0.046747472
0.046332363
0.04688643
0.046481606
0.045864716
0.047609486
0.045812685
0.04664903
0.0473961
0.04844973
0.047043234
0.04623718
0.04721287
0.048466302
0.047317065
0.047528397
0.04672756
0.046264574
0.047209375
0.046784267
0.046800178
0.048556622
0.04736886
0.045923837
0.046716746
0.047210164
0.04757797
0.04745236
0.04714652
0.045889985
0.046655845
0.046548244
0.0458812
0.046223033
0.046736207
0.047299176
0.04754528
0.04594498
0.046718214
0.04695601
0.04652685
0.045815367
0.045628317
0.046018522
0.045615744
0.04704799
0.046789832
0.0475904
0.046094343
0.047521338
0.046289697
0.04744913
0.046753608
0.046491873
0.045945466
0.04616436
0.046894304
0.049072813
0.04672973
0.04582548
0.045955084
0.04591937
0.046068136
0.04524641
0.0478313
0.046689607
0.046148665
0.04610467
0.046343166
0.046944387
0.04540008
0.045275543
0.045826707
0.045962997
0.04593399
0.045744322
0.04689514
0.046140485
0.0459516
0.046580795
0.047690824
0.046407226
0.04588326
0.046678573
0.046957437
0.04673061
0.046227872
0.046498343
0.04555126
0.046515528
0.045859072
0.048075154
0.047118492
0.04707188
0.046635795
0.04653481
0.046658825
0.04610927
0.047034238
0.045639515
0.047343478
0.04558773
0.04722532
0.045268133
0.045163173
0.045443077
0.046645425
0.04516346
0.04642105
0.04614633
0.04585531
0.04503962
0.046121098
0.04628558
0.0483391
0.046695307
0.0456058
0.046832725
0.046198543
0.04624998
0.045836534
0.045829833
0.045788854
0.046441186
0.045245025
0.046032354
0.045402564
0.046032395
0.045871492
0.047759112
0.04564944
0.045077216
0.046964534
0.047949675
0.046257894
0.04592279
0.046018954
0.046203084
0.045699496
0.04649396
0.04583041
0.047468007
0.04674315
0.046733756
0.045946654
0.046411827
0.046673007
0.04565372
0.046865217
0.046180535
0.045847
0.045651343
0.04605467
0.045176767
0.0474935
0.046378538
0.045663625
0.046913113
0.046583753
0.04491473
0.04692643
0.04586673
0.045292664
0.046068348
0.04717445
0.045486696
0.045900982
0.045368485
0.046072375
0.045842204
0.04614848
0.04684825
0.046888378
0.04591846
0.046560608
0.045096006
0.04635385
0.0462147
0.0457682
0.04784149
0.046476014
0.04820161
0.04577242
0.04652106
0.045974515
0.047772612
0.0470052
0.046105396
0.045939248
0.046364076
0.046420142
0.045544725
0.045803342
0.04669965
0.04591267
0.046955373
0.04659762
0.04523997
0.045148604
0.046432927
0.04622731
0.04525719
0.046157554
0.047068886
0.046866756
0.045369707
0.04610129
0.0453991
0.046334404
0.046426434
0.045707922
0.04847525
0.04637807
0.04677745
0.04668922
0.045588657
0.045219295
0.046468522
0.04643735
0.045761194
0.045708407
0.04506632
0.04646805
0.045960177
0.04545409
0.046496987
0.04570822
0.04619481
0.045990907
0.045287374
0.045567505
0.04620904
0.045244846
0.045173932
0.045647725
0.045572933
0.04585018
0.04535543
0.044911213
0.046321545
0.04636333
0.04545182
0.04592775
0.04587049
0.046647523
0.046273075
0.0453136
0.046728052
0.045805883
0.044973418
0.045573592
0.045728467
0.044934824
0.04619802
0.045812786
0.04708716
0.045951
0.045613814
0.045520853
0.046725642
0.045861267
0.045597434
0.045931723
0.045573745
0.045840703
0.046123248
0.046013903
0.04528843
0.04509097
0.045655746
0.045394987