
0.023529561
0.022427397
0.020542156
0.020105269
0.020230733
0.019797867
0.01846414
0.018269828
0.017611519
0.017330563
0.01766661
0.017226424
0.016102506
0.017292954
0.016052365
0.016046094
0.016042134
0.015641704
0.015772598
0.01552083
0.015850108
0.015829176
0.015078221
0.015139574
0.015751189
0.015102199
0.015015879
0.014694263
0.014874644
0.014458287
0.014498994
0.015038409
0.013943912
0.014069935
0.014196328
0.014236832
0.013698999
0.013977923
0.013684552
0.013474203
0.0136061795
0.013737348
0.013540265
0.013230508
0.012967283
0.013671446
0.013066803
0.013075723
0.013663907
0.012971734
0.012709486
0.013755199
0.013503968
0.013578873
0.012644288
0.012727888
0.0127639705
0.012572869
0.012443644
0.012492858
0.01288971
0.012592676
0.012287615
0.012246415
0.012507795
0.01233509
0.012336778
0.012606188
0.012163333
0.01264184
0.012375851
0.012670646
0.012539893
0.012395199
0.012427788
0.012610451
0.012476203
0.012444978
0.012432401
0.012044086
0.012469552
0.01196572
0.012098594
0.012342173
0.012080612
0.011733431
0.011960271
0.011950555
0.011649059
0.011797957
0.011593376
0.011776498
0.0111870095
0.011685381
0.011262749
0.011627128
0.011446296
0.011562616
0.011441692
0.012161311
0.0124201635
0.011982404
0.011649766
0.01203887
0.011397908
0.011386635
0.011414851
0.011497791
0.011219624
0.011089793
0.011104338
0.011184898
0.011050338
0.011793356
0.0113360565
0.0110416
0.010838413
0.010908607
0.011119988
0.011093645
0.010841374
0.01105981
0.01166022
0.01099175
0.010991233
0.010815034
0.010976961
0.010750806
0.01073404
0.0107945595
0.011067576
0.01095563
0.010759937
0.010559719
0.010522206
0.0110252565
0.010612354
0.010455462
0.010902222
0.010758102
0.010326449
0.010562627
0.010961466
0.010459733
0.010212912
0.010296483
0.0101532675
0.010309839
0.010234683
0.010277417
0.010161598
0.010042595
0.010412186
0.010317919
0.010338035
0.010141491
0.010375763
0.010070448
0.010518427
0.00989521
0.009988997
0.010025335
0.010239045
0.010056667
0.01015179
0.010081055
0.010128737
0.010221021
0.010120289
0.00999195
0.009979819
0.01004763
0.009973702
0.009942759
0.010012057
0.009940402
0.010395254
0.010075075
0.0103541715
0.010572509
0.009928262
0.009708958
0.009896391
0.010188171
0.010284777
0.009910149
0.010302009
0.009779241
0.009548452
0.009572385
0.009866914
0.009685018
0.009870934
0.009512392
0.009797777
0.0102742845
0.010118799
0.009439759
0.010086315
0.011254544
0.00970266
0.009587823
0.00982253
0.009679481
0.00971883
0.009524254
0.009515932
0.0096290205
0.009586451
0.009397397
0.0092836665
0.009616077
0.009559167
0.009542091
0.009748324
0.009629927
0.009711333
0.009491076
0.009422766
0.009166121
0.009342362
0.009474549
0.009405807
0.00987897
0.009327179
0.009202685
0.00916883
0.009583021
0.01003397
0.009297328
0.00969105
0.009754977
0.009028649
0.0090975985
0.009474873
0.009132673
0.009097582
0.009630447
0.009159756
0.008840757
0.009270785
0.009398407
0.008828853
0.009235595
0.00892724
0.008882914
0.008799824
0.008866793
0.008973561
0.00924824
0.009080812
0.008992533
0.008862283
0.008603753
0.0087209875
0.009058189
0.008875365
0.009354178
0.008828334
0.008992321
0.009053668
0.008986301
0.00896348
0.00860008
0.008899644
0.008839894
0.008802165
0.008778012
0.008746406
0.00872525
0.008823483
0.008609208
0.008990555
0.008618196
0.0086471485
0.0091301035
0.009138908
0.00861571
0.008612391
0.00854732
0.008600685
0.008598024
0.008505228
0.008277539
0.008477265
0.008521684
0.008359975
0.008601619
0.008332473
0.008392392
0.008221396
0.008562726
0.008797616
0.0085866675
0.0086811865
0.008359638
0.008704514
0.008232793
0.0084884195
0.008376987
0.008366323
0.008310663
0.008226031
0.008377114
0.008405457
0.008331848
0.008500777
0.008357183
0.008337023
0.008597364
0.008279606
0.00859682
0.008211494
0.008245415
0.008510664
0.007946605
0.008121117
0.008010468
0.0081937695
0.008032038
0.008196581
0.008209355
0.008071455
0.008240417
0.008108386
0.008219424
0.008147006
0.008042805
0.008185839
0.008000378
0.008091667
0.008358535
0.008255703
0.008205359
0.008047946
0.008156317
0.00809919
0.008081311
0.008125795
0.0077888113
0.00802824
0.008015394
0.007935171
0.007800089
0.007829342
0.008194663
0.008006683
0.007891942
0.008003057
0.00794392
0.007921701
0.0078248335
0.007944714
0.007938779
0.00775699
0.008004306
0.00798361
0.0077436035
0.008015365
0.007781832
0.0076256865
0.007894316
0.008016536
0.007703439
0.0079337945
0.007686927
0.007802413
0.007872304
0.0076190648
0.0077819475
0.0076256553
0.007907612
0.008214272
0.007646283
0.0075386926
0.007804993
0.0077376487
0.0074432692
0.0075735073
0.007461552
0.0075470046
0.007573677
0.007509531
0.00752748
0.0075553134
0.007496612
0.007575261
0.007420727
0.0075625847
0.007554363
0.007412053
0.0079005975
0.0073170657
0.007463637
0.007666442
0.0077330275
0.0074724313
0.0075837956
0.0077645676
0.0077352514
0.007338256
0.007348139
0.0075201415
0.007275771
0.0072745224
0.007455729
0.0075182943
0.0073789586
0.0076300516
0.007463279
0.0072339447
0.007445966
0.0074256393
0.007306493
0.007164368
0.007276348
0.0073510543
0.0075006085
0.007160593
0.0073799677
0.007372159
0.0074319057
0.007566907
0.007474629
0.007436798
0.0072594224
0.007126437
0.0070982357
0.0074353986
0.0070672543
0.0072087445
0.007217797
0.007174364
0.007043042
0.0072143907
0.0071430192
0.007158019
0.0070099523
0.0068455786
0.0072475267
0.0069229696
0.007136169
0.007097045
0.00707892
0.0069730342
0.0072087655
0.0069334945
0.0072198277
0.0070124106
0.0071373754
0.0068981727
0.0069696545
0.006878776
0.0067905257
0.006884781
0.006988983
0.007095072
0.0069557955
0.0069656647
0.00723211
0.007104088
0.0069604977
0.006874258
0.0068831677
0.0067407577
0.0071492246
0.0071139527
0.006849909
0.0069748415
0.0067645623
0.0067594615
0.0067903213
0.006850986
0.0068193944
0.0068882606
0.006733466
0.006740024
0.006927627
0.006671429
0.0067628035
0.0069388896
0.007093457
0.0067234
0.00689779
0.0067915553
0.006799835
0.006838253
0.0071079717
0.0067645987
0.0067387437
0.0067047463
0.0066313013
0.0068629654
0.006711764
0.006591663
0.006633983
0.006942089
0.0065032137
0.006535446
0.0065033273
0.006641481
0.0065727024
0.0066241897
0.006617615
0.0066262763
0.006600531
0.006638934
0.006440796
0.006626229
0.00659531
0.0064516487
0.0066714464
0.0064144162
0.006554248
0.0064670895
0.006525897
0.006746198
0.006800254
0.006758766
0.007321937
0.006415623
0.0066710836
0.006580199
0.006611272
0.0063928454
0.006491417
0.0062423456
0.0066588433
0.0065391916
0.0063306913
0.0062742946
0.006428585
0.0062030754
0.006217585
0.0063778707
0.006305413
0.006329647
0.0063887695
0.006390902
0.0064224848
0.0065127946
0.0064662416
0.0062711504
0.0062305466
0.006421581
0.0062226374
0.0062009743
0.0065749674
0.0065364516
0.0065775607
0.0063058464
0.006688862
0.006229788
0.006348052
0.006394486
0.0062474073
0.006093773
0.006200241
0.00620363
0.0062254216
0.0060586235
0.006331756
0.006318476
0.006184282
0.0062385155
0.00605678
0.006092407
0.0060880077
0.0064773476
0.006391723
0.006028599
0.0061589493
0.006105717
0.0061021233
0.0060194097
0.0061155483
0.006010018
0.0059791766
0.005948338
0.0060329395
0.0060926243
0.0061017303
0.0060514575
0.0060176346
0.0060971417
0.006273104
0.0060236696
0.0060650613
0.0060449895
0.0060770614
0.006068647
0.006062926
0.0059138113
0.0059744073
0.0063003832
0.005989506
0.0059272256
0.005996447
0.00603047
0.005910008
0.005956307
0.0058590737
0.00589918
0.005902787
0.0059214802
0.0057365852
0.0058345064
0.005920044
0.0058279745
0.0057933233
0.0058616875
0.0059321984
0.0059338906
0.0059426217
0.005869858
0.005951814
0.005909233
0.0059592607
0.005938718
0.0057468484
0.0058405777
0.0056929975
0.005720246
0.0057359296
0.0058801505
0.005814859
0.005764342
0.0059123323
0.005654381
0.005796928
0.005730044
0.005736933
0.006294301
0.005748814
0.005921311
0.0056561637
0.0057512554
0.0057614567
0.0057349913
0.0060078823
0.0057666213
0.0058419164
0.005791537
0.005764408
0.005610483
0.005994124
0.005758759
0.005682359
0.00589473
0.00590924
0.0057455534
0.0058098002
0.0056801266
0.005567483
0.005733558
0.005507807
0.0058058603
0.0058872625
0.005903587
0.00584758
0.005468918
0.005714698
0.0055365227
0.0055702697
0.0055754418
0.0058035837
0.005495582
0.0056359754
0.005630269
0.0056352993
0.005744967
0.0055498597
0.005578783
0.0055050333
0.0055139456
0.0054874895
0.005625683
0.0055936575
0.0055112066
0.005602144
0.005466542
0.0054264655
0.0054897205
0.005566049
0.00557454
0.005452712
0.0054314616
0.005491582
0.0054227863
0.005524886
0.0054563046
0.0056278734
0.0056681074
0.0053544072
0.005566698
0.005427934
0.00534305
0.0054837777
0.00559972
0.005416237
0.005578891
0.0054422216
0.005573008
0.005463266
0.005541234
0.005478124
0.0054792957
0.0055713956
0.0055459007
0.0053559146
0.0054232874
0.0054213363
0.0053657913
0.005485781
0.0053327153
0.005309708
0.005324208
0.005310361
0.0053751078
0.0054021436
0.005393935
0.0052919905
0.00534929
0.0053638676
0.0053013107
0.00567992
0.005348188
0.005302676
0.00527097
0.0054085413
0.0056375256
0.0056044143
0.005224504
0.005407185
0.0051977797
0.0053502563
0.005381674
0.005322293
0.0053714355
0.005277121
0.005301532
0.005229416
0.0051586702
0.00533443
0.005407874
0.0052513
0.005232388
0.005278621
0.005306314
0.0052533355
0.0052231676
0.005197379
0.005324065
0.005275682
0.005369279
0.0051969616
0.005132396
0.005157282
0.00530092
0.0052976795
0.0055613806
0.005276159
0.005275724
0.0052877003
0.00506431
0.0053395308
0.005289915
0.0052091926
0.0051285545
0.0050848043
0.0052054804
0.005383783
0.005219107
0.005129332
0.005117636
0.0053603686
0.005226274
0.0052609374
0.0049895737
0.00502027
0.0052315434
0.005109997
0.005154515
0.0053188577
0.0050471877
0.0052802786
0.0051800474
0.0051425146
0.004979851
0.005131114
0.005117444
0.0050029783
0.0051624244
0.005029092
0.0050353883
0.005123123
0.0049735764
0.0051392443
0.00498444
0.0050947685
0.005161907
0.0051016673
0.0050739585
0.0049907835
0.005110387
0.005053936
0.005126784
0.0050778873
0.0049892766
0.0049183685
0.0050952914
0.0049736993
0.0049550203
0.004940932
0.005019427
0.004923676
0.005113594
0.005025156
0.0050362404
0.00492071
0.005053007
0.0049715745
0.004885105
0.0049859877
0.004971928
0.0049729273
0.0049622813
0.005167422
0.0051997094
0.0048855357
0.004922404
0.004968191
0.0050052013
0.00502612
0.0049757133
0.0048361975
0.004876221
0.0050511803
0.0047980105
0.004823952
0.0050499737
0.0050146994
0.004797842
0.0048009837
0.0047975816
0.0048131244
0.0048120543
0.004887649
0.0048362575
0.004807307
0.004893773
0.0049003884
0.0050030746
0.004821425
0.005150813
0.0047886567
0.0049781925
0.005014682
0.0049301023
0.0048460686
0.0048452425
0.0047451793
0.0048495485
0.004837025
0.004740641
0.004954269
0.00472694
0.0048022736
0.004757686
0.004780226
0.0049078404
0.0048162728
0.004817667
0.004710016
0.0047356836
0.0048663924
0.004710624
0.004747737
0.0048471885
0.0048639816
0.0047201137
0.0047990684
0.004831021
0.004719853
0.0046535325
0.0047378507
0.004725333
0.00472551
0.004856783
0.004637743
0.0045845625
0.0048509934
0.004819676
0.004670195
0.004875297
0.004686294
0.0048544565
0.004808866
0.0047364663
0.0048766057
0.004637082
0.004675638
0.0046711965
0.004753679
0.004679619
0.004632653
0.0044874568
0.0046332427
0.0047493633
0.0047119046
0.0046653873
0.0047108135
0.0045750565
0.0046308017
0.0046096416
0.004565681
0.0045325295
0.004477022
0.004535748
0.0047284616
0.0046041873
0.0048883036
0.0045326944
0.0046090484
0.004536949
0.0046261717
0.0045632897
0.0046342453
0.0045704227
0.0046360306
0.004746771
0.00452932
0.004606648
0.004529296
0.004533036
0.004511574
0.004594887
0.004663534
0.004608289
0.0045508216
0.0045954925
0.0045397077
0.0046153897
0.004564275
0.0046775606
0.0045462768
0.004637194
0.004479847
0.004490545
0.004389706
0.004476534
0.004485498
0.0045108744
0.004551215
0.0044192947
0.004494892
0.004436819
0.004536439
0.004478733
0.0044824677
0.004504682
0.00459001
0.0044452236
0.00438716
0.0044639125
0.004390227
0.0048394115
0.004435604
0.004548134
0.004443348
0.0043745846
0.0043814806
0.0045172153
0.004465636
0.0045824656
0.004376771
0.004431357
0.0044345874
0.0045848694
0.0044694394
0.004402982
0.004539621
0.004518223
0.0046273572
0.004410701
0.00441249
0.004423262
0.004317651
0.0043141595
0.0045006606
0.004329359
0.00439044
0.0043801884
0.004376824
0.004408391
0.0046022874
0.004283343
0.0043254937
0.004332227
0.004564439
0.0043379366
0.004378794
0.0043326314
0.0044386634
0.004388059
0.0043650554
0.0042875665
0.004372577
0.004517343
0.0043849624
0.004234517
0.0042215306
0.0043077385
0.0042582992
0.004364423
0.0042608874
0.004291826
0.0046014953
0.0043164114
0.0042855693
0.004240798
0.004287919
0.0042290064
0.0042919316
0.004399407
0.004444295
0.004526829
0.0042748577
0.0043434356
0.0042308136
0.0044071353
0.0040899725
0.004306805
0.0042592757
0.004193731
0.004252654
0.00416971
0.004377788
0.0043246606
0.004297951
0.0042461627
0.0043262495
0.004208872
0.0042760535
0.0042900406
0.0043342984
0.00414931
0.0042650164
0.0041855765
0.0041960073
0.004276573
0.0042294683
0.0042369384
0.0042072088
0.004285072
0.0041673677
0.004208173
0.0041897846
0.004150563
0.0043468294
0.0041063
0.004394365
0.0042554
0.004165439
0.00407721
0.0042286315
0.0041809864
0.0041211336
0.0042131413
0.004173835
0.0041920664
0.0042165434
0.0041568186
0.00430168
0.0041018957
0.0042169783
0.0042167595
0.004319477
0.0040840427
0.0042079575
0.0041527296
0.0042992807
0.0040357294
0.004136342
0.00424654
0.004024963
0.0041548945
0.004145981
0.0043385946
0.004120313
0.004252687
0.0043339417
0.004294157
0.0041158283
0.004112445
0.0041844053
0.004021959
0.00416571
0.004090473
0.0041447426
0.0041759545
0.004166991
0.0040608817
0.0040719663
0.0040843673
0.0041501964
0.004025485
0.004011734
0.0040248143
0.0040229056
0.0040540546
0.0040291212
0.0043003485
0.00408135
0.004168357
0.0041219364
0.004053741
0.004092112
0.0039855856
0.0039972197
0.0042592115
0.004095989
0.0039557605
0.0040847515
0.004093258
0.0041692895
0.0040738555
0.0042653903
0.004141498
0.004071646
0.004098004
0.0040134713
0.004069238
0.004103341
0.0041414467
0.0040245233
0.0040144613
0.0039783926
0.004061364
0.0040154215
0.0039845495
0.004015506
0.0039837724
0.004111197
0.0040907376
0.0039772172
0.00400127
0.0038679007
0.0039754757
0.004134477
0.003945879
0.0040306356
0.0040383507
0.0039410065
0.0039486745
0.0040892474
0.003953657
0.0038888624
0.0039274287
0.004088666
0.003955711
0.0038950678
0.003969805
0.003914341
0.003937158
0.0038622806
0.00394571
0.004120686
0.0039918087
0.003982743
0.0039768247
0.003938897
0.0038664527
0.004078953
0.0039750356
0.003933277
0.0039707683
0.003894683
0.004075024
0.0039540096
0.003894949
0.0039772065
0.0040255305
0.0037628943
0.0040010693
0.0039076596
0.0038386236
0.003933977
0.003946379
0.003987918
0.0040319036
0.004001507
0.0038083957
0.00385717
0.0038297458
0.0038941947
0.003860074
0.0038460295
0.0038911516
0.0038566939
0.003920767
0.0038658527
0.003851718
0.0038218717
0.0039284863
0.003907542
0.0038240056
0.003842785
0.0037983335
0.0037915406
0.0037720494
0.003741028
0.003839541
0.0038464766
0.003805111
0.0038616168
0.0038734442
0.003814664
0.003821556
0.003959353
0.0037543415
0.003926519
0.0037591474
0.0038444705
0.0038376483
0.0038554654
0.0038157515
0.003771208
0.0037958857
0.0039656768
0.0038627416
0.003775721
0.0037586566
0.00371692
0.0038688993
0.003751768
0.0038145166
0.003929354
0.0039847484
0.0037208248
0.0038418307
0.0036895552
0.0038154572
0.003783684
0.0038617335
0.003943329
0.0037488719
0.0037212535
0.0037603094
0.003748346
0.0037928803
0.003792501
0.0037502926
0.0039069196
0.0038545781
0.003744516
0.0037362308
0.0036895073
0.0037232754
0.003823012
0.0038607316
0.0038702886
0.0037739398
0.0038941181
0.003715696
0.0038537206
0.0036974389
0.003759206
0.003734957
0.0036945445
0.0037929637
0.00377122
0.0038197413
0.0037382788
0.0037881674
0.003758527
0.003867751
0.0037481324
0.0039009647
0.0036540853
0.0038136411
0.0036984454
0.003730165
0.0036925701
0.003781274
0.003683685
0.0036446908
0.0037990941
0.0037267222
0.003653537
0.0037057253
0.0037282428
0.0036744731
0.0036853133
0.0037179275
0.0036263468
0.0036629892
0.0036659106
0.0037751452
0.0037056976
0.0037589106
0.0036467777
0.0036813093
0.003615957
0.0035804012
0.0038260443
0.0036532467
0.0036103872
0.0037985756
0.003732748
0.003811663
0.0038435773
0.003665047
0.003665815
0.0036912372
0.00375471
0.0036464115
0.0036358591
0.0036281827
0.0036888921
0.0036866511
0.0036862518
0.0036360912
0.0036844823
0.0037050545
0.0037047793
0.0036787088
0.0036339068
0.0038243048
0.0038658688
0.0036605615
0.0037516018
0.0035727348
0.0038073782
0.0036352493
0.0035269817
0.0038394309
0.003578904
0.0036938516
0.003579104
0.0036569068
0.0037525722
0.0035709317
0.0036494185
0.0037285206
0.0036286672
0.003704599
0.0036876001
0.0035514026
0.003556032
0.0035738223
0.0036567608
0.003693023
0.0035662947
0.003601134
0.003576022
0.0037465736
0.003578914
0.003536824
0.0036438967
0.0037333176
0.0037063996
0.003531625
0.003597515
0.0037168812
0.0035516426
0.0036311771
0.0036961797
0.0035789178
0.0034984807
0.0036613534
0.0036064521
0.003504752
0.0035299785
0.003477121
0.003473212
0.0035067925
0.0035346958
0.0035759134
0.0036674864
0.003544413
0.0035112544
0.0034869676
0.0035642716
0.0034901414
0.0034830028
0.0034618443
0.0034668865
0.003757282
0.0035334104
0.0035361391
0.0035653615
0.0035302278
0.0034775024
0.0037047048
0.003477527
0.0034890666
0.0035251286
0.003534061
0.003483429
0.0036419076
0.0034702935
0.003454307
0.0035223248
0.0035919948
0.0034983654
0.0034744795
0.003538934
0.0035397008
0.0034163217
0.0034943444
0.00363044
0.0034907805
0.0035382933
0.0035034579
0.0034988984
0.0034641426
0.003529263
0.0034506102
0.0035495115
0.0034868459
0.0034727878
0.003432209
0.0035608527
0.003464539
0.003391403
0.0034956832
0.0035462335
0.0035568527
0.0034564924
0.0036458124
0.0034667167
0.0035637585
0.0035721671
0.0036744105
0.0034730926
0.0034566221
0.0034802125
0.0036345224
0.0035852266
0.0035853905
0.0034304042
0.0035686484
0.003482308
0.0035075448
0.0034309092
0.0034562452
0.0034104455
0.0034230987
0.0033962787
0.003418547
0.0034366741
0.003490392
0.0035909556
0.0034021775
0.0034528233
0.0034367545
0.0034420835
0.0034475434
0.0034699233
0.0034662434
0.003429987
0.0034723794
0.0034652925
0.003375382
0.0036577953
0.003464001
0.003397876
0.0035013244
0.0034722355
0.0033599169
0.0035630234
0.003377306
0.0034089412
0.0034126476
0.0033883553
0.0034662331
0.0034736095
0.0033567976
0.0035013033
0.003442648
0.0034461603
0.0035154286
0.0033375632
0.0033346105
0.003296203
0.0033589394
0.0034162859
0.0033264516
0.003317704
0.0034621784
0.003491866
0.0033626494
0.0033829915
0.0033747624
0.0034111184
0.0035569547
0.0032336174
0.003339655
0.0033944913
0.0033259534
0.003309445
0.003397786
0.0033428252
0.003372157
0.0033060964
0.0033379826
0.003324441
0.0032828865
0.0033358773
0.0033396208
0.0033414837
0.0035390141
0.0033039534
0.0036380277
0.0033394883
0.0033809117
0.0034421217
0.0033785922
0.0033998357
0.003302595
0.003327018
0.0033826083
0.0033618405
0.0033091807
0.0033184392
0.0032912272
0.0033100757
0.0033352624
0.003388609
0.0033776355
0.0034635563
0.0034099396
0.0033560873
0.00333695
0.0033492732
0.0032285715
0.0032041136
0.00334175
0.0033377267
0.0032429022
0.0033107512
0.00327958
0.003200943
0.0033057216
0.0033169687
0.0033339618
0.0032823242
0.0033113975
0.0032324584
0.003351335
0.0032968363
0.003325584
0.0033233485
0.0033541163
0.003274503
0.0033323374
0.0031937824
0.0032818827
0.0032476103
0.0033933185
0.003356203
0.0031809967
0.003332592
0.0032721185
0.0032158114
0.003264973
0.0032796056
0.0033252216
0.003315619
0.0033766204
0.0032742673
0.0032866932
0.00325187
0.0032012712
0.003241035
0.0032124505
0.003200035
0.0032327124
0.0032167216
0.0031948434
0.0032920432
0.003351544
0.0032601447
0.0033098573
0.0031840042
0.0032332903
0.0033761328
0.0032305224
0.0032438869
0.0032386973
0.0032912828
0.0033363756
0.0031507558
0.003295537
0.0032422696
0.003257454
0.0032398368
0.0031415308
0.0032093965
0.0032785167
0.0033218267
0.0032295086
0.0031471357
0.0032704491
0.0031851619
0.0032594742
0.003246078
0.003176035
0.0032809475
0.0033765258
0.0032316276
0.0032597862
0.0031728265
0.0031771685
0.0032664402
0.003121591
0.0031640825
0.0032018977
0.0031622872
0.0032251368
0.003135694
0.0032092482
0.003147884
0.0033020442
0.0032048856
0.0031612264
0.003275518
0.0031425676
0.003206156
0.0032034116
0.0032030998
0.0032736012
0.003273354
0.0031932197
0.0032231952
0.003187176
0.0032773055
0.0031580976
0.0031055256
0.0032905752
0.003170674
0.0031430414
0.0032739593
0.0031104686
0.0032666035
0.003226772
0.0031918043
0.003218652
0.0032607995
0.0031130316
0.0031141755
0.0031462607
0.0031506938
0.0031615607
0.0032418456
0.0031893868
0.0032749341
0.003186735
0.0032414116
0.0031036146
0.0031411445
0.0031853844
0.0030632296
0.003116037
0.0031440568
0.003172405
0.0031637202
0.0032105932
0.0031530887
0.0031299174
0.003337583
0.0032080768
0.0032438687
0.0030696737
0.0031882927
0.0031529358
0.0030383058
0.0030745864
0.0031013675
0.003065471
0.0031089282
0.0030962226
0.0030753196
0.003048238
0.0030568263
0.003067978
0.0031010455
0.0032815074
0.0031165928
0.003110065
0.0031521386
0.003129564
0.0032155768
0.0030613977
0.0030927632
0.0030911788
0.0030875145
0.0030659542
0.0031565335
0.0030644615
0.00306364
0.0031986015
0.0031093403
0.0031673603
0.0030641013
0.0030963165
0.0031785031
0.003131987
0.0031655726
0.003029635
0.0030468327
0.0030170581
0.0031274697
0.0031106344
0.0030241304
0.003169273
0.0031139124
0.0031308923
0.0029829058
0.0030357603
0.0030712772
0.0031732537
0.0031016977
0.0030038431
0.0030489357
0.0030987482
0.0031361806
0.00309977
0.0031150847
0.0030940203
0.003109325
0.0030786311
0.0030219434
0.0030101195
0.0030254144
0.0030194859
0.0030094155
0.003098053
0.0030466265
0.0031119578
0.0032466406
0.003099922
0.003046577
0.0030479322
0.003130582
0.0030528083
0.003096341
0.0030743866
0.0031193555
0.003012253
0.003071496
0.0030562005
0.003068369
0.0030647481
0.0031340106
0.003026432
0.0030668988
0.0029686643
0.0029800916
0.0030896182
0.0030168854
0.003100454
0.0030460332
0.0029912693
0.003080123
0.0029849627
0.0030830868
0.0029827768
0.0029932284
0.0032317564
0.0030420066
0.003082152
0.003037397
0.0030094679
0.0030745515
0.0030669803
0.00307054
0.0030111414
0.0030146835
0.003034821
0.0031626117
0.00302596
0.0029288293
0.0029803196
0.0029851669
0.0030377128
0.0031538708
0.00293978
0.0029701712
0.002996809
0.0029860176
0.002970866
0.0030215755
0.0029521938
0.0029686461
0.003071825
0.0029437996
0.0030604897
0.002946127
0.0029782588
0.0029140962
0.0029932193
0.003002775
0.0029721311
0.0030029751
0.0030401722
0.003019983
0.0029606994
0.0029833333
0.0029900516
0.002940111
0.0030895567
0.002961452
0.003067513
0.0029554698
0.0029165982
0.0029509645
0.0029268418
0.002895555
0.0030273225
0.003072576
0.0030382676
0.0030135333
0.0029789899
0.0030462027
0.003177513
0.0029587175
0.0029385544
0.0029363574
0.002972148
0.0030066972
0.0029888414
0.0029364058
0.0029049977
0.0030270158
0.0030024168
0.0029868046
0.0029467675
0.002918024
0.0031204554
0.002921992
0.0028909605
0.0030497138
0.0029111085
0.0029991514
0.0029414808
0.00309582
0.0029451088
0.0029113847
0.0029974314
0.0029165356
0.0029435614
0.0031504608
0.0029378687
0.0029579957
0.003000769
0.002912337
0.0029232807
0.0030730367
0.0029762778
0.0029249818
0.0028555705
0.0030019693
0.002886029
0.003029209
0.0029518555
0.0029611546
0.0029473423
0.00296489
0.0029929483
0.0031432395
0.0029416804
0.0029976626
0.002913171
0.0028972349
0.0029014922
0.0029136534
0.0029722853
0.0029327227
0.0028648507
0.0029433742
0.0028617019
0.0028730554
0.0030092879
0.0029250926
0.002869649
0.003017583
0.0029373986
0.00305156
0.0029389055
0.0030177396
0.0029501624
0.0030503434
0.003002237
0.0029101532
0.0029715896
0.0029360948
0.0029384955
0.0030183126
0.0030503578
0.0029286584
0.002906702
0.0029026642
0.0030469235
0.002918075
0.0030164558
0.0029228823
0.002993687
0.00292456
0.0029093092
0.00283778
0.0029378566
0.002865704
0.0029506285
0.002985597
0.0029201
0.0028545787
0.0029127656
0.0028156883
0.0028896972
0.0029178313
0.0028934986
0.0028880246
0.002925
0.002873356
0.0029198567
0.002841899
0.0029057628
0.0028704153
0.0028234308
0.00290387
0.0028683501
0.0029541503
0.0028844792
0.0028165858
0.0028022828
0.002808376
0.00295642
0.002879012
0.0028466813
0.0030335814
0.0028422086
0.0028752566
0.0029197244
0.0028583123
0.0028582204
0.0027906045
0.002944057
0.002940428
0.0028607456
0.002924626
0.002905909
0.0028940518
0.0027830312
0.0027850086
0.0028195607
0.002769294
0.0028124324
0.0028626127
0.0028131537
0.0028454172
0.0029030605
0.0028734661
0.0028285852
0.0028773968
0.0028707255
0.0029641164
0.0028736426
0.0029520532
0.0028341361
0.0028340209
0.0029069048
0.0028628288
0.0028910777
0.0028113115
0.0029460366
0.0028130193
0.0028340186
0.002894039
0.0028546618
0.0027687289
0.0029361101
0.0027660194
0.00302542
0.0028960488
0.0027729603
0.0029431
0.0030317875
0.0028315217
0.002872553
0.0027489124
0.0028774901
0.0028616448
0.0028248453
0.0028137348
0.0028839628
0.002754383
0.002756602
0.0028987993
0.0028081788
0.0027744728
0.002786625
0.0028320234
0.002802185
0.0027865383
0.0028770182
0.0028107476
0.0027444311
0.002795555
0.0028386428
0.0027898469
0.0027743883
0.0027907365
0.002757693
0.0027093806
0.0027951163
0.0027837607
0.0027641952
0.0028096766
0.0028803556
0.0028422987
0.0027881651
0.0027462011
0.0027864643
0.0029120008
0.0027815783
0.0028253803
0.002833064
0.0028623766
0.0028391748
0.0028223624
0.002714077
0.002818751
0.0027246922
0.0028058805
0.0028341128
0.0027778472
0.0027846922
0.0027829234
0.0028443066
0.0027970376
0.0027163492
0.0027376863
0.0027064227
0.00276818
0.002801705
0.002764072
0.0027387945
0.0026941772
0.002789259
0.0026970783
0.0027215427
0.0027659493
0.0027628536
0.0027191562
0.0028220227
0.0027657617
0.0027832005
0.0027172444
0.002729995
0.002726335
0.00276651
0.0028311424
0.0027579414
0.0026786507
0.0027319696
0.0027869516
0.0027908608
0.002790131
0.0029550262
0.0027063398
0.002743461
0.002892665
0.0027563896
0.0027563595
0.0027512007
0.0027411948
0.0027286022
0.002753812
0.0027616653
0.0028499805
0.0027622888
0.002836303
0.002814174
0.0027591884
0.0028173304
0.0028250339
0.0028357082
0.0028339936
0.0027533555
0.0026795273
0.002830438
0.0027437047
0.002773667
0.002686957
0.0027464165
0.0028906288
0.0026928356
0.0026921316
0.0028401813
0.0028298656
0.0027558154
0.0027910287
0.0028411709
0.002804628
0.0027492126
0.0028148193
0.0027432062
0.0027269013
0.0027011947
0.0026874936
0.0027565672
0.0027365845
0.0028927983
0.0026424485
0.0027296173
0.0027260245
0.0027364683
0.0027031193
0.0027317835
0.0027332935
0.0027472489
0.0027411755
0.0027338353
0.0026754693
0.0027301155
0.002702224
0.0027142446
0.0027128141
0.0027430844
0.0027230608
0.0027161315
0.002693966
0.0026938643
0.0026722662
0.0026730944
0.0026333174
0.0027647498
0.0027108064
0.002816898
0.0027379354
0.0027579141
0.0026583872
0.0026774895
0.0027510473
0.0026843282
0.0026778781
0.0027520256
0.0026396306
0.002702195
0.002682012
0.0026907523
0.0027252187
0.0026875744
0.0026333155
0.0027528561
0.0027450658
0.002657645
0.002701184
0.0026893872
0.0026435838
0.0027583342
0.0027201613
0.0027514785
0.0027138973
0.0026789897
0.0027154286
0.0026438925
0.0026454264
0.0027539781
0.0027301805
0.0026543296
0.0026554253
0.0026386508
0.0026516754
0.0027610476
0.002740252
0.0026811997
0.0026990895
0.0026944883
0.0027024285
0.0026650105
0.002706102
0.00271347
0.002618196
0.0027225022
0.0026877737
0.002702473
0.002691889
0.0027468316
0.0028051997
0.0026881408
0.0027366898
0.0027096667
0.0027428996
0.002634328
0.0026721526
0.0026604412
0.0026046261
0.0026565539
0.0027206047
0.0026332592
0.0026824402
0.0026825476
0.0026698785
0.0027261237
0.0026709307
0.0026552302
0.002729536
0.0026650205
0.002633013
0.0026631502
0.0026184742
0.002665094
0.002666037
0.0026977535
0.0026772376
0.00267992
0.0027305933
0.0027325824
0.0026744872
0.0026173112
0.0027017123
0.0027390304
0.0026480765
0.002649439
0.0025662817
0.0026665297
0.0026325933
0.0027584573
0.0027308753
0.0026268146
0.0026795757
0.0026323355
0.0027785709
0.0026310298
0.0026408562
0.0027202894
0.0026117952
0.002639338
0.0025945096
0.0026621711
0.0025888875
0.0025940796
0.0026333649
0.0025647664
0.0026838817
0.002626746
0.0026408995
0.0025694424
0.0026380229
0.002623188
0.0025957657
0.0025852146
0.002573253
0.00263337
0.0026421656
0.002646684
0.0026299316
0.0025810709
0.0025454385
0.002622668
0.0026003704
0.0026700657
0.00260563
0.0026819264
0.0025960421
0.0026237264
0.0025611292
0.002579227
0.0027170011
0.002620173
0.002528856
0.00255332
0.0025425928
0.0025421798
0.0025680608
0.0026268375
0.0025638433
0.0025689467
0.0025333117
0.0025937737
0.002525738
0.0025795402
0.002560079
0.0025821102
0.002575031
0.002531522
0.002515377
0.0025810085
0.0025618654
0.0025835726
0.0025713702
0.0025505978
0.002692997
0.0025792932
0.0027053521
0.002613188
0.0026224337
0.002531399
0.0025991893
0.002536694
0.0025903175
0.0025265797
0.0025661027
0.0025068538
0.0026351535
0.0025381779
0.0026088383
0.0026241865
0.0025809507
0.0025524867
0.0025766925
0.0025692706
0.0025574362
0.0026246023
0.002656679
0.0026103067
0.0025184723
0.0026093572
0.002615096
0.0025395106
0.002560046
0.002579434
0.002629451
0.0025801463
0.0026020699
0.002619172
0.0025958451
0.0025878616
0.002639264
0.0025614812
0.0025637015
0.0025584057
0.0026357027
0.0026123144
0.002501268
0.0026000699
0.0025748764
0.0024856539
0.0024742216
0.0024882252
0.0025257708
0.0026431181
0.0025279403
0.0024725625
0.0025172178
0.0025461854
0.0025692102
0.002519161
0.0025036365
0.0025020272
0.0025192734
0.0025792774
0.0025185985
0.0025445237
0.0025393844
0.002503919
0.0025486946
0.002535455
0.0025210695
0.0026137817
0.0025288311
0.0025415781
0.0025541915
0.0024854934
0.002532393
0.0025673828
0.0025359124
0.0025141481
0.0025665532
0.002609694
0.0025107278
0.0025426329
0.0026145286
0.002531368
0.002476107
0.0024903878
0.0025270774
0.0025278677
0.002522378
0.002562306
0.0025579536
0.0025041315
0.0024604488
0.002543111
0.0025571038
0.0026292566
0.0025661218
0.0024723315
0.0024935747
0.0025172224
0.0024889754
0.002529367
0.0024618625
0.002515146
0.0025452797
0.0025466902
0.002509387
0.002605285
0.0024650604
0.0024871158
0.002522204
0.0024486422
0.0024851963
0.0024858918
0.0024621466
0.0024985564
0.0024725795
0.0025919187
0.0024713285
0.0025685744
0.0027302927
0.0025134592
0.0024869023
0.0024819989
0.0024638807
0.0024936679
0.0025070873
0.0025043201
0.0024634025
0.0025351695
0.002509483
0.0025244823
0.0024797122
0.002581566
0.0024577903
0.0024739632
0.002481796
0.0024669808
0.0025796995
0.0024498387
0.002475019
0.0025117467
0.0024859018
0.0025170986
0.0025243873
0.0024657508
0.0024796932
0.0024671834
0.0024731252
0.0024514955
0.0024388526
0.0024428
0.002435457
0.002511131
0.0025520434
0.0024609813
0.0024626313
0.0024978437
0.002490324
0.002441607
0.002478389
0.0026034995
0.002451259
0.002441553
0.0024688838
0.0024316015
0.002577272
0.0025295548
0.002632943
0.002486597
0.002467898
0.0025041453
0.0024479306
0.0024860327
0.0025529694
0.002428088
0.0025398629
0.0024780561
0.0025326083
0.002444079
0.0024254238
0.0024599123
0.0025091777
0.0025100454
0.0024950083
0.002497558
0.0024794918
0.0024376975
0.0024701322
0.0024553798
0.002502139
0.0024718882
0.0024953561
0.0025147032
0.0025464608
0.0024244566
0.0024668332
0.0024582583
0.0024495078
0.0024552378
0.0024552387
0.002493894
0.0024554962
0.0025058568
0.0024094537
0.0024678982
0.0024078512
0.0025133635
0.002440157
0.0025013308
0.0024550522
0.002485326
0.0024267922
0.0024213067
0.002461366
0.0024357322
0.0024197877
0.0024768782
0.0024728584
0.0024740382
0.0024668477
0.0024161963
0.0024697008
0.00243525
0.0024677278
0.0025155048
0.0024740326
0.0024900662
0.0025488166
0.0024338125
0.0025232178
0.0024653852
0.0024666241
0.0024068314
0.0024592727
0.0025025909
0.0024253477
0.0024817856
0.0024294204
0.0023897216
0.0024010811
0.0024561312
0.0025268875
0.0023905525
0.0024249647
0.0025163898
0.0025731667
0.002381334
0.002436439
0.0023575604
0.0024372637
0.0023971337
0.002396242
0.0024558636
0.002436675
0.0024080554
0.0024751076
0.0024633144
0.0024218864
0.0023922182
0.0023623046
0.0024445173
0.0024614874
0.002404828
0.002491439
0.0023967545
0.0024355238
0.0024899882
0.002399361
0.0024003347
0.0023785096
0.0024510731
0.0023796593
0.0024626944
0.0023679351
0.0023625062
0.002388667
0.002408888
0.0024439571
0.0024112635
0.0023573525
0.0024300525
0.002358618
0.0024481337
0.0023720365
0.002320857
0.002427973
0.0024460808
0.0024103173
0.0024512361
0.0023378786
0.0024218159
0.0024189884
0.0024042719
0.0023637803
0.0023941854
0.0023757892
0.0024333713
0.002467041
0.002377242
0.0024629293
0.0023298138
0.0024712016
0.002430569
0.0024580082
0.0024835076
0.0024846378
0.002378147
0.002363716
0.0024044337
0.0023399803
0.002373755
0.0024253784
0.0023357586
0.0024350523
0.0024549433
0.0023702153
0.0023673568
0.0023880263
0.002431825
0.002387701
0.0023869635
0.0023257534
0.002417847
0.0023636252
0.0024439513
0.0024224708
0.0024299333
0.0023875583
0.002425637
0.0024290765
0.0023742197
0.002373153
0.0023444016
0.0024515954
0.002350518
0.0023921737
0.0023491397
0.0023674981
0.0023209648
0.002292548
0.00236053
0.0023385335
0.0024141392
0.0023625148
0.002332473
0.002376538
0.0023861409
0.002428968
0.0024000125
0.0024093844
0.0023372592
0.002467707
0.0024102242
0.0023424525
0.0023801394
0.0023864845
0.0024698416
0.0024175833
0.002491651
0.0023436823
0.0024069888
0.002547257
0.0023836829
0.0024368863
0.0024186156
0.002402724
0.0025090482
0.002476976
0.002319334
0.0023838768
0.0023749068
0.002382394
0.0024272422
0.002331113
0.00231179
0.0024174035
0.0023318732
0.0023941258
0.002429571
0.0024411918
0.0023712965
0.002339725
0.0023840133
0.0023627628
0.00234952
0.0023405585
0.0023229248
0.0023269078
0.0024322614
0.0023471536
0.002371432
0.0024160075
0.0023055852
0.0023322008
0.0024431197
0.0024138165
0.0023785164
0.0023379792
0.0023576166
0.0024017633
0.0023385377
0.0024003384
0.002377175
0.002341496
0.0023522996
0.0023654625
0.0024134174
0.00232481
0.002333532
0.002412106
0.0023273623
0.002357419
0.0023844365
0.0023538652
0.0023451876
0.002408293
0.0023807494
0.002341145
0.0023330553
0.0023742784
0.002357711
0.002360337
0.0022933155
0.002352954
0.0023691526
0.0023387813
0.0024189474
0.002350131
0.0023304455
0.0023570827
0.0022976003
0.002321894
0.0022974245
0.0023819513
0.0023891504
0.002408705
0.0023679007
0.0022808632
0.002305309
0.0023044832
0.0024815637
0.0023311411
0.0023039796
0.0024166433
0.0022940233
0.0023011346
0.0023783348
0.0022899604
0.0023470079
0.0023193748
0.0022953418
0.0023604785
0.0023110097
0.0022813464
0.002286916
0.002379358
0.0023570673
0.002334185
0.0023401272
0.0022762087
0.0024005852
0.002422184
0.0023588364
0.0024055233
0.0022921534
0.002347376
0.002286808
0.0024659175
0.0023472353
0.0023823623
0.002369652
0.0022856654
0.0023764276
0.002264905
0.0023454295
0.0024215234
0.0022772446
0.0024028837
0.0023331514
0.0023026685
0.0022987667
0.0023518007
0.0022712343
0.0022661877
0.0024076498
0.0022148273
0.0022374196
0.0023945644
0.0023076301
0.0022310098
0.0022981663
0.0022734443
0.0023596287
0.0022168325
0.0023059626
0.0022762017
0.0022584624
0.002403932
0.0022880926
0.0022982743
0.0023031635
0.002328526
0.0022792772
0.0022989
0.0022930019
0.0022696725
0.0023536922
0.0022223426
0.002387917
0.0023146265
0.0023178488
0.0022562856
0.0022442006
0.0022685076
0.002372607
0.002278155
0.0022318794
0.0022796523
0.0023401042
0.0022803717
0.002248709
0.0022974273
0.0022883015
0.0023134716
0.0022846349
0.002291958
0.0023057833
0.0023011337
0.002299509
0.0022591078
0.002279074
0.0023447706
0.002275199
0.0023649991
0.0022763594
0.0023736875
0.0022975856
0.0022974364
0.0022960135
0.002274406
0.002343554
0.0023151538
0.00227759
0.0023362974
0.0024042157
0.0022876996
0.0022913006
0.0023364597
0.0022916554
0.002388316
0.002281513
0.0022159314
0.0022547573
0.0023024369
0.0022906829
0.0023109326
0.0022531431
0.0022833128
0.0022773684
0.002301078
0.0022367937
0.0023092353
0.0022836516
0.002283525
0.0022982287
0.0022771838
0.0022166541
0.0022973884
0.002289449
0.002282982
0.0022651274
0.002310096
0.0022990976
0.002210282
0.0022754883
0.002299628
0.0023063414
0.0022290542
0.0022939155
0.0022924435
0.0023987389
0.0023119433
0.0022453389
0.0022962382
0.0022833333
0.00231567
0.002342953
0.0023200798
0.002305718
0.0023033193
0.0022886028
0.0022970613
0.0022461545
0.0023013488
0.0022826453
0.00228484
0.0022778339
0.0022860183
0.0022544935
0.0023672627
0.0023152642
0.0022722948
0.0022558079
0.0022724865
0.0022981295
0.0023643782
0.0022975178
0.0022903758
0.0022635336
0.0022922421
0.0022041989
0.0022478832
0.00221086
0.00225784
0.0023136253
0.00230493
0.0022911052
0.0022665444
0.0022409908
0.002333159
0.0022583234
0.0022613383
0.0022275823
0.002148077
0.002309445
0.0022431333
0.0023233483
0.0022540314
0.0022552155
0.0022964184
0.002242858
0.0022231534
0.0022373614
0.0022442255
0.0022254672
0.0023538666
0.0022168737
0.0023518526
0.0022317425
0.002207514
0.0022551406
0.0022137228
0.002283235
0.0022699733
0.002230991
0.002266283
0.0023070925
0.002212358
0.0022105721
0.0021855547
0.0022144532
0.0022060897
0.0022868859
0.0022572947
0.002172035
0.002254121
0.0021671855
0.0022364531
0.0022473938
0.002238711
0.0022089386
0.002238527
0.0022678433
0.0022331448
0.002200046
0.0022274524
0.0022202278
0.0022469058
0.0023618846
0.0021856083
0.002242633
0.002287809
0.0022968464
0.0022225392
0.0022198362
0.0022347262
0.0022394275
0.0023709636
0.0022575587
0.002269902
0.0022860763
0.0023139128
0.002241284
0.0022132513
0.0022409912
0.002219905
0.0021800525
0.0023527436
0.002204696
0.002220141
0.0022388492
0.0022454883
0.0022609732
0.0022027034
0.0022302368
0.0021722529
0.0022269622
0.002220217
0.0022777163
0.002263579
0.0021834173
0.0022328196
0.0022145077
0.002203728
0.002166671
0.0021901547
0.0021786862
0.0021981145
0.0021608125
0.002219729
0.0021772021
0.002265585
0.0022553576
0.0022382997
0.0021982281
0.002190632
0.0021800853
0.0022980256
0.0021626449
0.0022356345
0.0022086587
0.0022257983
0.0021988263
0.0022323716
0.0021650698
0.0021950132
0.002168738
0.0022531915
0.0021747078
0.0021889724
0.0023211595
0.0021768222
0.0022765894
0.0022127463
0.002244714
0.002256858
0.0021945692
0.0021775337
0.002189047
0.002223153
0.0022142234
0.0021843736
0.0021644728
0.0021669634
0.002194693
0.0021622695
0.0022163605
0.0021663415
0.002209332
0.0021480748
0.0021594926
0.0021724654
0.002202118
0.0022073716
0.0022498427
0.0021773083
0.0021963622
0.0021849268
0.0022602752
0.0022381977
0.0021912984
0.0021295513
0.0021472573
0.002225746
0.0023473895
0.0021784075
0.0021662882
0.0021797272
0.0021602446
0.0021857729
0.0023151562
0.0022066482
0.0021721392
0.0022765582
0.0021520914
0.0021511524
0.002112668
0.0021868213
0.0022226654
0.0022232942
0.0021152887
0.0021543147
0.0022057863
0.002137935
0.0021891852
0.002161089
0.0022163615
0.0021898423
0.0021957469
0.0021175393
0.0022266575
0.0021978542
0.0021553736
0.0021103926
0.0021822557
0.0021431607
0.0021134727
0.002270017
0.0021878986
0.0021519505
0.002233877
0.002184168
0.0022180534
0.002155215
0.0021174594
0.0022634838
0.002137636
0.0022675213
0.0021651809
0.002131559
0.0021414284
0.0021876735
0.0022003106
0.0021605564
0.0021818904
0.002220714
0.0021631583
0.002187974
0.002152625
0.002130523
0.002222094
0.0021515968
0.0021730745
0.002156559
0.0022118753
0.002175154
0.0021920209
0.0022397917
0.0022303523
0.0021774897
0.0021467882
0.0021611236
0.002144486
0.0021548797
0.00221883
0.0021273778
0.0021510522
0.0021113101
0.0021145444
0.0021733355
0.0021464287
0.0022046652
0.002143436
0.002256584
0.0021448007
0.002166846
0.0022021004
0.0021394193
0.0021940088
0.0021668451
0.0021099327
0.0021348638
0.0021969401
0.0020857789
0.0021530872
0.0021543023
0.0021496748
0.0021811654
0.0021787137
0.0021511605
0.0022280803
0.0021331904
0.0020832603
0.0021365192
0.0021534595
0.002165835
0.0021178154
0.0021697516
0.0021444918
0.002198639
0.0021008272
0.0021444457
0.0021321017
0.0021837335
0.0021836692
0.0021867559
0.002129019
0.0022026116
0.0021421565
0.0021367364
0.0021397946
0.002193264
0.002164659
0.0022217338
0.0021098924
0.0022133205
0.0022020245
0.0022283334
0.002129177
0.0022048072
0.0022079328
0.002152149
0.002218059
0.0022388082
0.0020960846
0.002133391
0.002145917
0.002106115
0.0021344637
0.0020568077
0.0021635063
0.0020712435
0.0021222776
0.0021141751
0.0022747691
0.0021620025
0.0020778393
0.0020926667
0.0021539065
0.002144947
0.0022872197
0.002081084
0.0021028703
0.0021941545
0.0021929815
0.0021014377
0.0021003438
0.0021593643
0.0021158266
0.0021440268
0.0021472455
0.0020799176
0.002151102
0.0021400761
0.002222547
0.002141213
0.0020823753
0.0021310055
0.0021119085
0.0021858457
0.0021599354
0.0021229922
0.0021337012
0.0021385131
0.0021231847
0.0020819423
0.0020863176
0.00215092
0.0021072868
0.0021423686
0.0021459674
0.0021725013
0.0021399274
0.002136679
0.0021149265
0.002051082
0.0020952593
0.0021463856
0.0021913084
0.0020979978
0.0021832103
0.0021341066
0.0021094107
0.0021153444
0.0021256472
0.0021783449
0.0021187195
0.002284478
0.0020776067
0.0021035343
0.002147403
0.002136211
0.0020955775
0.0021420321
0.002039529
0.0021072775
0.002141839
0.0021725649
0.0021713264
0.00209637
0.0021288644
0.0021564097
0.0021153074
0.0020778317
0.0020486845
0.002202782
0.002152502
0.002107153
0.0021784566
0.0021511046
0.0020934073
0.0021599415
0.0021101546
0.0021207707
0.0020746985
0.002136828
0.0020887225
0.00214099
0.0020906366
0.0021725986
0.0021149388
0.0021115956
0.0020627864
0.0021559645
0.0021787365
0.002106782
0.0020770384
0.002112065
0.0021252907
0.002143239
0.0020835134
0.0021227808
0.0020598122
0.0021601024
0.0021443944
0.002044849
0.00213846
0.00206088
0.002175219
0.0021043504
0.0020510773
0.0021056335
0.0021305527
0.0021281906
0.002110237
0.002205176
0.0021322474
0.002184662
0.0021413425
0.002079839
0.0020720656
0.0020802456
0.0021633115
0.0021134592
0.0021087937
0.0021212636
0.0021794448
0.0021302816
0.002081972
0.0022461205
0.0022461368
0.0021014286
0.0020762621
0.0020499432
0.0020870105
0.0020609337
0.0020771865
0.0021084745
0.0020707455
0.0021433781
0.002060927
0.0020736598
0.0021777288
0.0020592182
0.0020570976
0.0020455557
0.0020625242
0.0021138955
0.0020376998
0.0020883037
0.0021102554
0.0021393155
0.0020603437
0.002070368
0.002077264
0.002127882
0.0021157486
0.0020352562
0.0020835558
0.0020661617
0.0021162557
0.0021036866
0.002097704
0.0020666253
0.0020665873
0.0021219174
0.0021020623
0.0020608765
0.0020245402
0.0020909316
0.0020262848
0.0021154496
0.0021583082
0.0020717813
0.0021468769
0.0021084405
0.0020407801
0.0020666425
0.0020911242
0.0020960364
0.002097816
0.002069456
0.0020747199
0.0020806743
0.0021020493
0.0020492394
0.0020747185
0.0020702507
0.0020574825
0.0020408654
0.0020766219
0.0020999
0.002073853
0.002100593
0.0020479325
0.0020739648
0.002088094
0.0020502163
0.0021201188
0.0021006423
0.0021059283
0.002186995
0.002036547
0.0020353615
0.002040039
0.0020344348
0.002078572
0.0020647391
0.0021759646
0.0020511728
0.002037145
0.0020536433
0.002098295
0.0019926515
0.0021168746
0.002117929
0.0020439196
0.002062521
0.002127568
0.0020992646
0.0021110713
0.0021050966
0.0020264615
0.002052671
0.0020471683
0.0021078782
0.0021045494
0.0020675482
0.0020560785
0.0020828752
0.0020717378
0.0020995717
0.0021392435
0.002039875
0.0020889484
0.0020680286
0.0020671075
0.0021251857
0.0020449434
0.0020790922
0.002054399
0.0020308867
0.0020094619
0.002058387
0.0020903205
0.002042635
0.0021034267
0.0020341692
0.0020466014
0.0020743508
0.0020973403
0.0020456295
0.0020334723
0.0021261033
0.0020214305
0.0020783779
0.0020407056
0.0021236904
0.0019986527
0.0020295894
0.0020296643
0.0020529344
0.0021007261
0.002041577
0.00205827
0.002024952
0.0021019639
0.0020549498
0.0020496468
0.0020707012
0.0021039972
0.002003677
0.0020347561
0.002072961
0.0020225816
0.0021040249
0.0020105636
0.0020352467
0.0020577542
0.0020193632
0.0020301235
0.0020467094
0.0021062505
0.002057376
0.0020847614
0.0020271663
0.0021075457
0.0020636972
0.0021720657
0.0020789853
0.0020741324
0.002071569
0.0020555893
0.0021919692
0.0020586138
0.0020383506
0.002052206
0.0021224362
0.0019920096
0.0021136992
0.0020905917
0.0020247665
0.0020154263
0.0020206738
0.0020516843
0.0020954239
0.0019950196
0.0019879655
0.0020406512
0.0020826545
0.0020359447
0.0020245407
0.00203878
0.002005532
0.0019843378
0.0020340234
0.0020678616
0.002019454
0.0020870927
0.0020171627
0.0020139164
0.0020517244
0.0021282234
0.0020272126
0.0020492787
0.0020240378
0.0020759946
0.0020605838
0.0019973326
0.0020526152
0.0019989724
0.0020226398
0.0019682667
0.0020300043
0.002057907
0.0019975225
0.0020339848
0.0020699594
0.0020086556
0.0020304467
0.0020304876
0.0020646686
0.0020905852
0.002052948
0.0020299393
0.0020791737
0.0021035539
0.0019778116
0.002064712
0.0020072975
0.0020033647
0.0020119597
0.0020359675
0.002058369
0.0020349503
0.0019625279
0.0021705143
0.0020825597
0.0020258806
0.0020581286
0.0020496766
0.001981645
0.0019783175
0.0020026844
0.0020087662
0.0019895225
0.002080959
0.002072904
0.0020478296
0.0019835744
0.0019547634
0.0020409995
0.0019738292
0.0020126314
0.0019843427
0.00203994
0.002055527
0.0019952673
0.001995512
0.0019968539
0.0020222368
0.002003165
0.0020102966
0.001971646
0.0019998425
0.0020830256
0.0020412316
0.0019688364
0.0020450626
0.0020724102
0.0019564384
0.0020388644
0.0020223057
0.0020053096
0.0019539304
0.0020226252
0.0020752402
0.0020163707
0.0021965455
0.0019880587
0.0019806644
0.0020372318
0.0020138496
0.0020198738
0.001994915
0.002038987
0.0020775697
0.002035121
0.00196953
0.0020232648
0.0020266941
0.002015005
0.002019431
0.0020154566
0.0021170136
0.0020109734
0.0019707158
0.0019601802
0.0020393678
0.0019891048
0.002019361
0.0020374479
0.0019895702
0.002045758
0.0020279898
0.001985656
0.0019729892
0.002073581
0.0019773755
0.0020600113
0.0020427501
0.0020071825
0.0019655216
0.0020220247
0.0019989691
0.002019063
0.0020438929
0.002043487
0.0020718498
0.002046954
0.0020359266
0.0020254948
0.0020865768
0.0019667062
0.0019824912
0.0019811827
0.001979747
0.0019610177
0.0020191583
0.002066386
0.0019517335
0.0020228673
0.0019991742
0.0020693264
0.0020965133
0.0020783576
0.0020056576
0.0020359415
0.001971829
0.0020086789
0.0020057305
0.0020208943
0.0019909814
0.0020342488
0.0020227195
0.0019348927
0.0019468557
0.0019740253
0.0019907362
0.0019434713
0.0020351356
0.001979668
0.0020030716
0.001920053
0.0020333282
0.0020493488
0.0020221127
0.0019374671
0.0019731682
0.0019903535
0.0020061703
0.0019408691
0.00192484
0.0020466591
0.002069539
0.0020539938
0.0020374956
0.001956248
0.0019700134
0.0019542016
0.0019867525
0.0019968958
0.001954215
0.001974447
0.0019870838
0.001960763
0.0020284345
0.0019568014
0.0020379105
0.0019688986
0.0020021792
0.0019891625
0.0019790132
0.0019966832
0.0020159911
0.0019824477
0.0019692061
0.0019674487
0.0020115033
0.001959058
0.0021261473
0.0019397679
0.0019819923
0.001985541
0.0019354384
0.0019454649
0.0020611496
0.0020142763
0.001955696
0.0020400237
0.001960891
0.0019823378
0.002013045
0.0019536726
0.0019711256
0.0020084984
0.0019413203
0.001937764
0.0020471099
0.0019487407
0.0020038923
0.0019746704
0.0020546522
0.0020102446
0.0019454862
0.0020501574
0.001961386
0.0019696306
0.0019370142
0.0019931933
0.0019824037
0.0019530163
0.0020187823
0.0020129087
0.0020264438
0.0019500606
0.0019302674
0.001958222
0.0020121506
0.0019972157
0.0019062522
0.0019502018
0.0019423467
0.0021171016
0.0019813408
0.0019402851
0.0019208557
0.0020190252
0.0019188636
0.0020011654
0.0019389252
0.001988258
0.0019465891
0.001974626
0.0019623486
0.0019957973
0.0019293644
0.0020221544
0.0019410198
0.0019398631
0.0019774912
0.0020406626
0.0019611462
0.0020261877
0.0019923528
0.001978422
0.0019495799
0.0019056309
0.0020240415
0.0019115176
0.002039319
0.0019367359
0.001933128
0.0019577716
0.0019945514
0.0019300177
0.0019190183
0.001956554
0.0019568182
0.0019404927
0.0019084903
0.0019024716
0.0019874373
0.0020394148
0.0021224443
0.0019437508
0.0019501492
0.0019356571
0.001943078
0.0020020457
0.0019117341
0.0019556899
0.0019256795
0.0019371081
0.0020376295
0.0018934683
0.001956849
0.0019591763
0.0019865604
0.0019479507
0.0019341598
0.0019432037
0.001983108
0.0019502327
0.0019876678
0.0019756807
0.0019783534
0.0019719407
0.0020088037
0.0019888734
0.0019879802
0.002016894
0.0019674664
0.0019786858
0.0019702618
0.0019033831
0.0019619493
0.0020488
0.001934177
0.001948062
0.0019105177
0.00189664
0.0019539197
0.0019325694
0.0020386614
0.0019158663
0.0019119862
0.0019704676
0.0019531285
0.0019308414
0.0019880766
0.001968075
0.001920227
0.0019690178
0.0019245452
0.0019158964
0.0019986816
0.0019412832
0.0019287802
0.0020310855
0.0019959563
0.0019861327
0.0019717452
0.001995903
0.0020001542
0.0019514387
0.0019402526
0.001921397
0.0019057071
0.0019854417
0.0019548205
0.0020319917
0.0019814826
0.0020213504
0.0018852694
0.0020005764
0.0019112262
0.001965285
0.0019173708
0.0019832747
0.0019515525
0.0019769352
0.0019417064
0.0019473566
0.0019087205
0.0019042135
0.0019772025
0.00198754
0.0019171773
0.001962051
0.0019046133
0.0019801215
0.0019040009
0.00196163
0.0020173201
0.0019483446
0.0018698294
0.0019555828
0.0019066641
0.0018885806
0.0019660196
0.0019198376
0.0019655135
0.0019115641
0.001980125
0.0019249421
0.001894757
0.001915908
0.0019526959
0.0020002897
0.0019221964
0.001986098
0.0019531462
0.0018982077
0.0019047837
0.0019412846
0.0019253327
0.0019483106
0.0019392822
0.0018768341
0.0019263251
0.001926403
0.0018581524
0.001879127
0.0019258389
0.0019223468
0.0019342902
0.001873461
0.0019732122
0.0019490103
0.0019563662
0.0019206393
0.0020135094
0.001884044
0.0019288389
0.0018785696
0.0018731852
0.0019200711
0.0019218359
0.0018469674
0.0019280385
0.0019355075
0.0019235077
0.0018827355
0.0019085355
0.0019153932
0.0019085648
0.0018904479
0.0019046929
0.0019205599
0.0018757585
0.0019013404
0.0019067782
0.0018606563
0.0020187676
0.0019484661
0.0019022822
0.0019402341
0.0019891167
0.0018843357
0.0019187818
0.0019017413
0.0018923247
0.0019321067
0.0019446948
0.0018625235
0.0019186712
0.0019314159
0.001943026
0.0018974782
0.0019111048
0.002005868
0.0018443378
0.0019326647
0.0019287945
0.0019497297
0.0018715769
0.0018544463
0.0019505122
0.0018960314
0.0019289813
0.0018868449
0.0018475469
0.0018910224
0.0019341129
0.0019183413
0.0018775418
0.0019542684
0.0020093168
0.0018726334
0.001916926
0.0018770809
0.0019179531
0.0018623265
0.0018738494
0.0018981084
0.001896147
0.0018921343
0.0018839812
0.0018844277
0.0019069244
0.0019119906
0.001869904
0.0018822572
0.0019190648
0.0019555865
0.001900018
0.0018531989
0.0018908653
0.0019559918
0.0018916853
0.001859207
0.0019012978
0.0018718389
0.001924306
0.0018293428
0.0018527809
0.0018956747
0.0018528018
0.0018573668
0.0018680685
0.0019314497
0.0018385823
0.0018593519
0.0018709551
0.0018451695
0.001938607
0.0019314116
0.0019609006
0.0018456904
0.0018899328
0.0018435862
0.0018898343
0.0018550734
0.001903047
0.0019158197
0.001888857
0.0018780369
0.0021246683
0.001873601
0.0019168946
0.0018872609
0.0018951872
0.0018829994
0.001879914
0.001877386
0.0019359603
0.0019338251
0.0018666681
0.0018766001
0.00186427
0.0018386641
0.0018844822
0.0018224979
0.0019310665
0.0018745017
0.0018783467
0.0018496548
0.0019007777
0.0018997071
0.0018612294
0.001925341
0.0018864129
0.0018783219
0.0018924294
0.0018998508
0.001848582
0.0019110544
0.0018813952
0.0018679796
0.0018314502
0.0019154708
0.0019002426
0.0018944273
0.0018967766
0.001997302
0.0018777158
0.0018653615
0.0018465413
0.0018435167
0.0018793563
0.0018849112
0.0018286807
0.0018717442
0.0018811657
0.0018802976
0.0019221156
0.0018787811
0.0018420761
0.0019005049
0.0018705975
0.0019333599
0.0018786144
0.0018531715
0.0018214348
0.0018556658
0.0018415073
0.0019079667
0.0018972207
0.001932716
0.0018977027
0.0018463623
0.0018492405
0.0018414835
0.0019242822
0.0018742495
0.0018481473
0.0018538256
0.0018647927
0.001873366
0.0018526826
0.0018478578
0.0019550344
0.0019188973
0.0018499624
0.001885787
0.0020090588
0.0018796029
0.0018598419
0.0019145239
0.0019651607
0.0018491622
0.0018329291
0.001820371
0.0019542722
0.0018762018
0.0018921118
0.0018674675
0.0019251292
0.0018610627
0.0018720973
0.0018674602
0.0018672156
0.0018610744
0.001887623
0.0019163553
0.001886419
0.0018388169
0.0018729559
0.0018676611
0.0018999099
0.0018973987
0.0018168049
0.0019278345
0.001845286
0.0019017715
0.0018762896
0.0018544937
0.0018699386
0.0018611512
0.0018551801
0.0018601761
0.0018276159
0.0018701149
0.0019131841
0.0018366047
0.0018379953
0.0018500539
0.0018642935
0.0018985377
0.001857784
0.001833491
0.0018293693
0.0018832954
0.0019772633
0.0018905901
0.0018210768
0.0018286275
0.0018051798
0.0018548424
0.0018627088
0.0019478155
0.0018482468
0.0018723218
0.0019072861
0.0018608514
0.0018945787
0.0018546185
0.0018497885
0.001851336
0.0018863924
0.0018297782
0.0018636206
0.0018538127
0.0018495942
0.0019201122
0.0018466122
0.0018312618
0.0018724216
0.0017942094
0.0018487521
0.0018426977
0.0019331169
0.0018423911
0.001838147
0.0018703458
0.0018652217
0.0017917942
0.0018160238
0.0018294387
0.0018423401
0.0019068748
0.0018777945
0.0018424004
0.0018641506
0.0018963591
0.0018588682
0.0018541306
0.0018496995
0.0018463354
0.0018426067
0.0018254073
0.0018657251
0.00184067
0.0018589664
0.0018351634
0.0020018516
0.0018296348
0.0018439463
0.0018733134
0.0018589088
0.0018419261
0.0018634405
0.0018140387
0.0018396754
0.0018393828
0.0018204071
0.001845637
0.0019100482
0.0018318533
0.0018851567
0.0018508361
0.0019137727
0.0018539617
0.0018847921
0.0018407879
0.0018910437
0.0018775273
0.0018779377
0.0018524708
0.0018806831
0.0018835715
0.0018356614
0.0017895447
0.0018856012
0.0018878758
0.00183516
0.0018847717
0.00186505
0.0019171616
0.0019356449
0.0018177249
0.0018741379
0.0019092729
0.0018445503
0.0018192019
0.0018894221
0.0018313954
0.0019214593
0.0018161468
0.0018421807
0.001856473
0.0018453953
0.0018283913
0.0018079825
0.0017943667
0.0018240958
0.0018310075
0.0018733081
0.0018719017
0.0018245007
0.0018505818
0.0018587924
0.0018936184
0.001817782
0.0018090414
0.0018629791
0.0018183324
0.0018891804
0.0018162632
0.0018250087
0.0018283685
0.0018888373
0.0017763018
0.0018332435
0.0018236375
0.0018049558
0.0018547099
0.0018186118
0.0018308759
0.0018381758
0.0018374313
0.0017758325
0.0018233318
0.0018490121
0.0018214405
0.0019394414
0.0018748281
0.0017995111
0.0018535778
0.0018453501
0.001835431
0.0018065857
0.0018320701
0.0018234906
0.0018556671
0.0017620291
0.0018125627
0.0018156322
0.0017813047
0.0018228552
0.0018259147
0.0018585303
0.0018542304
0.0018913301
0.0018218398
0.0018277535
0.0017947546
0.0018062245
0.0017721362
0.0017795024
0.0017907077
0.0018353153
0.0018402924
0.0018261024
0.0017847893
0.0018643297
0.0018137902
0.0018702181
0.0019020864
0.0018087917
0.0018676003
0.0018193313
0.0018407113
0.0018030273
0.0017730552
0.0017874059
0.0018085259
0.0018083204
0.0018776744
0.0017840093
0.0017972435
0.0018059695
0.001824178
0.0017821537
0.0018342625
0.0018602794
0.0017857099
0.0018513594
0.0017694166
0.0017849233
0.0017749382
0.0018319546
0.0017716564
0.0018331149
0.0018032837
0.001748447
0.0018168245
0.0018425316
0.0018121966
0.0018503024
0.0018120744
0.0019165297
0.0017847902
0.0018204963
0.0018624915
0.0019178919
0.0017705632
0.0018207518
0.0018023527
0.0017926531
0.00182743
0.0017941917
0.0018173783
0.0018262161
0.0017883932
0.0017880108
0.0018321209
0.0018157124
0.001783328
0.0018281562
0.0018568512
0.0017921134
0.0018001297
0.0018588908
0.0017696825
0.0017584787
0.0017540145
0.0018507101
0.0018642761
0.0017401366
0.0018979458
0.0018088378
0.001738413
0.001924962
0.0018118466
0.0018693893
0.0018578158
0.0017994572
0.0017966636
0.001786185
0.0017574689
0.0018484032
0.0017942693
0.0018543497
0.001766626
0.0017865015
0.0018463801
0.0017799073
0.0017946651
0.0017979614
0.001829829
0.0018213628
0.0017956396
0.0017720457
0.001802307
0.0018274225
0.0018154734
0.0018632015
0.001797036
0.0017814067
0.0017733331
0.001863434
0.0018122311
0.0019450098
0.0019254363
0.0018150616
0.001845774
0.0018142684
0.0017515536
0.0018189884
0.0018813381
0.001800323
0.0018065566
0.0017857237