20 196.04 -0.32 195.72 0.092 19 87 0.42 0.0 
40 192.56 -0.38 192.17 0.169 39 192 0.86 0.01 
60 190.22 -0.65 189.56 0.214 57 328 1.25 0.02 
80 188.64 -0.84 187.8 0.265 77 452 1.69 0.02 
100 185.79 -0.99 184.81 0.305 96 584 2.11 0.03 
120 184.64 -1.07 183.58 0.349 116 705 2.54 0.04 
140 181.51 -1.07 180.44 0.39 135 830 2.96 0.04 
160 179.33 -1.1 178.23 0.417 154 961 3.38 0.05 
180 177.22 -1.02 176.2 0.451 173 1089 3.79 0.05 
200 175.28 -1.06 174.23 0.491 192 1242 4.21 0.06 
220 172.87 -1.01 171.86 0.517 207 1375 4.54 0.07 
240 171.39 -0.93 170.46 0.537 225 1534 4.93 0.08 
260 169.83 -0.87 168.96 0.554 245 1709 5.37 0.08 
280 168.29 -0.86 167.43 0.576 261 1888 5.72 0.09 
300 166.05 -0.71 165.34 0.596 278 2072 6.1 0.1 
320 163.14 -0.6 162.54 0.608 297 2223 6.51 0.11 
340 162.46 -0.5 161.96 0.623 315 2403 6.91 0.12 
360 160.58 -0.37 160.21 0.638 332 2572 7.28 0.13 
380 158.79 -0.17 158.62 0.651 351 2749 7.7 0.14 
400 156.96 -0.08 156.89 0.668 370 2909 8.11 0.14 
420 156.03 0.14 156.16 0.674 388 3089 8.51 0.15 
440 153.82 0.27 154.09 0.69 406 3306 8.9 0.16 
460 152.71 0.33 153.04 0.7 420 3484 9.21 0.17 
480 151.4 0.45 151.85 0.708 437 3686 9.58 0.18 
500 149.74 0.7 150.44 0.72 451 3861 9.89 0.19 
520 148.22 0.86 149.07 0.73 468 4056 10.26 0.2 
540 146.44 1.01 147.45 0.737 486 4301 10.66 0.21 
560 146.22 1.08 147.3 0.744 502 4522 11.01 0.22 
580 144.71 1.17 145.89 0.749 518 4734 11.36 0.24 
600 143.23 1.34 144.57 0.757 536 4988 11.75 0.25 
620 141.84 1.55 143.39 0.76 548 5203 12.02 0.26 
640 141.13 1.72 142.84 0.766 564 5432 12.37 0.27 
660 139.95 1.98 141.93 0.771 579 5659 12.7 0.28 
680 139.19 2.16 141.36 0.773 598 5883 13.11 0.29 
700 137.44 2.41 139.85 0.781 614 6119 13.46 0.3 
720 137.42 2.53 139.96 0.784 631 6358 13.84 0.32 
740 136.27 2.77 139.04 0.791 647 6579 14.19 0.33 
760 135.03 2.99 138.02 0.795 664 6781 14.56 0.34 
780 134.28 3.28 137.55 0.8 680 7025 14.91 0.35 
800 133.36 3.45 136.82 0.805 695 7275 15.24 0.36 
820 131.45 3.89 135.34 0.807 711 7523 15.59 0.37 
840 130.8 4.2 135.0 0.811 724 7773 15.88 0.39 
860 129.86 4.45 134.31 0.815 741 8014 16.25 0.4 
880 129.4 4.61 134.01 0.818 756 8262 16.58 0.41 
900 128.21 4.91 133.12 0.82 774 8493 16.97 0.42 
920 127.61 5.23 132.84 0.823 788 8723 17.28 0.43 
940 127.41 5.52 132.94 0.825 802 8976 17.59 0.45 
960 126.22 5.8 132.02 0.828 816 9199 17.89 0.46 
980 124.93 6.1 131.03 0.828 830 9456 18.2 0.47 
1000 124.73 6.39 131.12 0.83 846 9693 18.55 0.48 
1020 123.19 6.73 129.92 0.834 862 9941 18.9 0.49 
1040 123.02 6.97 129.99 0.835 873 10190 19.14 0.51 
1060 122.21 7.28 129.49 0.838 889 10471 19.5 0.52 
1080 120.95 7.63 128.58 0.841 904 10720 19.82 0.53 
1100 119.81 7.94 127.75 0.842 919 10956 20.15 0.54 
1120 118.92 8.24 127.16 0.846 935 11185 20.5 0.56 
1140 118.09 8.52 126.61 0.847 950 11449 20.83 0.57 
1160 117.56 8.76 126.32 0.846 962 11691 21.1 0.58 
1180 116.86 8.97 125.83 0.85 978 11940 21.45 0.59 
1200 115.41 9.36 124.77 0.851 995 12195 21.82 0.61 
1220 114.61 9.7 124.31 0.852 1009 12442 22.13 0.62 
1240 114.16 10.01 124.17 0.855 1023 12695 22.43 0.63 
1260 113.24 10.26 123.5 0.857 1037 12947 22.74 0.64 
1280 111.99 10.57 122.56 0.857 1052 13173 23.07 0.66 
1300 111.35 10.87 122.22 0.86 1064 13443 23.33 0.67 
1320 110.74 11.17 121.9 0.861 1082 13690 23.73 0.68 
1340 109.87 11.47 121.33 0.864 1095 13938 24.01 0.69 
1360 109.38 11.7 121.09 0.863 1109 14218 24.32 0.71 
1380 108.39 11.99 120.38 0.865 1127 14472 24.71 0.72 
1400 107.36 12.21 119.57 0.868 1137 14740 24.93 0.73 
1420 107.25 12.53 119.77 0.867 1150 15008 25.22 0.75 
1440 106.61 12.86 119.47 0.869 1167 15255 25.59 0.76 
1460 105.35 13.21 118.56 0.871 1185 15493 25.99 0.77 
1480 104.41 13.53 117.94 0.872 1196 15759 26.23 0.78 
1500 104.03 13.84 117.86 0.871 1209 16014 26.51 0.8 
1520 103.19 14.14 117.33 0.874 1220 16298 26.75 0.81 
1540 101.79 14.48 116.26 0.874 1234 16540 27.06 0.82 
1560 101.55 14.78 116.34 0.878 1248 16802 27.37 0.84 
1580 100.75 15.13 115.89 0.877 1259 17082 27.61 0.85 
1600 99.48 15.45 114.93 0.878 1274 17339 27.94 0.86 
1620 98.42 15.76 114.18 0.88 1287 17600 28.22 0.88 
1640 98.66 16.07 114.72 0.879 1302 17886 28.55 0.89 
1660 96.99 16.34 113.33 0.881 1316 18132 28.86 0.9 
1680 96.48 16.61 113.09 0.883 1330 18403 29.17 0.92 
1700 95.58 16.93 112.51 0.882 1341 18664 29.41 0.93 
1720 95.4 17.26 112.65 0.883 1354 18909 29.69 0.94 
1740 94.86 17.54 112.41 0.883 1372 19159 30.09 0.95 
1760 94.2 17.8 112.0 0.885 1384 19420 30.35 0.97 
1780 93.98 18.13 112.1 0.885 1397 19685 30.64 0.98 
1800 93.14 18.45 111.59 0.888 1410 19960 30.92 0.99 
1820 92.78 18.73 111.52 0.887 1422 20241 31.18 1.01 
1840 92.4 18.97 111.37 0.887 1437 20509 31.51 1.02 
1860 92.09 19.29 111.38 0.888 1452 20765 31.84 1.03 
1880 90.53 19.68 110.21 0.889 1467 21027 32.17 1.05 
1900 90.04 20.02 110.05 0.89 1478 21318 32.41 1.06 
1920 89.61 20.33 109.95 0.89 1489 21592 32.65 1.07 
1940 88.54 20.69 109.23 0.89 1502 21854 32.94 1.09 
1960 87.86 21.0 108.87 0.892 1513 22113 33.18 1.1 
1980 88.13 21.32 109.45 0.893 1524 22388 33.42 1.11 
2000 87.5 21.72 109.22 0.894 1537 22640 33.71 1.13 
2020 86.6 22.02 108.62 0.895 1550 22925 33.99 1.14 
2040 86.33 22.33 108.66 0.894 1562 23182 34.25 1.15 
2060 85.33 22.67 108.0 0.896 1573 23441 34.5 1.17 
2080 85.16 23.04 108.2 0.897 1588 23689 34.82 1.18 
2100 84.55 23.26 107.82 0.897 1598 23951 35.04 1.19 
2120 83.78 23.61 107.39 0.899 1611 24236 35.33 1.21 
2140 82.89 23.94 106.83 0.899 1622 24524 35.57 1.22 
2160 82.53 24.25 106.78 0.9 1636 24787 35.88 1.23 
