
0.31158304
0.3017133
0.32418123
0.2929942
0.27986062
0.27757502
0.26397237
0.250336
0.25373563
0.2685226
0.24461623
0.24769224
0.2530691
0.24261981
0.24219024
0.23385336
0.23701397
0.2447499
0.24609283
0.243779
0.24484155
0.23412989
0.24202429
0.23944266
0.2333376
0.23412585
0.22702816
0.22826025
0.22712643
0.23276772
0.2321457
0.22288486
0.22472098
0.22406161
0.22041798
0.2305034
0.22456773
0.22372414
0.22559217
0.22680618
0.21963112
0.22013013
0.2188304
0.22104186
0.22056207
0.22177427
0.21681015
0.21155857
0.21920784
0.22471406
0.21240418
0.21213149
0.21067226
0.21948534
0.20733581
0.21246354
0.20549493
0.20689414
0.20512956
0.20258483
0.21222311
0.20393355
0.20126265
0.19816759
0.19964446
0.20247163
0.20461348
0.20658217
0.19484769
0.19391936
0.19784246
0.19481105
0.19364552
0.19270286
0.19050793
0.18920901
0.19271
0.19400564
0.1914052
0.18744598
0.18562263
0.18947114
0.19370571
0.18429737
0.18665884
0.1806221
0.18910989
0.1841023
0.1863288
0.18765964
0.18671142
0.18329982
0.18991685
0.18102245
0.18177988
0.1770959
0.17784289
0.17855255
0.17644952
0.17635888
0.17571455
0.1746711
0.1773454
0.18380189
0.18400873
0.18297009
0.17522892
0.18272075
0.17510636
0.17503619
0.16854577
0.17415515
0.17271602
0.17333569
0.16717526
0.16964167
0.1709585
0.16575432
0.17123446
0.16649799
0.16896231
0.1686115
0.16953693
0.16988814
0.16433789
0.166709
0.16179925
0.16343582
0.16442311
0.1672238
0.16649657
0.16891918
0.16265811
0.16276349
0.1649572
0.16239007
0.1611891
0.16461618
0.16090748
0.16184008
0.15936202
0.16012593
0.15777642
0.15718916
0.1618278
0.15659815
0.15930536
0.16017142
0.15656082
0.15583614
0.1574742
0.15390296
0.15638073
0.15654835
0.1566755
0.1554222
0.15037693
0.15215328
0.15555419
0.15392944
0.1491921
0.15317322
0.1557789
0.14972186
0.1504775
0.15269037
0.14980413
0.14764597
0.14860374
0.14986147
0.14788815
0.14582969
0.14873618
0.1492391
0.14923823
0.14699715
0.15122141
0.15336572
0.14907002
0.14930007
0.15580699
0.14575523
0.14811637
0.14400217
0.14366877
0.14621484
0.14583723
0.14540756
0.14578716
0.15124953
0.14545007
0.14501044
0.14848039
0.14247341
0.14153107
0.14551468
0.14242059
0.14339945
0.14154983
0.1397506
0.14367115
0.14161456
0.1380587
0.13710472
0.13915232
0.1371576
0.14085032
0.13664812
0.13680358
0.13674948
0.13898356
0.13784792
0.13474064
0.13695997
0.13475
0.13605966
0.13498601
0.1338214
0.1370651
0.1362706
0.13514388
0.13562112
0.13490748
0.13345638
0.13350156
0.12948154
0.13317266
0.13560897
0.13226156
0.13838239
0.1316626
0.13397868
0.12905458
0.12798087
0.12854743
0.13004003
0.12805788
0.12827908
0.12971842
0.12930273
0.12878802
0.12724066
0.1281754
0.12963666
0.1261941
0.12553647
0.12520431
0.12724322
0.1308193
0.12820163
0.12733114
0.12787525
0.12923703
0.12738138
0.12656663
0.1285778
0.12503488
0.12324322
0.12238828
0.12452617
0.12549378
0.12632944
0.12271317
0.12415021
0.12502052
0.12406667
0.12330334
0.12101665
0.12464923
0.12420152
0.12181874
0.11973389
0.11968135
0.11762016
0.121354215
0.118609786
0.12051446
0.11689151
0.117857315
0.1222066
0.11966774
0.1184723
0.121318474
0.12444933
0.12442538
0.121227585
0.123399764
0.12090287
0.12260049
0.118429504
0.1196297
0.118437916
0.11883473
0.11901046
0.117072746
0.119244516
0.11870652
0.11697492
0.11699878
0.11763076
0.11901053
0.11584964
0.11845166
0.11423268
0.115944766
0.11744064
0.114116535
0.11642295
0.12210817
0.122526206
0.1172411
0.11187368
0.11208295
0.119045414
0.119089596
0.11440813
0.11423118
0.11409495
0.11488564
0.11400641
0.11585064
0.11832951
0.1156446
0.112044446
0.11350362
0.11149112
0.112702034
0.11504222
0.11195629
0.11169652
0.11107219
0.11229184
0.10975563
0.11149976
0.111303836
0.109915376
0.10793646
0.109646276
0.10930669
0.110552594
0.107280634
0.11221291
0.10736782
0.10746649
0.10856918
0.10804392
0.10719152
0.111149736
0.1102503
0.1092529
0.10886616
0.108219184
0.10772231
0.109624214
0.10719462
0.1109118
0.10918
0.10811794
0.10964577
0.10953015
0.10857597
0.109926954
0.1071408
0.108182125
0.106806025
0.10510089
0.10877379
0.10446567
0.10448817
0.10482986
0.10713881
0.10972057
0.1046231
0.10572974
0.104406886
0.1043665
0.107122265
0.10441749
0.10622382
0.10779234
0.10561202
0.10444652
0.10239628
0.10808072
0.10365304
0.104693085
0.10560415
0.10197631
0.103787
0.10378395
0.10266286
0.10245681
0.10197097
0.10059239
0.10325755
0.101401
0.104513325
0.102662936
0.101960644
0.10364693
0.103436984
0.09906248
0.103940785
0.10425393
0.10023861
0.10146779
0.10538195
0.100467384
0.10008945
0.102105096
0.100299545
0.09934055
0.10102809
0.10057067
0.10010198
0.101612195
0.10072359
0.09814687
0.098331034
0.102284715
0.10097294
0.09982472
0.10090116
0.09924817
0.098675944
0.101644434
0.09925598
0.0989475
0.0967217
0.09740351
0.0994799
0.10038082
0.09603408
0.09849999
0.09602126
0.09646187
0.09802923
0.09792896
0.0988746
0.09639019
0.09683036
0.095771275
0.09738608
0.096039146
0.09923108
0.097134225
0.09628107
0.09844817
0.09543902
0.09468888
0.09530037
0.09687321
0.09718641
0.09542597
0.09661376
0.09394749
0.09718907
0.09483434
0.09542165
0.096869126
0.10008064
0.09342847
0.09559621
0.09540692
0.09488937
0.09517067
0.094767
0.094155885
0.09440098
0.093154095
0.096384905
0.09375197
0.09211322
0.092180856
0.09368548
0.09339972
0.09284134
0.094107024
0.09347233
0.0926486
0.09536739
0.093094006
0.09444267
0.0932201
0.09165688
0.093825355
0.09065216
0.09078451
0.09133434
0.09634669
0.09429222
0.09396424
0.09177425
0.09513689
0.09213669
0.09216006
0.091091916
0.0945979
0.09042287
0.09043452
0.09304103
0.0898847
0.090788126
0.08985838
0.08988051
0.08891851
0.09224726
0.09239732
0.0904506
0.08934788
0.08855715
0.088494934
0.091261715
0.09230586
0.089417115
0.08999876
0.088474475
0.08927507
0.0869242
0.0877683
0.08862717
0.088454776
0.08726994
0.08840012
0.090555355
0.09090343
0.087815836
0.088457994
0.09106912
0.08933807
0.09221213
0.087039866
0.0890246
0.08965676
0.08627244
0.08758091
0.08785768
0.09316929
0.087249465
0.08730131
0.087235615
0.08808708
0.08585016
0.08687235
0.086106874
0.08622609
0.0875241
0.09029987
0.08519657
0.08550823
0.08518872
0.086383194
0.08624827
0.087815
0.0846566
0.08596177
0.08462734
0.08673251
0.08578955
0.08592463
0.08600829
0.08481659
0.08439757
0.08475681
0.08481504
0.08676885
0.085615955
0.084930524
0.08544254
0.08448506
0.08898564
0.083038114
0.085774995
0.08445673
0.0847192
0.08291331
0.08157393
0.082492545
0.084869206
0.081984565
0.0835336
0.08325209
0.08550794
0.084374174
0.0832093
0.08412202
0.08401282
0.0832954
0.082235165
0.083312795
0.07960416
0.08064062
0.081801265
0.08164743
0.07980044
0.080663525
0.08047789
0.08170971
0.08300598
0.081222996
0.082567014
0.08206498
0.07901808
0.0811245
0.081115335
0.08166219
0.08219826
0.078943804
0.08116388
0.08159624
0.08026041
0.08353604
0.07972712
0.079328276
0.08022366
0.08027569
0.08107208
0.08023651
0.07877618
0.080471516
0.08024543
0.078721896
0.07943771
0.08093995
0.079076305
0.07988872
0.078215756
0.08105055
0.07837547
0.07910981
0.07916219
0.079191305
0.07974876
0.08148854
0.0793298
0.07863625
0.08017898
0.0781505
0.0783666
0.077570006
0.08329411
0.07787579
0.080908895
0.07841213
0.08003812
0.07918403
0.07858051
0.08034317
0.08092609
0.07839681
0.079817876
0.07668024
0.0775427
0.078298956
0.07792895
0.078237906
0.07830784
0.078662805
0.076758035
0.07665666
0.0772615
0.0769517
0.075553074
0.0775395
0.076323844
0.07704769
0.07677301
0.07595259
0.07730266
0.07678021
0.07557976
0.07496658
0.076143615
0.074492626
0.07844077
0.075139515
0.07575621
0.08106329
0.07646649
0.07677531
0.07467624
0.07747297
0.07443227
0.074451715
0.076173626
0.077926196
0.07571048
0.07490218
0.074445285
0.07836976
0.07558883
0.075748354
0.07554778
0.0749366
0.07627779
0.07813827
0.07389512
0.074149646
0.07419942
0.07632268
0.072172
0.07429901
0.0743034
0.07511057
0.0759519
0.07449899
0.07423333
0.07648022
0.077514306
0.073521465
0.07450128
0.07407479
0.07670817
0.07401792
0.07587029
0.073959716
0.07506792
0.073853046
0.07531748
0.07224573
0.074729875
0.07301087
0.07273839
0.07230952
0.075185895
0.07291781
0.07389346
0.073146224
0.07581369
0.07335586
0.0729841
0.0723972
0.07377512
0.07419062
0.073112875
0.07628735
0.07373226
0.074567586
0.071902454
0.07409593
0.07328077
0.07323986
0.071160495
0.07393479
0.07178302
0.077054664
0.072699435
0.072405875
0.07166716
0.07285469
0.07191316
0.07170093
0.072732784
0.0738132
0.071105264
0.07270631
0.07189167
0.07372475
0.072505176
0.07285736
0.071545266
0.0712138
0.07059998
0.07168652
0.072887965
0.070093356
0.07263516
0.07132874
0.070690535
0.07104451
0.0729386
0.0699611
0.07081017
0.072328284
0.07325135
0.07243631
0.071692735
0.070834786
0.07191101
0.07115914
0.07087101
0.069855176
0.07129604
0.07169878
0.070617616
0.06961831
0.07144037
0.07088645
0.071473844
0.072114594
0.06976388
0.07018951
0.069840334
0.06929121
0.072944425
0.07054197
0.07054178
0.07154037
0.0701775
0.07150129
0.06985879
0.07068834
0.06954884
0.06919995
0.069863394
0.069221005
0.06926434
0.069631755
0.072567165
0.070785224
0.07035367
0.070935585
0.06972039
0.06940444
0.07160056
0.069711186
0.0718672
0.06838549
0.06884053
0.07139788
0.070030615
0.069058694
0.07068455
0.06839171
0.07035901
0.06886573
0.06823275
0.06974489
0.071138866
0.06914621
0.06909412
0.06921091
0.07096241
0.068443485
0.06952522
0.06986854
0.06749019
0.06767195
0.06750358
0.066324346
0.06960755
0.06734164
0.06896259
0.067457
0.06902594
0.06710713
0.06774973
0.06725412
0.06915975
0.06806378
0.067194164
0.06694157
0.06747221
0.06738772
0.06696961
0.06770671
0.06733926
0.06534178
0.068035714
0.06809758
0.06698491
0.06939667
0.06621964
0.0674386
0.06827334
0.06834089
0.06769065
0.06743216
0.069243185
0.068380356
0.06720255
0.06816031
0.06828496
0.066039644
0.067539975
0.067844115
0.06667244
0.06759178
0.06608039
0.06799362
0.06718381
0.06672176
0.06688566
0.06704741
0.06851613
0.06762251
0.0676118
0.06799449
0.06646727
0.06777111
0.06686364
0.06559368
0.067803055
0.0660941
0.069474824
0.06706755
0.06721032
0.06865916
0.0666752
0.06774369
0.0674192
0.06436539
0.069201246
0.06714613
0.06758699
0.06726557
0.06655352
0.06624871
0.06719329
0.06605788
0.065008044
0.066362284
0.06488217
0.06559995
0.065860696
0.065014996
0.06510265
0.06557392
0.06606218
0.06484752
0.06439065
0.064894564
0.06360576
0.06473798
0.065089524
0.065602995
0.06607098
0.064927004
0.065237224
0.06606153
0.06564649
0.06544107
0.06491113
0.06464877
0.06510277
0.06777344
0.06389053
0.064063944
0.06476
0.065105945
0.065059245
0.06624506
0.06329623
0.06627638
0.06564237
0.0642197
0.065112695
0.06575759
0.06378302
0.063880846
0.06435907
0.066197746
0.063056394
0.0642836
0.065325946
0.06481131
0.06481725
0.06332235
0.063577384
0.065626614
0.065774575
0.06524007
0.06334211
0.063125975
0.06208906
0.06279621
0.06547733
0.0633846
0.06383531
0.0644606
0.063149735
0.064776786
0.0632654
0.0646324
0.06296178
0.062482454
0.0627104
0.06407738
0.06314357
0.062366825
0.06297553
0.064871624
0.063238785
0.06235684
0.06239139
0.0632127
0.063669346
0.062489025
0.062023602
0.06320558
0.063097045
0.06356999
0.06408049
0.06187466
0.06349944
0.061563615
0.06559995
0.062438324
0.06462083
0.06350558
0.062457576
0.06177061
0.06284404
0.06307645
0.062483434
0.06173601
0.0653536
0.06239309
0.062110655
0.063159116
0.06192847
0.061175693
0.060783338
0.06088478
0.063056566
0.061716143
0.062288653
0.06268106
0.061733104
0.06162464
0.06203101
0.062479775
0.06308326
0.061283
0.06315521
0.061384454
0.064436235
0.06148079
0.06229846
0.062021963
0.06270328
0.059988208
0.06127036
0.061439637
0.06153146
0.060556404
0.06167232
0.061549395
0.060358953
0.063756995
0.062133934
0.06259479
0.06254386
0.062365443
0.0611361
0.061796747
0.06276965
0.062245276
0.061640397
0.06037109
0.06197797
0.059881654
0.0643251
0.06092933
0.06428317
0.06002305
0.062263902
0.061826017
0.06256058
0.060565535
0.061728258
0.061302215
0.060589787
0.060352534
0.06245227
0.06064863
0.060291115
0.06166643
0.062374763
0.060859162
0.060011566
0.060346235
0.060176577
0.059927452
0.060189266
0.058879524
0.060411
0.059456255
0.059766803
0.060538948
0.059448373
0.06262179
0.06013523
0.06262851
0.060535427
0.06070475
0.059923664
0.060000636
0.059634678
0.0592323
0.059614845
0.060486373
0.05944184
0.060567386
0.061629657
0.061506156
0.061666552
0.059658587
0.059543867
0.061712515
0.059449017
0.061163183
0.062269192
0.059603736
0.059004385
0.059823222
0.06017319
0.060488977
0.058217444
0.059542082
0.059916273
0.060254317
0.05957938
0.060435377
0.060053974
0.06117247
0.059003055
0.0592734
0.059118874
0.058978595
0.059437446
0.05919197
0.058628667
0.059365124
0.058644257
0.059707306
0.060013074
0.060313318
0.060942505
0.058755368
0.05870547
0.060666986
0.058598936
0.057636283
0.05840022
0.060077686
0.059566826
0.057693984
0.058506787
0.058553133
0.058452185
0.058887206
0.058696438
0.058519434
0.058453612
0.06131539
0.059151
0.060355693
0.059790548
0.05696057
0.057384312
0.057692435
0.057373337
0.060716473
0.056960113
0.057769343
0.057467144
0.057970818
0.057255056
0.060625587
0.058553506
0.058391616
0.058671266
0.058132716
0.061188634
0.05971928
0.058496583
0.056897733
0.057248592
0.05775831
0.057223164
0.059054695
0.05816857
0.057691578
0.057173114
0.058479365
0.059524216
0.057517774
0.05921036
0.0584204
0.05739387
0.05763748
0.058263473
0.057326127
0.058727365
0.057351496
0.05787855
0.056986697
0.05767581
0.058780383
0.056982987
0.05907868
0.058412883
0.05822605
0.05796041
0.05688941
0.05855399
0.056377713
0.05850523
0.057442494
0.05869832
0.05672207
0.056598682
0.055550907
0.056870047
0.059060436
0.057316687
0.05661716
0.05821356
0.058955505
0.057149913
0.057010483
0.059148584
0.056577723
0.05745601
0.057703044
0.05703462
0.05648668
0.059381455
0.056699235
0.057208
0.056746125
0.05700489
0.055940952
0.05765549
0.05681492
0.056596246
0.056265708
0.058008596
0.05640975
0.05695277
0.058230273
0.05625465
0.057905637
0.05613377
0.05585476
0.055216398
0.05558143
0.055218574
0.05570579
0.056543045
0.05602555
0.05681473
0.05558149
0.056438882
0.056943666
0.055808913
0.05478904
0.05524988
0.057578452
0.054877408
0.055645097
0.055167645
0.055651277
0.05679012
0.055475794
0.054267496
0.054851666
0.056535117
0.056818794
0.056960534
0.055581987
0.056109324
0.056706276
0.054586913
0.054951567
0.056853026
0.05494128
0.05488085
0.054975197
0.05562129
0.05539596
0.055544455
0.05563403
0.054088574
0.05390745
0.05591272
0.057393253
0.055167396
0.055711243
0.055763014
0.05633586
0.056697227
0.05562369
0.053770296
0.05476566
0.054615904
0.055349432
0.054706864
0.055338092
0.057717085
0.05572597
0.05568424
0.05573665
0.0546737
0.054749794
0.054922864
0.05590023
0.05660247
0.055743232
0.055374376
0.056575906
0.055188157
0.0544639
0.055176653
0.05461452
0.05402946
0.055262256
0.055123657
0.05452361
0.0550363
0.056556046
0.054791547
0.053812843
0.054401338
0.05407464
0.05390708
0.054012943
0.054120287
0.055971216
0.054641128
0.05389222
0.05457202
0.053213604
0.052562684
0.055882826
0.0533218
0.053781405
0.054547958
0.054717243
0.055396706
0.054129127
0.05367759
0.05269112
0.05449038
0.05427194
0.052905083
0.055054706
0.055974536
0.055355735
0.05371621
0.0548912
0.0540914
0.05363794
0.05323288
0.055123497
0.054695964
0.056006927
0.053508017
0.05407508
0.053750824
0.053862732
0.053069003
0.05357008
0.05424851
0.053585712
0.054197215
0.05355015
0.054025717
0.05370145
0.055102143
0.053348485
0.053909346
0.05323251
0.053691257
0.053865835
0.05420329
0.05320835
0.052852377
0.053130835
0.053966198
0.05393175
0.054084808
0.05319258
0.053267796
0.052608244
0.053371076
0.05395535
0.052587654
0.053533446
0.05322571
0.053315375
0.054036334
0.053613745
0.052809346
0.05314003
0.05590053
0.054607738
0.052983202
0.053299706
0.052561287
0.051916838
0.053846627
0.053479366
0.053260084
0.05392453
0.05302658
0.05310284
0.05207335
0.05342903
0.053148974
0.051946517
0.054661456
0.052639797
0.0531417
0.053905025
0.05242073
0.052919496
0.05293717
0.05191597
0.05238371
0.053349156
0.053295624
0.052108616
0.053671364
0.05278409
0.052164692
0.052812893
0.052449502
0.054440442
0.05316757
0.05275332
0.052303966
0.052544743
0.05268748
0.053820934
0.05213003
0.051668514
0.05282594
0.052911635
0.05166069
0.052898154
0.05254319
0.052699488
0.05201537
0.0515935
0.05274865
0.05149104
0.052464306
0.053770743
0.051485818
0.050772335
0.052477207
0.053433318
0.05209859
0.051927112
0.05399474
0.05381789
0.051388953
0.051439982
0.050298773
0.050742637
0.05153919
0.051309753
0.051478975
0.050634827
0.052024636
0.050760802
0.051229022
0.050634656
0.05274568
0.052078202
0.052103084
0.052109763
0.05112344
0.05252116
0.052580714
0.052321307
0.05108649
0.05141379
0.05179402
0.051238507
0.05115078
0.051884167
0.051711783
0.051400777
0.051127203
0.05114905
0.051175427
0.05180978
0.051532358
0.050805002
0.051155273
0.05086887
0.051199716
0.052817527
0.051760927
0.050518967
0.053172253
0.05119376
0.05158714
0.05123348
0.052443914
0.051366944
0.05142352
0.05058011
0.05145521
0.052617952
0.051218893
0.05143062
0.05079994
0.051342722
0.05163882
0.051432405
0.050605714
0.052522536
0.053065795
0.05164044
0.04983111
0.051747847
0.051489662
0.050819997
0.05057828
0.051144313
0.05091816
0.05085074
0.051122822
0.051332198
0.05034508
0.051856022
0.05164531
0.050076693
0.049801778
0.05060255
0.050394323
0.05050849
0.0505806
0.052418396
0.052038413
0.05066377
0.051978193
0.051033437
0.04962533
0.05019721
0.050623216
0.049818452
0.051969286
0.050931457
0.050483942
0.050619364
0.05115944
0.050063122
0.051487017
0.049586467
0.049720474
0.050922737
0.04951265
0.051180765
0.04925804
0.050044592
0.050009366
0.04989413
0.05052459
0.049365524
0.04969505
0.05087994
0.049880873
0.050400075
0.0509556
0.052789032
0.051246334
0.050539825
0.05068885
0.04828611
0.05159434
0.04913249
0.049694926
0.051415894
0.048898395
0.0492438
0.05158884
0.050230306
0.049720958
0.048930757
0.048945393
0.0497517
0.049802873
0.04963486
0.051242113
0.049910627
0.04973349
0.05005039
0.05039396
0.04976908
0.05319396
0.05001039
0.04929229
0.04955917
0.051328626
0.050178804
0.048949078
0.05141736
0.049611863
0.049653444
0.050761364
0.048880257
0.04958339
0.050003164
0.049905676
0.050637096
0.04925517
0.049278203
0.04937903
0.049915053
0.049814835
0.048632503
0.04894399
0.048347924
0.047875706
0.048928984
0.04882471
0.050002772
0.0504938
0.050408214
0.049222004
0.049987346
0.049385503
0.050241902
0.050261848
0.049749088
0.04881286
0.048335504
0.048073236
0.04880543
0.04956328
0.049813885
0.048743095
0.04999126
0.047954723
0.049152937
0.049367744
0.049765855
0.0498173
0.04916456
0.049982347
0.049329806
0.048656728
0.04990473
0.049386628
0.049100563
0.049585417
0.049087442
0.049204398
0.049738843
0.048783187
0.049611244
0.049361642
0.049818244
0.0486002
0.049325515
0.048423875
0.0487171
0.049074337
0.049074452
0.050176
0.05155713
0.04859513
0.049679402
0.049036957
0.049818598
0.04925728
0.04870118
0.04832379
0.05011809
0.05033581
0.05002892
0.049860287
0.049201388
0.048260547
0.051390707
0.049016047
0.048786968
0.049402922
0.04901091
0.0495185
0.048987463
0.047685463
0.048438188
0.047589906
0.04887259
0.04766469
0.047208473
0.049016286
0.04857452
0.048267264
0.048111018
0.046907146
0.047448803
0.0471283
0.049096562
0.04919453
0.048331745
0.047697935
0.047683693
0.04773537
0.04782991
0.05059502
0.04790685
0.050822906
0.04937987
0.04818995
0.04713234
0.047158785
0.047326893
0.04824655
0.048470777
0.047422085
0.04753702
0.048405316
0.047911074
0.04768859
0.0474958
0.049809642
0.048170373
0.04711869
0.048303947
0.047032163
0.04714057
0.047409937
0.047696155
0.047011122
0.048069783
0.04820846
0.04746538
0.047489244
0.04768133
0.04735358
0.047703564
0.047508407
0.048675798
0.046862245
0.048315868
0.047873646
0.047092415
0.048216105
0.04688673
0.0478346
0.047138635
0.04924313
0.04675538
0.04830639
0.047908634
0.04869024
0.0482275
0.046851084
0.046603426
0.047202762
0.04959489
0.047198005
0.04877297
0.046415064
0.049013887
0.0470694
0.047989294
0.04742021
0.049118888
0.047422245
0.04737223
0.047852386
0.047247853
0.04746429
0.046445835
0.04736104
0.047789246
0.047997795
0.048045196
0.047978435
0.04833259
0.0476208
0.048045818
0.047222532
0.047266245
0.048198145
0.046249587
0.046761066
0.04807983
0.046398904
0.04762284
0.04794168
0.047762904
0.046778962
0.04712818
0.046750877
0.046774235
0.047724903
0.047363225
0.047935404
0.048426393
0.0473359
0.046012674
0.047755145
0.046483524
0.046163883
0.04607236
0.04688917
0.046543993
0.045522515
0.04665798
0.04710535
0.04815552
0.047493443
0.045735314
0.046144765
0.046539262
0.046272893
0.045503337
0.047069393
0.04573911
0.047921576
0.046183407
0.047282282
0.04546837
0.046959553
0.046467815
0.047588088
0.046114035
0.046885233
0.046515007
0.046326246
0.04680588
0.04722178
0.047006078
0.047025766
0.04652166
0.04659963
0.04666491
0.046096288
0.046975218
0.0476292
0.046063524
0.04682791
0.046822224
0.046203785
0.049349193
0.04606471
0.046010725
0.046584073
0.046042338
0.046797093
0.045634624
0.04769955
0.047708724
0.047412373
0.048462212
0.046485536
0.045873582
0.04617056
0.04745438
0.04646905
0.046883333
0.046738166
0.04737043
0.046032283
0.04756681
0.047848955
0.046272565
0.04739351
0.046280697
0.04745729
0.045798004
0.04625772
0.046065338
0.04720105
0.045944728
0.047163438
0.045810554
0.047041357
0.046770472
0.046000265
0.045596663
0.04827579
0.045125835
0.047374316
0.045874827
0.04682447
0.04692853
0.04695821
0.046856135
0.046055984
0.045159243
0.046035055
0.04740199
0.04595517
0.048149478
0.045402355
0.045715377
0.046625137
0.04547352
0.046214882
0.048070397
0.046372533
0.04667128
0.046217572
0.045913536
0.045766987
0.04578799
0.0457486
0.047322404
0.046095688
0.04683797
0.045336913
0.04699765
0.04453247
0.045240875
0.046331853
0.04673949
0.045729984
0.047561206
0.045144692
0.04534278
0.04537165
0.046622343
0.045666315
0.044775613
0.045808434
0.045346208
0.045287833
0.0464609
0.045924153
0.045581244
0.04586574
0.04471487
0.04493457
0.045568373
0.04615008
0.047483053
0.044618703
0.0461676
0.045248978
0.045537617
0.04569222
0.04467025
0.046861738
0.045379043
0.044480108
0.04521229
0.04488839
0.045902085
0.04490471
0.045538034
0.045655593
0.045553755
0.044998605
0.044612456
0.045589343
0.04541329
0.045450352
0.044336688
0.045255426
0.045234516
0.045731187
0.04650841
0.04499984
0.046128836
0.045182053
0.04506002
0.044480763
0.044688452
0.04475399
0.045224436
0.04534167
0.044917546
0.047575556
0.045550648
0.044964254
0.044461936
0.045764748
0.045114048
0.046703696
0.04657328
0.0463045
0.04524538
0.04423845
0.0450152
0.045102164
0.0467233
0.045421902
0.04455166
0.044729523
0.04437484
0.044651426
0.045015622
0.046044216
0.043824315
0.045182373
0.04443662
0.045367833
0.045310788
0.044180814
0.044548728
0.044424698
0.046163917
0.044965733
0.046131052
0.044919204
0.046149753
0.044859357
0.043862548
0.04473337
0.044764366
0.045555245
0.04477115
0.044329368
0.04438602
0.045042966
0.044779252
0.044348147
0.046799596
0.044719283
0.044539277
0.045185704
0.044521183
0.04437783
0.04482501
0.043404724
0.044530064
0.044007514
0.045102872
0.044175845
0.04521882
0.045029398
0.04386117
0.045162648
0.046788786
0.044577222
0.046427365
0.044429824
0.04382057
0.04429784
0.044545367
0.044016056
0.04410209
0.044682752
0.044156298
0.04424074
0.04488495
0.044536866
0.044546068
0.044841018
0.044271275
0.044526197
0.04664913
0.044507574
0.04376393
0.045053273
0.044138983
0.04363745
0.043568395
0.044371776
0.044241283
0.044779234
0.044038583
0.043735895
0.04299168
0.04432111
0.04507938
0.04430809
0.046350423
0.043922275
0.04523088
0.04396416
0.045048162
0.04560177
0.044987805
0.04394739
0.044781018
0.045043137
0.044844642
0.04328056
0.0447913
0.043657813
0.045127425
0.045472853
0.045455277
0.04379686
0.044707526
0.04384065
0.044150285
0.043855865
0.04439338
0.044335786
0.043573745
0.04400429
0.044061504
0.04410535
0.04482788
0.045188896
0.042851433
0.043787263
0.043016724
0.043379214
0.04351862
0.044579994
0.04483981
0.04385565
0.04336069
0.04339628
0.043727167
0.044401914
0.043486238
0.045561686
0.04393965
0.04414681
0.043179322
0.044632923
0.046804518
0.04434042
0.04529341
0.044318892
0.04442417
0.04404906
0.044070948
0.04309059
0.043038994
0.043257907
0.04257516
0.04286189
0.04368959
0.042704135
0.04563351
0.04415876
0.04281246
0.042238392
0.043813378
0.043798503
0.043138023
0.044288833
0.043238103
0.043101158
0.043825522
0.04270293
0.0432194
0.043009184
0.04368696
0.04351052
0.043952756
0.04415316
0.042359643
0.04264929
0.042943303
0.043886453
0.042417184
0.044178568
0.044482097
0.042949233
0.044014838
0.045019552
0.043685783
0.043961577
0.04357686
0.043725565
0.044148944
0.04261566
0.0425685
0.04444798
0.044523805
0.043610763
0.043258302
0.043315638