20 41.65 0.11 41.76 0.721 19 475 1.68 1.68 
40 38.66 0.21 38.87 0.802 39 975 3.46 3.46 
60 37.69 0.34 38.03 0.852 59 1475 5.23 5.23 
80 37.01 0.5 37.51 0.877 78 1950 6.91 6.91 
100 36.35 0.67 37.02 0.899 98 2450 8.69 8.69 
120 35.82 0.85 36.68 0.906 118 2950 10.46 10.46 
140 35.34 1.02 36.36 0.918 138 3450 12.23 12.23 
160 34.67 1.16 35.83 0.926 157 3925 13.92 13.92 
180 34.4 1.3 35.7 0.932 176 4400 15.6 15.6 
200 33.93 1.49 35.42 0.936 195 4875 17.29 17.29 
220 33.65 1.68 35.33 0.94 214 5350 18.97 18.97 
240 33.34 1.83 35.17 0.945 232 5800 20.57 20.57 
260 32.82 1.99 34.8 0.948 250 6250 22.16 22.16 
280 32.43 2.14 34.56 0.95 266 6650 23.58 23.58 
