20 357.7 0.41 358.12 0.09 19 30 0.08 0.0 
40 354.01 0.59 354.6 0.154 38 67 0.15 0.0 
60 352.3 0.77 353.07 0.201 58 112 0.24 0.0 
80 349.75 1.02 350.78 0.261 78 151 0.32 0.0 
100 347.25 1.09 348.35 0.337 98 199 0.4 0.0 
120 344.88 1.11 345.99 0.418 118 244 0.48 0.0 
140 343.26 1.08 344.34 0.465 137 284 0.56 0.0 
160 341.22 1.22 342.44 0.492 154 331 0.63 0.0 
180 339.74 1.39 341.13 0.526 173 381 0.71 0.0 
200 336.67 1.5 338.18 0.552 192 431 0.78 0.0 
220 334.77 1.65 336.43 0.584 211 483 0.86 0.0 
240 333.13 1.62 334.75 0.597 230 538 0.94 0.0 
260 331.41 1.62 333.03 0.618 248 590 1.01 0.01 
280 330.6 1.61 332.21 0.639 265 644 1.08 0.01 
300 329.42 1.6 331.01 0.656 277 709 1.13 0.01 
320 328.63 1.55 330.18 0.669 295 761 1.2 0.01 
340 327.13 1.6 328.73 0.68 314 816 1.28 0.01 
360 326.67 1.84 328.51 0.694 333 873 1.36 0.01 
380 325.41 1.94 327.34 0.705 352 935 1.43 0.01 
400 324.04 2.01 326.06 0.716 369 993 1.5 0.01 
420 322.47 2.03 324.5 0.729 384 1049 1.57 0.01 
440 320.5 2.22 322.72 0.74 400 1116 1.63 0.01 
460 318.53 2.27 320.8 0.744 417 1192 1.7 0.01 
480 317.95 2.37 320.32 0.754 433 1260 1.77 0.01 
500 317.4 2.44 319.84 0.759 449 1330 1.83 0.01 
520 315.92 2.52 318.43 0.766 465 1404 1.9 0.01 
540 314.23 2.72 316.95 0.77 479 1469 1.95 0.01 
560 312.85 2.68 315.52 0.776 494 1537 2.01 0.01 
580 312.02 2.58 314.6 0.781 506 1597 2.06 0.01 
600 311.84 2.49 314.33 0.785 521 1669 2.12 0.02 
620 310.94 2.67 313.61 0.79 537 1738 2.19 0.02 
640 309.84 2.7 312.54 0.801 553 1799 2.25 0.02 
660 308.27 2.86 311.13 0.804 569 1869 2.32 0.02 
680 308.27 2.84 311.11 0.808 585 1945 2.38 0.02 
700 307.92 2.81 310.73 0.813 600 2021 2.45 0.02 
720 306.51 2.85 309.36 0.815 618 2107 2.52 0.02 
740 307.3 2.91 310.21 0.82 633 2182 2.58 0.02 
760 305.75 3.04 308.79 0.823 650 2244 2.65 0.02 
780 305.63 3.25 308.88 0.827 665 2316 2.71 0.02 
800 303.73 3.32 307.06 0.831 679 2404 2.77 0.02 
820 303.76 3.44 307.2 0.832 694 2469 2.83 0.02 
840 303.01 3.45 306.46 0.836 710 2560 2.89 0.02 
860 302.5 3.53 306.03 0.84 724 2633 2.95 0.02 
880 302.16 3.55 305.71 0.844 739 2704 3.01 0.02 
900 301.38 3.64 305.02 0.848 753 2788 3.07 0.03 
920 300.3 3.71 304.0 0.854 769 2859 3.13 0.03 
940 298.65 3.8 302.45 0.855 787 2947 3.21 0.03 
960 298.34 3.78 302.12 0.856 804 3032 3.28 0.03 
980 297.13 3.8 300.93 0.859 818 3116 3.33 0.03 
1000 297.21 3.75 300.97 0.862 829 3211 3.38 0.03 
1020 297.96 3.76 301.72 0.863 845 3291 3.44 0.03 
1040 297.24 3.73 300.97 0.867 859 3375 3.5 0.03 
1060 295.96 3.82 299.79 0.869 873 3454 3.56 0.03 
1080 296.01 3.81 299.82 0.871 885 3534 3.61 0.03 
1100 294.82 3.87 298.69 0.876 898 3634 3.66 0.03 
1120 295.0 3.95 298.95 0.877 912 3728 3.72 0.03 
1140 293.68 4.15 297.83 0.878 926 3803 3.77 0.04 
1160 294.28 4.14 298.41 0.878 940 3895 3.83 0.04 
1180 292.12 4.14 296.26 0.881 956 4001 3.9 0.04 
1200 292.06 4.15 296.21 0.883 968 4111 3.95 0.04 
1220 290.59 4.27 294.86 0.885 983 4192 4.01 0.04 
1240 289.25 4.38 293.63 0.886 998 4287 4.07 0.04 
1260 289.4 4.33 293.73 0.888 1013 4378 4.13 0.04 
1280 288.12 4.38 292.5 0.891 1029 4485 4.19 0.04 
1300 288.32 4.46 292.78 0.89 1042 4593 4.25 0.04 
1320 288.18 4.43 292.61 0.891 1054 4692 4.3 0.04 
1340 286.47 4.52 290.99 0.893 1068 4785 4.35 0.04 
1360 285.46 4.54 290.0 0.895 1083 4907 4.41 0.05 
1380 285.21 4.51 289.71 0.896 1097 4991 4.47 0.05 
1400 284.34 4.48 288.82 0.897 1112 5081 4.53 0.05 
1420 284.52 4.44 288.96 0.899 1124 5160 4.58 0.05 
1440 282.7 4.47 287.17 0.899 1138 5254 4.64 0.05 
1460 281.81 4.62 286.42 0.9 1151 5358 4.69 0.05 
