
0.15187003
0.13331528
0.13238685
0.14996256
0.14724447
0.13809216
0.13700235
0.13402961
0.12804416
0.12662673
0.12230443
0.12603246
0.1257844
0.119214535
0.11668942
0.11944704
0.11869982
0.11968882
0.11713585
0.11319411
0.112725735
0.1122658
0.11393705
0.110904865
0.11461432
0.11148791
0.1096486
0.11678262
0.1069941
0.10446726
0.10527198
0.1024971
0.102471925
0.107169844
0.107608296
0.10397882
0.104137294
0.100549296
0.103032276
0.10092002
0.102353185
0.10133651
0.10110647
0.113296986
0.10507439
0.11015308
0.10192189
0.10180514
0.10202088
0.10157267
0.10256668
0.10373049
0.097571276
0.098588325
0.10012878
0.09859877
0.09856028
0.10093457
0.098714344
0.09684092
0.09807504
0.09594152
0.09593258
0.09439711
0.09571986
0.09363179
0.09327796
0.09277369
0.08985096
0.09176172
0.09398622
0.09796521
0.09454172
0.093186624
0.09026861
0.090026155
0.093806006
0.09091945
0.087827444
0.08687502
0.088141784
0.0878221
0.08612531
0.08683131
0.08491079
0.08888023
0.08685509
0.08656812
0.08442561
0.08389212
0.08248223
0.08409943
0.08200299
0.08240748
0.08244009
0.079509825
0.084189124
0.07776188
0.08121317
0.08041761
0.081119716
0.07874161
0.07996638
0.08018452
0.07986775
0.08098548
0.084924005
0.07703121
0.0775102
0.077064574
0.07607136
0.07553898
0.0748193
0.07464303
0.07767796
0.07654768
0.0747306
0.07516667
0.074910305
0.07344755
0.07279418
0.07342739
0.07184699
0.07313594
0.07142315
0.07277771
0.072115175
0.07416303
0.07363071
0.07299541
0.074591406
0.07659109
0.07379128
0.07280264
0.07188688
0.071709335
0.072601445
0.07001222
0.071635135
0.07007323
0.06803294
0.0755945
0.06913841
0.06946462
0.07321898
0.06588933
0.06975892
0.06844762
0.068293355
0.06846034
0.06664709
0.064774804
0.06611092
0.06787925
0.065314926
0.06563963
0.0668411
0.06290357
0.06483351
0.062991135
0.06376924
0.06395705
0.06490367
0.06561181
0.06337347
0.06511122
0.06308804
0.062446896
0.063745
0.06354736
0.065016426
0.068147324
0.06285151
0.06272706
0.06379585
0.06651592
0.063567884
0.0657106
0.06294666
0.062015466
0.062066935
0.06069713
0.06282824
0.059695885
0.059779778
0.060109854
0.058816414
0.0607395
0.060266532
0.060667075
0.059387937
0.058766782
0.059506517
0.061542448
0.059515014
0.05848141
0.058954645
0.05991887
0.058395434
0.058736395
0.057678964
0.059450738
0.059305232
0.057983648
0.05787768
0.058432363
0.057753153
0.060315676
0.056820333
0.057094365
0.058107868
0.056301467
0.0588275
0.057784367
0.05579996
0.05776626
0.055265326
0.057134867
0.055836555
0.05703926
0.057805806
0.05673627
0.05713986
0.05672025
0.057146713
0.057331428
0.05977602
0.05572721
0.056839768
0.056487996
0.054507926
0.055207778
0.05405843
0.0577754
0.055520173
0.05453016
0.053363714
0.0551285
0.053855028
0.05315031
0.054400783
0.05280222
0.05302407
0.052236665
0.052921906
0.054181457
0.05199853
0.052786063
0.05241365
0.05262334
0.05273598
0.053441834
0.053395357
0.054235283
0.051951196
0.05288597
0.05178034
0.05176383
0.052016653
0.051837582
0.052310176
0.051869933
0.050655644
0.05171206
0.051223774
0.049755935
0.05163912
0.05091455
0.052100584
0.049429286
0.051473953
0.051118866
0.04852676
0.050134696
0.050114483
0.04895431
0.048424944
0.05088099
0.04993625
0.050878428
0.050615665
0.049686983
0.050645687
0.04800719
0.048997123
0.048048258
0.048191994
0.04711897
0.048575684
0.048894837
0.050369766
0.04777235
0.048104983
0.048623193
0.05009576
0.048872918
0.047963876
0.04667475
0.04745639
0.04683009
0.046378344
0.047438476
0.04742721
0.046616424
0.046925332
0.048711736
0.045600377
0.047422323
0.046121236
0.046105996
0.046345167
0.045930333
0.047139656
0.04607396
0.046315264
0.0456531
0.047017023
0.047428384
0.046762828
0.04641954
0.04547854
0.045530282
0.044630155
0.04462717
0.047787618
0.04478034
0.045717172
0.045427714
0.04668828
0.045273475
0.043858968
0.04541882
0.046583593
0.046755075
0.04472161
0.043667674
0.04466072
0.04397942
0.04523945
0.04503232
0.045528576
0.04715694
0.04399999
0.046146613
0.043395173
0.044883545
0.043631516
0.045671947
0.043987945
0.04392743
0.046807222
0.04383556
0.044520587
0.045830216
0.042852186
0.044197906
0.042836394
0.041852787
0.04233529
0.04363213
0.042335436
0.04397454
0.041478533
0.041841272
0.042288683
0.041009974
0.042713195
0.041189075
0.042010162
0.041580908
0.042883478
0.041565508
0.04176694
0.04164079
0.04084543
0.041114237
0.04132555
0.041023176
0.04109895
0.041208796
0.04028902
0.04194422
0.04209895
0.040329613
0.04103553
0.040200844
0.041190814
0.041681908
0.04204014
0.041277952
0.04042854
0.040189788
0.040409505
0.04042496
0.040690586
0.039445676
0.03884553
0.04118186
0.039300416
0.03936516
0.03935746
0.038814552
0.04037438
0.040037207
0.03855519
0.039410453
0.039465513
0.038546756
0.039407354
0.040082265
0.038108625
0.038703006
0.038725786
0.039303638
0.039820757
0.039880898
0.040673748
0.04037487
0.038883265
0.03781333
0.03941746
0.03851051
0.03863803
0.03903369
0.03833402
0.037869547
0.037229963
0.03720975
0.037284743
0.037011337
0.037452422
0.0386254
0.03737233
0.03802638
0.0387796
0.03791934
0.03880802
0.037016515
0.03693869
0.037733957
0.036951326
0.0398207
0.038185727
0.037292
0.038176168
0.037471935
0.036672756
0.03653065
0.036602307
0.03723851
0.035954934
0.03645484
0.037286505
0.0382497
0.03767663
0.036147073
0.037432462
0.036999833
0.035887934
0.036150694
0.037206337
0.037282642
0.036255173
0.035531446
0.035880536
0.036780175
0.035514016
0.035953287
0.034406304
0.035367195
0.035081692
0.035503324
0.035280637
0.035818476
0.035246868
0.036747094
0.03545177
0.035204284
0.03612876
0.035047736
0.0352457
0.036259435
0.034792624
0.033884574
0.035359778
0.036518715
0.035779495
0.034380477
0.035641134
0.03403183
0.034307055
0.03439899
0.035423223
0.03482072
0.034376387
0.03461035
0.03521108
0.034534324
0.035893053
0.034718454
0.03501539
0.034230318
0.035188537
0.034832183
0.03303612
0.034102
0.034585763
0.034364928
0.035332434
0.033521146
0.03398995
0.033560213
0.034912445
0.033194087
0.034590125
0.034054667
0.03361482
0.033686988
0.03306938
0.03464619
0.03383808
0.033217136
0.03335111
0.03417113
0.0340358
0.03458858
0.03261705
0.033253722
0.03281819
0.033910703
0.033396102
0.032945555
0.033245325
0.03354806
0.03277067
0.034066863
0.032363568
0.03223893
0.033492282
0.031653184
0.03236729
0.032555394
0.032804362
0.03205606
0.031852372
0.0329016
0.033041354
0.032742046
0.031804223
0.03204468
0.032972056
0.032520436
0.032250803
0.031889588
0.031078586
0.03220631
0.033331897
0.03176762
0.0316205
0.031959984
0.0324071
0.03180092
0.031739436
0.033438087
0.031840168
0.03098097
0.031768683
0.031645358
0.033042863
0.031861026
0.031070286
0.030882487
0.031422604
0.031773034
0.031682957
0.032318857
0.032093503
0.031189932
0.031112602
0.032185018
0.03235295
0.030652676
0.031140953
0.030183371
0.031010827
0.031060869
0.030187743
0.03100169
0.03140065
0.030156726
0.031814087
0.030917244
0.030275518
0.030469978
0.031753477
0.030170448
0.031161118
0.0318055
0.03041729
0.029876418
0.03013121
0.030549617
0.030605987
0.030599052
0.030148746
0.030024046
0.030674161
0.030910365
0.02987708
0.031091735
0.030232228
0.032081246
0.031213552
0.03174612
0.03050935
0.030625004
0.031986028
0.029859347
0.030500516
0.029699974
0.029590657
0.03057375
0.029590493
0.0304377
0.029874742
0.029565798
0.030485848
0.030552695
0.02884389
0.029518083
0.029549235
0.029667985
0.02934179
0.029350186
0.030997468
0.029830301
0.029469606
0.029142382
0.0298051
0.028950881
0.029138574
0.029758763
0.029242933
0.02898384
0.029242808
0.029065123
0.029155223
0.028993811
0.029577933
0.029408142
0.029642098
0.030086087
0.028761158
0.030916007
0.027900852
0.028440272
0.029072903
0.029142084
0.028894754
0.028559867
0.029392153
0.029035708
0.029673291
0.02805206
0.027777571
0.028259931
0.028607344
0.028185094
0.028514048
0.028584376
0.02833824
0.028834237
0.029196296
0.02864838
0.031748015
0.028659321
0.029022085
0.029711295
0.030601233
0.028818
0.028533619
0.028034627
0.02732923
0.02693403
0.028328666
0.027728189
0.0273774
0.028362969
0.027909646
0.027565217
0.027804319
0.027203541
0.027284067
0.027908431
0.029159449
0.027453607
0.0275425
0.027372558
0.027164532
0.028269913
0.026634797
0.028153494
0.027560677
0.026950456
0.027212765
0.027749933
0.02703043
0.028408587
0.02665772
0.027526528
0.027090548
0.026764307
0.027898597
0.026995862
0.026753532
0.026408587
0.026469395
0.02671429
0.027239956
0.02667859
0.02663594
0.026785662
0.026405549
0.028126914
0.026512057
0.02753854
0.026060766
0.026647078
0.027211118
0.025884395
0.027695157
0.02579428
0.026105545
0.027055014
0.02698461
0.026305567
0.026608039
0.0261909
0.027796572
0.026718924
0.027344907
0.026666796
0.026970794
0.02675427
0.026482388
0.027112817
0.026452187
0.026785513
0.026073985
0.025895622
0.026532853
0.026649699
0.025814412
0.02588095
0.02537073
0.02680202
0.026291113
0.025543872
0.027356176
0.026952965
0.025707617
0.025656017
0.026064442
0.025916839
0.025972603
0.025905328
0.02514213
0.025429256
0.026053688
0.024967754
0.02636415
0.025852906
0.025530932
0.025795503
0.02567345
0.026585197
0.026735013
0.025190823
0.025489705
0.025243338
0.025956381
0.025349122
0.025168836
0.025305826
0.024996562
0.025898786
0.02689365
0.025628088
0.02505623
0.024692805
0.025390843
0.025022324
0.025649559
0.02609628
0.024997354
0.025528936
0.025010359
0.02508582
0.025579793
0.024914103
0.02600364
0.024897888
0.025449712
0.024599051
0.025303168
0.025649969
0.02499655
0.025620436
0.02504294
0.0250265
0.025404183
0.024605237
0.025428267
0.025544276
0.025273519
0.025860457
0.024955258
0.024684275
0.025106976
0.024393246
0.025286576
0.024520265
0.025588486
0.024851318
0.024358287
0.024725977
0.024679067
0.02459883
0.02456422
0.024571182
0.025100742
0.024681339
0.024764992
0.024124824
0.024161942
0.02387367
0.02464735
0.02459957
0.0239372
0.02405153
0.025571812
0.024019077
0.024925346
0.024423344
0.024341842
0.024771612
0.024469245
0.02500152
0.023269627
0.02448386
0.024235101
0.024898611
0.024728052
0.023804773
0.024419423
0.023599703
0.023912376
0.024049066
0.024549242
0.024256244
0.023508191
0.023574844
0.02322206
0.023970494
0.024011731
0.024709893
0.024444463
0.024270784
0.024108417
0.023746407
0.026609544
0.023971401
0.024221867
0.024173228
0.024958238
0.023442265
0.023713354
0.024212463
0.024213184
0.024128664
0.02350003
0.023696367
0.023124514
0.023775619
0.024151038
0.02396704
0.023793826
0.023641394
0.023381447
0.023809496
0.02353058
0.023559563
0.02340984
0.023487967
0.023162786
0.023980774
0.0235091
0.023380732
0.023994755
0.024738954
0.02311673
0.02291352
0.024094991
0.023527093
0.024334775
0.023585964
0.02431251
0.023466412
0.023018878
0.023700181
0.023285262
0.023395402
0.023370614
0.023206642
0.02330241
0.022632712
0.02286033
0.023046402
0.023154294
0.022583019
0.023816524
0.022754254
0.0234982
0.022965332
0.022992272
0.022910936
0.022676747
0.023146667
0.023012653
0.023649741
0.023647975
0.022155808
0.022490097
0.022375058
0.02330182
0.02280913
0.02299148
0.022666765
0.022379687
0.022169663
0.02241439
0.022417437
0.02241821
0.02344075
0.02235242
0.022558577
0.02348517
0.022193171
0.022471925
0.022892144
0.022075716
0.022679642
0.022983767
0.022601034
0.022732355
0.022925366
0.021872759
0.02298043
0.02192245
0.022065494
0.022359554
0.02181808
0.021887299
0.022112932
0.021809949
0.02165409
0.022801623
0.022074018
0.02152921
0.021533893
0.021493772
0.022274012
0.022143817
0.021960165
0.021304335
0.021808024
0.022070926
0.021849401
0.0237679
0.021696508
0.021365402
0.02146773
0.022129618
0.021307817
0.022491055
0.02174777
0.02170363
0.02243082
0.022325885
0.022596437
0.02229298
0.02135314
0.021291343
0.020948356
0.021706222
0.021166267
0.021158738
0.020876922
0.021406349
0.021295236
0.02188589
0.021534579
0.022234384
0.021308623
0.021781368
0.021670286
0.020929828
0.021258952
0.021230502
0.02161953
0.021056123
0.02122419
0.021665901
0.021507502
0.020869112
0.021077966
0.02107783
0.021998454
0.021311058
0.021101804
0.021250285
0.020737834
0.021385232
0.021575829
0.022035735
0.021465426
0.02107843
0.020510646
0.021799155
0.02100887
0.02087044
0.021136727
0.02078492
0.020748645
0.02150307
0.020996109
0.020512788
0.020559136
0.020697813
0.020622706
0.021187108
0.021536067
0.02075792
0.02166928
0.021063883
0.020682795
0.021356978
0.020633375
0.020786697
0.020807685
0.020411253
0.020757355
0.020445962
0.020434873
0.02144939
0.020687034
0.02116733
0.02061837
0.020274319
0.02073359
0.021058679
0.02049058
0.020699035
0.020517368
0.02050375
0.020093296
0.020629613
0.021307923
0.020840893
0.020397417
0.02060149
0.021117548
0.020126209
0.020828985
0.020671252
0.020644885
0.020414263
0.020145006
0.020727215
0.020728646
0.020275174
0.019945437
0.020340562
0.02007584
0.020498767
0.020166272
0.020625187
0.0204328
0.02012206
0.020675996
0.020349659
0.020768836
0.02018246
0.020340146
0.020502275
0.020004284
0.019958898
0.020849196
0.021056056
0.020481782
0.020010376
0.020057049
0.020269662
0.020198906
0.020327829
0.020779641
0.01991675
0.02000094
0.020317243
0.020043178
0.020784581
0.019859891
0.019797597
0.020824216
0.019549921
0.01961037
0.019776603
0.019851692
0.019269949
0.019096179
0.019121906
0.019487003
0.019844778
0.019332431
0.019470572
0.021070074
0.01936531
0.01938311
0.019415962
0.019912357
0.019901445
0.020181363
0.019882156
0.01968841
0.019725384
0.019464917
0.019997254
0.019652287
0.01969849
0.019447738
0.020371662
0.020614738
0.020285793
0.020464081
0.020223202
0.019461082
0.019717548
0.019615417
0.019017475
0.019314067
0.020004278
0.019166803
0.020376867
0.019188086
0.02029641
0.019492928
0.019449722
0.019709326
0.019210886
0.019031303
0.019111844
0.019259423
0.019043578
0.019392608
0.019415315
0.018904151
0.01893651
0.019802168
0.019463535
0.018885847
0.019737756
0.019255672
0.019716704
0.019252395
0.020047532
0.01993949
0.019123677
0.019079365
0.019228343
0.019360628
0.018888036
0.019038161
0.018823946
0.018421872
0.019268887
0.019102203
0.018652238
0.018896554
0.018923607
0.018611055
0.018852515
0.019131767
0.018798528
0.018986544
0.019404074
0.01915885
0.019218775
0.018690022
0.018854572
0.019085107
0.019048026
0.018992566
0.01884672
0.018951187
0.01909994
0.01928176
0.018679576
0.018669257
0.01962639
0.019420631
0.018542258
0.019219639
0.018896641
0.01846041
0.018897144
0.018453276
0.018640809
0.018549861
0.018233063
0.018294947
0.0181925
0.018992802
0.020114774
0.018649379
0.01819489
0.018831754
0.018946642
0.018468961
0.018646218
0.018577412
0.018629786
0.019337365
0.017874498
0.018154144
0.01886115
0.017670723
0.018626628
0.018831005
0.019461462
0.018940007
0.018165033
0.018812751
0.017672796
0.018406142
0.018390767
0.017906927
0.018807821
0.018856272
0.017939823
0.018737186
0.018200116
0.018295992
0.017946973
0.018560207
0.01841236
0.01781184
0.017947469
0.018107912
0.018633435
0.01814601
0.018085353
0.017553788
0.018103566
0.018125197
0.01834762
0.018172264
0.018603275
0.018233588
0.017980602
0.01769624
0.01837047
0.018156342
0.017832343
0.018552886
0.017866202
0.018391801
0.018756507
0.018384214
0.018121492
0.018144766
0.017477961
0.017409878
0.01819123
0.017930092
0.01905138
0.017297849
0.01768226
0.017422725
0.017543359
0.01738689
0.018052604
0.01765412
0.01750411
0.018485902
0.017465368
0.017866202
0.01746672
0.018325884
0.01738289
0.018460471
0.01756445
0.017434858
0.01800954
0.017168406
0.017760616
0.017916631
0.01762599
0.017429182
0.018047327
0.017735131
0.017714543
0.017686876
0.018178597
0.017659852
0.018115079
0.018202797
0.017843427
0.017250568
0.017335081
0.017608799
0.017776424
0.017674312
0.017473169
0.018076805
0.017431676
0.017633403
0.017990127
0.017505782
0.017658412
0.01800619
0.01733393
0.01704196
0.017334573
0.017314805
0.01706378
0.017854666
0.017598849
0.017009418
0.017052649
0.017344348
0.017311014
0.017484948
0.017376618
0.01720328
0.01754239
0.017656468
0.017556695
0.017213697
0.01726254
0.017705837
0.017755954
0.017202977
0.017469615
0.017671408
0.017096171
0.016910693
0.017588045
0.017159548
0.01720624
0.016815167
0.017485145
0.017582573
0.017274661
0.018118689
0.018073963
0.01679072
0.016921647
0.016978242
0.01682159
0.017000262
0.017169409
0.017229825
0.01691863
0.016772715
0.017649703
0.016989522
0.01685504
0.017077204
0.016607724
0.01696152
0.017090445
0.017471155
0.016750524
0.016538864
0.016852323
0.016598022
0.01803532
0.016765546
0.017472006
0.017253628
0.017137062
0.017858421
0.017284289
0.017048674
0.017418556
0.016644193
0.017904041
0.017276933
0.016547373
0.017019562
0.016236499
0.017176095
0.016763706
0.017272836
0.016996365
0.016560247
0.016475342
0.016757019
0.016865142
0.016738111
0.016902385
0.016650336
0.017208647
0.016818784
0.016759662
0.01658239
0.01656447
0.016555509
0.016874207
0.01644379
0.017040564
0.016467985
0.016529556
0.016626867
0.01752583
0.016818257
0.017017636
0.0165375
0.016567878
0.01641952
0.016334813
0.016403155
0.017050894
0.016628165
0.01695995
0.016892971
0.016394906
0.01707754
0.016557287
0.01672968
0.016468404
0.016676791
0.016490046
0.016304161
0.016888697
0.0161258
0.01678289
0.016715491
0.016179865
0.016922578
0.016892137
0.01614727
0.016035214
0.01670017
0.016480504
0.015963543
0.016663203
0.016103338
0.016233154