20 199.68 0.4 200.07 0.055 17 19 0.37 0.0 
40 198.86 0.57 199.43 0.078 30 38 0.66 0.0 
60 198.17 0.8 198.97 0.098 42 57 0.92 0.0 
80 198.39 1.01 199.41 0.114 54 77 1.18 0.0 
100 197.56 1.11 198.66 0.136 62 95 1.36 0.0 
120 197.01 1.17 198.18 0.146 78 115 1.71 0.01 
140 197.25 1.11 198.36 0.164 89 136 1.95 0.01 
160 195.92 1.16 197.09 0.189 101 155 2.21 0.01 
180 195.38 1.19 196.57 0.199 110 172 2.41 0.01 
200 195.37 1.15 196.51 0.217 122 190 2.68 0.01 
220 195.16 1.06 196.22 0.231 134 210 2.94 0.01 
240 194.86 1.34 196.2 0.245 140 225 3.07 0.01 
260 194.86 1.28 196.14 0.254 150 243 3.29 0.01 
280 194.41 1.36 195.77 0.269 161 260 3.53 0.01 
300 193.98 1.3 195.27 0.281 173 278 3.79 0.01 
320 193.63 1.37 195.0 0.293 185 294 4.06 0.01 
340 193.54 1.25 194.78 0.302 191 311 4.19 0.02 
360 192.94 1.15 194.08 0.314 201 332 4.41 0.02 
380 192.11 1.2 193.31 0.331 211 351 4.63 0.02 
400 192.46 1.24 193.7 0.339 222 371 4.87 0.02 
420 191.62 1.37 192.99 0.354 232 390 5.09 0.02 
440 191.42 1.4 192.81 0.358 241 411 5.29 0.02 
460 191.31 1.4 192.71 0.367 254 428 5.57 0.02 
480 191.29 1.29 192.58 0.371 263 446 5.77 0.02 
500 190.75 1.25 192.0 0.378 271 466 5.94 0.02 
520 190.63 1.23 191.86 0.386 281 485 6.16 0.02 
540 191.11 1.11 192.22 0.395 289 504 6.34 0.03 
560 191.05 1.15 192.2 0.396 298 526 6.54 0.03 
580 190.65 1.29 191.94 0.401 306 540 6.71 0.03 
600 190.37 1.25 191.61 0.412 313 560 6.86 0.03 
620 189.87 1.3 191.17 0.418 319 579 7.0 0.03 
640 189.71 1.11 190.82 0.418 325 596 7.13 0.03 
660 189.5 1.08 190.58 0.425 334 617 7.32 0.03 
680 188.91 1.06 189.98 0.433 337 632 7.39 0.03 
700 188.66 0.95 189.61 0.435 349 655 7.65 0.03 
720 188.15 0.92 189.08 0.438 355 670 7.79 0.03 
740 188.72 0.78 189.51 0.444 365 689 8.0 0.03 
760 188.12 0.71 188.83 0.452 368 712 8.07 0.04 
780 187.87 0.78 188.65 0.454 376 735 8.25 0.04 
800 187.75 0.8 188.55 0.461 383 755 8.4 0.04 
820 187.77 0.79 188.56 0.462 392 775 8.6 0.04 
840 187.55 0.93 188.48 0.467 397 799 8.71 0.04 
860 187.58 0.87 188.44 0.47 404 823 8.86 0.04 
880 187.27 0.83 188.1 0.477 412 842 9.04 0.04 
900 186.59 0.86 187.45 0.483 419 858 9.19 0.04 
920 186.27 0.89 187.16 0.488 425 873 9.32 0.04 
940 185.79 0.89 186.69 0.489 431 894 9.45 0.04 
960 185.41 0.85 186.26 0.494 437 913 9.58 0.05 
980 185.32 0.8 186.12 0.497 445 934 9.76 0.05 
1000 184.85 0.86 185.71 0.502 451 959 9.89 0.05 
1020 184.82 0.79 185.61 0.504 458 981 10.04 0.05 
1040 184.79 0.77 185.57 0.509 466 999 10.22 0.05 
1060 185.06 0.76 185.81 0.514 473 1019 10.37 0.05 
1080 184.78 0.64 185.42 0.516 480 1040 10.53 0.05 
1100 184.59 0.71 185.3 0.522 485 1059 10.64 0.05 
1120 184.41 0.71 185.13 0.522 494 1080 10.83 0.05 
1140 184.18 0.61 184.79 0.528 504 1105 11.05 0.05 
1160 183.57 0.68 184.25 0.532 512 1125 11.23 0.06 
1180 183.22 0.71 183.93 0.535 516 1144 11.32 0.06 
1200 183.09 0.79 183.88 0.542 522 1163 11.45 0.06 
1220 182.85 0.79 183.64 0.541 530 1187 11.62 0.06 
1240 182.39 0.84 183.24 0.546 537 1203 11.78 0.06 
1260 182.59 0.78 183.37 0.549 541 1226 11.86 0.06 
1280 182.31 0.71 183.02 0.552 548 1249 12.02 0.06 
1300 181.91 0.61 182.52 0.554 554 1268 12.15 0.06 
1320 182.19 0.56 182.75 0.556 560 1288 12.28 0.06 
1340 181.91 0.47 182.38 0.559 569 1310 12.48 0.07 
1360 181.92 0.42 182.34 0.56 577 1328 12.65 0.07 
1380 181.55 0.46 182.01 0.566 582 1350 12.76 0.07 
1400 181.21 0.41 181.62 0.569 589 1369 12.92 0.07 
1420 181.02 0.43 181.45 0.574 599 1394 13.14 0.07 
1440 180.58 0.45 181.03 0.577 603 1415 13.22 0.07 
1460 180.7 0.46 181.17 0.58 607 1430 13.31 0.07 
1480 180.6 0.41 181.01 0.583 615 1455 13.49 0.07 
1500 180.16 0.48 180.64 0.584 621 1477 13.62 0.07 
1520 179.49 0.48 179.97 0.586 629 1495 13.79 0.07 
1540 179.59 0.42 180.0 0.588 633 1512 13.88 0.08 
1560 179.56 0.41 179.96 0.593 638 1532 13.99 0.08 
1580 179.5 0.47 179.98 0.592 646 1556 14.17 0.08 
1600 179.65 0.49 180.14 0.595 649 1579 14.23 0.08 
1620 179.11 0.47 179.58 0.598 652 1600 14.3 0.08 
1640 178.62 0.45 179.08 0.603 655 1619 14.36 0.08 
1660 178.29 0.4 178.69 0.603 663 1639 14.54 0.08 
1680 178.33 0.38 178.72 0.606 671 1659 14.71 0.08 
1700 178.07 0.36 178.43 0.609 680 1680 14.91 0.08 
1720 178.13 0.31 178.44 0.612 688 1706 15.09 0.08 
1740 177.7 0.32 178.02 0.613 695 1728 15.24 0.09 
1760 177.3 0.33 177.63 0.613 703 1751 15.42 0.09 
1780 177.09 0.25 177.34 0.619 711 1767 15.59 0.09 
1800 177.05 0.18 177.24 0.619 718 1788 15.75 0.09 
1820 176.35 0.14 176.48 0.62 720 1808 15.79 0.09 
1840 176.39 0.04 176.43 0.623 725 1825 15.9 0.09 
1860 175.91 -0.06 175.85 0.625 729 1845 15.99 0.09 
1880 176.14 -0.12 176.01 0.627 737 1868 16.16 0.09 
1900 175.59 -0.16 175.43 0.63 745 1893 16.34 0.09 
1920 175.37 -0.17 175.19 0.633 752 1915 16.49 0.1 
1940 175.63 -0.2 175.43 0.635 754 1936 16.54 0.1 
1960 175.42 -0.27 175.15 0.636 758 1956 16.62 0.1 
1980 175.64 -0.3 175.34 0.638 764 1976 16.75 0.1 
2000 175.44 -0.32 175.12 0.639 775 1993 17.0 0.1 
2020 175.33 -0.35 174.98 0.641 782 2018 17.15 0.1 
2040 175.58 -0.39 175.18 0.644 788 2041 17.28 0.1 
2060 175.08 -0.36 174.72 0.646 793 2059 17.39 0.1 
2080 174.92 -0.48 174.44 0.651 798 2087 17.5 0.1 
2100 174.96 -0.56 174.39 0.65 807 2111 17.7 0.1 
2120 174.71 -0.62 174.1 0.647 812 2134 17.81 0.11 
2140 174.46 -0.67 173.8 0.653 818 2157 17.94 0.11 
2160 174.34 -0.68 173.67 0.654 823 2177 18.05 0.11 
2180 174.29 -0.73 173.56 0.656 829 2200 18.18 0.11 
2200 174.17 -0.7 173.48 0.658 833 2216 18.27 0.11 
2220 173.98 -0.77 173.21 0.661 834 2239 18.29 0.11 
2240 174.13 -0.83 173.3 0.662 840 2265 18.42 0.11 
2260 173.75 -0.83 172.92 0.661 845 2286 18.53 0.11 
2280 173.77 -0.87 172.9 0.662 850 2306 18.64 0.11 
2300 173.45 -0.96 172.5 0.665 855 2331 18.75 0.12 
2320 173.15 -1.06 172.09 0.665 860 2356 18.86 0.12 
2340 173.37 -1.15 172.22 0.667 863 2377 18.93 0.12 
2360 173.1 -1.26 171.83 0.67 872 2402 19.12 0.12 
2380 173.11 -1.33 171.78 0.67 877 2422 19.23 0.12 
2400 172.88 -1.35 171.53 0.673 884 2446 19.39 0.12 
2420 172.69 -1.38 171.31 0.672 891 2472 19.54 0.12 
2440 172.81 -1.47 171.34 0.673 896 2494 19.65 0.12 
2460 172.27 -1.6 170.68 0.676 903 2523 19.8 0.13 
2480 172.32 -1.69 170.63 0.677 913 2545 20.02 0.13 
2500 172.05 -1.68 170.37 0.681 924 2562 20.26 0.13 
2520 172.01 -1.7 170.31 0.681 926 2584 20.31 0.13 
2540 171.52 -1.76 169.76 0.679 934 2610 20.48 0.13 
2560 171.83 -1.88 169.95 0.683 939 2633 20.59 0.13 
2580 171.5 -1.82 169.68 0.684 944 2653 20.7 0.13 
2600 171.03 -1.81 169.22 0.685 949 2677 20.81 0.13 
2620 171.56 -1.96 169.6 0.686 953 2697 20.9 0.13 
2640 171.29 -1.91 169.38 0.688 959 2717 21.03 0.14 
2660 171.18 -1.96 169.22 0.69 963 2742 21.12 0.14 
2680 170.77 -1.95 168.82 0.689 968 2768 21.23 0.14 
2700 171.05 -1.93 169.11 0.692 975 2783 21.38 0.14 
2720 170.55 -1.95 168.6 0.696 982 2804 21.54 0.14 
2740 171.0 -1.88 169.12 0.697 985 2821 21.6 0.14 
2760 170.79 -1.95 168.85 0.696 991 2850 21.73 0.14 
2780 170.64 -1.95 168.69 0.697 994 2873 21.8 0.14 
2800 170.15 -1.85 168.3 0.698 1004 2898 22.02 0.14 
2820 170.23 -1.98 168.25 0.699 1008 2923 22.11 0.15 
2840 169.85 -2.06 167.79 0.701 1012 2945 22.19 0.15 
2860 169.78 -2.03 167.75 0.702 1019 2974 22.35 0.15 
2880 169.73 -2.03 167.7 0.703 1025 2994 22.48 0.15 
2900 169.57 -1.9 167.67 0.705 1030 3017 22.59 0.15 
2920 169.15 -1.89 167.26 0.706 1039 3044 22.79 0.15 
2940 168.97 -2.02 166.95 0.707 1043 3068 22.87 0.15 
2960 169.13 -2.05 167.08 0.71 1050 3094 23.03 0.15 
2980 169.09 -2.13 166.96 0.709 1054 3118 23.11 0.16 
3000 168.66 -2.1 166.56 0.711 1057 3139 23.18 0.16 
3020 168.54 -2.16 166.38 0.712 1062 3164 23.29 0.16 
3040 168.04 -2.2 165.85 0.713 1065 3187 23.36 0.16 
3060 168.12 -2.28 165.83 0.715 1070 3214 23.46 0.16 
3080 168.23 -2.28 165.95 0.718 1074 3238 23.55 0.16 
3100 167.69 -2.34 165.35 0.715 1080 3260 23.68 0.16 
3120 168.01 -2.38 165.63 0.718 1086 3281 23.82 0.16 
3140 168.07 -2.46 165.61 0.716 1092 3311 23.95 0.16 
3160 168.21 -2.51 165.7 0.721 1098 3336 24.08 0.17 
3180 168.03 -2.53 165.5 0.721 1106 3366 24.25 0.17 
3200 167.96 -2.58 165.38 0.722 1110 3390 24.34 0.17 
3220 167.38 -2.57 164.81 0.723 1114 3411 24.43 0.17 
3240 167.3 -2.6 164.7 0.723 1117 3434 24.5 0.17 
3260 167.05 -2.61 164.45 0.725 1123 3458 24.63 0.17 
3280 167.43 -2.66 164.78 0.725 1125 3483 24.67 0.17 
3300 167.2 -2.63 164.57 0.727 1129 3512 24.76 0.17 
3320 166.93 -2.52 164.41 0.727 1136 3539 24.91 0.18 
3340 166.75 -2.55 164.2 0.729 1144 3561 25.09 0.18 
3360 166.49 -2.55 163.94 0.727 1150 3584 25.22 0.18 
3380 166.54 -2.46 164.07 0.729 1151 3605 25.24 0.18 
3400 166.65 -2.49 164.17 0.73 1156 3630 25.35 0.18 
3420 166.28 -2.53 163.75 0.73 1162 3658 25.48 0.18 
3440 165.97 -2.51 163.45 0.731 1168 3682 25.61 0.18 
3460 166.04 -2.51 163.52 0.734 1172 3704 25.7 0.18 
3480 165.66 -2.53 163.13 0.731 1182 3732 25.92 0.19 
3500 166.02 -2.61 163.41 0.736 1184 3758 25.96 0.19 
3520 165.77 -2.6 163.18 0.734 1187 3780 26.03 0.19 
3540 165.7 -2.69 163.02 0.737 1190 3809 26.1 0.19 
3560 165.6 -2.74 162.86 0.737 1196 3835 26.23 0.19 
3580 165.73 -2.75 162.98 0.738 1202 3856 26.36 0.19 
3600 165.5 -2.8 162.69 0.74 1205 3878 26.43 0.19 
3620 164.64 -2.75 161.89 0.74 1209 3896 26.51 0.19 
3640 165.09 -2.77 162.32 0.74 1212 3920 26.58 0.19 
3660 164.78 -2.81 161.97 0.743 1214 3943 26.62 0.2 
3680 164.87 -2.79 162.08 0.743 1218 3967 26.71 0.2 
3700 164.46 -2.8 161.66 0.746 1223 3990 26.82 0.2 
3720 164.8 -2.82 161.99 0.745 1231 4015 27.0 0.2 
3740 164.31 -2.89 161.42 0.746 1236 4040 27.11 0.2 
3760 164.73 -2.98 161.75 0.747 1240 4067 27.19 0.2 
3780 164.19 -2.93 161.26 0.748 1241 4086 27.21 0.2 
3800 164.09 -2.89 161.2 0.749 1246 4110 27.32 0.2 
3820 164.08 -2.85 161.23 0.749 1252 4136 27.46 0.21 
3840 163.9 -2.82 161.08 0.751 1258 4158 27.59 0.21 
3860 163.9 -2.83 161.07 0.751 1262 4188 27.68 0.21 
3880 163.51 -2.87 160.65 0.753 1268 4213 27.81 0.21 
3900 163.83 -2.9 160.93 0.752 1271 4232 27.87 0.21 
3920 163.92 -2.81 161.1 0.753 1275 4255 27.96 0.21 
3940 163.41 -2.81 160.6 0.754 1280 4272 28.07 0.21 
3960 163.38 -2.82 160.56 0.754 1285 4292 28.18 0.21 
3980 162.8 -2.87 159.93 0.756 1292 4320 28.33 0.21 
4000 163.03 -2.85 160.18 0.756 1297 4344 28.44 0.22 
4020 162.69 -2.75 159.94 0.756 1302 4368 28.55 0.22 
4040 162.21 -2.82 159.38 0.755 1310 4394 28.73 0.22 
4060 162.03 -2.86 159.17 0.757 1317 4418 28.88 0.22 
4080 162.69 -2.96 159.74 0.76 1322 4449 28.99 0.22 
4100 162.39 -2.95 159.44 0.76 1324 4476 29.04 0.22 
4120 162.58 -2.99 159.59 0.762 1329 4502 29.14 0.22 
4140 162.23 -3.0 159.23 0.761 1334 4527 29.25 0.23 
4160 161.78 -3.05 158.72 0.762 1339 4550 29.36 0.23 
4180 161.91 -3.14 158.78 0.764 1348 4576 29.56 0.23 
4200 161.52 -3.18 158.34 0.763 1353 4605 29.67 0.23 
4220 161.51 -3.18 158.33 0.765 1356 4628 29.74 0.23 
4240 161.35 -3.25 158.1 0.764 1363 4654 29.89 0.23 
4260 161.5 -3.27 158.23 0.764 1367 4676 29.98 0.23 
4280 161.24 -3.28 157.96 0.764 1370 4701 30.04 0.23 
4300 161.23 -3.3 157.93 0.767 1374 4722 30.13 0.23 
4320 161.27 -3.33 157.94 0.767 1380 4749 30.26 0.24 
4340 160.91 -3.35 157.55 0.766 1385 4776 30.37 0.24 
4360 161.4 -3.36 158.05 0.769 1390 4797 30.48 0.24 
4380 161.15 -3.38 157.77 0.771 1394 4820 30.57 0.24 
4400 160.89 -3.4 157.49 0.77 1401 4846 30.72 0.24 
4420 160.5 -3.48 157.01 0.773 1405 4870 30.81 0.24 
4440 160.66 -3.52 157.14 0.772 1409 4895 30.9 0.24 
4460 160.22 -3.55 156.67 0.772 1414 4920 31.01 0.24 
4480 159.97 -3.6 156.37 0.774 1417 4944 31.07 0.25 
4500 159.83 -3.66 156.17 0.773 1420 4965 31.14 0.25 
4520 160.13 -3.71 156.43 0.775 1427 4992 31.29 0.25 
4540 160.1 -3.74 156.36 0.777 1430 5015 31.36 0.25 
4560 159.8 -3.69 156.11 0.775 1437 5046 31.51 0.25 
4580 159.53 -3.72 155.81 0.777 1442 5071 31.62 0.25 
4600 159.15 -3.8 155.35 0.777 1445 5099 31.69 0.25 
4620 159.13 -3.83 155.3 0.779 1450 5125 31.8 0.25 
4640 159.24 -3.82 155.43 0.778 1458 5151 31.97 0.26 
4660 159.01 -3.79 155.22 0.777 1460 5168 32.02 0.26 
4680 159.06 -3.84 155.22 0.777 1466 5194 32.15 0.26 
4700 159.12 -3.86 155.26 0.779 1470 5222 32.24 0.26 
4720 159.09 -3.91 155.18 0.781 1474 5246 32.32 0.26 
4740 158.76 -3.92 154.83 0.781 1477 5269 32.39 0.26 
4760 158.26 -3.91 154.34 0.783 1485 5296 32.57 0.26 
4780 158.61 -3.95 154.66 0.783 1487 5320 32.61 0.26 
4800 158.46 -3.96 154.5 0.784 1491 5348 32.7 0.27 
4820 158.6 -3.9 154.7 0.785 1496 5369 32.81 0.27 
4840 158.1 -3.74 154.36 0.784 1500 5394 32.89 0.27 
4860 158.17 -3.79 154.38 0.785 1504 5424 32.98 0.27 
4880 158.27 -3.88 154.39 0.787 1506 5454 33.03 0.27 
4900 158.31 -3.93 154.38 0.785 1509 5482 33.09 0.27 
4920 158.25 -3.87 154.38 0.787 1510 5510 33.11 0.27 
4940 157.58 -3.87 153.7 0.785 1512 5535 33.16 0.28 
4960 157.43 -3.92 153.52 0.785 1517 5557 33.27 0.28 
4980 157.31 -3.93 153.38 0.787 1521 5578 33.36 0.28 
5000 157.42 -4.02 153.4 0.789 1526 5602 33.46 0.28 
5020 157.34 -4.16 153.18 0.787 1530 5628 33.55 0.28 
5040 157.55 -4.19 153.36 0.79 1534 5653 33.64 0.28 
5060 157.19 -4.16 153.03 0.791 1538 5676 33.73 0.28 
5080 157.12 -4.22 152.9 0.792 1540 5712 33.77 0.28 
5100 157.27 -4.25 153.02 0.789 1546 5735 33.9 0.29 
5120 157.61 -4.28 153.33 0.79 1552 5766 34.04 0.29 
5140 157.25 -4.31 152.93 0.792 1557 5785 34.14 0.29 
5160 156.7 -4.37 152.33 0.79 1562 5812 34.25 0.29 
5180 156.69 -4.35 152.34 0.793 1568 5834 34.39 0.29 
5200 156.62 -4.36 152.26 0.792 1573 5857 34.5 0.29 
5220 156.56 -4.46 152.1 0.794 1577 5876 34.58 0.29 
5240 156.27 -4.44 151.83 0.794 1579 5902 34.63 0.29 
5260 156.31 -4.47 151.83 0.794 1585 5929 34.76 0.29 
5280 155.9 -4.47 151.43 0.795 1587 5949 34.8 0.3 
5300 156.08 -4.54 151.55 0.795 1595 5974 34.98 0.3 
5320 156.23 -4.58 151.65 0.794 1598 6001 35.04 0.3 
5340 156.52 -4.69 151.83 0.797 1606 6024 35.22 0.3 
5360 156.16 -4.63 151.53 0.795 1611 6048 35.33 0.3 
5380 155.88 -4.66 151.21 0.795 1616 6075 35.44 0.3 
5400 155.84 -4.73 151.11 0.797 1622 6101 35.57 0.3 
5420 155.55 -4.75 150.8 0.798 1622 6129 35.57 0.3 
5440 155.94 -4.77 151.16 0.798 1625 6156 35.64 0.31 
5460 155.39 -4.85 150.55 0.8 1626 6184 35.66 0.31 
5480 155.38 -4.83 150.55 0.799 1629 6214 35.72 0.31 
5500 155.18 -4.91 150.27 0.799 1634 6244 35.83 0.31 
5520 155.2 -4.94 150.26 0.799 1638 6271 35.92 0.31 
5540 155.3 -4.98 150.33 0.798 1641 6300 35.99 0.31 
5560 155.08 -5.0 150.08 0.8 1644 6323 36.05 0.31 
5580 155.21 -5.04 150.17 0.8 1649 6353 36.16 0.32 
5600 155.28 -5.03 150.26 0.803 1654 6372 36.27 0.32 
5620 154.84 -5.07 149.77 0.802 1657 6396 36.34 0.32 
5640 155.07 -5.02 150.05 0.803 1664 6420 36.49 0.32 
5660 154.96 -5.01 149.95 0.803 1667 6451 36.56 0.32 
5680 154.49 -5.05 149.44 0.803 1673 6479 36.69 0.32 
5700 154.54 -5.06 149.48 0.804 1674 6509 36.71 0.32 
5720 154.5 -5.06 149.44 0.804 1677 6537 36.78 0.33 
5740 154.49 -5.04 149.45 0.8 1681 6560 36.86 0.33 
5760 154.05 -5.09 148.96 0.804 1684 6583 36.93 0.33 
5780 154.12 -5.16 148.96 0.804 1688 6609 37.02 0.33 
5800 154.13 -5.17 148.96 0.806 1690 6638 37.06 0.33 
5820 153.78 -5.25 148.53 0.804 1692 6665 37.11 0.33 
5840 153.89 -5.31 148.58 0.807 1695 6699 37.17 0.33 
5860 153.76 -5.27 148.49 0.809 1698 6727 37.24 0.33 
5880 153.75 -5.28 148.47 0.808 1704 6750 37.37 0.34 
5900 153.73 -5.32 148.41 0.806 1707 6774 37.43 0.34 
5920 154.13 -5.42 148.71 0.808 1714 6807 37.59 0.34 
5940 153.75 -5.48 148.27 0.809 1719 6828 37.7 0.34 
5960 153.87 -5.49 148.38 0.812 1725 6859 37.83 0.34 
5980 153.63 -5.38 148.25 0.809 1730 6884 37.94 0.34 
6000 153.53 -5.38 148.14 0.811 1734 6902 38.03 0.34 
6020 153.7 -5.41 148.29 0.811 1736 6928 38.07 0.34 
6040 153.75 -5.38 148.36 0.811 1738 6949 38.11 0.35 
6060 153.18 -5.37 147.81 0.81 1743 6972 38.22 0.35 
6080 152.95 -5.34 147.6 0.811 1747 7000 38.31 0.35 
6100 153.29 -5.36 147.93 0.811 1753 7030 38.44 0.35 
6120 152.85 -5.37 147.48 0.812 1762 7058 38.64 0.35 
6140 153.18 -5.42 147.75 0.812 1768 7089 38.77 0.35 
6160 153.34 -5.47 147.87 0.813 1772 7118 38.86 0.35 
6180 153.12 -5.49 147.63 0.813 1776 7141 38.95 0.36 
6200 152.85 -5.47 147.38 0.814 1777 7175 38.97 0.36 
6220 152.94 -5.44 147.5 0.813 1781 7202 39.06 0.36 
6240 152.87 -5.46 147.41 0.813 1785 7227 39.14 0.36 
6260 152.46 -5.5 146.95 0.813 1790 7259 39.25 0.36 
6280 152.45 -5.49 146.97 0.815 1794 7285 39.34 0.36 
6300 152.66 -5.49 147.17 0.817 1798 7309 39.43 0.36 
