
0.008515355
0.008350948
0.007648144
0.0077432506
0.0067660147
0.0066527366
0.0062462315
0.006849262
0.0056530107
0.0058098794
0.006036385
0.0055614933
0.005599315
0.005617409
0.005628734
0.0056772046
0.0056875935
0.00553914
0.005515953
0.005353747
0.0054893265
0.0053758225
0.005392034
0.005296008
0.00527346
0.005086901
0.0052464926
0.0049914634
0.005110319
0.0050282376
0.004882433
0.0049766325
0.0049995785
0.005094582
0.0047928053
0.004912285
0.0048250733
0.0048980373
0.0045565036
0.004741723
0.0047026235
0.00470629
0.0047023655
0.0046659033
0.00491524
0.0044846307
0.0045521217
0.0049003554
0.005134592
0.00470684
0.004756482
0.0047118366
0.004499627
0.0045153787
0.0045316536
0.004551432
0.0044013504
0.0043808827
0.004541857
0.0045523224
0.0044164704
0.004453955
0.0043122713
0.004376369
0.0044729025
0.0043956023
0.0044346508
0.0043402473
0.0046272324
0.004400109
0.0043515926
0.0045688497
0.0043936237
0.004392431
0.004368565
0.004364779
0.0044324324
0.0042932266
0.0044291387
0.004484927
0.0042715147
0.004217609
0.0044087362
0.0043841
0.0042324043
0.004421719
0.0045930194
0.0045111855
0.0041378117
0.004202567
0.0042462624
0.004179002
0.0040610097
0.0042286813
0.00410676
0.0041499785
0.0041067307
0.0040547773
0.0041204016
0.0040759873
0.0040920544
0.0042233136
0.0041261674
0.0042545223
0.004063057
0.0040651704
0.0039895456
0.0041317856
0.0039513255
0.00403639
0.004020378
0.004002568
0.004080916
0.0040374068
0.0039772517
0.004136923
0.003940338
0.003926256
0.004034621
0.00407485
0.0038709366
0.0039618323
0.003886621
0.0039259363
0.004036829
0.0039642565
0.0039239232
0.004008374
0.0038323603
0.003948715
0.003844871
0.0038405848
0.0039017268
0.0039421264
0.0038332064
0.003821554
0.0038618338
0.0037908668
0.0038693487
0.0038755992
0.0038656022
0.0039467476
0.0038124255
0.0040127193
0.003880395
0.0038116653
0.0037815254
0.003858481
0.003897952
0.0038990658
0.0038239053
0.0037542572
0.0038426889
0.003768421
0.0037081935
0.0039329175
0.0038170188
0.003621178
0.0037207077
0.0037463617
0.0037870153
0.0037051046
0.0037152367
0.0037134471
0.0037592896
0.00364946
0.0038212503
0.003630875
0.0036741071
0.003692784
0.0037142176
0.0037256463
0.0037408858
0.0037302752
0.003849585
0.003780404
0.0037954743
0.00370385
0.0036275054
0.0037341712
0.0036092908
0.0036774406
0.0036625757
0.003578214
0.0036813961
0.0036084948
0.0035687261
0.0035963296
0.0037505378
0.0036872076
0.003667485
0.003711906
0.0037171452
0.003638662
0.0035702665
0.0036370761
0.0035411124
0.0036424415
0.0037147892
0.0034901183
0.0036252232
0.003634902
0.0035074698
0.0038609006
0.0036680647
0.0035394952
0.003544526
0.003563677
0.0035009873
0.0034674571
0.0034974301
0.0034534633
0.003507918
0.0035195383
0.0035644593
0.0034722753
0.0034562037
0.0034197338
0.0036138045
0.0034448165
0.0034026303
0.0034939237
0.003486839
0.003579382
0.003490598
0.0034077256
0.003436005
0.0035884304
0.0038026662
0.0034464363
0.003620613
0.0035165586
0.0034981174
0.0035107555
0.0034434134
0.0034683242
0.0034429338
0.003339974
0.0033712068
0.0033827506
0.0034341041
0.0034091799
0.0033681844
0.0034401976
0.0033729842
0.003386847
0.003374218
0.0033835855
0.0033650033
0.0034275616
0.0034322203
0.00335214
0.0034249437
0.0033256738
0.0033980764
0.0034647624
0.0034003758
0.0033748634
0.0033284237
0.0034402967
0.0034418541
0.0034235886
0.003364539
0.0033555108
0.0033783996
0.003509127
0.003350738
0.0033719274
0.0033472243
0.003372083
0.0033648158
0.0032943743
0.0033721733
0.0033033886
0.0034232945
0.0033132485
0.0034267413
0.003365353
0.0033722732
0.0033063884
0.0033288065
0.0034274799
0.0033849974
0.0032805433
0.003253574
0.0032654963
0.0032919322
0.0032546648
0.003354158
0.0033350014
0.003314725
0.0032753865
0.0037467445
0.003288746
0.0032650668
0.003334672
0.0034236598
0.003306011
0.0031998656
0.00326634
0.0032340318
0.0032938626
0.003411291
0.0033944384
0.0033349178
0.0032150894
0.0032822061
0.0032736603
0.0032732254
0.003227536
0.0031757967
0.0032775805
0.0033162911
0.0031747657
0.0031980476
0.003552283
0.0031993147
0.0032600665
0.0032631115
0.0032668565
0.0031972544
0.0032117914
0.0031941116
0.0032203977
0.0031907093
0.0032418568
0.0032158257
0.0032282488
0.003207912
0.003240238
0.0032701949
0.0032409334
0.0032384302
0.0033316286
0.003204138
0.0031920255
0.0032066016
0.003249772
0.0031598303
0.0033586232
0.0031715918
0.003248356
0.0032030111
0.0031875672
0.0031603628
0.0031090628
0.0032060512
0.003270238
0.0031290615
0.0031585766
0.00316345
0.0031047198
0.0031344593
0.0030762653
0.003079538
0.0030698522
0.003116566
0.0031639752
0.003137064
0.0031208284
0.0031430742
0.0030984264
0.0031464782
0.0032309848
0.0032173274
0.0031035228
0.0031081948
0.0031101147
0.0030421729
0.003200911
0.0031700418
0.003053299
0.0030803198
0.0031512303
0.0031102735
0.0030813417
0.0031041005
0.0031195513
0.0030610044
0.0030321842
0.0030878938
0.00308166
0.0030072555
0.003049843
0.0029680107
0.0031560645
0.0030445314
0.003096606
0.0030681228
0.003067677
0.0031129753
0.003091694
0.0029943648
0.0029738601
0.0030918662
0.00304159
0.0030008869
0.002983979
0.0029909867
0.003016534
0.002959989
0.0030569872
0.003123237
0.0029905746
0.0030720916
0.0029757319
0.0030450094
0.0030891374
0.0030190975
0.0030969235
0.0031067939
0.0030315346
0.0030315504
0.0029809047
0.0031282282
0.0029994394
0.0030952268
0.0031015163
0.0029844253
0.0029684464
0.0029979325
0.002959479
0.0030048985
0.0029876938
0.00299705
0.0030968161
0.003024929
0.0030197776
0.0029907066
0.0029683737
0.0031126086
0.003064707
0.0030289972
0.0030233006
0.0030295455
0.002970501
0.0031018194
0.0029448962
0.0029803405
0.0029743558
0.0029907953
0.002932698
0.0029528097
0.0030229506
0.0029534379
0.0029433656
0.0029295753
0.0031205534
0.0029548449
0.0029168092
0.002975401
0.002938698
0.0029663134
0.0029201135
0.002870274
0.0029623942
0.002952698
0.0028998763
0.0029943928
0.0029749393
0.0029219042
0.0030637165
0.002845693
0.0029534972
0.002865991
0.0029595795
0.0028268355
0.002939769
0.002878178
0.002939526
0.0029661937
0.0029654757
0.0029172678
0.002903099
0.002981589
0.00291622
0.0029211652
0.0028689615
0.0028850855
0.0028245577
0.002884793
0.002812172
0.0028491379
0.0028795397
0.002890596
0.0029069532
0.002823406
0.002861716
0.0028245507
0.0028889691
0.0029273147
0.0028512217
0.0028132172
0.0029455682
0.002853645
0.0028374365
0.002945965
0.0028447967
0.0029003604
0.002869364
0.0028287077
0.002901298
0.0028155341
0.0028663944
0.0029679162
0.002876636
0.002822346
0.002848783
0.0028877924
0.0028374142
0.0027700576
0.0028329843
0.0028335007
0.0028427579
0.0028375094
0.0028982463
0.0029033036
0.0028314688
0.0028850103
0.0028123723
0.0028779395
0.0028617328
0.0028560346
0.0028009205
0.0028638626
0.0029777552
0.0030897087
0.0028592274
0.0028655254
0.0027952665
0.0029168883
0.0028120284
0.0027981466
0.0028638113
0.0028168336
0.0027961333
0.002784638
0.002770258
0.0028854467
0.0028842606
0.0028040928
0.0027868147
0.0028380319
0.0027586452
0.002821129
0.002925612
0.002794964
0.00284341
0.0028365005
0.0028375057
0.0027867637
0.0027224494
0.0027914057
0.0027197592
0.0027299323
0.0027217662
0.0027780912
0.0027070933
0.002762345
0.0027598161
0.002755514
0.002739619
0.0027251907
0.0027217774
0.0027631598
0.0027773534
0.0027259148
0.0027923344
0.0026448602
0.0027295728
0.0028215342
0.0027834834
0.002718016
0.0027246552
0.00275335
0.0027857262
0.0026940913
0.0026911856
0.0027811136
0.0027532293
0.0027180817
0.0027355356
0.0026924268
0.0026941116
0.0026959367
0.0026901574
0.0026760404
0.0026904608
0.0026341474
0.0026663651
0.0026632822
0.0026851294
0.0027070043
0.0026838146
0.0027115878
0.0027066548
0.0027063293
0.0027044925
0.002738314
0.0027603945
0.0027156812
0.002748924
0.0027577206
0.0027020208
0.002781988
0.002631886
0.0026781673
0.0026613313
0.00270684
0.002728069
0.0027523397
0.0026768914
0.0026419687
0.002697355
0.0027023118
0.0026433046
0.0026081405
0.0026457475
0.0026879152
0.0026175128
0.0026675002
0.0027020422
0.0027261088
0.002688709
0.0026815939
0.0026831422
0.0026620221
0.002645624
0.0026321865
0.0027122041
0.0025936652
0.0026630159
0.0026607835
0.0026371698
0.0027069908
0.0026676685
0.0026576992
0.0026726702
0.0026682937
0.002667757
0.0026110995
0.0025973145
0.0026328415
0.0025979455
0.0026120725
0.00264707
0.0026086066
0.0026106604
0.0026076727
0.0025731102
0.0026385898
0.0027621791
0.0026454534
0.0026220758
0.002606432
0.0025974226
0.002583232
0.0027347815
0.0025990622
0.0025727274
0.0026114197
0.002608954
0.0025866607
0.0026151484
0.0026188032
0.0025853997
0.0025469703
0.0025943054
0.0026337076
0.0026332508
0.0026390434
0.0025821456
0.002626184
0.0025757735
0.0026063279
0.0025618484
0.0026329816
0.0026740928
0.0026907509
0.0026008296
0.0025633944
0.0025163144
0.002594337
0.0025349197
0.0025930142
0.0025421418
0.002595863
0.0025940053
0.0025645408
0.002569827
0.0026044678
0.0025204008
0.0025866583
0.0025588132
0.002602718
0.0026213455
0.0025657436
0.0026051344
0.0026358347
0.002615881
0.002594202
0.0026136902
0.0025942035
0.0026587795
0.0025379392
0.0025806767
0.0025690917
0.0025342284
0.0025979592
0.0025630654
0.0025824008
0.0025495845
0.0025859976
0.002589577
0.0026170437
0.002557843
0.0025441723
0.0025332945
0.0026373733
0.0025332256
0.0025144506
0.0025343946
0.0025671308
0.0025403965
0.002525483
0.0025087376
0.0025697392
0.0025588013
0.0025174227
0.0024975077
0.0025993926
0.0025880442
0.0024501309
0.00250111
0.002603314
0.0025980154
0.0025285892
0.0025937534
0.0024939189
0.002501721
0.002636324
0.0025648365
0.0025533668
0.0025200578
0.0025061155
0.002494006
0.0025399644
0.0025076906
0.0025081402
0.0026264598
0.0025556884
0.002536599
0.0024811837
0.0025374899
0.002508318
0.0025437884
0.002497625
0.0024838918
0.002544968
0.0024593868
0.0024791516
0.0024752484
0.0025064829
0.002444731
0.0025109325
0.002543602
0.002468856
0.002649576
0.002515857
0.002482316
0.0025776012
0.002555623
0.0025369716
0.002501222
0.0025154317
0.0025085653
0.0027027319
0.0025207393
0.0025118361
0.0025135234
0.0025224795
0.0024905424
0.0025111362
0.0024688635
0.0024959568
0.0025087092
0.0024471476
0.0025169272
0.0025425479
0.0024755883
0.0025044167
0.0026116837
0.0024979678
0.0025646759
0.00241606
0.0025066985
0.0024161418
0.0025181998
0.0024508024
0.0024176543
0.0024656185
0.0024786412
0.0025090654
0.0024523593
0.0024863493
0.002467844
0.0024652018
0.0024769283
0.002542363
0.002450429
0.0025164506
0.0024581975
0.00248051
0.0024851249
0.0024502054
0.0024740233
0.0025477845
0.002473526
0.0024751155
0.002466068
0.0024359666
0.002417989
0.0024607417
0.0024531411
0.0024187467
0.002459482
0.0024425955
0.0025433344
0.002399284
0.0024451502
0.0023779646
0.0024768375
0.0024964153
0.0024478005
0.0024241202
0.0024979531
0.0024927414
0.0024043538
0.0024033238
0.0023971172
0.0024037454
0.0024001119
0.0024573584
0.0024050968
0.0024266816
0.0024313566
0.002460023
0.0024427879
0.002518596
0.0024391694
0.0024312448
0.002475146
0.0024833768
0.0023787157
0.002381091
0.0024535093
0.00242545
0.0023460612
0.0024184692
0.002369779
0.0025055702
0.0023175962
0.002363875
0.0024107706
0.0024483637
0.0024156226
0.0024517656
0.0023496465
0.0024134512
0.002331259
0.002429568
0.0023832114
0.0023395754
0.0024045992
0.0024111765
0.002373245
0.0023423906
0.0023498407
0.002316437
0.0024371743
0.0024305212
0.0023641442
0.0023481504
0.0024705788
0.0024611421
0.0024181844
0.0023483885
0.0023910345
0.0023778144
0.0024382784
0.0023686164
0.0023332885
0.00231547
0.0023464374
0.0023821536
0.002393783
0.0023170004
0.0024862327
0.0023479837
0.0023420188
0.0023871597
0.0023281546
0.0023763194
0.0024351703
0.0023909926
0.0023119738
0.0023377
0.0023303633
0.0023113822
0.0023734528
0.002311273
0.0023134942
0.0023218086
0.0024053424
0.0024553458
0.002324814
0.0023645114
0.0023200866
0.0023169133
0.0023358858
0.002357447
0.0023215832
0.0022909748
0.0023200451
0.0023824894
0.0023734982
0.0023514892
0.0023844661
0.0022815499
0.002292124
0.0023629563
0.002318458
0.002378125
0.002350947
0.0022960324
0.002293124
0.0022757251
0.0023298832
0.0023983475
0.002308591
0.0022533156
0.0023255714
0.0023811546
0.0023477988
0.0024794787
0.0022424017
0.002370201
0.002320192
0.002284986
0.0024002239
0.0023858133
0.0022842502
0.0023548743
0.00228009
0.0023285795
0.0022949653
0.002302138
0.0022856246
0.0023108558
0.0024111017
0.0022818525
0.0022946214
0.0023014632
0.0022866116
0.0023391105
0.0022762099
0.0022760439
0.0022802562
0.0022901285
0.0023275947
0.002300605
0.0022682836
0.0022636766
0.0022875662
0.0023152172
0.0023781962
0.002436637
0.0023179867
0.0023276415
0.0022924508
0.0023045768
0.0022481577
0.0022956852
0.0023311255
0.0022173603
0.0022333101
0.002278467
0.0022381619
0.0023432341
0.0023241106
0.0022686787
0.0022176746
0.0022748387
0.0022239205
0.0023319363
0.0022676408
0.0023216004
0.0022514036
0.0022196537
0.0022532037
0.0022211166
0.0021961255
0.0022334445
0.0022722213
0.0022562486
0.0022876617
0.0022290742
0.0022211496
0.0022526255
0.0023248382
0.0022057993
0.0022404278
0.0022477596
0.0022564682
0.0022735363
0.0022399805
0.0023334885
0.002291069
0.0022513757
0.0022785307
0.0022764727
0.002212048
0.0022074024
0.0023014548
0.0022363844
0.0022369393
0.002204366
0.0021953224
0.0021886257
0.0022365523
0.0022733056
0.002244259
0.0023218603
0.0021785134
0.0022331176
0.0022106844
0.0022258284
0.0022680773
0.0022147107
0.0022538938
0.0022034089
0.0022316054
0.00222749
0.0022000177
0.0022121698
0.0022919795
0.002236992
0.002201292
0.0021956335
0.00228125
0.0021993245
0.0022217794
0.0022190262
0.0021751553
0.0022261646
0.0022147554
0.0022249483
0.0021892688
0.002206817
0.00218028
0.002167225
0.0022033998
0.002165635
0.0022150541
0.0022287394
0.0021473703
0.0022586142
0.0022289953
0.0021995504
0.002152497
0.0021534448
0.0022122778
0.002153639
0.0021628172
0.0021462135
0.002173582
0.0022927101
0.0021962824
0.002241679
0.0022213124
0.0022376599
0.002189404
0.002178257
0.00217848
0.0021676044
0.002253243
0.0022506888
0.0021381371
0.0022043483
0.0021588644
0.0021605857
0.0022981716
0.0021423567
0.0021896362
0.002169766
0.0021567834
0.002143238
0.0021787588
0.002218831
0.002237864
0.0021487093
0.0021879657
0.0021349823
0.0021704598
0.0021498431
0.0021284095
0.0021148908
0.0021355757
0.0022037
0.0021586993
0.002167084
0.0022370333
0.0021159053
0.0021651809
0.002115184
0.0021667103
0.002166939
0.0021761106
0.0020946814
0.0021325352
0.0021697632
0.0021638009
0.0021576034
0.002207015
0.0021185945
0.002220732
0.002178595
0.0021570267
0.0021051888
0.002163117
0.0021963643
0.0022457803
0.002192501
0.0021448622
0.002155295
0.0021444724
0.0021024046
0.0021516338
0.0021530383
0.0020916236
0.0021306246
0.0021860003
0.0021346072
0.0021662905
0.0021187104
0.0021379914
0.0021697665
0.002123613
0.0021914344
0.0021130408
0.002111365
0.0021373234
0.002129606
0.0021149404
0.0020734568
0.0021471442
0.0021297028
0.0021805502
0.0021121781
0.00215612
0.002176471
0.0021365187
0.0021842767
0.0021333995
0.0021947527
0.0020662067
0.0021223766
0.0021513808
0.0021225498
0.0020923135
0.0021462492
0.0021474995
0.0021403057
0.0021190671
0.002125612
0.0020988176
0.002106033
0.0021135472
0.0021195435
0.0021005839
0.0020689634
0.002204136
0.0020954292
0.0021065178
0.0021026798
0.0021898446
0.0020955242
0.0020845172
0.0020948069
0.002108418
0.0021252902
0.002092777
0.0021329261
0.0020936013
0.0021099998
0.0021053934
0.0020984246
0.002122881
0.0021134594
0.0021617634
0.0021084542
0.002093474
0.002116503
0.0021393702
0.002092713
0.0020824173
0.0020286017
0.0020617344
0.0020805835
0.002223519
0.002054204
0.00208478
0.0022468388
0.00208893
0.0020535623
0.0020576671
0.0021797866
0.0021058875
0.0020666819
0.0021251256
0.002192113
0.002129956
0.0020799781
0.002040111
0.002128641
0.0021309124
0.0020768787
0.0020618895
0.002105263
0.002027609
0.0021377723
0.002069708
0.0021137083
0.0020554624
0.0020239672
0.0020803488
0.002092622
0.0020893193
0.0020786906
0.0020953277
0.002101076
0.0020639088
0.0020881444
0.0021642328
0.0021192434
0.002087432
0.002041988
0.0020425147
0.0020698232
0.0020715536
0.0020878462
0.0020416135
0.0021009266
0.0020560639
0.0020561635
0.0020558378
0.0020405508
0.002063884
0.002065062
0.002006904
0.002081107
0.0020294958
0.0021233093
0.002091343
0.002047733
0.0020180366
0.0021010311
0.0020827127
0.0021137586
0.002024153
0.002042804
0.002018523
0.0020510212
0.0020059953
0.0020175034
0.0020630283
0.0020362688
0.0020717338
0.0020303843
0.0020216273
0.0019948354
0.0021645105
0.001977916
0.0020153043
0.0020473932
0.0020103308
0.0020989452
0.002074675
0.002074557
0.0020491993
0.002101739
0.0020430798
0.0019995
0.0020487877
0.0020204799
0.002034931
0.0020557672
0.0019914708
0.0020355321
0.002009386
0.001967839
0.0019820184
0.0020063194
0.0020687713
0.002021516
0.0020101888
0.002002971
0.0020133273
0.0019933472
0.001982266
0.0020449103
0.002038117
0.002019694
0.002029059
0.0020001407
0.0020184668
0.002056854
0.0020002727
0.001992962
0.0020348912
0.002037189
0.0020164927
0.0020060285
0.0020078337
0.0020086311
0.0020249968
0.0020041675
0.002043486
0.0020519986
0.00208383
0.0019741934
0.002018261
0.0019536063
0.0020290269
0.0020111764
0.001996999
0.002010114
0.0019598962
0.0020704987
0.002005681
0.002011361
0.0020483322
0.0019944205
0.0019975884
0.0020152768
0.0019572265
0.0019500799
0.001959533
0.001987206
0.0019736902
0.0020148095
0.0019565313
0.0019678483
0.0020029224
0.001984117
0.0019842575
0.001997278
0.0019704502
0.001962318
0.0020198128
0.0019845762
0.0020002485
0.001967613
0.0019441589
0.0019259191
0.0020080123
0.0019499324
0.0020392672
0.0020191448
0.0020663573
0.0019540477
0.0019786372
0.0019924522
0.0020311447
0.0019443766
0.001964377
0.0020017028
0.002001734
0.0020192098
0.0019786456
0.0019744395
0.0019758774
0.0019349167
0.0019435941
0.0019495973
0.0020008371
0.0019053855
0.0019496641
0.001972603
0.0019355738
0.0019415816
0.0019713438
0.001986282
0.0019528467
0.001964679
0.001964546
0.001999572
0.0019205377
0.0019752507
0.0019576014
0.0019557693
0.001997231
0.0020564112
0.0019657523
0.0020447602
0.002061707
0.0020117683
0.0019920948
0.0020665196
0.0019852286
0.002002713
0.0019469218
0.0019227889
0.0019361137
0.0019906012
0.001979259
0.0019321502
0.001923716
0.0019744877
0.0019085148
0.0019145486
0.0019393204
0.001932477
0.0019301277
0.001971673
0.0019115714
0.0019596915
0.0019128678
0.0019468263
0.0019895139
0.001914022
0.0019894617
0.0019806456
0.0019194367
0.0019092853
0.0018984826
0.0019247142
0.0020064067
0.0019590312
0.001958814
0.0019141668
0.0019660862
0.0019960003
0.0019994865
0.0019109896
0.0018766607
0.0019944361
0.0019496211
0.0019191409
0.0019388072
0.0019448759
0.001965764
0.0019061753
0.001960613
0.001894493
0.0019130531
0.0019551746
0.0019183359
0.0019364586
0.0019634815
0.0019235449
0.0018933603
0.001955151
0.0019106433
0.0019558968
0.001935838
0.0019585383
0.0019686297
0.001983237
0.0019208664
0.0019594627
0.0019382082
0.0018845495
0.0019548282
0.0019133525
0.0019088117
0.0019443475
0.0019038895
0.0019008514
0.0019041166
0.0018771221
0.0018977139
0.0019180549
0.0019263979
0.0019525718
0.001929874
0.0019452835
0.0018751252
0.0019239374
0.0018710793
0.0019252121
0.0018785414
0.0019583115
0.0019086071
0.0018773554
0.0019108349
0.0018946362
0.0019130033
0.0019589236
0.0019230117
0.0018954881
0.0019014602
0.0019044919
0.001901773
0.0018912023
0.0019544607
0.0018753286
0.0018851799
0.0018964855
0.0019125196
0.0018914591
0.0019660806
0.0019079886
0.0018993386
0.0019003326
0.0018734596
0.0018671225
0.0019240702
0.0019842405
0.0019040516
0.0018362239
0.0018677361
0.0019253908
0.0018943103
0.001886468
0.0019466452
0.0018535078
0.0018924929
0.0018491574
0.0018647166
0.0018333081
0.0018855588
0.0018256065
0.0019118686
0.0019520641
0.0018404284
0.0019266986
0.0018773507
0.0019496256
0.0019498448
0.0019104761
0.0018511466
0.0018729871
0.0018607983
0.0019085609
0.0018380889
0.0018716995
0.0018701664
0.0018847018
0.0019004953
0.0018384733
0.0018810012
0.001924775
0.001921026
0.0018487978
0.0019187186
0.0018733916
0.0019037526
0.0018236378
0.0018174987
0.0018498297
0.0018471223
0.0018616314
0.001864159
0.0018271303
0.0018315068
0.0018689414
0.0018597553
0.0018170293
0.0018549802
0.0018330335
0.0018643672
0.0018543124
0.0018549424
0.001857919
0.001848489
0.0018603146
0.0018742849
0.0018893745
0.0018624527
0.0018875359
0.0018542219
0.0018321833
0.001858604
0.0018768829
0.0018421558
0.0019167801
0.0018449419
0.0018419327
0.0018133406
0.0018253928
0.0018558495
0.0018305974
0.0018299703
0.0018803835
0.0018158132
0.0018592939
0.0018233157
0.0018146423
0.0018621275
0.0019199128
0.0018281229
0.0018824732
0.0018535062
0.0018441621
0.0018570838
0.0018844081
0.0018410487
0.0018883401
0.0018305269
0.0019046116
0.0018112834
0.0018530848
0.0018307638
0.0018743357
0.0018511002
0.0018294249
0.0018653
0.0018194286
0.0018267635
0.0018138324
0.0018871925
0.0018365883
0.0018248367
0.0018093529
0.0017973235
0.0018418757
0.0018645471
0.0018195471
0.0018590388
0.0017941566
0.0018361806
0.0018105722
0.0017976756
0.0018241281
0.001865415
0.0018947246
0.0018525306
0.0018059533
0.0018348779
0.0018233433
0.0018168701
0.0018435959
0.0018165202
0.001880189
0.0017914077
0.0017942045
0.0017997
0.001822224
0.0018072781
0.001838775
0.0018351548
0.0018368413
0.0018343306
0.0017819456
0.0018214285
0.0018163796
0.0017756793
0.0018544307
0.001831555
0.0018190547
0.0018202302
0.0017979683
0.0018067838
0.0017657055
0.001808036
0.001832451
0.0017749364
0.001802674
0.001790399
0.0017740012
0.0018203477
0.0017911722
0.0017545202
0.0018078024
0.0017838887
0.0017777017
0.0018299697
0.0018076395
0.0018205342
0.0018123339
0.0018070537
0.0017914905
0.0017938665
0.0018509683
0.0017898909
0.0018095183
0.0018297576
0.0017928812
0.0018130229
0.0017794865
0.0017711327
0.0018475073
0.0018275417
0.0018499438
0.0018138755
0.0018364148
0.0018510605
0.0017969768
0.0018257216
0.0017584389
0.0018176471
0.001802276
0.0017948047
0.0017866452
0.00177217
0.0017641106
0.0018318744
0.0018375852
0.0017884289
0.0017704013
0.0017710167
0.0017998093
0.0017689464
0.0017832376
0.0017674657
0.0018106134
0.0017839093
0.0017545723
0.0017654346
0.0017501952
0.0017693642
0.0018083496
0.0017722808
0.0017603588
0.0017553517
0.0017932138
0.0017655041
0.0017172799
0.0018048909
0.0017845057
0.0018464765
0.0017696039
0.0018056452
0.0017547443
0.0017764898
0.00180679
0.0017630768
0.0017498628
0.0018051144
0.001805435
0.0017641719
0.0017327139
0.0018403631
0.0017478714
0.0017770828
0.0017453943
0.0017425463
0.0017415939
0.0017647279
0.0017967534
0.0017335962
0.0017428773
0.0017401356
0.001747141
0.0018226407
0.001773066
0.0017665464
0.0017353366
0.0017849595
0.0017708408
0.0017181094
0.0017664145
0.0017323453
0.0017440692
0.0017623315
0.0017532923
0.0017452135
0.0018087056
0.001737805
0.0017574743
0.0017885967
0.0018148846
0.0017659969
0.0017466046
0.0017960675
0.0017763937
0.0017315364
0.001707875
0.0017380894
0.001771238
0.0017472227
0.0017314515
0.0017169677
0.0017327669
0.0017627783
0.0017758938
0.0017405313
0.0017488829
0.0017336095
0.0017427786
0.0017729267
0.0017306593
0.0017121517
0.0017209338
0.0016936697
0.0017366547
0.0017793243
0.001822857
0.0017119608
0.0017531092
0.0017817318
0.0017098573
0.0017269409
0.0017268957
0.0017262395
0.0017406946
0.0016997345
0.0017507375
0.0017497259
0.0017079663
0.0017316478
0.0017410589
0.0017100775
0.0017791543
0.0018038673
0.0017525911
0.0017695421
0.0017462912
0.0017233865
0.0017891907
0.0017037326
0.001712949
0.0017921694
0.0017912097
0.0017166495
0.0017029786
0.0017222387
0.0017197955
0.0017019507
0.0016947363
0.00174199
0.0018079431
0.0017116775
0.001722592
0.0017426168
0.0017432169
0.0017564334
0.0016908499
0.0017299177
0.0017741258
0.0017251121
0.0018073411
0.0017610461
0.0017243259
0.0017507602
0.0016942011
0.0017880596
0.0017570773
0.0016924512
0.0017169818
0.001749391
0.0017213902
0.0016804996
0.0017751149
0.0017118662
0.0016734059
0.0017052033
0.001733098
0.0017217844
0.0017511832
0.0017144997
0.0017174528
0.0016528445
0.0017539662
0.0017090101
0.0016503535
0.0016884358
0.0016784724
0.0016911252
0.00168152
0.0016945875
0.00167526
0.0017323946
0.0016878445
0.0017221995
0.0017306358
0.0017596087
0.0017213101
0.0017172686
0.001685305
0.0016958555
0.0017143693
0.0017313163
0.0017099484
0.0016769719
0.0016968295
0.001686963
0.0017298557
0.0016738672
0.0016863392
0.0016658863
0.0016855653
0.0017171283
0.0016928358
0.0016837973
0.0016739682
0.0016983533
0.0016725615
0.0016867301
0.0016923303
0.0017163891
0.0016621104
0.0016608372
0.0017059355
0.0016725985
0.0016865156
0.0017062085
0.0016877516
0.0016856022
0.0016791367
0.0016847603
0.0016619625
0.0016908713
0.001682763
0.0016506255
0.0016763664
0.0016747415
0.0016595614
0.0016462666
0.00164734
0.0016989039
0.0016948385
0.001649893
0.001673796
0.001669897
0.0016928517
0.0016569234
0.0016614092
0.001686642
0.001695256
0.0016811654
0.0017061299
0.0016921443
0.0016881229
0.0016516662
0.0016901424
0.001683695
0.0016678501
0.0016733408
0.0017124184
0.0016573187
0.0016476033
0.0016637103
0.0016721389
0.0016821031
0.0016951376
0.001689034
0.0016459768
0.001675062
0.001674701
0.0016816667
0.0017228607
0.0017398882
0.0016966059
0.0016424821
0.0016995943
0.0016506017
0.0016965949
0.0016898016
0.0016729502
0.0016681443
0.0016501459
0.0017226735
0.0016571374
0.0016457655
0.0016752288
0.0016769666
0.0016849226
0.0016557535
0.0016715133
0.001646316
0.001741278
0.0017032617
0.0017094911
0.001716874
0.0016591531
0.0016974659
0.0016710856
0.0016408848
0.0016554391
0.0016442852
0.0016382227
0.0016487923
0.0016682665
0.001655789
0.0016852162
0.0016886861
0.0016636754
0.0016417471
0.0016358971
0.0017570552
0.0016891459
0.001657788
0.0017448333
0.0017059795
0.0016477593
0.0017366704
0.0017242137
0.0016418551
0.0016458695
0.0016526124
0.0016320538
0.0016207715
0.0016433978
0.0016363701
0.0016840638
0.001641051
0.0016853383
0.0016749009
0.0016517135
0.001689733
0.001682046
0.0016759674
0.0016202983
0.0016844997
0.0016626576
0.0016803741
0.0016503212
0.0016166492
0.0017106185
0.0016504359
0.0016380462
0.0016694547
0.0016390218
0.001659113
0.001682987
0.0016391057
0.0016381851
0.0016161465
0.0016312072
0.0016656817
0.0016374044
0.0016379408
0.0016240673
0.0016367539
0.0016291377
0.0016726378
0.0016570475
0.0016307922
0.001608281
0.001606496
0.0016145259
0.0016907048
0.0016779093
0.0016419707
0.0016740251
0.0016196626
0.0016460475
0.0016686849
0.001577233
0.0015984959
0.0016493879
0.0016340434
0.0016447535
0.001634081
0.0016325852
0.0016662059
0.0016457334
0.0016492296
0.0016329328
0.0016248485
0.0016492544
0.0016218164
0.0016594853
0.0016155039
0.0016307028
0.0016315923
0.0016251312
0.0015987664
0.0016540326
0.0016230398
0.0016187439
0.0015993176
0.0016612228
0.0016374129
0.0015911141
0.0016448037
0.0016304121
0.001638525
0.0016209394
0.0016227174
0.0016490499
0.0016163408
0.0016112424
0.0016335202
0.0016106021
0.0016154292
0.0016084003
0.0016056233
0.0016183198
0.0016342673
0.0016208921
0.0016020135
0.001579441
0.0015794844
0.0016110383
0.0016304082
0.0015978445
0.001597321
0.0015966004
0.0016146312
0.0015644175
0.0016057028
0.0015946337
0.0015914515
0.0015809108
0.0016049898
0.0016687757
0.0016765769
0.0016150248
0.0015929592
0.0016221135
0.0016707622
0.0016498475
0.0015831674
0.0016383294
0.0015972585
0.0016021943
0.0016271194
0.0017204515
0.0016148259
0.0015913278
0.0015686874
0.00164002
0.0016032042
0.0015878404
0.0015967039
0.0016079829
0.0015870805
0.0016571266
0.0015936792
0.0015888821
0.001574394
0.0015928713
0.0015846419
0.0016054552
0.0015987757
0.0015573103
0.0015785429
0.0016167111
0.0016213729
0.0016254834
0.0015892708
0.0016036306
0.0016405964
0.0016457312
0.0015628226
0.0015883207
0.0015714985
0.0016047858
0.0015870375
0.001544714
0.0015852018
0.0015760666
0.0016052522
0.0015644801
0.0015769226
0.0016587015
0.001598207
0.0015972459
0.001625229
0.0016014754
0.0015698741
0.0015796683
0.0015919269
0.0016500615
0.001696087
0.0015760306
0.0015725627
0.0016081999
0.0015705021
0.0016020684
0.0015588958
0.0016282012
0.0015950756
0.0015978717
0.0016532294
0.0015826668
0.0015883163
0.001568027
0.0015521349
0.0015395333
0.0015877213
0.0015719348
0.0015849614
0.0015647894
0.0015696288
0.001539602
0.0015639368
0.0015510652
0.0015535553
0.0015480217
0.0015538773
0.0016000472
0.0015552534
0.0015508025
0.0015287732
0.0015257421
0.0015799054
0.0015756612
0.0016183996
0.0015757862
0.0015974652
0.0015708453
0.0015649695
0.001572084
0.0015734944
0.001535149
0.0015202893
0.0015627336
0.0015548795
0.0015718361
0.0016233253
0.0016078309
0.0015569616
0.0015665084
0.0015885034
0.0015713309
0.001576714
0.0015943269
0.0015449798
0.0015380617
0.0015680544
0.0015444498
0.0015505083
0.0015577826
0.0016472635
0.0015636762
0.0015646663
0.001560907
0.0015665451
0.0015494872
0.0015518352
0.0015611358
0.001582728
0.0015528747
0.0015961053
0.0015378351
0.0015317418
0.0015390061
0.0015732066
0.0015181456
0.0016117209
0.0015766425
0.0015681379
0.0015539015
0.0015373197
0.0015413193
0.001603991
0.0016081834
0.0016141003
0.0015947975
0.0015671736
0.0015918504
0.001560979
0.0015665494
0.0015798359
0.0015772185
0.0015421206
0.0015833429
0.0015849645
0.0015569899
0.0015484375
0.0015277194
0.0015550693
0.0015369315
0.0015168012
0.0015192338
0.0015456348
0.001531371
0.0015852768
0.001550682
0.0015545391
0.0015229309
0.0015696879
0.0015745518
0.0015272304
0.0015670784
0.001512523
0.0015047472
0.0015493091
0.0015501013
0.0016133176
0.0015452236
0.0015585445
0.0015453552
0.0015320258
0.0014886981
0.0014988551
0.0015792075
0.00155464
0.0015404891
0.0015130728
0.0015386606
0.0015918113
0.0015195435
0.0015223684
0.001502638
0.0016123285
0.0015458568
0.0015040807
0.0015368072
0.0015315556
0.0015137714
0.0015261379
0.0015902463
0.0015756625
0.0015331942
0.0015514069
0.0015197308
0.0015552259
0.0015736631
0.0015120492
0.001503058
0.0015526253
0.0015271945
0.0015219187
0.0014952668
0.0015208266
0.0015561826
0.0015295643
0.0015136515
0.0015114222
0.0014856448
0.0015265417
0.0015113127
0.0015258027
0.0015433733
0.0015444342
0.0015372118
0.0014899521
0.001510824
0.0015088856
0.0015006396
0.0015065809
0.0014988654
0.0015041835
0.001491403
0.0015259726
0.0015622827
0.0015420901
0.0015398153
0.001510038
0.0014899347
0.0015074762
0.0015740469
0.0015117296
0.0015123704
0.0015136203
0.0015251496
0.0014824521
0.0015003592
0.0015139888
0.001482351
0.0015895276
0.0015360337
0.0015112996
0.0014840051
0.0015089252
0.0014780586
0.0015483372
0.0015144853
0.001478405
0.0015042945
0.0014987931
0.0014804956
0.001552238
0.0014881255
0.0015171518
0.0015375799
0.0015297169
0.0015386884
0.0014901576
0.00160681
0.0015151409
0.0015290703
0.0015006538
0.0015655857
0.0015585045
0.001487165
0.0015636184
0.0015020625
0.0015387168
0.0015339731
0.0015009781
0.0015443336
0.0015268453
0.0015622748
0.0014828349
0.001496106
0.0014996147
0.0014752811
0.0015352102
0.0014893546
0.0015204775
0.0014782532
0.0014920899
0.0015100141
0.0015609757
0.0015029506
0.0015095413
0.0015569486
0.0015343842
0.0015178085
0.0015043429
0.0014784624
0.0015108442
0.0015368344
0.0014879078
0.0014707887
0.0015252949
0.0015092108
0.0015331887
0.0014927614
0.0014855451
0.0015267648
0.0015149476
0.0015160621
0.0015305906
0.0015145066
0.0015070447
0.0015072252
0.0014940196
0.001534588
0.0014797999
0.0015146241
0.0014722459
0.0015158382
0.001477711
0.0014642235
0.0015901127
0.0014921816
0.0015246463
0.001462559
0.0015609247
0.0015045081
0.0015339461
0.0014978121
0.0014828066
0.0015259066
0.0015143912
0.0015516033
0.0014845671
0.0014821937
0.0015042466
0.0014970567
0.0015029175
0.001520586
0.0014734697
0.0014726154
0.0015435768
0.0014549271
0.0014939128
0.0014711983
0.0014980953
0.0015436037
0.0014647281
0.0014459878
0.0014952129
0.0014905022
0.0014822348
0.0014441739
0.0015097096
0.001515068
0.0014502604
0.0014566132
0.0014802119
0.0014842208
0.0014621835
0.0014952244
0.0015539785
0.0014490935
0.0014737247
0.0015706397
0.0014456441
0.0014977924
0.0015309744
0.0015120405
0.0014457
0.0014931931
0.0014648181
0.0014385462
0.0014779561
0.0014515432
0.0014902013
0.0015066192
0.0014500889
0.0014569471
0.0014671023
0.0015011363
0.001439086
0.0014422312
0.001447092
0.0014759308
0.001482064
0.0014511183
0.0014441244
0.001447639
0.0014484872
0.001492297
0.0014264274
0.0014680106
0.0014659892
0.0014212012
0.0014154246
0.0014631228
0.0014741556
0.0014420191
0.001513262
0.0014694416
0.0014869801
0.0014628968
0.0014867111
0.0014496841
0.001495596
0.0014844638
0.0015047098
0.0014730704
0.0014383103
0.0014524857
0.0014416405
0.0014327363
0.0014334696
0.001477237
0.0014917919
0.0014298629
0.0014764669
0.0014599491
0.00141889
0.0014271187
0.0014477499
0.0014468803
0.0014548289
0.0014624373
0.0014301831
0.0014457068
0.0014821688
0.0014410306
0.0014805478
0.0014434754
0.0014566788
0.0014796604
0.0014690743
0.0014422585
0.0014542713
0.0014598955
0.0014475228
0.0014479215
0.0014616323
0.0014472359
0.0014287515
0.0014887709
0.0014557688
0.0014814199
0.0014717637
0.0014500091
0.0014050826
0.0014449166
0.0014407462
0.0014549458
0.0014223297
0.0014903527
0.0014696603
0.0014589266
0.0014373984
0.0014485145
0.0014215308
0.0014670541
0.0014486966
0.0014438491
0.0014651541
0.0014434227
0.0014302356
0.0014229803
0.001433502
0.0014772279
0.0014346463
0.001461651
0.0014304662
0.0014546013
0.0014265353
0.0014273701
0.0014467327
0.0014484584
0.0013969444
0.0014341607
0.0014211641
0.0014242844
0.0014145436
0.0014314558
0.0014853119
0.0014371894
0.0014611683
0.0014322974
0.001430218
0.0014897201
0.0014140587
0.0014350505
0.0013950525
0.0014096729
0.0014369464
0.0014355386
0.0014114392
0.0014218617
0.0014764346
0.0014533936
0.0014205764
0.0014597438
0.0014618124
0.0014121755
0.0014526413
0.0014509889
0.001429849
0.0014289275
0.0014349819
0.0014494456
0.0014038022
0.0014253784
0.0014443011
0.001501407
0.0014694418
0.0014672402
0.0014033061
0.0014639687
0.00139397
0.0014221002
0.0014133896
0.0014599256
0.0014554898
0.0014603977
0.0014041775
0.0014334945
0.0013992802
0.0014156708
0.0014977893
0.001405462
0.0014201904
0.00144488
0.0013965493
0.0014074461
0.0013934404
0.0014135751
0.0014070731
0.0013901223
0.0014180361
0.0013897915
0.0014287537
0.0014298983
0.0014443004
0.0014236365
0.0014438
0.001400652
0.0014225533
0.0014609485
0.0014618804
0.0013892958
0.001449858
0.0014261623
0.001455705
0.0013693287
0.0014173927
0.0014248521
0.0014209923
0.0014223857
0.001442035
0.0013970262
0.0013926007
0.0014082877
0.0014245403
0.0013861166
0.0014038048
0.0014417064
0.0013794396
0.001385966
0.0014038023
0.0014704525
0.0014408255
0.0013983612
0.0014072836
0.0014155669
0.001398587
0.0014567425
0.0013961752
0.0014194426
0.0014182492
0.0014009324
0.0014237344
0.0013918882
0.0014068481
0.0013713125
0.0014295402
0.0014197642
0.001471887
0.0014094195
0.0014429434
0.0013863408
0.001490953
0.0013842237
0.0014174867
0.0013752729
0.0013965626
0.0014062474
0.0014156897
0.0013799414
0.0014007797
0.0014279485
0.001387797
0.0013987588
0.0013914244
0.0013958866
0.0014147529
0.0013764142
0.0013739741
0.0013972364
0.0013900758
0.0013942248
0.0013938575
0.0013908728
0.0013629448
0.0013513969
0.0014451897
0.0013625124
0.0013617425
0.001432246
0.001391487
0.0013714752
0.0013894282
0.0013774215
0.0013707812
0.0014015954
0.0013742334
0.0014032951
0.0014102986
0.0013984476
0.0013689961
0.0013764881
0.0014003963
0.001398232
0.0013949537
0.0014045957
0.0014098237
0.0013832547
0.0013665525
0.0014377538
0.001378452
0.0013929327
0.001415469
0.0013896248
0.0013694495
0.0013714411
0.00137807
0.0013923954
0.0014286545
0.001370598
0.0013747672
0.0014656817
0.0013614247
0.0013613477
0.0013955208
0.0013687753
0.0014423147
0.0013655144
0.0014035295
0.001411576
0.0013598175
0.001381873
0.0014657925
0.0013959305
0.0013696228
0.0013915239
0.0013785356
0.0013614154
0.0014091645
0.0013457141
0.0013780581
0.0014006789
0.0014104007
0.0014042276
0.0013985602
0.0013729016
0.0013958672
0.0013550894
0.0014287462
0.0013806134
0.0014352296
0.0014165746
0.0014319362
0.0013844493
0.0013687062
0.0013553683
0.0013754013
0.0013865835
0.0014612774
0.0013871911
0.0013554915
0.0014039744
0.0013729486
0.0013917631
0.0013595391
0.0013540253
0.001446866
0.0013660778
0.001379496
0.0013307908
0.0013659209
0.0013614701
0.0013957961
0.0013487724
0.0013551596
0.001382142
0.001361609
0.0013840913
0.0013845032
0.001349351
0.0013919867
0.0014737763
0.0013968637
0.0013847243
0.0013946048
0.0013820222
0.0013885986
0.0013741928
0.0013644734
0.0013846989
0.0013577177
0.0013351615
0.0013636331
0.0013383117
0.0013541535
0.0013974484
0.0013489785
0.0013823302
0.0013595914
0.0013763552
0.0013822915
0.0013550634
0.0014051272
0.0013742875
0.0013747407
0.001369976
0.0014274043
0.0013824812
0.0013449171
0.0013388799
0.001359348
0.001390124
0.0013367229
0.0013652841
0.0013707691
0.0013505742
0.0013354071
0.0013476271
0.0013553144
0.0013894164
0.0013524306
0.0013437091
0.001358219
0.0013636792
0.0013793625
0.0013506481
0.0013461942
0.0013278737
0.0013529579
0.0013474092
0.0013542066
0.0013444246
0.0013639168
0.0014217221
0.0013694436
0.0013778663
0.0013941926
0.001348765
0.0013379327
0.0013446851
0.0013415276
0.0014909463
0.0013678254
0.0013575758
0.0013404334
0.0013592575
0.0013644572
0.0013533613
0.0013868076
0.0013700483
0.0013759059
0.001382686
0.0013523615
0.0014223893
0.0013474745
0.0013418442
0.0013708108
0.0013405265
0.0013624197
0.0013657517
0.0013524181
0.001340507
0.0013777489
0.0013960298
0.0013721241
0.0013503496
0.001329311
0.0013366025
0.0013249094
0.0013501967
0.001337649
0.0014377958
0.001392075
0.0013546613
0.0013663855
0.0013462531
0.0013522371
0.0013637085
0.001387294
0.0014262514
0.0013470401
0.0013549286
0.0013468261
0.0013492424
0.0013706221
0.0013732201
0.0013404761
0.0013187231
0.0013418706
0.0013422047
0.0013699688
0.0013722003
0.0013476134
0.0013586907
0.001366036
0.0013808412
0.0013680622
0.0013502785
0.0013206489
0.0013153605
0.0013454686
0.0013411519
0.0013708126
0.0013822692
0.0013356709
0.0013521137
0.0013862241
0.0013662798
0.0013995522
0.0014089234
0.0013753104
0.0013362824
0.001330933
0.0013746137
0.0013985577
0.0013007711
0.0013522797
0.0013484398
0.001337951
0.0013420164
0.0013110236
0.0013751897
0.0013471339
0.001401694
0.001349569
0.0013449376
0.0013559071
0.0013538563
0.0013758199
0.001360261
0.0013399665
0.001321096
0.0013489504
0.0013207723
0.0013376839
0.0013374609
0.0013037012
0.0013409521
0.0013427156
0.0013237097
0.0013303659
0.0013826505
0.0013072704
0.001345857
0.0013187488
0.0013056203
0.0013168182
0.0013198981
0.0013458846
0.0012978689
0.0013559466
0.0013315364
0.0013524777
0.0013236703
0.0013326794
0.0013642303
0.0013355338
0.0013389218
0.0013498666
0.0013082332
0.0013115647
0.0013033521
0.0013007524
0.0013082823
0.0013301176
0.0013214169
0.0013059563
0.0013231355
0.0013302237
0.0013061853
0.0013334696
0.0013245833
0.0013208537
0.0013132585
0.0013294286
0.0013304717
0.0013084816
0.0013356486
0.0013163588
0.0012859999
0.0013169696
0.0013023979
0.0013241334
0.0013463995
0.0013663224
0.0013794431
0.001325498
0.0013362959
0.0013089642
0.0012964412
0.00131518
0.0013157699
0.0013476762
0.0012830362
0.0013173897
0.0012826682
0.0012934622
0.0013804061
0.0013042978
0.0013221585
0.0013202842
0.001304393
0.0013095038
0.0013083381
0.001312486
0.0013250002
0.0012982358
0.0013081585
0.0012810025
0.0012863899
0.0012873532
0.001327181
0.0013031083
0.0013516918
0.0013159441
0.0013753127
0.0012978548
0.0013732675
0.0013146035
0.0012941712
0.0013104475
0.001320904
0.001321139
0.0013069815
0.001324958
0.0012875777
0.0014035746
0.0013496944
0.0013175484
0.001343816
0.0013494387
0.0013021665
0.0013394592
0.0013347466
0.0013227016
0.00134502
0.0013575605
0.0013191442
0.0013328922
0.0013232989
0.0012833889
0.0013105088
0.0013319453
0.0013314041
0.0013373212
0.0013375523
0.001357865
0.0013201413
0.001342945
0.0012821428
0.0013256309
0.0012885719
0.0013087287
0.0013384509
0.0012890614
0.0012975807
0.0013040116
0.0012872027
0.0012734772
0.0013006573
0.0012899574
0.001304439
0.0013724656
0.0013150224
0.0013291739
0.0013075974
0.0012985218
0.0013043027
0.0012901328
0.0012822177
0.0013312006
0.0012794243
0.0013000774
0.0012871113
0.0012947588
0.0012772232
0.0013411292
0.0013027473
0.0013176111
0.0012774388
0.0012757285
0.001293084
0.0012947833
0.0012841189
0.001273653
0.0012975773
0.0012913035
0.0012808101
0.001338723
0.0012842199
0.0012876092
0.0012687873
0.0013006756
0.00131949
0.0012696899
0.0013078416
0.001331068
0.0012768363
0.0012773026
0.0012976519
0.0012840631
0.0012627805
0.0013114639
0.0013081882
0.0013030671
0.0012706704
0.0012870823
0.0013082454
0.001285504
0.0012988114
0.0013765512
0.0012886117
0.0012987672
0.0012875241
0.0012683917
0.0012728554
0.001284105
0.0013148363
0.001339374
0.0013141662
0.0012796435
0.0012908843
0.0013030986
0.0012896204
0.0012541503
0.0012848392
0.0013094824
0.0013359884
0.0012950007
0.0012889394
0.0012665567
0.0012695096
0.0012754244
0.001299167
0.0012615949
0.0012585598
0.0012727935
0.0012839122
0.0013133915
0.0012756558
0.0012640882
0.0012912367
0.0012992957
0.0013293711
0.0013030788
0.0013127896
0.0013121541
0.0012523602
0.0012986432
0.0013371225
0.0012515957
0.0012729692
0.0012443694
0.0012897096
0.0013242922
0.0012688272
0.001273623
0.001281639
0.0013156587
0.0013291772
0.0013060767
0.0012713365
0.001294434
0.0012887052
0.0012769673
0.0012956944
0.0012448838
0.001278673
0.0013005818
0.0012977317
0.0012492358
0.001256235
0.001268558
0.0012566055
0.0012469579
0.0012619172
0.0012547055
0.0012573157
0.0013013484
0.0012410049
0.0012986842
0.0012578174
0.0012843483
0.0012622656
0.0012539153
0.001232311
0.0012742099
0.0012666221
0.0012606248
0.0012740628
0.001262506
0.0012437023
0.0012584426
0.0013032686
0.0013048142
0.0012883861
0.0012792161
0.0012550628
0.0013011238
0.0012584755
0.0012528655
0.0012631584
0.0012630138
0.0012507265
0.0012650357
0.0012606863
0.0012654588
0.0012396548
0.0012869141
0.0012838033
0.0012537164
0.0012557277
0.0012743421
0.0012701334
0.0012654072
0.0012554519
0.0012680374
0.0012326731
0.0012674513
0.0012541531
0.0012639707
0.0012735708
0.0012549381
0.0012517485
0.0012599278
0.0012443052
0.0012559053
0.0012940335
0.0012770114
0.0013003323
0.0012717773
0.0012642681
0.0012804883
0.0012997241
0.0012674544
0.0012673864
0.0012702176
0.0012609212
0.0012489819
0.0012774618
0.0012397185
0.0012453801
0.0012703309
0.0012417244
0.0012478379
0.0012500328
0.0012645717
0.0012831086
0.0012440652
0.0013127475
0.0012999744
0.0012488664
0.0012554696
0.0012280247
0.001228364
0.0012557051
0.0012526888
0.0012425985
0.0012532541
0.0012663414
0.0012472762
0.0012801316
0.0012704517
0.0012404458
0.0012866803
0.0012475512
0.0012508566
0.0012476237
0.0012486997
0.0012626253
0.0012841835
0.001251505
0.0012296146
0.0012718294
0.0012401895
0.0012416707
0.0012589067
0.0012396369
0.0012850629
0.0012822407
0.00124576
0.0012593382
0.001232614
0.0012409765
0.0012544579
0.001210693
0.0012220998
0.0012264261
0.0012330585
0.001267505
0.001239401
0.0012280217
0.0012632667
0.00123071
0.0012263395
0.0012383485
0.001242698
0.0012199999
0.0012528253
0.0012426832
0.0012366361
0.001248574
0.0012350194
0.0012518327
0.0012271391
0.0012439458
0.0013112884
0.0012362459
0.0012513906
0.0012926279
0.0012666608
0.0012566528
0.0012640475
0.0012692254
0.0012647486
0.0012373775
0.0012557724
0.0012110291
0.0012264831
0.0012473849
0.0012184583
0.001263763
0.0012378596
0.0012307069
0.0012225095
0.0012303275
0.0012171067
0.0012585428
0.0012367788
0.0012187
0.0013479462
0.0012500092
0.0012144861
0.0012437623
0.0012522205
0.0012144267
0.0012352861
0.0012172863
0.001238729
0.0012493295
0.0012388007
0.0012813993
0.0012292254
0.0012097114
0.0012026887
0.001217131
0.0012319467
0.0012110282
0.0012182432
0.0012456757
0.0012294241
0.0012220296
0.0012283742
0.0012530814
0.0012145928
0.0012287026
0.0012616466
0.0012446671
0.0012128158
0.001220996
0.0012684342
0.0012411352
0.0012344869
0.0012239247
0.0012509176
0.0012346348
0.0012438543
0.0012298679
0.001209042
0.0012433976
0.0012201266
0.0012049894
0.0012195908
0.0012190379
0.0012642391
0.0012322529
0.0011998359
0.0012116294
0.0012102656
0.0011842838
0.0012289325
0.0012426282
0.0012228995
0.0012593777
0.001224508
0.001193843
0.0012196365
0.0012287594
0.0012338394
0.0012351283
0.0012539761
0.0012302859
0.0012174536
0.0012253134
0.001234581
0.0012106115
0.0011914045
0.0012618208
0.001214041
0.0012467799
0.0012194202
0.0012082647
0.0012218938
0.001287839
0.0011937984
0.0012664766
0.0012116467
0.001247777
0.0012684406
0.0012566443
0.0012078596
0.001228017
0.0012072327
0.0012047348
0.0012142148
0.0012172428
0.0012110185
0.0012197689
0.001247748
0.0012483156
0.0012248621
0.0012197862
0.001213024
0.0012089355
0.0012501066
0.0012201554
0.0012310451
0.001279212
0.0012203621
0.0012141543
0.0012233527
0.0012182426
0.0012648837
0.0012284027
0.0012032725
0.0012048257
0.0012278943
0.001219222
0.0012250362
0.0012479132
0.0011943126
0.0012299761
0.0012135534
0.0012389048
0.0012159321
0.0012243008
0.001286268
0.0012424819
0.0012044061
0.0011866479
0.0011963074
0.0012055002
0.001231984
0.0012129939
0.0012308103
0.0012568361
0.0012070274
0.0012277119
0.0012007939
0.0012274225
0.0011852745
0.0012010143
0.0012104128
0.001214474
0.0012172154
0.0011839372
0.0012184763
0.0012480702
0.0012201186
0.001231736
0.0012061662
0.0012055883
0.0011890344
0.0012119502
0.0012044595
0.0012006244
0.0011835814
0.0012322183
0.0012235083
0.0012009082
0.0012046489
0.0011911679
0.001246985
0.001208264
0.0012083146
0.0012153111
0.0012528661
0.0012073596
0.0012004126
0.0012578767
0.001197499
0.0012075527
0.0012163181
0.0011782377
0.0011885988
0.0012200222
0.001208059
0.0011999661
0.0012220386
0.0012182004
0.0011868334
0.0012109798
0.0012027251
0.0011905469
0.0012431347
0.0012110174
0.0012464195
0.0012348542
0.0011841205
0.0011841505
0.0011947944
0.001197001
0.0012208737
0.0012139459
0.0012647341
0.0012427509
0.0012343328
0.0011697825
0.0011767743
0.001182937
0.001214681
0.0011739131
0.0012003034
0.0012350993
0.0012297967
0.0011847919
0.0012481046
0.0012022551
0.0012291723
0.0012259859
0.0011902082
0.0012092934
0.0012264601
0.0011704055
0.0011712953
0.0011949207
0.001208291
0.0011904323
0.0012029612
0.0011722933
0.0012651843
0.0012310392
0.0012020516
0.0012396668
0.0011899985
0.0012137125
0.0012062278
0.0012327374
0.0012058011
0.0012184989
0.0012045868
0.0012088452
0.0012182152
0.0012450122
0.0011950458
0.0011996699
0.0012009231
0.0011832372
0.0011742275
0.001180641
0.0012342859
0.0012151281
0.0011897972
0.001189573
0.0011664086
0.0011764177
0.0012197797
0.001164442
0.0011684799
0.0011758072
0.0011630609
0.001207723
0.0011856592
0.0012259751
0.0011769631
0.0012116837
0.0011810213
0.0012289733
0.0012379228
0.0011789576
0.0011928688
0.0011877881
0.0012566325
0.001185437
0.0012088761
0.0011985307
0.0011731108
0.0012050191
0.0011916478
0.0012068726
0.0011818167
0.0012272792
0.0011877776
0.0012348593
0.0012711114
0.0011852025
0.0011974771
0.0011737135
0.0012229589
0.0011742371
0.0011893392
0.0011659286
0.0011714367
0.0011890045
0.0012032769
0.0012016669
0.0012386056
0.001194746
0.0011852143
0.0011586095
0.0011870048
0.001214952
0.0012125011
0.00118441
0.0011611485
0.0011802043
0.0011589768
0.0011874904
0.0012019101
0.0011686411
0.0011914663
0.0011751627
0.0011684508
0.0011633419
0.0011650176
0.0011612038
0.0012197847
0.001182819
0.0011619634
0.0011844004
0.0012116181
0.0011572038
0.0011802722
0.0011610795
0.0011807552
0.0011561618
0.0011542396
0.0011608055
0.0012075724
0.0011767127
0.0011664117
0.0012062439
0.0011581335
0.0012075249
0.001213531
0.0012035341
0.0011755287
0.0011466119
0.0012088638
0.0011714823
0.0011729136
0.0011972201
0.001164319
0.0012193366
0.00118792
0.0011864875
0.00121013
0.0011714483
0.0011799857
0.0011543612
0.0011561429
0.0011893454
0.001159095
0.0011658389
0.0011753377
0.0011775704
0.0011827229
0.0012036444
0.0011502516
0.0011537836
0.0011525385
0.0011924172
0.0012294825
0.0012124944
0.0011956699
0.0011973848
0.0011786099
0.0011908676
0.0011568588
0.0011583916
0.0011998311
0.0011790339
0.0011709786
0.0011703345
0.0011497403
0.0011734645
0.0011447077
0.0011498329
0.0011623488
0.0011616625
0.001155779
0.0011564197
0.001153278
0.0011539735
0.0011613996
0.0011636363
0.0012075467
0.001208159
0.0011541418
0.0011533272
0.0012133217
0.0011767157
0.0011725883
0.0011661672
0.0011633227
0.0011711109
0.001173553
0.0011692775
0.0011720493
0.0011787902
0.0011677115
0.0011467194
0.0011762137
0.0011834186
0.0011578933
0.0011649393
0.0011806561
0.0011715953
0.0011690153
0.0011439414
0.0011374664
0.0011539739
0.0011549495
0.0011472516
0.0012403419
0.0011895931
0.001157183
0.0011711208
0.0011512468
0.0011774318
0.0011987002
0.0011602549
0.0011439744
0.0011583675
0.0011685381
0.0011420081
0.0011620935
0.0011481332
0.0011312012
0.0011464291
0.001210939
0.0011525197
0.0011808514
0.0011425356
0.0011549619
0.0011394026
0.0012205109
0.0011725106
0.001140267
0.0011611305
0.0011734052
0.0011737725
0.0011231762
0.0011289784
0.001145424
0.0011452126
0.0011604838
0.0011499228
0.0011687203
0.0011467477
0.0011673762
0.0011376016
0.0011653003
0.0011570031
0.0011463449
0.0012398257
0.0011469286
0.0011859158
0.0011686562
0.0011424093
0.0011308278
0.0011518522
0.0011597201
0.001164029
0.0012290659
0.0011880572
0.0011734389
0.0011918771
0.0011739065
0.0011259023
0.00116705
0.0011607067
0.0011387292
0.0011566113
0.0011523756
0.0011988998
0.0011504899
0.0011861505
0.0011560016
0.001133598
0.001139322
0.0011523125
0.00114194
0.0011320367
0.0011767566
0.0011849346
0.0011622881
0.0011902179
0.0011485413
0.0011497678
0.0011790865
0.0011868408
0.0011831115
0.0011426889
0.0011604592
0.001126465
0.0011587704
0.0011362149
0.0011397738
0.0011624014
0.0011402402
0.0011323242
0.0011202818
0.0011910398
0.0011359908
0.0011692987
0.0011652617
0.0011397823
0.0011414626
0.0011194957
0.0011636842
0.0011175594
0.0011399868
0.0011530927
0.0011484582
0.0011559768
0.0011601851
0.0011212641
0.0011513054
0.001170913
0.0011275765
0.0011305604
0.0011129417
0.0011215081
0.0011226942
0.0011134367
0.0011319987
0.001175407
0.0011195696
0.0011350197
0.0011402617
0.0011276122
0.0011538464
0.001133041
0.0011169415
0.0011251058
0.0011318994
0.0011279789
0.0011185129
0.0011277423
0.0011524436
0.0011148739
0.0011934814
0.0011379847
0.0011625328
0.0011390818
0.0011474105
0.0011333036
0.001149905
0.0011298675
0.001132774
0.0011337898
0.0011368924
0.0011580425
0.0011447367
0.0011222211
0.001138294
0.0011360745
0.0011344944
0.001158727
0.0011129677
0.0011158529
0.0011231663
0.0012386508
0.001132856
0.001117153
0.0011248414
0.001137538
0.0011376198
0.0011473304
0.0011595882
0.0011261614
0.001140207
0.0011230761
0.0011514602
0.0011335587
0.0011243859
0.0011337474
0.001124279
0.0011014561
0.0011370652
0.0011247584
0.0011369841
0.0011301255
0.0011519267
0.0011606395
0.0011638885
0.0011669919
0.0011424687
0.0011553401
0.0011719189
0.0011746931
0.0011368635
0.0011430426
0.0011385825
0.0011341518
0.001163067
0.0011250766
0.0011213
0.0011065974
0.0011181133
0.0011482537
0.0011239944
0.0011090628
0.0011399674
0.0011626573
0.0011228714
0.0011383981
0.0011106192
0.00112379
0.0011101749
0.0011136379
0.0011775838
0.0011096691
0.0011301655
0.0011382176
0.0011555832
0.0011734854
0.0011625254
0.0011146842
0.0011208231
0.001127813
0.0011460372
0.00113377
0.0011286394
0.0011579732
0.0011457828
0.0011732538
0.0011414468
0.0011671229
0.0011813906
0.001138815
0.001126733
0.0011370782
0.0011384344
0.0011384104
0.001171105
0.0011383479
0.0011362145
0.0011219652
0.0011431486
0.0011035536
0.0011087729
0.0011246937
0.0011358665
0.0011196656
0.00110693
0.0011340188
0.0010872227
0.0011444114
0.00109092
0.0011481476
0.0011232026
0.0010987701
0.0011131471
0.001127136
0.0011271077
0.0011242543
0.0011020296
0.0011453317
0.0011108773
0.0011134424
0.0011204358
0.0011099258
0.0011037646
0.0011155015
0.0011320934
0.0011169708
0.001114545
0.0011119967
0.001113127
0.0011151031
0.0011279082
0.0011721379
0.0011257315
0.0011002162
0.0011091346
0.001124217
0.0010999724
0.0011614528
0.0010967464
0.0011493376
0.0011135553
0.0011070668
0.0011080614
0.0011503833
0.0011369757
0.0011275121
0.0011331562
0.0011282209
0.0011200676
0.0011253514
0.0011371532
0.0011119054
0.0011377857
0.0011223599
0.0011113258
0.0011083016
0.0011178643
0.0011144013
0.001144787
0.0011451264
0.0011386988
0.0011576656
0.0011143335
0.0011507792
0.0011132344
0.0011292188
0.0011331955
0.0011446065
0.0011072593
0.0011446669
0.0011436137
0.0010945232
0.0010997204
0.0011038375
0.0011233408
0.001115645
0.001122963
0.0011147064
0.0010979623
0.0010999723
0.0011053671
0.0010964375
0.0011409032
0.0010870282
0.0010881034
0.0011171672
0.001102787
0.0011196337
0.0011082753
0.0011218266
0.0011266934
0.001094685
0.0011412994
0.0010835933
0.0011006215
0.0011271972
0.0011144994
0.0011324243
0.0011207632
0.0011024096
0.0011207518
0.0011301751
0.0011640207
0.0010918047
0.0011450042
0.0011688104
0.0010963372
0.0011479266
0.0011520425
0.0010981215
0.0010902687
0.0010980201
0.0011441028
0.0012053964
0.0011024303
0.0010915328
0.0011235974
0.001103373
0.0010984906
0.0011099664
0.0011068132
0.0010891485
0.0011340703
0.0011439061
0.0011208241
0.0010965327
0.0010791607
0.0010972803
0.0010981975
0.0010930302
0.0010734162
0.0010969857
0.0010950468
0.0011022429
0.0011344049
0.0010972748
0.0011548919
0.0010945504
0.0010887935
0.0010859626
0.0011001679
0.0011046429
0.0011105149
0.0010761312
0.0010811229
0.0010924786
0.0011204171
0.0010733965
0.0011370324
0.001109009
0.0011087904
0.0010915744
0.0011052932
0.0010900515
0.0010920092
0.0011046965
0.0011095841
0.0011778919
0.0012013054
0.0011077956
0.0010946499
0.0011382067
0.0010940443
0.0011051004
0.0010911094
0.0011072994
0.001117728
0.0011190622
0.0011060972
0.001084884
0.001098434
0.0010949656
0.0010981096
0.001106907
0.0011046535
0.0010957259
0.0011233741
0.0011041142
0.0011195329
0.0010941486
0.0010835144
0.0010979458
0.0010834878
0.0011063302
0.0010617875
0.0010997853
0.0010722646
0.0010662647
0.0011222531
0.0010810886
0.0010884495
0.0010986085
0.0010853341
0.0011205695
0.0010935385
0.0010854964
0.0010771108
0.0010768706
0.0010818474
0.0011178751
0.0010923397
0.0010910871
0.0010847854
0.0011308724
0.0010954903
0.001101893
0.0011042836
0.0011004342
0.0010940338
0.0010986478
0.0010809047
0.0010985042
0.001158212
0.0010927386
0.0011136577
0.0010789115
0.0010747355
0.0011054914
0.001084709
0.0010922777
0.0010783284
0.0010967046
0.0010867391
0.0010694391
0.0010973396
0.0010926595
0.001093787
0.0010865048
0.0010758673
0.0010985606
0.0010936944
0.0011299369
0.0011166598
0.0011036047
0.0010769417
0.0011180395
0.0011420654
0.0011523946
0.0010919281
0.001069072
0.0010900915
0.00108762
0.0011076338
0.0011298145
0.0010884248
0.0010937277
0.0011013392
0.0011443002
0.0010827958
0.0010726606
0.0010823709
0.0010943757
0.0011287184
0.0010769459
0.0010853708
0.001173649
0.0011257317
0.0010711803
0.0010766499
0.0010785301
0.0010796966
0.0011136761
0.0010846483
0.0010879904
0.0010905734
0.0010909131
0.0010762587
0.0011092994
0.0010942224
0.0010869661
0.0010614798
0.0010996285
0.0010894367
0.0010601847
0.0010734946
0.0011134372
0.0010614257
0.0010610658
0.0011044103
0.0010791598
0.0010984628
0.0010696806
0.0011329484
0.0010874146
0.0010643041
0.0010655068
0.0011273858
0.0010901518
0.001092529
0.0010870347
0.001119348
0.0010438643
0.001079916
0.0011177276
0.001080386
0.0010791026
0.0010864135
0.0010706224
0.0010555916
0.0010540668
0.0011009956
0.0010726752
0.0011045833
0.0011206621
0.0010971781
0.0010441205
0.0010794018
0.0010764165
0.0011147914
0.0010880665
0.001067702
0.0011350537
0.0010612529
0.0010547417
0.0010554185
0.0010763077
0.0010557371
0.0010633589
0.0010872405
0.0010820915
0.0010600018
0.001053767
0.0010618772
0.001060888
0.0010702077
0.0010645828
0.001060296
0.0010866253
0.0010741648
0.0010571079
0.0010810354
0.0010594216
0.0010797348
0.001070812
0.0010613803
0.0010799324
0.0010877777
0.0010612382
0.0010708072
0.0010738597
0.0010564051
0.0010631512
0.0010683958
0.0011125739
0.0011335964
0.0010929126
0.0010828462
0.0010711036
0.0010747619
0.0010815241
0.0010856445
0.0011720224
0.0011044532
0.0010749816
0.00111412
0.0010695432
0.0010679945
0.0010862743
0.0010956018
0.0011144163
0.0010544684
0.0010786966
0.0010737365
0.0010655583
0.0010717133
0.0010987492
0.0010512543
0.0010669146
0.0010568342
0.001070397
0.0010525933
0.0010924651
0.0010571274
0.0011065023
0.0010808797
0.0010522908
0.0010680305
0.0010443687
0.0010665635
0.0010875171
0.0010310106
0.0011094869
0.0010569491
0.0010754802
0.0010582835
0.001049397
0.0010391519
0.001061785
0.0010583516
0.0011046601
0.0011290384
0.0011117121
0.0010765684
0.0010633145
0.00105688
0.001085843
0.0010563671
0.0010710678
0.0010781399
0.0010601416
0.0010516903
0.0010374066
0.0010659074
0.0010528078
0.001076265
0.0010537845
0.0010442865
0.0010714511
0.0010762349
0.0010635506
0.0010471287
0.0010570951
0.0011094414
0.0010417784
0.0011041883
0.0010413586
0.0010648966
0.0010404909
0.001073263
0.0010786226
0.0011867051
0.0010347215
0.0010469491
0.00111389
0.0010408903
0.0010518155
0.0010714926
0.0010590092
0.0010656553
0.0010785271
0.0010855445
0.001043493
0.0010553867
0.0010600454
0.0010848365
0.001063128
0.0010369372
0.0010236261
0.0010513751
0.0010459202
0.0010603954
0.0010514954
0.0010690659
0.0010580512
0.0010774018
0.0010610846
0.0010472026
0.0010721948
0.0010409772
0.0010622203
0.001108538
0.0010508139
0.0010524835
0.0010287989
0.0010450523
0.0011038476
0.0010447776
0.0010724032
0.0010894685
0.0010577422
0.0010819735
0.0010952462
0.0010805893
0.001099822
0.0010348547
0.0010633458
0.0010752887
0.001050787
0.0010819655
0.001035368
0.0010536048
0.0010548126
0.0011001803
0.0010583097
0.0010655631
0.0010785336
0.0010738627
0.0010570383
0.001078427
0.0010956441
0.0010634853
0.0010797954
0.0010543563
0.0010544667
0.0010930675
0.0010487728
0.0010951203
0.0010463531
0.0010336062
0.0010586332
0.00104777
0.0010402178
0.0010798374
0.0010561636
0.0010689796
0.0010809081
0.0010709311
0.0010366321
0.001056063
0.001068058
0.001054019
0.0010467081
0.0010836708
0.0010431336
0.0010584227
0.0010390318
0.001069104
0.0010390141
0.0010569543
0.0010757849
0.0010579316
0.001036899
0.00104465
0.0010798653
0.0010529468
0.0010381289
0.0010655883
0.0010672123
0.0010600408
0.0010924472
0.0010335092
0.0010595284
0.0010561933
0.0010528723
0.0010280109
0.0010293247
0.0010446752
0.0010521738
0.0010147375
0.001017617
0.0010662039
0.0010463019
0.0010609617
0.0010708241
0.0010170438
0.0010317236
0.0010410534
0.0010558943
0.0010539831
0.0010354912
0.0010349654
0.0010417207
0.0010416273
0.0010632689
0.001049384
0.0010367626
0.0010291657
0.0010234183
0.0010591252
0.0010298152
0.0010822668
0.0010603124
0.001038827
0.0010230596
0.0010181303
0.0010061684
0.0010662813
0.0010247584
0.001067859
0.0010709969
0.0010426667
0.0010314418
0.001052371
0.001059588
0.0010391372
0.0010183757
0.0010644317
0.0010509541
0.0010338271
0.0010719626
0.0010431496
0.0010628706
0.0010651463
0.001057027
0.0010369811
0.0010480016
0.001025797
0.0010646315
0.0010228547
0.0010620626
0.0010490821
0.0010534329
0.0010818312
0.0010592734
0.001085858
0.0010294273
0.001069841
0.0010274082
0.0010516623
0.0010147996
0.0010399265
0.0010540063
0.0010726333
0.0010387226
0.0010348144
0.0010259032
0.0010291026
0.0010323925
0.0010495202
0.0010317918
0.0010398877
0.0010235608
0.0010676102
0.0010133873
0.0010341528
0.0010055687
0.0010271538
0.0010444862
0.0010127792
0.0010099148
0.0010344657
0.0010287327
0.0010218848
0.0010540207
0.0010117822
0.0010116502
0.0010508853
0.00103392
0.0010467959
0.0010109618
0.0010336008
0.0010159926
0.001047454
0.0010190321
0.0010295699
0.0010346096
0.0010451812
0.0010522866
0.0010576377
0.0010393632
0.0010383355
0.0010656926
0.0010271167
0.0010385618
0.00103542
0.0010257722
0.0010397529
0.0010265561
0.0010180374
0.0010205631
0.0010668867
0.0010138699
0.0010305777
0.0010372002
0.0010735752
0.0010259321
0.0010082533
0.0010171994
0.0010404541
0.0010144924
0.001061425
0.0010312236
0.0010294899
0.001017547
0.0010810376
0.001055216
0.0010272728
0.001027787
0.0010492195
0.001020916
0.001008427
0.0010132312
0.0010301669
0.0010545996
0.0010342363
0.0010202772
0.001041697
0.0010258115
0.001029108
0.0010550721
0.0010195677
0.001016083
0.0010616331
0.0010279206
0.0010177065
0.0010065782
0.0010317492
0.0010167045
0.0010069247
0.0010309953
0.0010151243
0.0010233657
0.0010353448
0.0010236243
0.0010102325
0.0010386899
0.0010126344
0.0010356095
0.0010543758
0.0010178817
0.0010067828
0.0010173273
0.0010238446
0.0010341848
0.0010340144
0.0010324885
0.0010391492
0.0010119864
0.0010130743
0.0010022998
0.001025923
0.0009979673
0.0010075901
0.0009984659
0.0010203067
0.0010038648
0.0010154316
0.0009931753
0.0010310104
0.00103675
0.0010733146
0.0010656284
0.0010274061
0.001051603
0.001011953
0.0010068521
0.0010215935
0.0010570929
0.0010186266
0.0010380562
0.0010099225
0.0010220617
0.0010070647
0.0010373784
0.0010143573
0.0010181252
0.001010606
0.0010348659
0.0010101262
0.0010427465
0.0010151911
0.0010113118
0.0010148252
0.0010367255
0.001048514
0.0010178671
0.0010186716
0.0010309055
0.0010671037
0.0010304
0.0010306202
0.0010196022
0.0010337494
0.0010052152
0.0009965965
0.0010132709
0.0010049135
0.0010136142
0.0010777252
0.0010454751
0.0010153645
0.0010047087
0.0010101087
0.0010285109
0.0010439818
0.0010128734
0.0010324981
0.0010890759
0.0010264813
0.001046849
0.0010002526
0.0010296465
0.0010497696
0.0010171001
0.0010351026
0.0010216649
0.0010067129
0.0010196645
0.0010350895
0.000998595
0.0010440999
0.0010049918
0.0010125727
0.0010086959
0.0009896895
0.0010265965
0.0009945874
0.0010140269
0.001047863
0.0010124234
0.0010172905
0.0010412111
0.0010449103
0.0010343207
0.0010284496
0.0010327493
0.0010165382
0.0009932216
0.001002063
0.0010035933
0.0010179533
0.0010122642
0.0010821143
0.0009848784
0.0010195331
0.0010334542
0.0010051436
0.0010184185
0.000988018
0.0010433077
0.0010427063
0.0009965476
0.0009887129
0.0009949036
0.0010144094
0.0010106383
0.000980631
0.0010030038
0.0009936815
0.0010410314
0.0010535793
0.0010309231
0.0010356699
0.0010185111
0.0010043643
0.0010508924
0.0010395923
0.0010502439
0.001009132
0.0010612068
0.0010345017
0.0010594334
0.0010008534
0.0010105051
0.0010311329
0.0010032272
0.0010189146
0.0010115555
0.0010285077
0.0010074434
0.0010316706
0.0010110221
0.0010168845
0.0010347277
0.0010155153
0.0009951044
0.0010037232
0.0010302744
0.0010258262
0.0009874355
0.000999783
0.0010142836
0.0009861905
0.0010157997
0.0010173289
0.0009791229
0.0009927796
0.0010267233
0.0010019136
0.0010523447
0.0009855435
0.0009876522
0.0010012935
0.0010333303
0.0010064219
0.0010150413
0.0010047877
0.0009945404
0.0009990216
0.0009975448
0.0010011607
0.0010080138
0.000991137
0.0010013569
0.0009833635
0.0009935005
0.0009999208
0.0009946107
0.0010102967
0.0010222202
0.0010335293
0.0010296972
0.0009868013
0.001002876
0.0009925502
0.0009908602
0.0009965812
0.0010167345
0.00097245804
0.0009813707
0.0010124712
0.0010042774
0.0009844592
0.0009985532
0.0009878541
0.0009997129
0.0009918781
0.0009958913
0.0010134911
0.0010028369
0.0009859619
0.0009982914
0.0009862244
0.0010029582
0.0010220353
0.0010116023
0.0010078328
0.0009782283
0.0010062166
0.00097601593
0.001016964
0.0009836653
0.000996176
0.0009973726
0.0010171498
0.0010153721
0.0010113836
0.0009815271
0.0010056893
0.0009798192
0.0009962494
0.0010267519
0.0010271603
0.0009995349
0.00097416283
0.0009991667
0.001023198
0.0009999765
0.0009838641
0.0010109252
0.0010167357
0.000997331
0.0010062292
0.0010412759
0.0009984677
0.0009773725
0.0010140284
0.0009717433
0.0009690983
0.0009821142
0.000986099
0.000979182
0.0010023615
0.0009907583
0.0009839428
0.000994505
0.0009901873
0.0009877549
0.0009881906
0.000983844
0.001008518
0.0010059042
0.0009795633
0.0009964743
0.0009870908
0.0009796482
0.0009893763
0.0009849955
0.000984471
0.0009887712
0.0009889915
0.0010125453
0.0009781569
0.0009931492
0.0009887008
0.0009901484
0.0010534516
0.00097322895
0.0010104352
0.0009785955
0.000985222
0.0009963966
0.000988576
0.0009899528
0.000992439
0.0009893579
0.0010499455
0.0010314649
0.0009756626
0.0010270596
0.000989163
0.0009849101
0.0009961656
0.0009828008
0.0009861903
0.0009828944
0.00097412645
0.00097285473
0.000970073
0.001005922
0.000986326
0.0009770815
0.0010352087
0.0009984714
0.0009823334
0.0009998521
0.0010065865
0.0010084638
0.0009942178
0.000989208
0.000985088
0.0009815347
0.0010536171
0.0009885823
0.0009980124
0.0009834047
0.0009932958
0.0010045574
0.0010004656
0.0009693265
0.00096564274
0.0010039402
0.0009851786
0.0009995122
0.000992802
0.0010263986
0.0009949517
0.0010007101
0.0010066535
0.0009899553
0.00096226356
0.0010081609
0.000981605
0.0009916779
0.0009831534
0.0009888875
0.0009904666
0.0009876427
0.0009789626
0.0009793822
0.0009778017
0.0009807902
0.00096955115
0.0009633646
0.0009850524
0.0009652515
0.00097309233
0.0010070488
0.0010103219
0.0009768291
0.0010037611
0.0010122978
0.0010012599
0.0010407264
0.0010485635
0.00096780993
0.0009750936
0.00097192376
0.0009845063
0.0009838956
0.0009872564
0.0009888253
0.0009810822
0.0009886787
0.0009999562
0.0009888128
0.001015752
0.0009489142
0.0009759215
0.000992093
0.0009988522
0.0009888088
0.00095684
0.0009805327
0.0009922723
0.0010097389
0.0009738517
0.0009932905
0.0009775595
0.00097541854
0.0010011418
0.0009883577
0.0009732249
0.0009789446
0.0009928689
0.0009672873
0.0009817245
0.001004732
0.0010121975
0.0010080085
0.00098031
0.0010071781
0.0009855594
0.0009966954
0.0009687006
0.0009968592
0.0009947309
0.0009800687
0.0009901958
0.0010056136
0.0009899223
0.0009821625
0.00097113237
0.00095720834
0.0009938442
0.0009876512
0.0009827281
0.0009730644
0.0009760376
0.0009862564
0.0009661938
0.000999408
0.0009981913
0.0009629987
0.000957455
0.0009920987
0.0009692236
0.00096767984
0.0009741551
0.00096643093
0.0009771801
0.0009843764
0.000994755
0.00096219865
0.00097280345
0.0009668896
0.0009632066
0.00095243566
0.00097306346
0.0009900917
0.0010026513
0.0009638885
0.0009854453
0.0009873174
0.0009789588
0.0009661188
0.0009789027
0.000984777
0.0009629027
0.00098757
0.000966252
0.00095716823
0.0009789377
0.000984148
0.00096097955
0.00096592406
0.0009915857
0.0009694206
0.0009638902
0.0009638614
0.000979736
0.0009780737
0.0009830222
0.00096813426
0.000960124
0.0009783704
0.00097384583
0.00096058764
0.0009813204
0.00097125926
0.0009765343
0.0009663939
0.00095973286
0.00096750434
0.0009769127
0.000996686
0.000971868
0.0009908937
0.0009815961
0.0009772851
0.00094838085
0.0009738145
0.00095397356
0.0009767418
0.0009784945
0.0009997354
0.0010037838
0.0009504546
0.00096144096
0.0009718539
0.0009541813
0.00096746604
0.0009965242
0.00094656914
0.00096402765
0.0009684059
0.00096911535
0.00097075425
0.0009770518
0.0009600552
0.00095467333
0.0009907318
0.00094869663
0.00096049934
0.00096386095
0.00096578064
0.0010096906
0.00095862197
0.00095379964
0.0009532408
0.0010001549
0.0009728792
0.0009808121
0.0009809484
0.00097259146
0.0009384988
0.00094883033
0.00095624744
0.0009676814
0.0009557608
0.0009494296
0.0009569271
0.0009819551
0.000962599
0.0009736207
0.00095035223
0.000963971
0.0009854715
0.0009522303
0.0009601915
0.0009666065
0.0009643087
0.00095415657
0.00096314837
0.00096312625
0.0009546667
0.0009551505
0.0009561956
0.00094248325
0.0009617171
0.0009695532
0.00096361653
0.000971537
0.0009760999
0.00097386056
0.00096429454
0.0009660482
0.00096190936
0.000996413
0.0010255293
0.0009578861
0.0009909378
0.0009942076
0.00095349597
0.00097513525
0.0009844141
0.0009632663
0.000968011
0.0009873009
0.00097156625
0.0009862933
0.0009804001
0.00094377255
0.00097178755
0.0009621519
0.00095743756
0.0009480157
0.0009716196
0.00095933914
0.0009574204
0.0009566607
0.00096510333
0.00095901336
0.00097416085
0.00094610493
0.00094529946
0.0009799623
0.0009523154
0.0009731603
0.00096486066
0.00097184855
0.00096865563
0.00095193536
0.00094396964
0.00096417964
0.0009659321
0.00095475314
0.0009835806
0.0009473631
0.00095256715
0.0009820806
0.00096671004
0.0009891625
0.0009656273
0.0009533366
0.0009514324
0.00096427253
0.0009654318
0.0009409008
0.0009746488
0.00095179136
0.0009534641
0.00094829826
0.0009635759
0.0009742051
0.00094792945
0.0009795072
0.00096484466
0.00096572324
0.00094064616
0.0009529362
0.0009624417
0.0009783845
0.000960773
0.0009835337
0.0009721415
0.00093909603
0.0009799338
0.0009688129
0.0010145231
0.0009443693
0.00095584197
0.00095896004
0.0009331671
0.00094583794
0.0009720008
0.0009608012
0.0009655288
0.00096532435
0.0009769388
0.0009462872
0.00096938666
0.0009717621
0.0009453981
0.0009334094
0.0009408646
0.00096604053
0.00097300234
0.0009716695
0.0009577689
0.00096452294
0.0009479693
0.0009443161
0.00094551925
0.00094602304
0.0009363476
0.00096503063
0.0009326469
0.00095494214
0.00095876463
0.0009469563
0.0009487389
0.00092567696
0.00093268655
0.0009517162
0.0009473522
0.0009360083
0.0009748125
0.00096369337
0.0009692849
0.00094170094
0.0009682104
0.00095823134
0.0009524289
0.00096984557
0.0009537619
0.00092798634
0.000946829
0.0009958852
0.0009514841
0.0009521018
0.000968105
0.00096461014
0.0009700154
0.0009467761
0.0009472513
0.0009505505
0.0009540936
0.0009424792
0.0010077185
0.00096920837
0.0009850037
0.0009793795
0.0010035775
0.0009779321
0.00094231515
0.0009600354
0.00096602103
0.00096118415
0.0009778669
0.0010084853
0.0009326384
0.00095676206
0.0009600238
0.0010357605
0.00096258795
0.0010080424
0.0009542965
0.00095463503
0.0009444626
0.0009264633
0.00092870643
0.0009579632
0.00095753314
0.0009552111
0.00096574693
0.00093531556
0.00096143776
0.00096062856
0.00095197145
0.000930825
0.00096217374
0.0009665634
0.00094944617
0.0009249738
0.00095149665
0.0009636512
0.00094692415
0.0009543281
0.0010097792
0.0009663124
0.00094792445
0.0009845572
0.00094424206
0.00095801003
0.0009346194
0.0009551771
0.0009403554
0.00093342515
0.0009434239
0.0009476289
0.00094510044
0.00092677603
0.0009483773
0.00095312763
0.0009825965
0.0009531298
0.0009504258
0.00096378016
0.0009496626
0.0009697467
0.0009639746
0.00093378563
0.0009337738
0.0009266134
0.0009473873
0.00093503034
0.00094230816
0.0009785322
0.0009785239
0.00095513556
0.0009511507
0.0009359308
0.00094571203
0.0009599035
0.0009364031
0.0009314934
0.00094992097
0.00092350936
0.0009277719
0.0009358002
0.0009298148
0.0009664993
0.0009555866
0.00094817916
0.0009585254
0.0009987082
0.0009622473
0.0009289054
0.0009710757
0.00094383536
0.00093409343
0.0009336888
0.0009324749
0.00094588206
0.0009396453
0.00094735966
0.000955333
0.00093848753
0.00092863984
0.0009325508
0.0009319314
0.0009420391
0.00091923407
0.0009425743
0.0009248134
0.0009340864
0.0009347028
0.0009430574
0.00094443146
0.0009663593
0.00093820033
0.0009395856
0.0009407162
0.00093596906
0.00094633334
0.00092697685
0.0009410482
0.0009396932
0.00092868926
0.00094774144
0.00093227165
0.0009373935
0.00095194246
0.0009482101
0.00094446406
0.00093313085
0.00097154273
0.00092612556
0.00093053444
0.00093852915
0.00094206695
0.00094181526
0.00091949257
0.00092512515
0.0009626313
0.0009197768
0.00095453445
0.00095474755
0.0009418375
0.0009412032
0.0009416477
0.00094526587
0.0009225145
0.0009636054
0.000923175
0.00095714704
0.00095488265
0.00097362837
0.00094173185
0.00094462174
0.00091655325
0.0009420576
0.0009713157
0.00093407615
0.0009183222
0.0009227677
0.00092838233
0.0009288606
0.00094455323
0.0009201305
0.00095373066
0.00093781634
0.0009730857
0.00092745834
0.0009328375
0.00092625833
0.0009418762
0.0009430692
0.0009222881
0.00094160973
0.00093330943
0.0009555419
0.00093978684
0.0009223935
0.00092735706
0.0009487384
0.0009346911
0.0009708452
0.0009189844
0.000962855
0.00091363845
0.00092239695
0.0009101047
0.00092514494
0.0009381043
0.0009514315
0.0009159648
0.0009377304
0.00094126206
0.0009291573
0.000941124
0.0009114539
0.00092305825
0.00092266296
0.000946088
0.0009538298
0.00093264465
0.00090995285
0.0009490905
0.0009257487
0.000930178
0.00093233935
0.00095170055
0.00094232167
0.00092908135
0.00092522526
0.00096026005
0.00092085317
0.0009429131
0.0009472004
0.00093083695
0.0009282073
0.00093307847
0.0009154781
0.0009024609
0.00093164184
0.0009144356
0.0009296864
0.0009610096
0.0009228666
0.00092082383
0.00091220904
0.000945376
0.00092646666
0.00092746934
0.00093495665
0.0009387192
0.0009150731
0.0009079501
0.0009535427
0.0009530478
0.00093085587
0.0009203693
0.0009225453
0.00090881233
0.00093152514
0.000943212
0.0009597224
0.0009344077
0.0009047573
0.000934161
0.0009183756
0.0009430209
0.00095483195
0.00095481693
0.0009368939
0.0009173903
0.0009294094
0.0009351261
0.0009203437
0.000935707
0.0009251343
0.0009148151
0.00092162564
0.0009323634
0.00092030165
0.0009502988
0.0009154739
0.0009406885
0.0009221297
0.0009196635
0.0009324398
0.0009447892
0.00094098673
0.00093170145
0.00090928853
0.0009360269
0.0009291832
0.00092555874
0.00094581634
0.0009090854
0.00095090136
0.0009304147
0.0009469524
0.0009065648
0.00093753246
0.00090574933
0.0009199635
0.0009260972
0.00095145457
0.00092065334
0.00090878597
0.00093788863
0.0009559195
0.0009183606
0.00095304026
0.0009257766
0.0009358709
0.0009715174
0.00092402956
0.0009035171
0.0009393509
0.00092233357
0.00093697186
0.00090998545
0.00092080346
0.0009857735
0.0009398525
0.0009222102
0.00092441926
0.0009146231
0.0009251527
0.000920363
0.0009377285
0.0009262781
0.0009364327
0.0009196293
0.00093092344
0.0009438851
0.0009338182
0.0009385525
0.00091103057
0.00092522823
0.0008970866
0.0009231404
0.0009183303
0.00090954243
0.0009177039
0.000915743
0.00092354027
0.0009194115
0.00089127105
0.0009359082
0.00092055165
0.0009331584
0.0009207515
0.00092620694
0.000906171
0.00093315507
0.0009344724
0.00090127485
0.0009281571
0.00090942445
0.0009231564
0.0009223112
0.00092890306
0.0009027967
0.0009323475
0.00090003764
0.0009159766
0.00092073967
0.00090033637
0.0009162664
0.0009204916
0.00091896823
0.00092249794
0.00091064203
0.0009201901
0.0009266652
0.000927455
0.0009097961
0.00090940867
0.00090366765
0.00091364153
0.00089908304
0.000902057
0.00092387275
0.00093963416
0.000917702
0.0009007948
0.00091297843
0.0009379073
0.00090625946
0.0009552166
0.00093420467
0.0009378589
0.0009138745
0.0009293924
0.00090620964
0.0009295853
0.00093558047
0.0009224657
0.00095137657
0.00096837286
0.00090757455
0.00090309465
0.0009012257
0.0009031223
0.0009082274
0.0009270523
0.0009180972
0.0009426167
0.00092753425
0.000955867
0.0009184787
0.0009679174
0.00091066945
0.00092828495
0.00092862913
0.0009074851
0.00092087337
0.0009001182
0.00090661226
0.0009199686
0.0008999796
0.0009026947
0.0009061258
0.0009408764
0.00090493355
0.00091563124
0.0009184205
0.0009235801
0.00093653606
0.00093679264
0.0009191757
0.00090440613
0.0009192249
0.0009009398
0.00090787973
0.00091206655
0.0009244359
0.00095536694
0.0009214034
0.0009058239
0.0009072111
0.00093590486
0.0009176171
0.0008953085
0.00095010916
0.00091753254
0.00094999524
0.0009165621
0.000947226
0.000934946
0.0009188244
0.0009171696
0.0009154116
0.00095030805
0.0009197415
0.000912519
0.0009120653
0.00091257785
0.0009097268
0.00094376004
0.0009098889
0.000913057
0.000916377
0.0009137101
0.00092371134
0.00090171915
0.0009166913
0.0009574199
0.0009062227
0.00092559843
0.0009334215
0.0009096064
0.0009127581
0.00092719897
0.0009329208
0.0009026709
0.000933256
0.0009108456
0.0009309684
0.00091753394
0.0009124488
0.00095838704
0.00090733747
0.0008894767
0.00089465734
0.00090266165
0.00091019773
0.0009036078
0.00091798854
0.00093539647
0.0009271783
0.00090382446
0.00089685334
0.000910229
0.0009130938
0.00092753
0.00091221556
0.00090502447
0.00092003046
0.00090336346
0.00088994467
0.00091710925
0.00090887275
0.00089438015
0.00088882126
0.0008928072
0.0009350475
0.0009205264
0.0009397628
0.00092945027
0.0008848231
0.0008954624
0.00092552206
0.0008949175
0.00089505815
0.00088908576
0.0008968878
0.0008984872
0.0009180676
0.0009502286
0.0009421603
0.00089589687
0.0009135064
0.0008944326
0.000904885
0.0008936499
0.0008971381
0.0008950499
0.00092010363
0.0008753552
0.00093798584
0.0009465425
0.00089506886
0.00090031564
0.0008887509
0.00089320465
0.000996687
0.00089917186
0.00089180307
0.00090333616
0.00092557416
0.00089465734
0.0009068441
0.0009100318
0.0009117267
0.0009117792
0.00089241716
0.00091604947
0.00088926783
0.0009148896
0.0008973588
0.0009126164
0.0009075686
0.00089135225
0.0008891812
0.00089132163
0.0009476211
0.0008950688
0.00091532944
0.00091592374
0.0009241093
0.00089126895
0.0009105613
0.00090930576
0.0009075101
0.00088737445
0.00089690776
0.0008843606
0.0008920187
0.0008978362
0.000918497
0.0009126061
0.0008917769
0.0008921979
0.0009077485
0.00088477
0.00090255594
0.00089708995
0.00090854435
0.00090922415
0.0009540336
0.0008733701
0.0009163825
0.0008981404
0.00091875356
0.0008999784
0.00093263143
0.0009187777
0.0009080865
0.000878324
0.0009121674
0.00089671474
0.00089362066
0.0009074976
0.00089241506
0.0009091765
0.00093756954
0.00090092537
0.00087120425
0.0008883982
0.0009108445
0.00090957683
0.00090123224
0.0008763009
0.0009028067
0.0009111913
0.00089634827
0.00089846976
0.000890376
0.0009133764
0.0009377845
0.0009283604
0.00092198676
0.0008842931
0.0008922843
0.0009046182
0.00091227493
0.0009110304
0.0008995886
0.0009253626
0.00089648395
0.00091872393
0.0009164833
0.00089552713
0.0008967146
0.0008768845
0.00090817106
0.000893423
0.00091363944
0.00089811353
0.0009054888
0.0008946566
0.00089339865
0.00091081846
0.0008807665
0.0008893723
0.0009040157
0.0008823943
0.0008856449
0.0008707603
0.0008775337
0.0008763232
0.00087053125
0.0009010288
0.00086936686
0.0009140434
0.00091752596
0.00090719556
0.0008875259
0.00089940144
0.00093154097
0.0008755375
0.00088630896
0.0008823157
0.00090125535
0.0008785459
0.0009130743
0.0008991414
0.0008844956
0.00088676845
0.000916609
0.0009016769
0.00089034654
0.0008773289
0.00088051386
0.000879822
0.0009464173
0.0009147132
0.00087289483
0.0008903897
0.00092548126
0.00089531665
0.0008952329
0.00089186756
0.0009242729
0.0009000904
0.00087945774
0.0009293115
0.0009094393
0.0009187281
0.0008916282
0.00088413473
0.00094684586
0.00089252245
0.00087633746
0.0008909214
0.0008744514
0.00088721514
0.0008814023
0.0008841215
0.0009122122
0.0008915485
0.0009071358
0.000916617
0.0009032019
0.0008919974
0.000877902
0.00092565845
0.00089117204
0.00088099623
0.00089305994
0.000891208
0.00089150836
0.00090523035
0.000937487
0.0009187415
0.00089930487
0.0008837229
0.0008866562
0.0008993448
0.0008864822
0.00088980375
0.0008832568
0.00089307915
0.00093092344
0.0009081801
0.0008991674
0.00090252137
0.0008838453
0.00091391604
0.00090308086
0.000923328
0.0008859727
0.0008795299
0.0008917417
0.00088904257
0.0008722419
0.00086738827
0.00089418417
0.0009040041
0.00088134693
0.0008954523
0.0008689736
0.0009052354
0.00086517114
0.00087852275
0.000887112
0.0008914128
0.0008745965
0.0008635655
0.00087340066
0.00088870805
0.0009022939
0.00088336325
0.0008781779
0.00087659084
0.000865399
0.0008665718
0.00086205965
0.0008881204
0.00088341953
0.0008786931
0.0008771304
0.0008845222
0.0008822132
0.0008849926
0.00091072684
0.00090992707
0.00088664657
0.00089545344
0.00087589386
0.00091258995
0.00087164156
0.00089678954
0.00087919587
0.00090462394
0.00088144885
0.0008645019
0.0008925395
0.0008986487
0.0008933931
0.00090989313
0.0008920457
0.0008905323
0.00090166373
0.0008742481
0.0008782668
0.0009026786
0.00087772176
0.0009040418
0.0008745241
0.00087419344
0.00089045794
0.00088457926
0.0008930356
0.0008690773
0.00086575677
0.00087112613
0.0009091101
0.00088728446
0.0008917294
0.00087164255
0.00086616835
0.0008695986
0.00090462185
0.00088679517
0.00087885227
0.00090993865
0.00088454655
0.0009123775
0.0008774637
0.0008814223
0.0008711788
0.00085958955
0.0008554298
0.00086190295
0.00088293134
0.0008782306
0.00088844664
0.00085846375
0.0008665665
0.000895233
0.00088984455
0.00087972527
0.0008826567
0.0008577826
0.0008779703
0.0008792365
0.0008910525
0.0008681946
0.0008861126
0.00086533534
0.00086491916
0.0008904114
0.00088041864
0.00089993945
0.0008722249
0.0008887944
0.00085189304
0.0008931803
0.0008819909
0.00088324165
0.00087239133
0.0008648341
0.0008752731
0.0008552842
0.00085462607
0.0008740938
0.0008869389
0.00085172587
0.0008822061
0.00090098265
0.0008748105
0.0008998465
0.0008735801
0.000871707
0.0008585061
0.0008656865
0.0008826351
0.00087512395
0.00087817915
0.0008888253
0.0008637373
0.00087036187
0.0008845873
0.0008862018
0.0008762123
0.00087384187
0.0009039927
0.00085619587
0.00087065116
0.0008803632
0.00088753575
0.0009001338
0.00088754727
0.0008762128
0.0008688735
0.00085835526
0.0008470304
0.0008844443
0.00087750953
0.0008780819
0.0008711993
0.0008938278
0.00089203834
0.0008694452
0.0008888341
0.0008814464
0.00088094565
0.0008660564
0.00087211217
0.0008591602
0.00089712313
0.0008805321
0.00087695784
0.00088991906
0.00087220635
0.0008639575
0.0008697654
0.00088153937
0.0008912706
0.0008616955
0.0008653492
0.00088872615
0.00086424086
0.0008581349
0.00088851096
0.00087975396
0.0008644958
0.00087718345
0.0009055549
0.00085313694
0.0008780769
0.0009070324
0.0008782737
0.0008915907
0.0008766653
0.00086663634
0.00088160083
0.00089516223
0.0008783259
0.0008790836
0.0008839798
0.0008630045
0.00091067376
0.0008726194
0.0008534459
0.00088922336
0.0008824627
0.0009136272
0.0008834715
0.00088611705
0.0008824348
0.0008773751
0.0008852555
0.00086407113
0.00088195794
0.00087846915
0.0008658044
0.00086541654
0.0008723287
0.00090186996
0.0008768748
0.00086802995
0.0008594417
0.00086175813
0.00087701203
0.0008736063
0.00085301144
0.0009116064
0.0008771748
0.00088519935
0.00085951865
0.00088084314
0.00089242944
0.00087076734
0.0008985519
0.0009008771
0.0008749957
0.00086560316
0.000886046
0.0008660556
0.0008578411
0.0008547972
0.000869748
0.00086684304
0.0008579861
0.00087645906
0.0008561622
0.00085330836
0.0008568384
0.00087404094
0.00088336173
0.00085659116
0.000862021
0.000856912
0.0008488153
0.0008942309
0.00087914354
0.0008604705
0.00086579303
0.0008579911
0.0008573547
0.000863429
0.00086673396
0.00088500296
0.0008604294
0.0008607606
0.0008604475
0.00087604066
0.0008570552
0.0008873451
0.0008489118
0.00087075477
0.0008750476
0.0008676256
0.0008548295
0.00086183654
0.0008716205
0.00088765635
0.00088713074
0.0008745464
0.00088662654
0.0008627581
0.0009252018
0.00088530825
0.0008583395
0.0008671954
0.00086246023
0.00086861226
0.00090653094