20 196.81 0.19 197.0 0.054 16 39 0.35 0.0 
40 194.64 0.68 195.32 0.085 29 94 0.64 0.0 
60 192.65 1.07 193.72 0.108 45 135 0.99 0.01 
80 191.27 1.29 192.57 0.143 61 193 1.34 0.01 
100 189.42 1.83 191.25 0.184 73 239 1.6 0.01 
120 188.2 2.19 190.39 0.196 87 290 1.91 0.01 
140 186.54 2.65 189.2 0.23 101 344 2.21 0.02 
160 184.93 3.08 188.01 0.243 115 396 2.52 0.02 
180 183.67 3.39 187.06 0.273 129 446 2.83 0.02 
200 182.48 3.84 186.31 0.28 140 503 3.07 0.03 
220 181.74 4.16 185.9 0.315 153 563 3.36 0.03 
240 180.11 4.77 184.88 0.321 164 618 3.6 0.03 
260 178.61 5.23 183.84 0.339 178 674 3.9 0.03 
280 177.55 5.6 183.16 0.357 188 732 4.12 0.04 
300 174.96 6.05 181.0 0.382 200 784 4.39 0.04 
320 173.96 6.56 180.52 0.392 213 842 4.67 0.04 
340 172.95 6.91 179.86 0.417 224 897 4.91 0.04 
360 172.35 7.3 179.65 0.441 236 948 5.18 0.05 
380 171.53 7.61 179.14 0.453 248 1003 5.44 0.05 
400 171.14 8.05 179.19 0.459 259 1068 5.68 0.05 
420 170.1 8.52 178.62 0.475 273 1141 5.99 0.06 
440 169.05 9.11 178.17 0.47 284 1203 6.23 0.06 
460 167.87 9.55 177.42 0.484 298 1259 6.54 0.06 
480 166.3 10.06 176.36 0.498 307 1328 6.73 0.07 
500 164.76 10.6 175.36 0.512 322 1392 7.06 0.07 
520 162.54 11.11 173.66 0.527 334 1448 7.32 0.07 
540 160.57 11.59 172.16 0.534 352 1510 7.72 0.08 
560 160.33 12.12 172.45 0.546 366 1568 8.03 0.08 
580 158.87 12.53 171.4 0.561 378 1624 8.29 0.08 
600 158.06 13.12 171.18 0.566 391 1685 8.57 0.08 
620 157.41 13.6 171.02 0.573 404 1747 8.86 0.09 
640 156.67 14.17 170.84 0.572 414 1828 9.08 0.09 
660 155.32 14.71 170.03 0.588 426 1884 9.34 0.09 
680 154.35 15.16 169.51 0.596 432 1957 9.47 0.1 
700 152.65 15.49 168.14 0.596 442 2028 9.69 0.1 
720 151.92 16.06 167.98 0.601 454 2098 9.96 0.1 
740 150.23 16.57 166.8 0.613 469 2160 10.29 0.11 
760 149.73 17.03 166.76 0.612 481 2232 10.55 0.11 
780 148.35 17.75 166.1 0.617 488 2306 10.7 0.11 
800 147.51 18.27 165.79 0.624 499 2366 10.94 0.12 
820 147.28 18.74 166.02 0.635 512 2426 11.23 0.12 
840 146.06 19.28 165.34 0.639 525 2491 11.51 0.12 
860 143.98 19.87 163.85 0.647 537 2546 11.78 0.13 
880 143.6 20.32 163.92 0.65 542 2611 11.89 0.13 
900 142.87 20.89 163.76 0.652 554 2682 12.15 0.13 
920 141.25 21.39 162.64 0.66 568 2745 12.46 0.14 
940 140.29 21.96 162.25 0.663 576 2820 12.63 0.14 
960 140.55 22.64 163.19 0.666 582 2895 12.76 0.14 
980 139.16 23.34 162.5 0.67 593 2962 13.0 0.15 
1000 138.86 23.7 162.56 0.673 600 3038 13.16 0.15 
1020 138.33 24.34 162.67 0.676 607 3113 13.31 0.15 
1040 137.52 24.9 162.42 0.682 618 3183 13.55 0.16 
1060 136.74 25.51 162.25 0.687 627 3260 13.75 0.16 
1080 136.4 26.13 162.53 0.695 638 3329 13.99 0.17 
1100 135.19 26.71 161.9 0.699 649 3403 14.23 0.17 
1120 133.68 27.28 160.97 0.7 658 3475 14.43 0.17 
1140 133.03 28.05 161.08 0.698 666 3556 14.61 0.18 
1160 132.42 28.66 161.08 0.701 674 3632 14.78 0.18 
1180 130.48 29.17 159.65 0.707 688 3696 15.09 0.18 
1200 130.02 29.74 159.76 0.714 697 3766 15.29 0.19 
1220 129.42 30.26 159.68 0.719 707 3841 15.5 0.19 
1240 128.72 30.93 159.65 0.718 716 3919 15.7 0.19 
1260 128.52 31.64 160.16 0.72 728 3996 15.96 0.2 
1280 127.54 32.05 159.59 0.726 735 4069 16.12 0.2 
1300 125.92 32.57 158.5 0.73 744 4143 16.32 0.21 
1320 125.11 33.33 158.44 0.731 755 4214 16.56 0.21 
1340 124.79 33.89 158.69 0.73 763 4293 16.73 0.21 
1360 123.92 34.35 158.27 0.734 774 4372 16.97 0.22 
1380 123.66 34.85 158.51 0.737 781 4447 17.13 0.22 
1400 122.33 35.47 157.8 0.739 789 4524 17.3 0.22 
1420 121.77 36.04 157.81 0.741 800 4597 17.54 0.23 
1440 120.66 36.59 157.24 0.745 811 4676 17.79 0.23 
1460 119.73 37.29 157.01 0.747 818 4741 17.94 0.24 
1480 118.83 37.84 156.67 0.747 826 4818 18.11 0.24 
1500 118.72 38.38 157.1 0.751 836 4893 18.33 0.24 
1520 117.76 38.96 156.72 0.755 847 4982 18.57 0.25 
1540 117.39 39.53 156.92 0.754 852 5064 18.68 0.25 
1560 116.56 40.18 156.74 0.751 864 5149 18.95 0.26 
1580 115.9 40.73 156.63 0.756 872 5215 19.12 0.26 
1600 114.89 41.26 156.14 0.76 880 5296 19.3 0.26 
1620 114.15 41.88 156.03 0.763 887 5388 19.45 0.27 
1640 113.17 42.6 155.78 0.765 897 5477 19.67 0.27 
1660 112.2 43.2 155.4 0.768 908 5547 19.91 0.28 
1680 111.57 43.93 155.5 0.773 919 5635 20.15 0.28 
1700 111.25 44.5 155.75 0.774 924 5715 20.26 0.28 
1720 110.55 45.24 155.79 0.776 935 5802 20.5 0.29 
1740 110.04 45.93 155.97 0.776 943 5887 20.68 0.29 
1760 109.25 46.63 155.88 0.778 952 5963 20.88 0.3 
1780 108.57 47.3 155.87 0.78 962 6045 21.1 0.3 
1800 108.18 47.81 155.99 0.778 966 6136 21.18 0.31 
1820 107.63 48.62 156.25 0.78 977 6213 21.43 0.31 
1840 106.92 49.19 156.11 0.781 986 6292 21.62 0.31 
1860 106.27 49.77 156.03 0.783 993 6368 21.78 0.32 
1880 104.47 50.51 154.98 0.789 1009 6441 22.13 0.32 
1900 104.09 51.04 155.13 0.79 1016 6522 22.28 0.32 
1920 103.87 51.77 155.63 0.79 1025 6609 22.48 0.33 
1940 103.21 52.48 155.7 0.791 1034 6700 22.68 0.33 
1960 102.3 53.12 155.42 0.794 1044 6787 22.89 0.34 
1980 100.89 53.78 154.67 0.794 1051 6873 23.05 0.34 
2000 100.47 54.28 154.75 0.795 1059 6960 23.22 0.35 
2020 99.76 54.89 154.66 0.799 1069 7029 23.44 0.35 
2040 99.73 55.66 155.39 0.801 1078 7109 23.64 0.35 
2060 99.61 56.26 155.87 0.801 1088 7187 23.86 0.36 
2080 98.47 56.73 155.19 0.802 1098 7269 24.08 0.36 
2100 97.22 57.35 154.58 0.8 1105 7345 24.23 0.37 
2120 97.11 57.91 155.03 0.802 1115 7432 24.45 0.37 
2140 96.65 58.57 155.23 0.803 1119 7528 24.54 0.37 
2160 95.84 59.14 154.98 0.806 1124 7601 24.65 0.38 
2180 95.38 59.88 155.26 0.808 1131 7691 24.8 0.38 
2200 94.76 60.56 155.32 0.808 1136 7769 24.91 0.39 
2220 94.47 61.22 155.69 0.808 1143 7859 25.07 0.39 
2240 93.3 61.7 155.0 0.81 1149 7935 25.2 0.39 
2260 92.74 62.45 155.19 0.809 1157 8025 25.37 0.4 
2280 92.8 62.99 155.79 0.808 1163 8111 25.5 0.4 
2300 92.26 63.67 155.93 0.81 1172 8189 25.7 0.41 
2320 91.07 64.31 155.38 0.814 1183 8280 25.94 0.41 
2340 90.98 64.87 155.85 0.816 1191 8368 26.12 0.42 
2360 89.66 65.48 155.15 0.816 1202 8453 26.36 0.42 
2380 89.03 66.23 155.26 0.817 1211 8539 26.56 0.42 
2400 88.37 66.8 155.18 0.816 1220 8621 26.75 0.43 
2420 87.16 67.31 154.46 0.819 1233 8696 27.04 0.43 
2440 86.15 67.9 154.05 0.818 1243 8776 27.26 0.44 
2460 85.75 68.62 154.36 0.82 1248 8867 27.37 0.44 
2480 85.13 69.2 154.32 0.82 1256 8950 27.54 0.45 
2500 84.41 69.89 154.3 0.823 1265 9039 27.74 0.45 
2520 83.79 70.63 154.42 0.825 1272 9126 27.89 0.45 
2540 83.05 71.26 154.31 0.825 1281 9212 28.09 0.46 
2560 82.6 71.97 154.57 0.826 1292 9292 28.33 0.46 
2580 82.4 72.66 155.05 0.824 1299 9376 28.49 0.47 
2600 82.08 73.22 155.3 0.825 1306 9459 28.64 0.47 
2620 81.44 73.82 155.26 0.83 1315 9536 28.84 0.47 
2640 80.53 74.5 155.03 0.828 1323 9623 29.01 0.48 
2660 80.0 75.14 155.14 0.83 1331 9713 29.19 0.48 
2680 79.06 75.76 154.82 0.833 1339 9797 29.36 0.49 
2700 77.91 76.38 154.28 0.834 1344 9889 29.47 0.49 
2720 78.15 77.09 155.24 0.836 1352 9971 29.65 0.5 
2740 77.66 77.79 155.45 0.835 1359 10057 29.8 0.5 
2760 76.97 78.58 155.56 0.837 1363 10147 29.89 0.5 
2780 75.76 79.22 154.98 0.839 1372 10231 30.09 0.51 
2800 75.66 79.96 155.61 0.837 1379 10323 30.24 0.51 
2820 75.79 80.61 156.4 0.837 1386 10414 30.39 0.52 
2840 75.67 81.34 157.01 0.838 1393 10506 30.55 0.52 
2860 74.88 81.95 156.82 0.839 1399 10604 30.68 0.53 
2880 74.51 82.71 157.23 0.84 1407 10685 30.86 0.53 
2900 74.31 83.33 157.64 0.839 1412 10773 30.96 0.54 
2920 73.81 83.94 157.75 0.839 1422 10864 31.18 0.54 
2940 73.02 84.59 157.62 0.838 1431 10955 31.38 0.54 
2960 72.01 85.2 157.22 0.84 1439 11032 31.56 0.55 
2980 71.96 85.86 157.82 0.837 1449 11117 31.78 0.55 
3000 71.17 86.36 157.54 0.839 1450 11205 31.8 0.56 
3020 70.86 87.09 157.95 0.841 1458 11287 31.97 0.56 
3040 69.93 87.73 157.67 0.842 1469 11368 32.21 0.57 
3060 69.32 88.39 157.71 0.84 1476 11459 32.37 0.57 
3080 68.63 88.99 157.62 0.846 1482 11541 32.5 0.57 
3100 68.18 89.68 157.85 0.847 1489 11631 32.65 0.58 
3120 67.38 90.27 157.65 0.848 1498 11708 32.85 0.58 
3140 66.91 90.89 157.81 0.849 1507 11792 33.05 0.59 
3160 66.33 91.4 157.73 0.847 1514 11871 33.2 0.59 
3180 65.94 92.02 157.97 0.843 1522 11954 33.38 0.59 
3200 65.31 92.67 157.98 0.847 1528 12043 33.51 0.6 
3220 64.67 93.31 157.98 0.851 1533 12126 33.62 0.6 
3240 64.74 93.99 158.74 0.851 1538 12211 33.73 0.61 
3260 63.56 94.59 158.16 0.852 1543 12305 33.84 0.61 
3280 62.98 95.32 158.29 0.85 1548 12390 33.95 0.62 
3300 62.76 96.01 158.77 0.851 1551 12488 34.01 0.62 
3320 62.61 96.67 159.28 0.852 1557 12583 34.14 0.63 
3340 61.93 97.34 159.27 0.852 1566 12671 34.34 0.63 
3360 61.25 97.92 159.16 0.855 1571 12755 34.45 0.63 
3380 61.13 98.6 159.73 0.852 1576 12848 34.56 0.64 
3400 61.11 99.33 160.44 0.851 1581 12935 34.67 0.64 
3420 60.22 99.9 160.12 0.852 1586 13023 34.78 0.65 
3440 59.39 100.53 159.92 0.854 1592 13107 34.91 0.65 
3460 58.7 101.18 159.89 0.854 1599 13195 35.07 0.66 
3480 58.03 101.88 159.91 0.856 1605 13280 35.2 0.66 
3500 57.59 102.57 160.16 0.856 1609 13368 35.29 0.66 
3520 57.42 103.29 160.71 0.857 1617 13453 35.46 0.67 
3540 57.07 103.95 161.02 0.857 1620 13546 35.53 0.67 
3560 56.35 104.6 160.95 0.859 1626 13635 35.66 0.68 
3580 55.68 105.28 160.96 0.859 1633 13732 35.81 0.68 
3600 55.28 105.87 161.15 0.858 1639 13812 35.94 0.69 
3620 54.55 106.62 161.17 0.86 1647 13900 36.12 0.69 
3640 53.86 107.24 161.1 0.859 1651 13997 36.21 0.7 
3660 53.3 107.86 161.17 0.86 1654 14084 36.27 0.7 
3680 52.88 108.49 161.37 0.862 1656 14163 36.32 0.7 
3700 52.77 109.17 161.94 0.862 1663 14256 36.47 0.71 
3720 51.8 109.85 161.65 0.862 1668 14353 36.58 0.71 
3740 51.29 110.59 161.88 0.863 1672 14442 36.67 0.72 
3760 50.72 111.23 161.95 0.864 1680 14524 36.84 0.72 
3780 50.62 111.94 162.56 0.865 1681 14616 36.86 0.73 
3800 50.29 112.6 162.89 0.866 1687 14702 37.0 0.73 
3820 50.06 113.39 163.45 0.864 1690 14793 37.06 0.74 
3840 49.9 114.02 163.93 0.862 1697 14884 37.21 0.74 
3860 49.33 114.66 163.98 0.862 1701 14984 37.3 0.75 
3880 48.78 115.32 164.1 0.865 1707 15078 37.43 0.75 
3900 48.23 115.95 164.18 0.864 1712 15164 37.54 0.75 
3920 47.38 116.69 164.07 0.868 1717 15256 37.65 0.76 
3940 46.45 117.42 163.87 0.867 1725 15349 37.83 0.76 
3960 46.23 118.08 164.3 0.867 1730 15439 37.94 0.77 
3980 45.94 118.72 164.66 0.868 1738 15530 38.11 0.77 
4000 45.81 119.32 165.13 0.868 1745 15613 38.27 0.78 
4020 45.17 119.93 165.1 0.871 1749 15702 38.36 0.78 
4040 44.64 120.63 165.27 0.87 1754 15796 38.46 0.79 
4060 44.47 121.31 165.78 0.87 1758 15884 38.55 0.79 
4080 43.61 122.01 165.62 0.872 1764 15975 38.68 0.79 
4100 43.39 122.73 166.12 0.872 1771 16065 38.84 0.8 
4120 42.5 123.47 165.97 0.873 1774 16169 38.9 0.8 
4140 42.56 124.31 166.87 0.871 1779 16257 39.01 0.81 
4160 42.27 125.04 167.3 0.872 1785 16350 39.14 0.81 
4180 41.71 125.72 167.43 0.872 1789 16443 39.23 0.82 
4200 41.26 126.45 167.71 0.872 1790 16544 39.25 0.82 
4220 40.93 127.21 168.14 0.87 1793 16636 39.32 0.83 
4240 40.31 127.87 168.18 0.871 1798 16728 39.43 0.83 
4260 39.4 128.48 167.88 0.873 1799 16819 39.45 0.84 
4280 38.45 129.21 167.65 0.87 1805 16905 39.58 0.84 
4300 38.29 129.83 168.12 0.872 1813 16998 39.76 0.85 
4320 37.85 130.43 168.28 0.874 1820 17084 39.91 0.85 
4340 37.62 131.14 168.77 0.872 1824 17174 40.0 0.85 
4360 37.05 131.88 168.92 0.874 1826 17270 40.04 0.86 
4380 36.39 132.62 169.01 0.876 1832 17361 40.18 0.86 
4400 35.61 133.27 168.88 0.876 1837 17449 40.29 0.87 
4420 35.12 133.94 169.07 0.877 1842 17548 40.39 0.87 
4440 34.49 134.68 169.16 0.878 1847 17641 40.5 0.88 
4460 33.7 135.31 169.01 0.877 1851 17730 40.59 0.88 
4480 33.73 135.94 169.67 0.877 1854 17823 40.66 0.89 
4500 33.59 136.62 170.21 0.877 1859 17911 40.77 0.89 
4520 33.55 137.34 170.89 0.877 1865 17997 40.9 0.89 
4540 33.19 138.05 171.25 0.878 1869 18090 40.99 0.9 
4560 32.63 138.85 171.48 0.877 1872 18188 41.05 0.9 
4580 32.23 139.42 171.65 0.88 1879 18270 41.21 0.91 
4600 31.94 140.14 172.08 0.878 1885 18358 41.34 0.91 
4620 31.2 140.79 171.99 0.878 1888 18445 41.4 0.92 
4640 30.79 141.51 172.3 0.879 1892 18538 41.49 0.92 
4660 29.94 142.19 172.12 0.88 1897 18626 41.6 0.93 
4680 29.28 142.86 172.14 0.88 1905 18703 41.78 0.93 
4700 28.83 143.58 172.4 0.879 1911 18801 41.91 0.93 
4720 28.43 144.29 172.73 0.879 1918 18894 42.06 0.94 
4740 28.67 144.96 173.64 0.88 1918 18985 42.06 0.94 
4760 28.17 145.67 173.84 0.879 1921 19078 42.13 0.95 
4780 27.53 146.37 173.9 0.878 1927 19173 42.26 0.95 
4800 26.52 146.96 173.48 0.881 1930 19268 42.32 0.96 
4820 26.25 147.76 174.0 0.88 1932 19357 42.37 0.96 
4840 25.64 148.4 174.04 0.881 1935 19451 42.43 0.97 
4860 24.91 149.16 174.07 0.883 1938 19547 42.5 0.97 
4880 24.91 149.95 174.86 0.882 1943 19644 42.61 0.98 
4900 24.31 150.59 174.9 0.883 1945 19742 42.65 0.98 
4920 24.22 151.39 175.61 0.883 1948 19825 42.72 0.99 
4940 23.49 152.04 175.52 0.883 1953 19918 42.83 0.99 
4960 23.18 152.75 175.93 0.884 1957 20008 42.92 0.99 
4980 22.68 153.4 176.08 0.883 1962 20100 43.03 1.0 
5000 22.82 154.08 176.9 0.882 1970 20183 43.2 1.0 
5020 22.22 154.76 176.99 0.884 1974 20275 43.29 1.01 
5040 21.72 155.51 177.23 0.885 1978 20362 43.38 1.01 
5060 21.48 156.16 177.64 0.885 1983 20448 43.49 1.02 
5080 20.47 156.85 177.32 0.885 1988 20539 43.6 1.02 
5100 20.35 157.55 177.9 0.885 1991 20629 43.66 1.03 
5120 19.9 158.24 178.15 0.885 1995 20711 43.75 1.03 
5140 19.79 158.99 178.77 0.886 1997 20801 43.79 1.03 
5160 19.13 159.67 178.8 0.885 2004 20880 43.95 1.04 
5180 18.61 160.28 178.89 0.887 2006 20966 43.99 1.04 
5200 17.46 160.99 178.46 0.888 2007 21053 44.01 1.05 
5220 17.44 161.69 179.13 0.888 2010 21137 44.08 1.05 
5240 17.9 162.42 180.32 0.888 2013 21231 44.14 1.06 
5260 17.3 163.16 180.47 0.889 2018 21319 44.25 1.06 
5280 17.0 163.9 180.9 0.888 2021 21415 44.32 1.06 
5300 16.68 164.59 181.27 0.887 2023 21505 44.36 1.07 
5320 15.54 165.23 180.78 0.887 2032 21593 44.56 1.07 
