
0.6209091
0.61473596
0.6545375
0.60261303
0.56920534
0.5446221
0.55015373
0.5555451
0.5418862
0.52333057
0.53330475
0.53141963
0.52294475
0.5282554
0.4959382
0.50986475
0.51825935
0.5071929
0.5208626
0.5163799
0.5196405
0.5380337
0.5532187
0.5170399
0.4914517
0.47965607
0.48594734
0.5023323
0.50917184
0.51230466
0.5125319
0.50634974
0.492872
0.52644557
0.5005204
0.49089307
0.4897351
0.4950299
0.49053392
0.4770938
0.4874167
0.4843238
0.49871576
0.4817932
0.47748682
0.49022454
0.49802968
0.49100637
0.4968719
0.48831686
0.47764972
0.48820326
0.4838466
0.4772543
0.48615155
0.479083
0.4748389
0.46443006
0.46199277
0.47358805
0.48036608
0.44606075
0.46463615
0.45006338
0.4483885
0.45480537
0.4505195
0.45325792
0.44335216
0.4513972
0.44880155
0.44819877
0.44574147
0.4459689
0.4510756
0.43987936
0.4327173
0.4444983
0.4373748
0.44527674
0.437273
0.44920877
0.43059242
0.42951915
0.43372983
0.4399099
0.44022408
0.43608925
0.44741267
0.42727455
0.43729106
0.43050838
0.4239531
0.424978
0.4213968
0.41838792
0.4362155
0.41706732
0.42861804
0.42710176
0.41798535
0.4292756
0.43614182
0.41773292
0.4302196
0.42414016
0.41443315
0.41508076
0.40895182
0.4135868
0.41782516
0.40610284
0.41921955
0.4018764
0.40250382
0.40500736
0.40567794
0.40108857
0.40884367
0.40613517
0.4020841
0.41117772
0.41941988
0.41574582
0.4126813
0.41655722
0.40537578
0.39699596
0.40263602
0.39136952
0.40093642
0.39849222
0.39456666
0.40307713
0.40436408
0.4046849
0.39346975
0.39511245
0.41271016
0.41249204
0.40813732
0.40758285
0.39710343
0.39512154
0.40213683
0.4016334
0.39486986
0.40133497
0.40174574
0.4004987
0.398865
0.39267287
0.38963827
0.38476133
0.38466197
0.38820556
0.38748464
0.39080882
0.39180732
0.3810716
0.38938713
0.3844235
0.39047027
0.38430846
0.38368574
0.3871643
0.38755563
0.3795945
0.39083403
0.3873457
0.38464224
0.3843268
0.3796611
0.37411
0.37798578
0.38530964
0.37918776
0.37396964
0.38144287
0.373497
0.37526816
0.37628016
0.3817743
0.3764348
0.37384135
0.37235218
0.36553127
0.37317452
0.3685423
0.3642367
0.36362353
0.3768094
0.36176074
0.36422125
0.3628258
0.3653233
0.36622405
0.36836964
0.37267935
0.36407378
0.36439842
0.36108854
0.3549955
0.35638294
0.3599584
0.35772297
0.35657066
0.3652436
0.3542781
0.35911226
0.35993263
0.3673997
0.35734248
0.35260746
0.35102972
0.3567683
0.34776968
0.34846282
0.3466033
0.3540444
0.35819176
0.34658086
0.34821388
0.34536424
0.36788762
0.350053
0.35000846
0.35230675
0.35589758
0.34630653
0.34714878
0.35651
0.3461097
0.3453761
0.34699976
0.3497443
0.34228566
0.3467679
0.34306264
0.34754744
0.3563246
0.34232163
0.35269302
0.3567511
0.3448599
0.35172763
0.33342886
0.34086582
0.33286294
0.33436832
0.3372512
0.34850895
0.34808412
0.34444225
0.34239954
0.34538826
0.35496008
0.3582731
0.34813553
0.36257863
0.3515038
0.34558973
0.34359276
0.3412324
0.33918947
0.3371108
0.34836695
0.33456218
0.33508193
0.3302609
0.3380263
0.33546206
0.3323494
0.33219656
0.3398303
0.35191494
0.34483272
0.35924476
0.3436142
0.334521
0.33028862
0.34510392
0.3377692
0.33516505
0.32980895
0.3392514
0.32578307
0.33794862
0.34897727
0.33439472
0.32648626
0.32421243
0.32961047
0.33018124
0.33427024
0.33130378
0.34651086
0.33276778
0.32652035
0.34948698
0.34976318
0.33477402
0.33607396
0.3302065
0.32456964
0.32314527
0.31522596
0.32842192
0.32245088
0.318819
0.31978565
0.33286214
0.32909715
0.3255004
0.31530133
0.32576373
0.31733632
0.3163052
0.32215723
0.33222792
0.3121364
0.31313708
0.31648868
0.31394798
0.31378883
0.31876326
0.31289697
0.3112799
0.316471
0.32387176
0.3230688
0.31847164
0.31145316
0.3194825
0.31244814
0.30879593
0.31446645
0.32508397
0.30869335
0.3171153
0.3243302
0.31685698
0.3083417
0.3139029
0.3125538
0.31135
0.3132957
0.32056728
0.30802345
0.3140624
0.30877104
0.3015639
0.30931503
0.30731302
0.3156388
0.31309563
0.31762624
0.31102192
0.31043652
0.31053963
0.30294776
0.31318003
0.3039842
0.3045563
0.3050186
0.30414718
0.3120086
0.3115787
0.31212613
0.30020997
0.3087461
0.30667686
0.29890966
0.30368426
0.29887626
0.30531222
0.29991484
0.31333134
0.29722518
0.2963821
0.29553473
0.29914403
0.3051812
0.30081606
0.31026307
0.30020612
0.2985152
0.29936656
0.3045857
0.30374038
0.29766357
0.3020579
0.2976528
0.29350513
0.2894808
0.29633757
0.3034449
0.29792014
0.30151835
0.2936169
0.29979613
0.29197726
0.2953054
0.2904654
0.293029
0.29087296
0.29168722
0.28868115
0.28685805
0.2924343
0.29184467
0.28954402
0.2974867
0.28901276
0.2912853
0.29571274
0.29280382
0.28878307
0.28459778
0.28758052
0.28747067
0.2896771
0.291561
0.29622516
0.28630114
0.2897848
0.28633884
0.28762633
0.29463524
0.28676948
0.29118803
0.29391673
0.2905871
0.2878606
0.2853811
0.28935605
0.2812548
0.28404793
0.2868464
0.28479266
0.2808419
0.29480833
0.28739268
0.28180104
0.2864147
0.2953301
0.2836736
0.29224446
0.28271565
0.2826825
0.28855482
0.28834134
0.28274962
0.28566545
0.28579882
0.28347132
0.28682968
0.28431946
0.28341374
0.28330654
0.28395432
0.28842065
0.2799433
0.28956562
0.28377497
0.28248325
0.28506348
0.28411922
0.28243998
0.28809902
0.28604367
0.2807272
0.27636606
0.28705254
0.28191218
0.2832278
0.2769584
0.27966583
0.2798093
0.28494054
0.27736393
0.27713826
0.280724
0.28113455
0.28330114
0.28501728
0.28030252
0.2838392
0.28203988
0.28237817
0.29431376
0.28759044
0.28034467
0.2840181
0.27980122
0.27282676
0.2763905
0.28048092
0.27698392
0.2756269
0.28170246
0.26993445
0.2697791
0.27815455
0.27566144
0.27362317
0.27413455
0.2769928
0.2709429
0.27247626
0.27511394
0.27299175
0.2772821
0.2698056
0.27866653
0.27265996
0.27372694
0.27000853
0.27397677
0.26966453
0.27624264
0.27156165
0.26478377
0.27149352
0.275005
0.27785385
0.26842397
0.27243423
0.2705829
0.2677958
0.27186936
0.26844707
0.2656281
0.27218756
0.2702602
0.26928976
0.26506284
0.26665318
0.2717837
0.27700108
0.2671766
0.26695237
0.26724917
0.264128
0.26615292
0.25991645
0.2603536
0.27010566
0.2676266
0.2650309
0.2699573
0.26214954
0.26197976
0.26508275
0.2589817
0.26385707
0.262129
0.27509737
0.2605646
0.27023202
0.26057678
0.26580814
0.25823885
0.26351514
0.26338267
0.26150206
0.27386734
0.2582819
0.2602751
0.2644253
0.26158565
0.26019573
0.2640188
0.26089832
0.25662047
0.26400015
0.26555207
0.26068014
0.2587402
0.26142174
0.2625638
0.26323763
0.25916272
0.26483086
0.2621912
0.26172704
0.25885975
0.25840214
0.255907
0.2602496
0.25878966
0.26519713
0.25678757
0.25860614
0.26089758
0.25881246
0.26029757
0.2595876
0.2585477
0.26035526
0.26528558
0.2578653
0.25664678
0.25825888
0.25987905
0.26204523
0.2630573
0.2618946
0.25559726
0.25391498
0.26216418
0.25539574
0.25770354
0.25737962
0.25099188
0.25617906
0.25915563
0.2588432
0.25650302
0.2587754
0.25450698
0.25517455
0.2500988
0.25817788
0.25165713
0.25422114
0.25438938
0.249155
0.25205857
0.2594194
0.26453945
0.25405926
0.25445256
0.25644177
0.25248712
0.26087776
0.25054893
0.25125584
0.2560584
0.25684136
0.24918821
0.25254914
0.25286847
0.25259846
0.25230917
0.25288886
0.2516266
0.2534904
0.25193295
0.25586492
0.25222823
0.24843168
0.24721022
0.25237364
0.25259435
0.24494037
0.24803081
0.25750014
0.25933108
0.25149012
0.25357717
0.24831115
0.24777761
0.25299266
0.24858342
0.24695854
0.24772824
0.24674512
0.2503892
0.24491039
0.24436752
0.24932387
0.25004426
0.25246358
0.25785506
0.24590345
0.2444816
0.25749394
0.24992715
0.24931404
0.24451761
0.24857551
0.2549529
0.24891166
0.250349
0.25339022
0.24978973
0.2549249
0.24864474
0.24781862
0.24956083
0.24982792
0.24775587
0.2521539
0.24631354
0.24731594
0.24814612
0.24150856
0.24264938
0.24840298
0.24809031
0.24907684
0.25004193
0.24515933
0.24672492
0.24315894
0.24453403
0.24276872
0.23899171
0.24055046
0.24824867
0.24504842
0.24071373
0.24506791
0.23967241
0.23967996
0.24208625
0.23795843
0.24662793
0.23831417
0.23677427
0.24016072
0.23863961
0.23612994
0.23733474
0.24185006
0.2376532
0.24507679
0.2436863
0.24669275
0.24258655
0.24015939
0.2393877
0.24378197
0.23535365
0.23504609
0.23699054
0.23683518
0.23806167
0.2370064
0.24710307
0.23558491
0.23754008
0.24812387
0.23729935
0.2379993
0.23510441
0.2404952
0.24008338
0.2378265
0.23870994
0.23754323
0.24081305
0.23995802
0.23601429
0.24643818
0.23675622
0.2344293
0.23476112
0.23631683
0.23651476
0.2346694
0.2316349
0.23325603
0.23365365
0.2392714
0.2377324
0.23744145
0.23417659
0.23127675
0.23493281
0.23164977
0.24156371
0.2353807
0.23491016
0.23323105
0.237958
0.2374118
0.23193514
0.23317651
0.23835784
0.23238884
0.2368057
0.22852111
0.23585986
0.23092645
0.23331103
0.23097764
0.23254459
0.22997467
0.24377726
0.2314836
0.23092887
0.23556039
0.23273237
0.2333087
0.23055676
0.23009798
0.23897582
0.22980088
0.22796205
0.23436578
0.2280861
0.23037125
0.22820824
0.23111123
0.23227642
0.22558963
0.2232391
0.2320092
0.23234251
0.22493878
0.22935787
0.22862606
0.22763677
0.22771734
0.22930548
0.23643617
0.23481235
0.22725259
0.22695601
0.22410454
0.22368854
0.22365336
0.22924247
0.23026209
0.22485597
0.22681989
0.22454943
0.22314152
0.22660103
0.23055814
0.22980541
0.2256791
0.22752701
0.23181026
0.23093168
0.22831638
0.22925764
0.2242031
0.2257852
0.22756341
0.22871268
0.22566392
0.23000896
0.22979212
0.2279673
0.23424947
0.22852497
0.22466767
0.223199
0.22877352
0.22565314
0.22470333
0.22600234
0.22601788
0.2208735
0.2267913
0.23027544
0.22997299
0.22479577
0.22298022
0.22408079
0.22510104
0.22666195
0.22616021
0.22740813
0.23184095
0.22654854
0.22706129
0.22834224
0.22692342
0.22724268
0.22290091
0.22295317
0.22243224
0.22443616
0.23315533
0.22803497
0.22372048
0.22809683
0.22552526
0.22117338
0.2244696
0.22441733
0.22640646
0.22247419
0.22029303
0.22030191
0.22142418
0.22177333
0.22340459
0.22352244
0.22235925
0.2298894
0.22589122
0.21780743
0.22324114
0.21888494
0.22164762
0.22172341
0.22296663
0.22270878
0.21729092
0.21958297
0.21938638
0.21748218
0.21874538
0.22051652
0.218965
0.22206593
0.21876411
0.22054361
0.22555433
0.21874116
0.22154498
0.22412953
0.21827936
0.21672346
0.21732028
0.21654867
0.21877944
0.21977895
0.21797702
0.22273688
0.21549691
0.21530761
0.21815006
0.21280886
0.21304294
0.21476574
0.2161213
0.21858646
0.21670054
0.21733615
0.22006197
0.21663502
0.2135984
0.21549061
0.21541384
0.21773072
0.2145098
0.21610875
0.21336097
0.21847382
0.21718822
0.21762201
0.21234927
0.21601163
0.21479395
0.2133899
0.22059229
0.21328951
0.21584354
0.22447895
0.2173932
0.21291517
0.21887569
0.21647492
0.22373217
0.21956597
0.21476182
0.21985123
0.21827532
0.2181709
0.21487041
0.21980742
0.21776652
0.21200399
0.21567304
0.22089118
0.2185155
0.21272726
0.21361825
0.21611696
0.21201873
0.21523884
0.21720886
0.21859264
0.22282188
0.21494089
0.22201334
0.21340385
0.21528098
0.21708883
0.21859154
0.21434923
0.21238084
0.2136867
0.21412185
0.21091983
0.21817487
0.21272205
0.2177054
0.21479307
0.2125813
0.21528131
0.21892968
0.21370924
0.21074623
0.21276045
0.21959876
0.21410184
0.21694973
0.21446203
0.21928628
0.21358587
0.21448943
0.210835
0.20906709
0.21623869
0.20936352
0.21070537
0.21152218
0.2104982
0.2193919
0.20797049
0.21177275
0.2147587
0.2083407
0.2135882
0.20977053
0.2108464
0.21106075
0.21090452
0.21828403
0.21029551
0.20828345
0.21454048
0.20519415
0.21057153
0.21631828
0.21125358
0.2197573
0.20554742
0.20901279
0.20681672
0.21130149
0.20712085
0.21781702
0.21510155
0.21311018
0.20872991
0.21522202
0.20949751
0.21025261
0.20511562
0.20676172
0.21012525
0.20922108
0.20798628
0.20726797
0.20713942
0.20932429
0.2095785
0.20705467
0.20515183
0.20555139
0.2062353
0.20462793
0.21150465
0.21176745
0.2102267
0.2060189
0.20499061
0.20461768
0.20500465
0.20578012
0.20351902
0.20391855
0.20829307
0.20401767
0.20602068
0.20618547
0.20525828
0.20663826
0.20426644
0.20427966
0.20661467
0.20663792
0.20911425
0.20545082
0.20173095
0.2039265
0.20424473
0.2031137
0.20747976
0.20650941
0.20825875
0.20215505
0.20583704
0.20659639
0.20894627
0.20590797
0.20224085
0.20573066
0.20713
0.2043036
0.20243543
0.20275338
0.20134507
0.2002766
0.20249635
0.20742458
0.20587182
0.2024285
0.19982441
0.19853559
0.20463553
0.20323077
0.19928947
0.19974062
0.20533432
0.2061397
0.19840157
0.19932407
0.20185164
0.2022689
0.20216674
0.19778031
0.20562989
0.20333105
0.19880432
0.20140176
0.20037416
0.19902131
0.20474038
0.20309864
0.20463863
0.20165601
0.20127267
0.20264171
0.20547287
0.19973223
0.20134316
0.20388894
0.20592995
0.20256692
0.2021373
0.19969402
0.2023551
0.20048097
0.20499521
0.20037967
0.20590346
0.20154332
0.20152035
0.19971153
0.2004169
0.19877166
0.20300952
0.19798407
0.19879481
0.20019817
0.19837193
0.19792555
0.19867192
0.19610386
0.1979081
0.19498341
0.20054847
0.20470177
0.19518219
0.19828138
0.19873767
0.19881734
0.19704176
0.19957158
0.19716303
0.19876574
0.19853766
0.19855739
0.19725016
0.19760874
0.19817369
0.19960935
0.19496748
0.19404598
0.19826682
0.19818237
0.19892383
0.20671576
0.19871311
0.2016907
0.19880402
0.19631495
0.20417474
0.19759932
0.19756679
0.19850147
0.20130038
0.19701865
0.19805677
0.20230487
0.20229773
0.1977239
0.19996218
0.19732101
0.20070787
0.20361672
0.19564049
0.1961087
0.19713503
0.19476163
0.19906996
0.19311203
0.19719057
0.20004275
0.19283146
0.19369107
0.1962962
0.1974917
0.1931432
0.1991803
0.19389473
0.19339117
0.1961147
0.19416349
0.19488773
0.1945526
0.19480234
0.19708651
0.1947207
0.19698802
0.19021693
0.19413282
0.19188802
0.19869772
0.19113156
0.18980825
0.19133332
0.19665276
0.19811048
0.19540012
0.19306035
0.19187914
0.19592108
0.19185357
0.19449
0.19436412
0.1953861
0.19713594
0.19249476
0.19432339
0.19473396
0.19285028
0.19514252
0.19109382
0.19292425
0.19867411
0.1894787
0.19433156
0.18975398
0.19051588
0.19307832
0.19974118
0.19205071
0.19304673
0.19516763
0.19246599
0.19460303
0.19442469
0.19272898
0.19187112
0.1917312
0.19220974
0.19412987
0.1897383
0.19358274
0.19058052
0.19611657
0.19634455
0.19218807
0.19587749
0.18861733
0.19251062
0.1949093
0.18969594
0.19949503
0.18975648
0.19020116
0.19532219
0.18988843
0.1908097
0.1907851
0.18864115
0.18971059
0.18889643
0.18996514
0.19228081
0.18745948
0.19299467
0.18573536
0.19221815
0.18678744
0.19071375
0.1898992
0.19205424
0.18525133
0.19105195
0.18945411
0.18949133
0.1904895
0.19233203
0.19497715
0.18819626
0.18923858
0.18742855
0.18755515
0.19130425
0.18587439
0.18804201
0.18914476
0.18729104
0.18701139
0.18754515
0.18755145
0.18715903
0.18664315
0.18686715
0.18421684
0.18572056
0.18730915
0.18597072
0.18858097
0.19014041
0.18693073
0.18658045
0.18655998
0.18692324
0.19144946
0.18657896
0.18410331
0.18891953
0.18570985
0.18758027
0.19064923
0.18809536
0.18400735
0.18686546
0.18895642
0.18557265
0.18757653
0.18575868
0.18947719
0.18623123
0.18734099
0.18647942
0.18958224
0.18624635
0.18527052
0.18158253
0.19052841
0.18971014
0.18570232
0.18604465
0.18646674
0.18899684
0.18251254
0.18944472
0.183079
0.1851254
0.18618673
0.18320496
0.18070568
0.18408233
0.1853742
0.18353432
0.18255985
0.18787692
0.186872
0.18621095
0.18313406
0.18146242
0.18564902
0.1848663
0.18582751
0.1870924
0.18888803
0.18189463
0.18526383
0.18357098
0.18284035
0.18807338
0.18439047
0.18990721
0.18600442
0.1800524
0.18139814
0.18337457
0.18585117
0.1817497
0.18590906
0.18473512
0.18214022
0.18095551
0.18170495
0.18371922
0.1835907
0.18609133
0.19189595
0.1822749
0.18215929
0.1812474
0.18123578
0.18329217
0.18193443
0.18089096
0.17992373
0.18140505
0.18202084
0.18221791
0.17891756
0.18062964
0.18022944
0.18035461
0.18339963
0.17986497
0.18277656
0.18156864
0.18203157
0.18162352
0.17980163
0.18290493
0.17896059
0.17757879
0.1804429
0.1804519
0.18137524
0.18246679
0.18361643
0.1792851
0.17972548
0.17991424
0.18027964
0.18400182
0.18048811
0.18090223
0.18176478
0.1825234
0.18400016
0.18079355
0.18252936
0.1819849
0.18459988
0.18451704
0.17959432
0.17834482
0.1839777
0.18322651
0.181118
0.17913663
0.18124235
0.18156037
0.18258783
0.18217655
0.1816178
0.18110903
0.17813627
0.18202163
0.17995512
0.17845476
0.17660744
0.17797826
0.18329707
0.1807091
0.18056044
0.17878291
0.178609
0.1812595
0.18011975
0.17849852
0.17734466
0.17871942
0.1805399
0.17687334
0.18106252
0.1789028
0.17841648
0.1807671
0.17717893
0.18030567
0.17946304
0.1812044
0.18796512
0.17683232
0.17777872
0.17813677
0.18180503
0.18125767
0.18063033
0.17809151
0.17986393
0.18679969
0.18319038
0.17625123
0.18276405
0.17878881
0.17634076
0.17666587
0.1814034
0.1815486
0.18220691
0.18313831
0.18475862
0.18352962
0.18021505
0.17583716
0.1772451
0.17796712
0.18441689
0.18146916
0.17608881
0.18083875
0.1764285
0.18018962
0.17939289
0.17641096
0.18175852
0.17783242
0.18548284
0.18061
0.17884658
0.17666112
0.17724684
0.18374474
0.17949776
0.17987284
0.17862497
0.17343663
0.18161309
0.17790754
0.17691067
0.17826185
0.17480522
0.17549685
0.18059368
0.17334777
0.17887317
0.17476232
0.176668
0.18398872
0.18089314
0.17819935
0.18518403
0.1758983
0.17761582
0.17845462
0.18033849
0.17831308
0.17856333
0.17782925
0.17915367
0.17980371
0.179108
0.17823781
0.17811733
0.18193634
0.17651951
0.1766954
0.17559463
0.17959233
0.1739798
0.18063013
0.17933096
0.17838153
0.1798525
0.18132454
0.18283962
0.17508343
0.17856193
0.17907408
0.180259
0.1810356
0.17706023
0.17979614
0.18441015
0.17661098
0.17547719
0.17857657
0.17386937
0.17684923
0.17672548
0.17438023
0.1757419
0.17493992
0.17811145
0.17868859
0.17833441
0.17619044
0.17840596
0.1724221
0.17592174
0.17600128
0.17500177
0.17240721
0.17409666
0.17743649
0.17615455
0.17429991
0.17982365
0.17729531
0.17242214
0.18124579
0.17449442
0.1727565
0.17336132
0.17675304
0.17537631
0.17654142
0.17266083
0.17434077
0.17141047
0.17670518
0.17422055
0.17568928
0.17307146
0.17513724
0.17159761
0.17565018
0.17288166
0.17289329
0.17475465
0.1705029
0.17916434
0.172808
0.17500497
0.16974945
0.17828232
0.17434083
0.17657444
0.1727832
0.17042945
0.1695456
0.17163089
0.17247856
0.1719529
0.17328751
0.17396946
0.17055736
0.17661878
0.17031223
0.17770465
0.17249863
0.17323829
0.17745823
0.17312282
0.17508239
0.17170142
0.17562167
0.17179985
0.17716347
0.17238554
0.17679611
0.1703385
0.17288974
0.17211168
0.1725719
0.17340542
0.1748497
0.17032376
0.17131148
0.17320034
0.17285627
0.17297399
0.17224017
0.17248572
0.17379636
0.1713974
0.16911484
0.17126104
0.1761598
0.174809
0.17444365
0.17376903
0.17074506
0.17138797
0.1700748
0.16962229
0.17169593
0.16806808
0.1683226
0.1703989
0.17755812
0.16723803
0.1689299
0.17025325
0.17386253
0.16908053
0.16835146
0.16952871
0.17059784
0.1670993
0.17144851
0.17388466
0.1680218
0.17063567
0.17031837
0.17021841
0.16691162
0.16898164
0.17475006
0.17927364
0.17048587
0.17259024
0.1697031
0.1736045
0.16937812
0.17189042
0.17063442
0.16899118
0.16956213
0.17541301
0.17061165
0.17080627
0.16977847
0.17023695
0.17088087
0.1729707
0.16725785
0.16918653
0.16962105
0.17025204
0.16939722
0.17076549
0.17266665
0.16694605
0.17503266
0.17096137
0.16917315
0.1671542
0.17246383
0.17081994
0.17016682
0.16697705
0.17055534
0.16802679
0.16629681
0.1683428
0.16835156
0.16599381
0.17193691
0.16856903
0.16812195
0.16671066
0.1682733
0.17243683
0.16815059
0.17030805
0.1676625
0.16859995
0.16790146
0.16904944
0.16660781
0.16921377
0.16836192
0.16905387
0.17090748
0.17210288
0.17114417
0.16732018
0.1688964
0.17315996
0.1689162
0.16749664
0.17195237
0.16791253
0.16848212
0.16892187
0.1734117
0.17030786
0.17153387
0.1683401
0.17045413
0.17265852
0.16760105
0.17320171
0.16902457
0.17070924
0.17116085
0.16709958
0.1671993
0.16845126
0.17018646
0.16723573
0.17734875
0.16944794
0.16733009
0.16585203
0.16892622
0.16883898
0.17119622
0.17035095
0.16885291
0.16667764
0.16848342
0.16522388
0.16730292
0.17096794
0.16632156
0.16693895
0.16646336
0.16991088
0.16766354
0.16737935
0.1653766
0.16741578
0.16511294
0.16748461
0.16634671
0.167373
0.16518886
0.1674195
0.16804804
0.17475435
0.16867745
0.16756882
0.16641004
0.17157756
0.16756485
0.16942397
0.17115873
0.16652134
0.16866426
0.16394116
0.1685701
0.16612004
0.16510889
0.16953805
0.165529
0.1653269
0.16779166
0.16817187
0.16436537
0.16694395
0.16618508
0.16954608
0.16649117
0.16484511
0.1651226
0.16898948
0.1664028
0.16510436
0.16305023
0.16912495
0.16552818
0.16741903
0.16350244
0.16411398
0.1648309
0.16428126
0.16487165
0.16395383
0.16370216
0.17340825
0.16260985
0.16561277
0.16258107
0.16477889
0.1671784
0.16503787
0.16916575
0.16191196
0.16203615
0.16202424
0.16756645
0.16233282
0.16345769
0.16696884
0.16365977
0.16676629
0.16244361
0.16362607
0.16536768
0.16192251
0.16521136
0.16236235
0.1633495
0.16143075
0.16207735
0.16419657
0.16515036
0.16353722
0.16845043
0.16356859
0.16351414
0.16308528
0.16649535
0.16731775
0.1617396
0.16132244
0.16662967
0.16091411
0.16841508
0.16339983
0.16255793
0.16403337
0.16250664
0.16018075
0.16605447
0.1618234
0.16357963
0.16097873
0.1643107
0.16221298
0.16514125
0.16309735
0.16133556
0.16553205
0.16058029
0.16360229
0.16257362
0.1639163
0.16151436
0.16392057
0.1619856
0.16079201
0.16384877
0.16537236
0.16648874
0.16597253
0.16712655
0.16938773
0.16102451
0.16529849
0.16223873
0.16065358
0.16250473
0.16081809
0.16183981
0.16367641
0.16234145
0.16149467
0.16113234
0.16368344
0.16345741
0.1623447
0.15927146
0.16246104
0.16275093
0.16516526
0.1640684
0.16584323
0.16103043
0.1659616
0.16030377
0.16134146
0.1604414
0.16335534
0.16068783
0.1603334
0.16124637
0.15965259
0.16370535
0.1649798
0.16400288
0.16086373
0.16390279
0.16090636
0.16265312
0.1652676
0.16157454
0.16047448
0.16200234
0.16133419
0.17028421
0.1596917
0.1601385
0.16181585
0.15977494
0.16370516
0.16473497
0.1603082
0.16384381
0.16009682
0.15843119
0.16289122
0.16227643
0.1616252
0.15891373
0.16005962
0.16251974
0.15758051
0.15826379
0.15748923
0.16038226
0.16104792
0.15998313
0.16140424
0.15956998
0.16038036
0.1624467
0.16365728
0.15860197
0.15955757
0.15783687
0.16213156
0.1579071
0.16042575
0.15995385
0.155993
0.16189812
0.16321854
0.1609802
0.15731183
0.16200975
0.15587619
0.15440351
0.15598291
0.15886012
0.15584522
0.15869275
0.15922926
0.15975152
0.15955096
0.15882172
0.1602724
0.15785787
0.15785985
0.16280453
0.15874593
0.15705311
0.15727198
0.16376044
0.1604413
0.15764643
0.15875968
0.1568631
0.15825734
0.15894493
0.16148233
0.1563837
0.1634326
0.16205342
0.15740032
0.15831555
0.15585671
0.15666243
0.15760793
0.15919967
0.1557531
0.15545283
0.1563912
0.16039069
0.15490136
0.15760837
0.1575274
0.1549813
0.15830794
0.15726806
0.15928255
0.15858713
0.15853368
0.16062464
0.16344556
0.15999213
0.15626666
0.16056743
0.1576001
0.15794304
0.158726
0.1624332
0.15730534
0.15780646
0.16086315
0.1588354
0.15930612
0.15667002
0.15796502
0.15895686
0.15526694
0.15725236
0.15850534
0.15686448
0.16044998
0.15671746
0.15594663
0.15955538
0.15819377
0.15750624
0.1568431
0.15880617
0.15501595
0.15466644
0.15558183
0.15709513
0.15543498
0.1606243
0.15747212
0.15326478
0.16052769
0.15491526
0.15525317
0.1560441
0.15755004
0.15870205
0.15894383
0.1568425
0.15863203
0.15362376
0.15662487
0.1559448
0.15458323
0.15507045
0.15504822
0.15481946
0.1588816
0.15392485
0.15531732
0.15508565
0.15592593
0.1547274
0.15303412
0.15398803
0.157252
0.1563797
0.1588669
0.15898049
0.16067362
0.15721177
0.16015302
0.15323187
0.15810236
0.15392847
0.15551136
0.16103339
0.1667098
0.16056125
0.1591142
0.15797158
0.15890822
0.16002297
0.15737924
0.15875734
0.15477137
0.15560506
0.15598369
0.15637805
0.15604383
0.15620337
0.15586656
0.15689452
0.15619105
0.15672
0.15706958
0.15458085
0.15580624
0.15555638
0.15761316
0.15672876
0.15416235
0.15608427
0.15719163
0.15546438
0.15555184
0.15590477
0.1552797
0.15452367
0.15542556
0.15367405
0.15323836
0.15269902
0.15510471
0.15428896
0.1588208
0.15852772
0.15522362
0.15493628
0.15344317
0.15119624
0.15136153
0.15365486
0.15414518
0.15314226
0.1597522
0.15531096
0.1577018
0.15462528
0.15423194
0.15226912
0.15472083
0.15213625
0.15409523
0.15701601
0.15896237
0.15354146
0.14974332
0.15706213
0.15194961
0.15285084
0.15457167
0.15430588
0.15498799
0.1546781
0.15328853
0.15222313
0.15684019
0.15585941
0.15550046
0.15425478
0.15465583
0.15292285
0.1539291
0.15138535
0.15134643
0.1533373
0.15155712
0.15508884
0.15620261
0.15217817
0.15159737
0.15344986
0.15770753
0.1536704
0.15422304
0.15245281
0.15576538
0.15156807
0.1511965
0.15285292
0.15072984
0.15167487
0.15185058
0.15033989
0.15191817
0.15402903
0.15088972
0.15166023
0.153202
0.15265472
0.15270843
0.15385863
0.15297222
0.15584765
0.14999208
0.15117612
0.15297835
0.1509007
0.14964618
0.153083
0.15496261
0.14962964
0.15366387
0.15066023
0.15449794
0.15206948
0.15192042
0.14910501
0.15004137
0.15394588
0.14876942
0.15081048
0.14892432
0.15187398
0.15522783
0.15293686
0.15375322
0.15563753
0.15203588
0.15308537
0.14920317
0.15390839
0.15002798
0.1531142
0.14934887
0.15470959
0.1563461
0.1512865
0.15571198
0.15107773
0.15199438
0.15333611
0.15394472
0.15819182
0.15592666
0.1519476
0.15115269
0.14971589
0.15045156
0.15080862
0.15372564
0.15167904
0.15515086
0.15241829
0.14931513
0.15010765
0.15263687
0.15377045
0.15375194
0.1523605
0.15542121
0.15410092
0.15382878
0.15129463
0.15061629
0.15294585
0.15106152
0.15198423
0.15948685
0.15400429
0.14925495
0.15283048
0.15551896
0.15324847
0.15180607
0.14958166
0.15045665
0.15885647
0.15257496
0.15420893
0.14964925
0.15198176
0.14969003
0.15068948
0.14886418
0.15052147
0.15115333
0.15344405
0.15313433
0.15754119
0.14948687
0.15048298
0.15118027
0.15124868
0.14988838
0.1515528
0.14888504
0.14921516
0.1534062
0.15104553
0.1506598
0.14863203
0.14920549
0.15645489
0.14827684
0.14963529
0.14883861
0.15054457
0.1494265
0.15555975
0.15040107
0.14760023
0.14842257
0.14978845
0.15248972
0.14915071
0.14925398
0.1555189
0.14795454
0.15158896
0.15145314
0.14876918
0.15152137
0.14912057
0.15454963
0.15097862
0.15154058
0.14903438
0.14790945
0.14788653
0.15023133
0.1543301
0.15215138
0.15107387
0.14890638
0.15319113
0.14637828
0.14945306
0.14984383
0.14921103
0.15078554
0.14750044
0.14868416
0.14913447
0.15026261
0.14919327
0.14770986
0.1482526
0.14932619
0.15010738
0.15030104
0.14866012
0.15019867
0.15013725
0.15018733
0.15012735
0.14819792
0.15089777
0.14932348
0.14615476
0.14896296
0.14809474
0.15142299
0.14861344
0.15185405
0.14773966
0.14862217
0.14992313
0.14846165
0.14829892
0.15099345
0.14741345
0.14608842
0.14816724
0.15211825
0.15041423
0.14827028
0.14951092
0.153255
0.14821589
0.14998181
0.1472549
0.15123741
0.14722198
0.14889753
0.14748617
0.15079619
0.14773813
0.14944817
0.15105352
0.14809279
0.15116987
0.1507587
0.15015016
0.14778662
0.1471231
0.14668058
0.14939477
0.14704666
0.14911598
0.1477855
0.14607197
0.14800231
0.14625132
0.14832999
0.14560647
0.1506049
0.1486577
0.14733486
0.15157542
0.1489419
0.14761917
0.14553705
0.14792907
0.14777659
0.1485853
0.14778665
0.14694315
0.14834285
0.1464872
0.14791149
0.14805485
0.1479203
0.14462806
0.14580306
0.14798324
0.14970307
0.14704312
0.14486186
0.14537416
0.14609946
0.14805335
0.14785723
0.14597821
0.14641212
0.14839737
0.15009496
0.1468799
0.14630087
0.14832458
0.14614789
0.14835788
0.1452804
0.146548
0.14400488
0.14410073
0.14538462
0.14697245
0.14511871
0.14668554
0.14724287
0.14838457
0.14426975
0.1460729
0.1469409
0.14585307
0.14599253
0.14899722
0.14445719
0.14438236
0.1471186
0.14541723
0.14636202
0.1444978
0.14541885
0.14374475
0.14453353
0.14372145
0.14635397
0.14571074
0.14336269
0.14640263
0.14524709
0.15183666
0.14743105
0.14434212
0.1441282
0.14944194
0.14536768
0.14655918
0.14365476
0.14695582
0.14810123
0.14615609
0.14530015
0.1451603
0.14678226
0.14603995
0.14490622
0.14431323
0.14569694
0.1467756
0.14841773
0.14507656
0.14918046
0.15024184
0.14522555
0.14442904
0.14419656
0.14669278
0.14573435
0.14531381
0.14441922
0.14572634
0.1472728
0.1445003
0.14856215
0.14637184
0.14850605
0.146847
0.1456541
0.14426455
0.14704968
0.14362594
0.14491563
0.14447394
0.14626539
0.14860433
0.14531897
0.14513345
0.15257156
0.14393725
0.14552248
0.14416762
0.14357588
0.14569187
0.14593698
0.14484796
0.14473608
0.14489657
0.14529921
0.14911188
0.14313081
0.1429812
0.14493582
0.14572728
0.14637315
0.14596666
0.14468293
0.14942737
0.14816584
0.14720772
0.14742273
0.1463573
0.14562385
0.15116051
0.14654504
0.14415923
0.14667061
0.1456127
0.14449309
0.1450177
0.14481974
0.1444341
0.14402379
0.14757022
0.14599335
0.14472806
0.14317925
0.14517562
0.14170885
0.1424248
0.14284374
0.14388782
0.14387667
0.15002137
0.14518207
0.14472902
0.1430931
0.14409038
0.14538616
0.1436093
0.14658408
0.1471989
0.14399232
0.14625973
0.1438984
0.1452472
0.14522204
0.14604157
0.14529145
0.1422991
0.14219125
0.14864008
0.14523289
0.14547925
0.1427712
0.14522187
0.14371839
0.14105056
0.14584869
0.14579993
0.14573157
0.14198563
0.14369178
0.14378181
0.14213784
0.14322153
0.1450078
0.14238274
0.14520222
0.14486267
0.14259535
0.14395258
0.149524
0.14361289
0.14235485
0.14313613
0.14275229
0.14326456
0.14274204
0.14137863
0.14310268
0.1456011
0.1397436
0.14427544
0.14138985
0.14288312
0.14062235
0.14226167
0.14298792
0.14351064
0.14317572
0.14648636
0.14347503
0.14526436
0.142651
0.14326774
0.14514154
0.14619154
0.1418774
0.14697307
0.14091258
0.14296515
0.14539619
0.14864567
0.14296484
0.14638056
0.14135621
0.1441654
0.1421056
0.14052315
0.14220583
0.14406505
0.14076391
0.14009598
0.14614703
0.1431925
0.14203978
0.14616475
0.14416945
0.14228617
0.14257768
0.13982151
0.14234297
0.13967341
0.14049956
0.14482757
0.1404485
0.14301655
0.14177118
0.14463323
0.14143242
0.1412036
0.1442123
0.1396586
0.13800034
0.14470339
0.14416623
0.14004864
0.144933
0.14180972
0.14471923
0.14375587
0.13787343
0.14071622
0.14339499
0.13783373
0.14056194
0.13998507
0.14042516
0.14368305
0.14131926
0.14264631
0.1408467
0.13980833
0.14207587
0.14302959
0.14105092
0.14313072
0.14260817
0.14319462
0.14182085
0.14070909
0.14522141
0.14602362
0.14261168
0.14334235
0.14209096
0.14083154
0.14086218
0.14224103
0.14012459
0.13990594
0.14090778
0.1449137
0.14363319
0.13798387
0.14086914
0.14272721
0.1385587
0.14061356
0.14055827
0.13915533
0.14149094
0.13803524
0.13987112
0.14127001
0.14281605
0.13826726
0.14047125
0.14383112
0.1412375
0.14257444
0.1415449
0.13868198
0.14054488
0.13941076
0.14282615
0.14000663
0.13932507
0.14012429
0.13974223
0.13982806
0.141789
0.14115986
0.13803808
0.14095375
0.13933718
0.1388969
0.1395132
0.13878806
0.14191516
0.14010441
0.14108767
0.14158049
0.14308769
0.13769417
0.13794178
0.13864312
0.13883328
0.13831478
0.14126952
0.1459165
0.13934694
0.14157628
0.14311881
0.13853794
0.1402705
0.1398341
0.14425288
0.13878678
0.14573735
0.14466347
0.13971235
0.14297274
0.13949047
0.13919188
0.14147836
0.1402888
0.14203058
0.14151397
0.13992487
0.14153257
0.14368494
0.14303878
0.13827264
0.14088662
0.14259152
0.14103614
0.13742031
0.14354879
0.13723682
0.13747297
0.14001063
0.14151199
0.14120807
0.14011557
0.14241326
0.13733882
0.14046901
0.1421191
0.14071462
0.13774297
0.1405354
0.14155327
0.1423008
0.13765317
0.14135444
0.14271599
0.14088836
0.14139612
0.14287458
0.14162052
0.1411606
0.14318845
0.1443454
0.13974139
0.14322253
0.14100882
0.13764305
0.14078872
0.1410425
0.13644738
0.13774791
0.1396917
0.13871919
0.13685423
0.13954243
0.14073265
0.14102694
0.14246528
0.13791384
0.14166081
0.1377696
0.14301847
0.13956498
0.13826357
0.13700934
0.14432585
0.14062132
0.1396715
0.13906752
0.1374894
0.14269713
0.14067851
0.13786858
0.13840286
0.13857335
0.14232534
0.13798603
0.14072035
0.13945729
0.14358424
0.13817595
0.13828743
0.13889389
0.13970956
0.13920014
0.14002004
0.13959177
0.13769382
0.14206308
0.1392347
0.13970669
0.13956286
0.1403925
0.13777457
0.14291213
0.14333713
0.13989297
0.14304237
0.14091253
0.14328219
0.14071868
0.13813505
0.13650036
0.14036652
0.1411942
0.13975953
0.14080994
0.13898413
0.14217025
0.13728984
0.13833168
0.13706931
0.1367752
0.13658372
0.13750678
0.1367117
0.13823195
0.14196159
0.13527451
0.14115947
0.1404949
0.13747907
0.13723369
0.14002763
0.14035526
0.13775739
0.14068544
0.13862282
0.13946323
0.13820477
0.14019041
0.13771997
0.14219719
0.14060226
0.14134704
0.13759413
0.13739607
0.13889226
0.1365885
0.13601352
0.13951957
0.1377573
0.13776164
0.14116576
0.13869089
0.14025427
0.14186412
0.13713989
0.13579072
0.13581392
0.1361637
0.13798326
0.1420624
0.13900654
0.13590245
0.1380967
0.13739945
0.13562547
0.13630709
0.13625039
0.13707125
0.13967012
0.13897888
0.13677889
0.13483511
0.13795497
0.13740101
0.13675955
0.13665214
0.1358163
0.13839145
0.13824931
0.13671425
0.13852505
0.14328441
0.13849157
0.13805477
0.13689709
0.14199874
0.13753739
0.14138643
0.13928525
0.13818951
0.1352313
0.14069243
0.13867156
0.13929918
0.13822962
0.14434618
0.13773581
0.13943978
0.13738433
0.1384391
0.13950884
0.14126045
0.13795818
0.13713646
0.1381974
0.13861139
0.14165175
0.13945337
0.1380535
0.14050879
0.13837315
0.13882042
0.13613169
0.1403897
0.14492108
0.13707928
0.13495366
0.13616453
0.14075994
0.13605039
0.13501522
0.13934238
0.13631627
0.13986886
0.13435653
0.13779543
0.13513216
0.13905072
0.14095952
0.13737237
0.13532323
0.13992672
0.1353515
0.13671103
0.13732566
0.13878882
0.1377312
0.13566592
0.13400982
0.13576944
0.13913345
0.13742949
0.13808928
0.13599524
0.13628767
0.13537405
0.13685949
0.13940616
0.13754186
0.13805877
0.13902517
0.1365186
0.13629603
0.13468462
0.13740858
0.13471876
0.14302088
0.13486522
0.13761044
0.13602869
0.13614091
0.13664617
0.13492987
0.1357588
0.13649921
0.13629901
0.13582739
0.14009222
0.13704029
0.13725251
0.13689387
0.13581392
0.13801642
0.13562322
0.13653512
0.13641539
0.13598678
0.1364878
0.13621731
0.13385297
0.13320148
0.14096627
0.13406888
0.13443948
0.13850181
0.13661133
0.13372305
0.13379021
0.13333736
0.13503183
0.13635404
0.13787927
0.1367478
0.13667996
0.13409568
0.13497908
0.13411114
0.13426478
0.13543543
0.1364024
0.13458367
0.13678698
0.13627745
0.13509706
0.13476282
0.13416713
0.1349024
0.13873412
0.13478506
0.134111
0.1338608
0.13421072
0.13386971
0.13559455
0.13546602
0.13800225
0.13467528
0.13384885
0.13307695
0.13368037
0.13653624
0.13103032
0.13135977
0.1365996
0.13509785
0.13220601
0.13325503
0.13411367
0.13288334
0.13271841
0.13209355
0.13058633
0.13102546
0.1303742
0.13494493
0.13334921
0.13440742
0.134777
0.13868147
0.13258353
0.13310468
0.13424058
0.13640939
0.13481323
0.13258913
0.13520128
0.13347214
0.13567208
0.1344009
0.13401985
0.1364897
0.13683118
0.13720362
0.13293731
0.13621323
0.13464922
0.1341879
0.13501407
0.13629359
0.13931142
0.13579702
0.13812205
0.1355635
0.1340502
0.13192847
0.1327742
0.13483264
0.13521384
0.13270807
0.1330002
0.1349736
0.13580965
0.13523093
0.13223696
0.13280128
0.13259679
0.13399997
0.13256817
0.13577227
0.13250828
0.1349387
0.13546684
0.13759597
0.13480102
0.13567424
0.13294199
0.13374336
0.13532576
0.13539201
0.13665453
0.13941824
0.13400392
0.13419734
0.13280055
0.13448188
0.13564306
0.13503277
0.13527437
0.13304977
0.13727625
0.13360153
0.13453457
0.13421384
0.13726196
0.13444397
0.136856
0.13480446
0.13612142
0.13666517
0.13634343
0.13227433
0.1305972
0.13847175
0.13875474
0.13645479
0.13318667
0.13416493
0.13426599
0.13359493
0.13305771
0.13259152
0.1328056
0.13370319
0.13341306
0.13488165
0.13134378
0.13343114
0.13240264
0.13050988
0.13177207
0.13119826
0.13257766
0.1333772
0.1322882
0.13304606
0.13206068
0.13734218
0.13633363
0.130847
0.13287519
0.13405444
0.1316578
0.13239454
0.12994263
0.1323589
0.13534172
0.13964531
0.13379385
0.13201945
0.13157189
0.13232414
0.1352368
0.13202378
0.13347383
0.13450193
0.1329407
0.13686721
0.131222
0.13404037
0.13281778
0.131435
0.13085598
0.13147733
0.13066666
0.13150306
0.13382547
0.13420874
0.13267861
0.13087827
0.13054462
0.13131417
0.12992631
0.13210262
0.13237686
0.13155207
0.13060099
0.13313119
0.13030297
0.13115141
0.1301211
0.13155928
0.13321897
0.1281926
0.1345437
0.13157865
0.13702105
0.13176721
0.13267912
0.13184871
0.13666725
0.13346352
0.131346
0.13142765
0.13423696
0.13012175
0.1361909
0.13325493
0.13446777
0.13653155
0.13267645
0.13280651
0.13256107
0.13153577
0.13348177
0.13128212
0.13305669
0.12936117
0.1312127
0.13820376
0.13519053
0.1360235
0.1353853
0.13305068
0.13125303
0.1336114
0.13441476
0.13149774
0.1323495
0.13192098
0.13809484
0.1300755
0.13226078
0.13077582
0.13300933
0.13366866
0.12976478
0.1335781
0.13056166
0.13206804
0.13095666
0.13060589
0.13216601
0.12992504
0.13374732
0.13165629
0.13144803
0.13057148
0.13312471
0.1330776
0.12909973
0.13209113
0.13330035
0.13126694
0.12978925
0.12897198
0.12786447
0.13072874
0.12985769
0.13181186
0.13264248
0.13099721
0.12971747
0.13038585
0.13157527
0.12996559
0.12869859
0.13142586
0.13170673
0.13383085
0.1315889
0.13538927
0.13302134
0.13065039
0.13227282
0.12817499
0.12987065
0.13017349
0.13277543
0.13193496
0.13159001
0.13442549
0.13074209
0.13159673
0.13488589
0.13356107
0.13015872
0.13115181
0.12945734
0.13133807
0.13177074
0.12991159
0.13152255
0.13121006
0.13168687
0.13172732
0.1319834
0.13029237
0.1290426
0.13293079
0.1313525
0.13105142
0.13137752
0.13243762
0.13173272
0.13424286
0.13196382
0.1364675
0.1327436
0.13360031
0.13126287
0.13347931
0.13248257
0.13282004
0.13599087
0.13289513
0.13282377
0.13534777
0.1318253
0.13169853
0.13297805
0.13167024
0.13176353
0.1344806
0.1321094
0.13632075
0.12973356
0.13170132
0.13595058
0.13213634
0.13013695
0.13295218
0.13315116
0.13006449
0.1295591
0.13373338
0.13035779
0.13391475
0.13398337
0.13165845
0.12932958
0.13396418
0.12965953
0.13584055
0.12908545
0.13080826
0.12860091
0.12911052
0.12957977
0.12956482
0.1289069
0.12963323
0.13304898
0.12953526
0.12858386
0.1308172
0.13083744
0.12941128
0.13485312
0.13059686
0.13314405
0.1314905
0.1310417
0.13561709
0.13328871
0.13016045
0.13709441
0.12915951
0.13498743
0.12942888
0.1296653
0.13105917
0.12742767
0.13139834
0.13223426
0.13496986
0.13212556
0.13175528
0.13069339
0.13024248
0.13663957
0.13498159
0.12951383
0.13062677
0.130348
0.13061003
0.12886323
0.1340349
0.13266526
0.13292345
0.12998864
0.1305081
0.12703349
0.12891245
0.12889782
0.12881966
0.12884395
0.12850699
0.12899281
0.131423
0.13114968
0.13068068
0.12921508
0.13005172
0.13067254
0.13206314
0.12953638
0.13044794
0.13085093
0.13395196
0.13108408
0.12958021
0.13334113
0.13114348
0.13089098
0.1279358
0.13485071
0.1312301
0.13302474
0.13110894
0.13080436
0.13364963
0.1281778
0.12957239
0.12897505
0.13116321
0.13073121
0.1327953
0.12985261
0.13121882
0.13443786
0.13232233
0.13348337
0.12920174
0.13330801
0.128329
0.13131543
0.12653452
0.13019425
0.13020226
0.132525
0.12877582
0.1312017
0.13143629
0.13056347
0.13114975
0.12925442
0.13439481
0.13322303
0.12754516
0.13381
0.13219534
0.1287369
0.12990293
0.13174915
0.13003762
0.12949134
0.1298503
0.13331804
0.13465324
0.1298387
0.1318689
0.12991576
0.13492723
0.13004464
0.13153554
0.1328004
0.1299717
0.12762263
0.12921357
0.13209875
0.12824018
0.13099362
0.13298595
0.13072358
0.13032912
0.13154621
0.1310772
0.1276184
0.1266193
0.12710512
0.1276896
0.12992187
0.1285511
0.13026847
0.12810582
0.1276322
0.12798223
0.12844674
0.13107535
0.12854055
0.128397
0.12602925
0.12546785
0.12632862
0.12671521
0.13214158
0.12735797
0.1305862
0.12731019
0.12672573
0.13017848
0.13076887
0.13206868
0.12946916
0.12788028
0.12904929
0.12960282
0.12804855
0.12961197
0.13031195
0.13086902
0.1272917
0.12757502
0.13121518
0.13375066
0.13075018
0.13762073
0.13096441
0.1290398
0.1300533
0.12646513
0.12861583
0.12988234
0.13053423
0.12978278
0.13052091
0.12889564
0.12980229
0.12846082
0.12832324
0.12795621
0.1303287
0.13467832
0.124285094
0.12653422
0.12632687
0.12755297
0.12985256
0.12918065
0.12733123
0.12789829
0.12634401
0.12628467
0.12768607
0.12740663
0.1261047
0.12485111
0.12683338
0.12850691
0.12580498
0.12712595
0.12860166
0.12880409
0.12609798
0.12761386
0.12514873
0.12877944
0.1305062
0.12771453
0.1266782
0.126198
0.12646578
0.12617615
0.12839717
0.13557553
0.12846296
0.13069823
0.12930506
0.12706144
0.1320819
0.12975067
0.12699619
0.12680757
0.12753797
0.12752937
0.12809575
0.1304562
0.125892
0.12885338
0.12908642
0.13070928
0.12595133
0.128046
0.12765203
0.12999615
0.12380184
0.12682469
0.12682185
0.12886041
0.126597
0.12818779
0.12834275
0.13244826
0.12635878
0.12682414
0.12658669
0.12620158
0.12954497
0.13095774
0.12714073
0.12562522
0.12791255
0.1291777
0.12518676
0.12682605
0.12723441
0.12796496
0.12807731
0.12777819
0.12848549
0.13151743
0.12927143
0.1286799
0.12697989
0.12799783
0.12922673
0.12511525
0.12911028
0.12840691
0.124699675
0.12801683
0.12876318
0.12860313
0.12964989
0.12581559
0.13178048
0.12685223
0.13088539
0.12703016
0.12857604
0.123576105
0.12710509
0.13155606
0.12568733
0.12501721
0.1278025
0.12596178
0.12855081
0.12724972
0.12622872
0.12584259
0.12480597
0.12794071
0.1285116
0.12693985
0.12646468
0.12825394
0.12796232
0.12616624
0.12695526
0.12857565
0.12469533
0.12599026
0.12541415
0.124938905
0.12729901
0.12644398
0.12615785
0.12738691
0.12628563
0.12737979
0.12755005
0.1263614
0.12820515
0.12710804
0.12570727
0.1275316
0.12494055
0.12475644
0.12715095
0.12675557
0.12578434
0.1276451
0.12536027
0.12673412
0.12797971
0.12549525
0.12758128
0.1252428
0.12685876
0.12539016
0.12563688
0.12419678
0.1235863
0.12615778
0.12707643
0.12575117
0.12878077
0.12550196
0.12708844
0.1241844
0.12647326
0.12547301
0.12836272
0.12483724
0.12343413
0.12339022
0.12793516
0.12584946
0.12402335
0.12368725
0.12693638
0.13005453
0.12471175
0.12846275
0.12744118
0.12427503
0.12353695
0.12561223
0.12441266
0.12430504
0.12327969
0.12403979
0.12805803
0.123136304
0.12239742
0.12392377
0.12454221
0.123251505
0.12494986
0.12424122
0.12297588
0.12585677
0.12436396
0.12366347
0.1240947
0.12260889
0.12507035
0.12529436
0.12382372
0.12213805
0.12873669
0.12544098
0.12127433
0.12553565
0.1224254
0.12377772
0.12657326
0.12504083
0.12880537
0.12299141
0.12630047
0.12528005
0.12334301
0.12736209
0.124501675
0.12776403
0.1244166
0.12838548
0.12410433
0.12718464
0.12759148
0.12476813
0.12764676
0.123347014
0.12729533
0.13085502
0.12729365
0.12345379
0.12480357
0.12560327
0.12828577
0.12965429
0.12748575
0.12574933
0.12871395
0.12551284
0.1284547
0.12886837
0.12763917
0.13160196
0.12329644
0.124364674
0.12880397
0.13049318
0.12751482
0.12798631
0.12703186
0.12836646
0.12625606
0.1258447
0.12566255
0.12882067
0.124495275
0.12415972
0.12387506
0.12565458
0.12546471
0.12654781
0.13142781
0.12940763
0.12512119
0.124892965
0.12753019
0.12548108
0.12408583
0.12688841
0.12642314
0.12677981
0.12374949
0.13080002
0.12778305
0.12521358
0.12737268
0.12732835
0.12994392
0.12770624
0.1262801
0.12477858
0.12723722
0.12560633
0.12298419
0.124038525
0.12904868
0.1259986
0.1278605
0.12373937
0.12626664
0.12465186
0.12413945
0.12390933
0.124210864
0.12740214
0.1248624
0.12888288
0.12932687
0.12685017
0.12665662
0.12485348
0.126071
0.12694323
0.12484834
0.12480722
0.124911994
0.12618957
0.1249035
0.123897344
0.12903948
0.12414293
0.12328042
0.12493088
0.12286455
0.123992786
0.12434188
0.123259135
0.12275495
0.122315
0.12396725
0.12729657
0.12514813
0.12647852
0.1243175
0.122339666
0.1270478
0.12723692
0.12931047
0.123644516
0.12556975
0.12322278
0.12655756
0.12283637
0.12489714
0.124674745
0.12353369
0.1269781
0.12217165
0.12194796
0.12764446
0.12532859
0.12436909
0.122792415
0.12600067
0.12467151
0.12488094
0.1263174
0.12609883
0.12561442
0.12387509
0.124938354
0.12162184
0.124959685
0.12247742
0.12438703
0.12701572
0.12175014
0.123984985
0.12373904
0.1230108
0.12261052
0.12472137
0.12280118
0.1226034
0.12646611
0.124203235
0.1251659
0.12364831
0.12486575
0.12762085
0.124173045
0.121476606
0.124910355
0.12379415
0.12614083
0.12471084
0.124182455
0.12212362
0.124641426
0.12441829
0.12674372
0.12518035
0.12259687
0.12565437
0.12607622
0.12476326
0.12457858
0.12788796
0.12796105
0.122381166
0.12304692
0.124838665
0.12132777
0.1231408
0.12406198
0.123367205
0.12416005
0.12160894
0.12269655
0.12499159
0.12242912
0.12300029
0.123257555
0.12432538
0.124526925
0.12333389
0.12635757
0.123472065
0.12695096
0.12533204
0.122753255
0.12399662
0.12138882
0.12254813
0.12315733
0.12379878
0.12236
0.12343082
0.12283129
0.12243273
0.1221824
0.12226477
0.12102152
0.12527975
0.12511002
0.120775834
0.12244627
0.12670763
0.12387082
0.12154782
0.12303725
0.12407416
0.123259485
0.12726052
0.121125005
0.123198576
0.12407884
0.12593043
0.122830115
0.123648904
0.1229268
0.12171946
0.12240634
0.12200405
0.1237825
0.1256614
0.12245198
0.12619539
0.12330144
0.1255481
0.123375356
0.12364125
0.12403357
0.12106651
0.12467772
0.1228048
0.12142709
0.122265175
0.12231758
0.122985154
0.12196292
0.12419174
0.1260257
0.1216632
0.121842906
0.12439461
0.12529865
0.12129128
0.12430567
0.1246955
0.12205735
0.12312632
0.12009413
0.12139634
0.12334222
0.12498785
0.12308258
0.12016758
0.122280695
0.122136064
0.123034716
0.12120146
0.122639365
0.12354952
0.12539044
0.12248706
0.12190383
0.12509531
0.12304566
0.12391936
0.12270028
0.12328352
0.12930304
0.12182028
0.119938046
0.121629275
0.12542596
0.123372614
0.12245151
0.12233472
0.12136866
0.12046275
0.12080933
0.12560648
0.120676674
0.12163506
0.12448547
0.12164759
0.1235427
0.123456135
0.1219181
0.12471476
0.12172198
0.12517212
0.12420035
0.12663898
0.12288283
0.12112581
0.12293398
0.123051584
0.12401685
0.12059593
0.12072187
0.12241531
0.12251331
0.12075703
0.1198009
0.122806616
0.123683095
0.11939307
0.12521581
0.12572002
0.12179424
0.12494128
0.1238918
0.12142648
0.12157449
0.12060533
0.12098619
0.1250924
0.11993066
0.1263157
0.11960268
0.12366055
0.121224806
0.12045107
0.12470107
0.12175741
0.12215573
0.120634235
0.12026528
0.12173247
0.121326976
0.123473525
0.12565398
0.120300636
0.12250986
0.12006779
0.12109318
0.122920536
0.12392051
0.12222518
0.12171932
0.12145154
0.121091045
0.12012439
0.12042776
0.122059286
0.12341957
0.12163955
0.12311634
0.12217098
0.12496245
0.123331614
0.12128272
0.12159247
0.12142102
0.119344965
0.12213425
0.12497814
0.12381535
0.11987939
0.124215156
0.12111014
0.1198348
0.11904179
0.11931118
0.121155344
0.120401114
0.12205126
0.12162764
0.12235583
0.11975857
0.119381
0.124577485
0.11975503
0.12182674
0.11966608
0.12296884
0.12050224
0.1205685
0.12230493
0.12245168
0.12396295
0.12213248
0.12029497
0.123300955
0.122065455
0.12553348
0.12241148
0.119692266
0.120390885
0.12282293
0.12250745
0.122427516
0.12434593
0.12265933
0.123523206
0.12509428
0.1236888
0.12106166
0.12095712
0.12149236
0.121167615
0.12375053
0.12418301
0.12265168
0.12258956
0.11915014
0.122195385
0.12173345
0.12119383
0.11994752
0.12331376
0.119718395
0.120554686
0.12025542
0.11860778
0.11856357
0.12186548
0.12043899
0.12260021
0.124480866
0.11996292
0.12194328
0.120466895
0.11920668
0.119369924
0.11825439
0.119798064
0.120357685
0.119593576
0.119040675
0.11707896
0.122851856
0.1194703
0.11955081
0.12194739
0.12056559
0.120657824
0.117756024
0.122135535
0.12047083
0.121529885
0.12105775
0.11766615
0.120097734
0.122622296
0.12047132
0.121059485
0.12221299
0.120688915
0.12326034
0.1212636
0.11861808
0.1223861
0.12097307
0.12073329
0.11971116
0.12319002
0.11917745
0.12010575
0.12121473
0.12055525
0.12055391
0.11904567
0.12176666
0.12002755
0.12054304
0.12029534
0.121019684
0.12254093
0.11931293
0.119957425
0.118331924
0.11996033
0.119448096
0.11903112
0.118895106
0.119483314
0.11777608
0.12039957
0.12133549
0.11936103
0.11966558
0.11985313
0.12115389
0.11754598
0.119954035
0.11913505
0.1177296
0.11726335
0.11731723
0.118136115
0.117343
0.11995491
0.11865843
0.11922687
0.118110694
0.116058916
0.116935134
0.12064321
0.118275575
0.12205166
0.11848799
0.120743856
0.124421775
0.11802815
0.11997801
0.12087762
0.119321145
0.11746034
0.11609486
0.11912402
0.12823167
0.11823955
0.12028738
0.11880129
0.1185071
0.11800094
0.117043145
0.12036034
0.11879363
0.11914257
0.12070698
0.11756314
0.117184386
0.12000826
0.11756905
0.11900889
0.11905977
0.12170699
0.11787615
0.11681408
0.117770545
0.11893271
0.119004324
0.122843765
0.11847423
0.117774054
0.11776801
0.12167968
0.11747972
0.11865643
0.11783452
0.11751338
0.1201922
0.12226317
0.12102573
0.119435094
0.11743832
0.1165481
0.118429504
0.11724595
0.11672301
0.11948896
0.117445804
0.11761871
0.1165716
0.117630824
0.11887272
0.11720789
0.123418905
0.12011447
0.12074211
0.11756444
0.11745827
0.11940708
0.1185824
0.12100018
0.11820116
0.120103605
0.11671726
0.12063308
0.11876673
0.11745174
0.11986572
0.11710652
0.115789145
0.114964515
0.12211522
0.11740962
0.11656867
0.11856219
0.12041142
0.11666699
0.114923194
0.11631433
0.11763488
0.11992296
0.11664629
0.11800472
0.11704038
0.11609555
0.118995234
0.114766434
0.11695595
0.11597763
0.11768928
0.12113588
0.11402314
0.11935505
0.120517224
0.11604379
0.12033393
0.118059136
0.11622886
0.116503485
0.11600407
0.11815128
0.11741434
0.11727595
0.11723105
0.117804
0.11730431
0.11957616
0.11604634
0.11818882
0.1185264
0.116674565
0.118357435
0.11894359
0.11781589
0.11794941
0.11685143
0.11857314
0.118721
0.11589961
0.11776443
0.117243566
0.1156432
0.116138905
0.12016449
0.11632504
0.11703499
0.114822164
0.11972629
0.117199585
0.11736203
0.11758583
0.12015996
0.11965901
0.117315724
0.116105005
0.11628807
0.11899238
0.11900834
0.11885256
0.121280484
0.11619622
0.12142954
0.1174592
0.1157576
0.12281326
0.11864037
0.11588819
0.11909658
0.118837394
0.11682757
0.11521696
0.11440409
0.116877824
0.1169237
0.11615908
0.117964506
0.12053672
0.11762045
0.117742136
0.11900234
0.119519815
0.115314946
0.11567331
0.11644993
0.118045375
0.11583203
0.12167991
0.11503947
0.11646269
0.120057866
0.11986684
0.11546354
0.11464822
0.11671825
0.11652757
0.11516684
0.11656043
0.11624918
0.12242732
0.11592444
0.11515227
0.1151904
0.11567851
0.11948311
0.11371355
0.11594081
0.116947725
0.115629345
0.11919021
0.11798473
0.115942664
0.11718429
0.11720584
0.115551
0.11656215
0.11786647
0.1168513
0.115397476
0.11904133
0.12115275
0.11482142
0.11740482
0.11766026
0.116754465
0.118237436
0.11837023
0.117766954
0.12441642
0.11638543
0.11804326
0.11776453
0.117517605
0.115856595
0.11730368
0.11962176
0.114322744
0.11663082
0.11655092
0.11423362
0.11405914
0.11752372
0.11668766
0.11907202
0.11660512
0.11757168
0.11499003
0.12084824
0.11505159
0.11694028
0.11806131
0.1149147
0.11943948
0.11646692
0.116287224
0.11664288
0.11663535
0.11548278
0.12150314
0.1154015
0.11537676
0.11602783
0.11529175
0.116473936
0.11569812
0.11370327
0.11592908
0.11654404
0.11786105
0.11535191
0.11420557
0.118629694
0.11993426
0.1171616
0.117088236
0.11427352
0.115005374
0.11482855
0.11951938
0.11646168
0.11515981
0.115061745
0.117498666
0.117744915
0.11520223
0.11943073
0.11626203
0.116533935
0.11697468
0.11715642
0.117997214
0.11787346
0.116075054
0.117565095
0.115048334
0.11682409
0.11659969
0.11725142
0.11683606
0.11769585
0.11894059
0.11725979
0.11683636
0.11750993
0.11656618
0.11609814
0.11378995
0.11810678
0.115993395
0.11779087
0.11462049
0.119182184
0.11659339
0.11563098
0.11704953
0.11522227
0.11835847
0.11644482
0.116799235
0.115074836
0.11915907
0.12038495
0.115279675
0.120740816
0.12000186
0.11778143
0.116545096
0.117730275
0.11461585
0.115937695
0.11715279
0.11317212
0.11511193
0.11529198
0.11617388
0.11451843
0.11914742
0.11606899
0.11621463
0.11350878
0.1141598
0.11329671
0.1148328
0.11662773
0.11483612
0.11438877
0.11643486
0.11341723
0.11557788
0.1153746
0.11634941
0.11579988
0.11476189
0.11435054
0.11465176
0.11630174
0.1144914
0.11527336
0.1145573
0.11493116
0.11582597
0.11594448
0.114811964
0.116329536
0.11658711
0.11602561
0.11351592
0.11623753
0.11386741
0.1140811
0.11592932
0.11494027
0.11342819
0.117602244
0.11368847
0.11332586
0.11400413
0.11618959
0.116465166
0.1160258
0.11381143
0.117914185
0.11658299
0.11496819
0.113683306
0.113175616
0.1133752
0.11253301
0.11654895
0.11556366
0.11468404
0.119132765
0.115126915
0.116536036
0.11642277
0.115551956
0.11411887
0.11563019
0.113612816
0.116044424
0.11567313
0.11637798
0.114892416
0.11695744
0.11268988
0.11570174
0.11589979
0.11487394
0.114808045
0.116170734
0.113731064
0.114709504
0.11446535
0.11336308
0.114348166
0.11336896
0.11268441
0.11411944
0.115372226
0.11324985
0.112642124
0.11504144
0.11511617
0.11400533
0.11466717
0.11381374
0.11370451
0.113910034
0.11434897
0.11281054
0.11334876
0.11615523
0.11294791
0.112122186
0.11404264
0.115415044
0.11468373
0.11328245
0.11475677
0.11515475
0.1135083
0.11402371
0.11511575
0.11500358
0.11694164
0.11338347
0.11573185
0.11902742
0.11653107
0.11374923
0.11406264
0.118507594
0.11375079
0.11462511
0.11479148
0.11453638
0.11577608
0.11484847
0.11404606
0.114015035
0.11676297
0.11499238
0.116888314
0.11505729
0.12109373
0.114383355
0.11447194
0.11576882
0.113414265
0.11695463
0.11423585
0.11728725
0.11601873
0.11382005
0.115310974
0.117869675
0.11856357
0.11300005
0.11461647
0.11435417
0.11774383
0.11746511
0.113455124
0.11344768
0.115110576
0.11244056
0.11435761
0.112531945
0.11379739
0.11447925
0.11394258
0.11380585
0.11424244
0.11495535
0.11524611
0.11236137
0.11323357
0.11154627
0.11211066
0.11307515
0.115743496
0.11199107
0.11141013
0.11266521
0.11824693
0.113965325
0.11461465
0.11950281
0.11364118
0.11067669
0.11094322
0.1133864
0.11686759
0.11315964
0.11154806
0.11169541
0.1190363
0.11281238
0.111856714
0.112405255
0.11387086
0.11062887
0.1141917
0.111628786
0.116288334
0.11233198
0.11678765
0.113525964
0.11080096
0.11334449
0.11111963
0.110781945
0.11145688
0.110880636
0.110555775
0.113200456
0.11307303
0.109719895
0.11197863
0.110710956
0.11333051
0.11201221
0.114773415
0.11186627
0.113626845
0.111252494
0.111803256
0.11121149
0.11118478
0.11268453
0.10910162
0.111108154
0.11433918
0.11107081
0.1112353
0.110866755
0.11124852
0.11353112
0.11373378
0.11297141
0.11199899
0.10994419
0.11385261
0.114557125
0.120245874
0.11499663
0.111153185
0.112931564
0.1148678
0.1112298
0.11225606
0.11406451
0.11183272
0.11752374
0.1121438
0.11427755
0.11193778
0.11496575
0.1111589
0.1175651
0.11551095
0.11159579
0.11429016
0.11386948
0.11202787
0.11463796
0.11720133
0.11393923
0.11272512
0.11303341
0.11421074
0.1117552
0.11466993
0.11060408
0.1127364
0.11093395
0.11396899
0.11320411
0.11449063
0.11443376
0.11222908
0.11183601
0.11200666
0.11157104
0.11364817
0.11094164
0.112772964
0.11087944
0.11265761
0.113812946
0.11241424
0.11331253
0.11549582
0.116018295
0.112264104
0.11632359
0.11251216
0.113098286
0.11269434
0.11294206
0.116026744
0.114284016
0.11415533
0.11163448
0.11225388
0.111551926
0.11045816
0.113033995
0.11307585
0.11287276
0.110604756
0.11531896
0.11180622
0.113074705
0.11438531
0.11253167
0.11299703
0.11278998
0.11432957
0.11345186
0.11242276
0.11457811
0.11170669
0.11129033
0.11543315
0.115941346
0.111916795
0.11078454
0.114705436
0.11060828
0.11288095
0.11027884
0.11304821
0.109826714
0.11239074
0.11259361
0.110851765
0.1163478
0.111250736
0.11339455
0.11235864
0.11303959
0.114418805
0.11138455
0.112910904
0.11164758
0.112422295
0.11525103
0.11763941
0.11453419
0.110918865
0.11548949
0.11296974
0.110703446
0.11396272
0.113421544
0.11496539
0.11141749
0.111885615
0.113506265
0.113918275
0.11272425
0.11522307
0.1110746
0.110438205
0.115377314
0.11237852
0.11031729
0.111873485
0.112897016
0.11264499
0.11729743
0.111427896
0.11365328
0.11103713
0.10989873
0.11149424
0.11106371
0.11251942
0.11066943
0.11292801
0.11482554
0.11016161
0.11086459
0.11336428
0.1116029
0.11747671
0.11171906
0.11244719
0.11319747
0.11348958
0.11129828
0.11706481
0.11075399
0.11608647
0.11167106
0.11015012
0.11116121
0.10921752
0.11146554
0.111015186
0.113378756
0.1124106
0.114546806
0.11033182
0.11136658
0.112764195
0.11134115
0.112631954
0.11213026
0.11018694
0.110452056
0.11110728
0.11186568
0.109736785
0.1114898
0.11089964
0.11068672
0.11209959
0.115293436
0.11159121
0.11103022
0.111747704
0.11249195
0.11158744
0.11120545
0.11167429
0.11327277
0.110256046
0.11094898
0.11256501
0.111679815
0.11060752
0.10957479
0.111870356
0.109883204
0.10986987
0.11049882
0.10992234
0.114010446
0.11022323
0.10945782
0.110178605
0.10964029
0.11032181
0.109478004
0.109839454
0.11310964
0.108556524
0.10903927
0.113938786
0.11053046
0.11413373
0.1092795
0.10968972
0.1138425
0.11027397
0.1086408
0.10990205
0.1104373
0.11097227
0.11189815
0.11642483
0.11007646
0.1143305
0.11414227
0.111699425
0.10900798
0.11045157
0.10966693
0.10787278
0.10756312
0.11058313
0.11261381
0.11025361
0.11221365
0.11017564
0.11413975
0.11533852
0.110000305
0.11187878
0.112527765
0.11310641
0.11333126
0.11124292
0.1096273
0.11176903
0.11566715
0.11203165
0.11314737
0.11106464
0.11000726
0.11080761
0.11453558
0.113183185
0.112605974
0.11117108
0.11085187
0.11152271
0.1097281
0.110302925
0.112821065
0.11183842
0.11143836
0.112863645
0.11473761
0.11107405
0.11096525
0.110386014
0.11264037
0.11216468
0.11098295
0.10924062
0.10984668
0.1094521
0.111219585
0.11146339
0.112090744
0.112071805
0.11183588
0.109324425
0.11062223
0.111108676
0.11064155
0.11042911
0.11220284
0.11470686
0.109559454
0.110214174
0.10901105
0.1108026
0.108991235
0.10912442
0.11223838
0.11181081
0.11186559
0.114986315
0.11001248
0.11063479
0.11208202
0.1106169
0.108156696
0.10980934
0.10839451
0.10865678
0.11270435
0.10945763
0.10980419
0.11051292
0.110273406
0.10856186
0.11012743
0.11011212
0.109658286
0.10971055
0.11313258
0.11065273
0.10816653
0.109659575
0.108978964
0.11171709
0.1139253
0.109248005
0.10824099
0.1114729
0.108701944
0.11050192
0.11041178
0.11119348
0.11221027
0.108648576
0.11908365
0.11006729
0.11086549
0.11281615
0.11106489
0.109495685
0.109914035
0.11111223
0.10963092
0.11002414
0.1105807
0.11289502
0.10942084
0.11150202
0.10662588
0.10806599
0.109946564
0.10835887
0.11053349
0.10911174
0.10873605
0.11020457
0.1112376
0.109485604
0.110525474
0.113116965
0.110260814
0.10904311
0.11271483
0.10878705
0.110555485
0.10996968
0.11377669
0.1111056
0.109304465
0.1110891
0.11049998
0.11060504
0.11063343
0.111809395
0.10960268
0.1121396
0.11053792
0.108774416
0.11061804
0.10968229
0.111644275
0.10997766
0.10920027
0.1111813
0.11152017
0.1094361
0.10854649
0.10877232
0.11124963
0.113297224
0.11005644
0.11350395
0.10891719
0.111808054
0.109620646
0.113265485
0.11120635
0.111171514
0.11094197
0.11522793
0.110407166
0.11189508
0.11016285
0.11032616
0.11013171
0.110174954
0.11175464
0.111344
0.11213533
0.110386536
0.109981395
0.1093753
0.10859465
0.11158282
0.11328821
0.10790997
0.109628074
0.10855008
0.110655256
0.11085063
0.11138474
0.112109095
0.107119866
0.10808284
0.11100187
0.10850628
0.10915724
0.11160689
0.109334014
0.108623326
0.110196434
0.10947468
0.10930329
0.110450104
0.10919814
0.10941468
0.10774894
0.11124653
0.10868464
0.11005591
0.10907128
0.10904002
0.107613064
0.11059031
0.10916005
0.110320024
0.108864434
0.10781461
0.10832295
0.1100504
0.10889036
0.107668586
0.10833401
0.110407285
0.108931094