20 196.98 -0.46 196.53 0.051 16 30 0.35 0.0 
40 195.47 -0.6 194.87 0.074 31 66 0.68 0.0 
60 194.12 -0.76 193.36 0.101 43 107 0.94 0.01 
80 193.28 -0.89 192.39 0.156 59 146 1.29 0.01 
100 191.71 -0.97 190.74 0.18 73 189 1.6 0.01 
120 191.55 -1.26 190.28 0.206 86 233 1.89 0.01 
140 189.36 -1.3 188.06 0.228 97 281 2.13 0.01 
160 188.19 -1.65 186.54 0.251 113 328 2.48 0.02 
180 187.86 -1.8 186.06 0.264 122 375 2.68 0.02 
200 186.68 -1.84 184.83 0.284 137 419 3.0 0.02 
220 185.76 -2.12 183.64 0.3 151 461 3.31 0.02 
240 184.66 -2.37 182.3 0.336 163 508 3.57 0.03 
260 183.49 -2.47 181.03 0.353 175 552 3.84 0.03 
280 182.91 -2.49 180.42 0.363 188 598 4.12 0.03 
300 180.42 -2.44 177.98 0.378 202 635 4.43 0.03 
320 179.55 -2.59 176.95 0.398 212 681 4.65 0.03 
340 179.43 -2.64 176.8 0.41 225 730 4.93 0.04 
360 178.44 -2.71 175.73 0.417 238 772 5.22 0.04 
380 177.45 -2.73 174.72 0.425 247 824 5.42 0.04 
400 175.67 -2.66 173.01 0.445 261 871 5.72 0.04 
420 175.23 -2.65 172.58 0.455 278 915 6.1 0.05 
440 174.04 -2.87 171.17 0.469 291 968 6.38 0.05 
460 173.52 -2.91 170.62 0.474 302 1024 6.62 0.05 
480 172.83 -2.9 169.93 0.477 313 1076 6.86 0.05 
500 172.36 -2.87 169.48 0.489 328 1122 7.19 0.06 
520 170.46 -3.04 167.43 0.501 338 1172 7.41 0.06 
540 169.21 -2.82 166.39 0.511 348 1222 7.63 0.06 
560 168.69 -2.8 165.9 0.523 357 1275 7.83 0.06 
580 168.11 -2.71 165.4 0.527 367 1331 8.05 0.07 
600 167.4 -2.46 164.95 0.53 381 1384 8.36 0.07 
620 166.76 -2.38 164.38 0.55 392 1445 8.6 0.07 
640 166.49 -2.17 164.32 0.56 406 1502 8.9 0.07 
660 165.65 -2.03 163.62 0.562 418 1554 9.17 0.08 
680 165.08 -1.94 163.14 0.57 428 1609 9.39 0.08 
700 163.79 -1.96 161.83 0.582 440 1660 9.65 0.08 
720 163.08 -1.97 161.11 0.587 453 1713 9.93 0.09 
740 161.35 -1.98 159.37 0.593 467 1765 10.24 0.09 
760 161.48 -1.92 159.55 0.6 484 1819 10.61 0.09 
780 160.7 -1.95 158.75 0.606 497 1879 10.9 0.09 
800 159.75 -1.87 157.88 0.607 506 1930 11.1 0.1 
820 158.37 -1.74 156.63 0.615 520 1980 11.4 0.1 
840 157.77 -1.51 156.27 0.625 530 2032 11.62 0.1 
860 156.14 -1.52 154.62 0.635 541 2076 11.86 0.1 
880 156.03 -1.37 154.65 0.637 548 2128 12.02 0.11 
900 154.15 -1.21 152.94 0.648 560 2184 12.28 0.11 
920 153.06 -1.04 152.03 0.655 568 2240 12.46 0.11 
940 153.25 -0.88 152.36 0.657 582 2295 12.76 0.11 
960 153.1 -0.81 152.29 0.659 594 2359 13.03 0.12 
980 151.7 -0.55 151.15 0.668 605 2419 13.27 0.12 
1000 151.28 -0.39 150.89 0.673 616 2479 13.51 0.12 
1020 150.56 -0.26 150.3 0.674 628 2534 13.77 0.13 
1040 149.96 -0.03 149.92 0.678 641 2591 14.06 0.13 
1060 148.79 0.22 149.01 0.683 654 2646 14.34 0.13 
1080 148.2 0.27 148.46 0.685 664 2710 14.56 0.13 
1100 148.05 0.39 148.44 0.686 675 2774 14.8 0.14 
1120 147.25 0.56 147.81 0.693 683 2839 14.98 0.14 
1140 147.57 0.66 148.23 0.706 689 2898 15.11 0.14 
1160 146.15 0.86 147.01 0.705 701 2953 15.37 0.15 
1180 145.68 1.02 146.71 0.713 709 3020 15.55 0.15 
1200 144.98 1.29 146.27 0.717 719 3084 15.77 0.15 
1220 144.61 1.48 146.08 0.72 730 3145 16.01 0.16 
1240 144.35 1.66 146.02 0.725 739 3209 16.21 0.16 
1260 143.95 1.7 145.65 0.726 750 3272 16.45 0.16 
1280 142.71 1.91 144.62 0.725 759 3331 16.64 0.17 
1300 142.33 2.11 144.44 0.727 771 3397 16.91 0.17 
1320 141.51 2.37 143.88 0.731 779 3456 17.08 0.17 
1340 141.76 2.63 144.39 0.734 788 3516 17.28 0.17 
1360 141.12 2.87 143.99 0.734 792 3584 17.37 0.18 
1380 140.39 3.21 143.6 0.737 803 3647 17.61 0.18 
1400 140.29 3.48 143.77 0.741 809 3707 17.74 0.18 
1420 139.86 3.79 143.65 0.743 816 3770 17.89 0.19 
1440 139.27 4.07 143.35 0.746 826 3839 18.11 0.19 
1460 138.87 4.37 143.24 0.752 836 3892 18.33 0.19 
1480 138.02 4.67 142.69 0.752 841 3969 18.44 0.2 
1500 137.64 4.93 142.57 0.751 846 4038 18.55 0.2 
1520 137.07 5.3 142.37 0.755 854 4111 18.73 0.2 
1540 136.51 5.55 142.05 0.757 863 4180 18.93 0.21 
1560 136.04 5.92 141.96 0.759 875 4258 19.19 0.21 
1580 135.47 6.08 141.55 0.761 882 4322 19.34 0.21 
1600 135.05 6.31 141.35 0.762 894 4390 19.61 0.22 
1620 134.46 6.51 140.97 0.762 899 4465 19.71 0.22 
1640 134.01 6.8 140.81 0.767 906 4532 19.87 0.23 
1660 133.88 7.07 140.95 0.768 918 4601 20.13 0.23 
1680 133.22 7.3 140.52 0.771 926 4669 20.31 0.23 
1700 133.07 7.48 140.55 0.772 933 4740 20.46 0.24 
1720 132.23 7.73 139.96 0.771 942 4798 20.66 0.24 
1740 132.6 8.01 140.6 0.771 950 4861 20.83 0.24 
1760 131.85 8.31 140.16 0.777 959 4932 21.03 0.25 
1780 130.66 8.63 139.29 0.779 967 5001 21.21 0.25 
1800 129.89 8.92 138.81 0.781 979 5069 21.47 0.25 
1820 129.26 9.21 138.47 0.781 990 5134 21.71 0.26 
1840 128.93 9.44 138.37 0.783 998 5213 21.89 0.26 
1860 128.75 9.76 138.51 0.785 1009 5279 22.13 0.26 
1880 127.64 10.13 137.77 0.787 1018 5340 22.32 0.27 
1900 126.77 10.47 137.24 0.79 1026 5411 22.5 0.27 
1920 126.57 10.73 137.3 0.79 1034 5482 22.68 0.27 
1940 126.03 10.99 137.02 0.791 1041 5556 22.83 0.28 
1960 125.46 11.23 136.69 0.796 1049 5629 23.0 0.28 
1980 125.27 11.48 136.75 0.794 1059 5708 23.22 0.28 
2000 124.44 11.79 136.23 0.797 1068 5771 23.42 0.29 
2020 123.29 12.12 135.41 0.799 1079 5817 23.66 0.29 
2040 123.19 12.32 135.51 0.799 1090 5893 23.9 0.29 
2060 122.83 12.61 135.44 0.803 1100 5956 24.12 0.3 
2080 121.97 12.88 134.85 0.804 1105 6022 24.23 0.3 
2100 121.56 13.24 134.81 0.805 1116 6080 24.47 0.3 
2120 121.33 13.51 134.83 0.807 1125 6150 24.67 0.31 
2140 120.94 13.83 134.77 0.809 1134 6218 24.87 0.31 
2160 120.65 14.12 134.77 0.806 1143 6295 25.07 0.31 
2180 120.07 14.5 134.58 0.81 1153 6366 25.29 0.32 
2200 120.07 14.83 134.9 0.808 1159 6429 25.42 0.32 
2220 119.61 15.1 134.71 0.811 1168 6496 25.61 0.32 
2240 119.0 15.4 134.4 0.811 1173 6561 25.72 0.33 
2260 118.69 15.57 134.27 0.813 1177 6643 25.81 0.33 
2280 118.26 15.89 134.15 0.814 1186 6723 26.01 0.33 
2300 117.78 16.17 133.94 0.818 1198 6790 26.27 0.34 
2320 117.28 16.48 133.76 0.818 1204 6870 26.4 0.34 
2340 117.09 16.76 133.85 0.817 1206 6936 26.45 0.34 
2360 116.79 17.14 133.93 0.819 1217 6999 26.69 0.35 
2380 116.78 17.41 134.19 0.821 1229 7061 26.95 0.35 
2400 116.75 17.68 134.43 0.821 1238 7130 27.15 0.35 
2420 115.57 18.02 133.59 0.823 1250 7188 27.41 0.36 
2440 115.36 18.43 133.79 0.824 1261 7251 27.65 0.36 
2460 115.23 18.68 133.9 0.822 1267 7332 27.79 0.36 
2480 114.86 19.03 133.89 0.825 1275 7405 27.96 0.37 
2500 114.37 19.4 133.77 0.827 1282 7478 28.11 0.37 
2520 113.75 19.92 133.67 0.827 1289 7544 28.27 0.38 
2540 112.87 20.19 133.06 0.827 1294 7615 28.38 0.38 
2560 111.74 20.58 132.32 0.827 1301 7685 28.53 0.38 
2580 111.68 20.89 132.57 0.829 1305 7759 28.62 0.39 
2600 111.96 21.21 133.17 0.83 1311 7828 28.75 0.39 
2620 111.38 21.62 132.99 0.831 1318 7895 28.9 0.39 
2640 111.51 21.86 133.38 0.831 1323 7964 29.01 0.4 
2660 111.02 22.2 133.23 0.833 1327 8037 29.1 0.4 
2680 110.53 22.5 133.02 0.833 1337 8109 29.32 0.4 
2700 110.18 22.65 132.83 0.834 1341 8188 29.41 0.41 
2720 109.45 22.86 132.31 0.835 1348 8262 29.56 0.41 
2740 108.75 23.16 131.91 0.835 1356 8336 29.74 0.41 
2760 109.31 23.5 132.8 0.836 1365 8409 29.93 0.42 
2780 108.84 23.92 132.75 0.837 1373 8487 30.11 0.42 
2800 108.64 24.16 132.8 0.837 1382 8564 30.31 0.43 
2820 108.09 24.51 132.59 0.84 1390 8639 30.48 0.43 
2840 107.62 24.85 132.47 0.841 1396 8705 30.61 0.43 
2860 107.31 25.21 132.52 0.839 1404 8779 30.79 0.44 
2880 106.98 25.51 132.49 0.843 1412 8850 30.96 0.44 
2900 105.97 25.83 131.8 0.843 1423 8919 31.21 0.44 
2920 105.76 26.17 131.92 0.843 1430 8986 31.36 0.45 
2940 105.4 26.56 131.97 0.844 1437 9066 31.51 0.45 
2960 105.26 26.87 132.14 0.842 1443 9137 31.64 0.45 
2980 105.02 27.26 132.28 0.844 1451 9212 31.82 0.46 
3000 104.71 27.55 132.26 0.846 1461 9284 32.04 0.46 
3020 104.35 27.9 132.26 0.846 1467 9359 32.17 0.47 
3040 103.95 28.22 132.17 0.846 1474 9433 32.32 0.47 
3060 103.66 28.57 132.23 0.847 1483 9510 32.52 0.47 
3080 103.54 28.9 132.45 0.849 1488 9590 32.63 0.48 
3100 102.95 29.33 132.28 0.848 1500 9663 32.89 0.48 
3120 102.48 29.64 132.12 0.847 1510 9732 33.11 0.48 
3140 102.11 30.03 132.14 0.848 1517 9802 33.27 0.49 
3160 101.45 30.4 131.86 0.851 1521 9880 33.36 0.49 
3180 100.84 30.73 131.57 0.85 1524 9952 33.42 0.49 
3200 100.54 31.04 131.58 0.851 1533 10030 33.62 0.5 
3220 100.05 31.35 131.4 0.852 1540 10107 33.77 0.5 
3240 100.16 31.65 131.81 0.851 1546 10184 33.9 0.51 
3260 99.66 31.93 131.59 0.852 1551 10258 34.01 0.51 
3280 99.76 32.16 131.92 0.853 1555 10336 34.1 0.51 
3300 99.18 32.41 131.59 0.853 1560 10402 34.21 0.52 
3320 98.73 32.67 131.4 0.854 1566 10469 34.34 0.52 
3340 99.1 32.91 132.01 0.853 1577 10532 34.58 0.52 
3360 98.85 33.22 132.07 0.854 1582 10605 34.69 0.53 
3380 98.61 33.63 132.23 0.853 1590 10674 34.87 0.53 
3400 97.72 33.93 131.66 0.856 1595 10745 34.98 0.53 
3420 97.2 34.35 131.55 0.856 1601 10816 35.11 0.54 
3440 96.71 34.67 131.38 0.856 1606 10884 35.22 0.54 
3460 96.06 35.04 131.1 0.859 1612 10962 35.35 0.55 
3480 95.26 35.43 130.69 0.86 1618 11039 35.48 0.55 
3500 95.33 35.76 131.1 0.859 1620 11121 35.53 0.55 
3520 95.07 35.96 131.03 0.858 1625 11197 35.64 0.56 
3540 94.22 36.2 130.42 0.859 1628 11274 35.7 0.56 
3560 94.63 36.46 131.09 0.857 1632 11350 35.79 0.56 
3580 93.47 36.8 130.27 0.858 1640 11428 35.96 0.57 
3600 93.52 37.11 130.63 0.859 1646 11505 36.1 0.57 
3620 93.19 37.55 130.74 0.86 1653 11578 36.25 0.58 
3640 93.34 37.87 131.21 0.862 1660 11644 36.4 0.58 
3660 93.06 38.27 131.33 0.862 1663 11717 36.47 0.58 
3680 92.11 38.56 130.67 0.863 1670 11789 36.62 0.59 
3700 91.88 38.95 130.82 0.861 1674 11862 36.71 0.59 
3720 91.12 39.28 130.4 0.863 1681 11935 36.86 0.59 
3740 90.75 39.6 130.34 0.863 1687 12012 37.0 0.6 
3760 90.44 39.93 130.37 0.862 1692 12086 37.11 0.6 
3780 90.29 40.28 130.57 0.864 1697 12163 37.21 0.6 
3800 90.12 40.62 130.74 0.864 1702 12244 37.32 0.61 
3820 89.14 40.98 130.12 0.864 1708 12311 37.46 0.61 
3840 88.86 41.33 130.19 0.864 1713 12385 37.57 0.62 
3860 88.87 41.64 130.51 0.866 1716 12450 37.63 0.62 
3880 88.26 41.93 130.19 0.866 1723 12522 37.79 0.62 
3900 88.06 42.25 130.31 0.867 1726 12603 37.85 0.63 
3920 88.2 42.58 130.78 0.867 1732 12679 37.98 0.63 
3940 87.56 42.96 130.52 0.867 1741 12757 38.18 0.63 
3960 87.16 43.31 130.47 0.867 1745 12834 38.27 0.64 
3980 86.45 43.74 130.19 0.867 1746 12910 38.29 0.64 
4000 86.72 44.15 130.87 0.867 1747 12986 38.31 0.65 
4020 86.42 44.55 130.97 0.868 1750 13065 38.38 0.65 
4040 85.75 44.86 130.61 0.87 1756 13149 38.51 0.65 
4060 85.51 45.21 130.73 0.869 1764 13223 38.68 0.66 
4080 85.12 45.57 130.69 0.871 1768 13299 38.77 0.66 
4100 84.89 45.87 130.76 0.871 1771 13378 38.84 0.67 
4120 84.74 46.2 130.94 0.871 1777 13450 38.97 0.67 
4140 84.29 46.55 130.84 0.871 1783 13527 39.1 0.67 
4160 83.67 46.81 130.48 0.871 1789 13596 39.23 0.68 
4180 83.82 47.06 130.87 0.872 1794 13675 39.34 0.68 
4200 83.39 47.37 130.76 0.873 1800 13751 39.47 0.68 
4220 83.34 47.67 131.01 0.874 1804 13821 39.56 0.69 
4240 82.65 48.03 130.68 0.875 1811 13893 39.71 0.69 
4260 82.66 48.37 131.03 0.874 1816 13970 39.82 0.69 
4280 82.41 48.77 131.17 0.876 1823 14045 39.98 0.7 
4300 82.39 49.14 131.53 0.876 1826 14131 40.04 0.7 
4320 82.22 49.51 131.73 0.876 1831 14204 40.15 0.71 
4340 81.74 49.81 131.55 0.877 1839 14286 40.33 0.71 
4360 81.54 50.2 131.74 0.876 1843 14365 40.42 0.71 
4380 81.27 50.51 131.78 0.878 1852 14435 40.61 0.72 
4400 80.96 50.87 131.83 0.878 1858 14505 40.75 0.72 
4420 80.5 51.33 131.83 0.878 1861 14586 40.81 0.73 
4440 80.18 51.71 131.89 0.88 1865 14663 40.9 0.73 
4460 80.48 52.05 132.52 0.879 1871 14738 41.03 0.73 
4480 79.95 52.45 132.4 0.88 1878 14812 41.18 0.74 
4500 79.8 52.77 132.57 0.88 1881 14894 41.25 0.74 
4520 79.48 53.2 132.68 0.881 1885 14970 41.34 0.74 
4540 78.92 53.53 132.45 0.88 1892 15048 41.49 0.75 
4560 78.73 53.88 132.61 0.881 1893 15125 41.51 0.75 
4580 79.05 54.29 133.34 0.881 1899 15201 41.64 0.76 
4600 78.46 54.7 133.16 0.881 1906 15274 41.8 0.76 
4620 78.51 55.01 133.52 0.881 1907 15353 41.82 0.76 
4640 78.12 55.46 133.58 0.881 1915 15424 42.0 0.77 
4660 77.54 55.87 133.41 0.881 1917 15503 42.04 0.77 
4680 76.91 56.26 133.17 0.883 1920 15568 42.11 0.77 
4700 76.35 56.66 133.01 0.883 1923 15649 42.17 0.78 
4720 75.75 57.04 132.79 0.883 1927 15723 42.26 0.78 
4740 75.76 57.38 133.14 0.883 1930 15799 42.32 0.79 
4760 75.41 57.67 133.08 0.883 1935 15874 42.43 0.79 
4780 75.2 58.03 133.23 0.882 1941 15952 42.57 0.79 
4800 75.2 58.42 133.62 0.884 1944 16026 42.63 0.8 
4820 74.28 58.92 133.21 0.883 1950 16099 42.76 0.8 
4840 74.34 59.2 133.54 0.883 1956 16168 42.89 0.8 
4860 73.41 59.48 132.89 0.884 1961 16238 43.0 0.81 
4880 73.59 59.84 133.43 0.883 1963 16307 43.05 0.81 
4900 73.38 60.12 133.5 0.886 1969 16383 43.18 0.81 
4920 72.82 60.53 133.35 0.886 1971 16460 43.22 0.82 
4940 72.59 60.87 133.46 0.885 1978 16541 43.38 0.82 
4960 72.63 61.14 133.77 0.886 1982 16619 43.46 0.83 
4980 72.65 61.49 134.14 0.887 1985 16694 43.53 0.83 
5000 72.09 61.82 133.91 0.888 1990 16764 43.64 0.83 
5020 71.71 62.2 133.91 0.888 1998 16827 43.82 0.84 
