
0.39473936
0.39274907
0.4027501
0.38138115
0.35927373
0.3604517
0.3414707
0.34052575
0.3412879
0.34076762
0.3297784
0.33171055
0.3289882
0.31991714
0.31299993
0.32002294
0.31611767
0.32313105
0.314306
0.33349577
0.30558425
0.31112516
0.30957246
0.3116208
0.31137466
0.3153131
0.31261727
0.31692857
0.30784968
0.301374
0.30442378
0.29939947
0.30592343
0.32092535
0.3089544
0.31951293
0.32851946
0.31198066
0.30837148
0.30894884
0.31105497
0.30702254
0.30128637
0.3010096
0.30240065
0.3035187
0.2982457
0.3073653
0.29438758
0.29322422
0.28832904
0.29132757
0.29864576
0.29927087
0.29667065
0.2907546
0.28321347
0.2920083
0.28917253
0.28712335
0.29511926
0.2884005
0.29742756
0.2933459
0.28813595
0.28924218
0.2967363
0.29259005
0.29361102
0.29536745
0.29556605
0.28521615
0.28477448
0.27746227
0.28014794
0.28167385
0.27890158
0.27683592
0.27822107
0.27376023
0.27816895
0.28462565
0.27924275
0.27903828
0.29144987
0.28230202
0.28423017
0.2680063
0.2842799
0.2703448
0.26826397
0.28276893
0.2687432
0.2670177
0.27914694
0.27004698
0.2665419
0.27120343
0.26715985
0.27153575
0.27068943
0.26474983
0.27065545
0.26740637
0.26904833
0.2675461
0.2687059
0.26565245
0.26107985
0.26474023
0.26199225
0.26143152
0.26523334
0.26016793
0.26748812
0.2691167
0.27081838
0.25917637
0.26283303
0.2601174
0.26040432
0.25642234
0.25622997
0.25672606
0.26163542
0.2620907
0.25980228
0.25872135
0.25714117
0.25553474
0.26894155
0.25906655
0.25024375
0.267651
0.2505115
0.25371993
0.24526696
0.25423267
0.25284204
0.25481117
0.2525872
0.25019532
0.2519588
0.25750253
0.26400712
0.25560117
0.25532907
0.25023162
0.24394119
0.24682142
0.24256028
0.2473941
0.24366322
0.24423863
0.24792787
0.25313097
0.24521582
0.24229313
0.25399423
0.24276134
0.24103887
0.24611954
0.23940454
0.24365541
0.25667462
0.23435614
0.24318929
0.23957695
0.23335306
0.24015084
0.24053192
0.23565403
0.24086663
0.24028878
0.24541713
0.24176921
0.24145092
0.25313225
0.24392875
0.23451075
0.24227992
0.23858179
0.2377125
0.23462443
0.24010593
0.23543225
0.24186684
0.24128681
0.23777987
0.23648399
0.24275678
0.23794758
0.23199376
0.23239964
0.23019236
0.23098435
0.2356459
0.2297888
0.23125796
0.23017475
0.23215826
0.23955348
0.24451764
0.23612583
0.22877087
0.23021474
0.22974159
0.23025201
0.23342812
0.2329894
0.23349965
0.23294157
0.23326181
0.23295595
0.23273842
0.23220909
0.23865895
0.23128976
0.22770475
0.22989231
0.22655833
0.22654502
0.22876047
0.22365466
0.22658142
0.22908533
0.22552483
0.22270267
0.2259824
0.2245708
0.23583028
0.22708197
0.22793086
0.23079072
0.22704247
0.2266179
0.22639492
0.22733583
0.22474387
0.22270659
0.2273375
0.22179934
0.22298078
0.21938583
0.22166678
0.21730396
0.2221187
0.22134498
0.22873165
0.21551996
0.21215014
0.21318795
0.21331386
0.21285892
0.21653143
0.21325569
0.22779767
0.21887554
0.22099137
0.2168995
0.21837239
0.21640013
0.21707743
0.21148412
0.20961127
0.21543013
0.2236169
0.21637918
0.21380192
0.20929052
0.21398044
0.21405275
0.21364951
0.20627846
0.2099866
0.21280792
0.20757398
0.20678996
0.20626552
0.21229614
0.20878416
0.21503066
0.21911697
0.21093222
0.20963046
0.21186537
0.20781411
0.21000433
0.20566088
0.20913301
0.20691952
0.20656893
0.20872164
0.21053152
0.21207334
0.20651366
0.21123284
0.20571439
0.20849827
0.21307847
0.21742065
0.20548685
0.20913796
0.20745331
0.205923
0.20380843
0.20884378
0.21992013
0.20646496
0.20879713
0.20751622
0.20065656
0.20151667
0.20231208
0.20033969
0.20470701
0.20733225
0.20505977
0.20264553
0.20272918
0.19982037
0.20428255
0.2067501
0.2009423
0.20135607
0.19822669
0.19926135
0.20072222
0.20442078
0.20130147
0.19724743
0.20182092
0.19608568
0.19732079
0.19807744
0.20114714
0.1966675
0.20189464
0.2013841
0.1971451
0.19656174
0.20470989
0.20002566
0.1965186
0.20522088
0.19555219
0.19478127
0.19281298
0.19778647
0.19723424
0.19420394
0.19748719
0.19172528
0.19834603
0.19757633
0.19320765
0.19620512
0.19368078
0.19336638
0.19353531
0.19640906
0.19529013
0.19486491
0.19828528
0.19689521
0.19612037
0.19720925
0.19456492
0.19766212
0.19568598
0.19528405
0.19939138
0.19154187
0.19395828
0.19415161
0.19289356
0.19932567
0.2008693
0.19529723
0.19366716
0.19620597
0.19520485
0.19102952
0.19274333
0.19070478
0.18990093
0.18937644
0.18831661
0.19310619
0.18944064
0.18744753
0.18458183
0.18712167
0.18982075
0.1931215
0.19669887
0.18636899
0.1910971
0.19013007
0.19153026
0.19008282
0.18641421
0.19273551
0.18890494
0.19164053
0.18646908
0.18635005
0.18571964
0.1847947
0.18614896
0.1869024
0.18696736
0.19056714
0.18214367
0.18104279
0.18923876
0.1833315
0.18267801
0.18422088
0.18531138
0.1833694
0.18650089
0.18539028
0.18478425
0.18385579
0.18398742
0.18353908
0.18547751
0.18160579
0.18438871
0.18222888
0.18318446
0.18384483
0.18554154
0.18835329
0.18089178
0.1845932
0.18508181
0.19005239
0.18455744
0.18917769
0.18928964
0.18450913
0.18543752
0.1820034
0.18559934
0.18619703
0.1825423
0.1821377
0.18429558
0.18245846
0.18096243
0.18046385
0.18359612
0.17831637
0.1771637
0.18480659
0.17820208
0.1799489
0.18215254
0.18098828
0.1808403
0.17857338
0.1765756
0.17931382
0.17887996
0.18059537
0.18159068
0.1790384
0.17744854
0.17589255
0.17865032
0.18254966
0.17606713
0.17659616
0.17685688
0.18010333
0.17622566
0.18095806
0.17769802
0.17220104
0.17309074
0.17355753
0.17228355
0.17435198
0.17420559
0.17557102
0.17767622
0.1745148
0.17452045
0.17216069
0.17319174
0.17361505
0.17187902
0.17517307
0.17871839
0.17614168
0.17551368
0.17833214
0.1710647
0.1801289
0.18061338
0.17763655
0.176239
0.17649978
0.17158684
0.17497434
0.17333056
0.17326489
0.17077197
0.17556088
0.17588419
0.17430721
0.17871901
0.1748914
0.17152892
0.172291
0.17382799
0.17335118
0.17915681
0.17420836
0.17347455
0.17215727
0.17626368
0.16978115
0.16975297
0.16974762
0.17070548
0.17503333
0.16962978
0.17383167
0.17067274
0.16871588
0.17228533
0.16967362
0.16950656
0.1681388
0.16756588
0.16472925
0.16802743
0.16519359
0.170776
0.16596371
0.165812
0.16598713
0.16605654
0.16802905
0.16418663
0.16740553
0.16707192
0.16455248
0.16910595
0.16457947
0.17021489
0.17126757
0.16243851
0.16668172
0.16566437
0.1680933
0.16668878
0.16405097
0.16672711
0.16406451
0.16491523
0.16657518
0.16792658
0.16474095
0.16779868
0.16373852
0.1606832
0.16580985
0.16393062
0.16221939
0.16033848
0.16359225
0.16869026
0.16586939
0.16817737
0.16682504
0.16347344
0.16342038
0.16376874
0.16016711
0.1599967
0.1637319
0.1626588
0.16201071
0.16252661
0.16222158
0.16041917
0.1603202
0.16425282
0.15985142
0.16343547
0.16069046
0.15966949
0.16042084
0.16592239
0.16105402
0.1658585
0.15905915
0.15951775
0.16221295
0.15830097
0.15988071
0.16236378
0.15934059
0.15761735
0.15933092
0.16126364
0.16194563
0.1611569
0.15852705
0.16238332
0.15843381
0.1584865
0.15722284
0.1565776
0.15673408
0.15835983
0.16014513
0.16130999
0.15937713
0.15795977
0.16142043
0.16071951
0.1597927
0.15774947
0.16112548
0.15953434
0.15759204
0.15803179
0.15466295
0.15861797
0.15652657
0.15677825
0.1635861
0.15746172
0.16056238
0.15892886
0.1599757
0.15676546
0.15827031
0.1603189
0.15891148
0.15925238
0.15788779
0.15692376
0.16091703
0.15834346
0.15871778
0.157057
0.15336204
0.15830216
0.15583244
0.15515858
0.15332958
0.15266639
0.15477858
0.15729617
0.15774325
0.15652813
0.15511425
0.15548736
0.1565594
0.15661141
0.15647861
0.15429804
0.15294103
0.15178
0.15483029
0.15320724
0.15583347
0.15731584
0.15461023
0.15099987
0.15298559
0.15515645
0.15319647
0.15547134
0.15157562
0.15182614
0.15109135
0.15271974
0.15320864
0.15102495
0.15035237
0.15254258
0.15321442
0.14993544
0.15732071
0.15195493
0.14908299
0.14832444
0.15076773
0.15605576
0.14929464
0.15018478
0.15258135
0.15087648
0.15290463
0.14859325
0.14951208
0.15328102
0.14971796
0.17523158
0.1555129
0.1510494
0.1473203
0.15313758
0.14791684
0.1530534
0.15176295
0.15120536
0.1509941
0.14959963
0.14937322
0.14976476
0.14953172
0.15197082
0.15089582
0.14897391
0.14777799
0.1487242
0.15144877
0.14552574
0.14703955
0.14851072
0.14812449
0.14790224
0.14816532
0.15066916
0.14926954
0.14946246
0.14919005
0.15106042
0.1477088
0.1485627
0.15078539
0.15155831
0.14850682
0.15311958
0.14747316
0.14808163
0.14582816
0.14543213
0.14828984
0.15196826
0.14732863
0.1487247
0.14526609
0.14913604
0.14888693
0.14638211
0.14719428
0.14773099
0.14472486
0.1447821
0.14624277
0.15102126
0.14781837
0.14743647
0.14716306
0.1461734
0.14928594
0.14694187
0.14683236
0.14537436
0.14715096
0.14760815
0.147551
0.14900453
0.15038373
0.14936845
0.14706402
0.1475036
0.145271
0.14589001
0.14834958
0.14573044
0.14315242
0.14596127
0.14321175
0.14290746
0.14834827
0.14457726
0.1463569
0.14165969
0.14395235
0.14320712
0.14668085
0.14373948
0.14310956
0.14260603
0.14039052
0.14168072
0.1485622
0.14306864
0.1462721
0.14171448
0.14067167
0.14111641
0.14461797
0.1412673
0.1457461
0.14084718
0.14167568
0.14218794
0.14227164
0.14025511
0.14384246
0.14065957
0.13971314
0.14215739
0.14157398
0.14064194
0.14342049
0.14478691
0.14161761
0.14103004
0.1395616
0.14273284
0.14563604
0.14125441
0.1442161
0.14335977
0.13985671
0.1418114
0.1406706
0.14028671
0.14086124
0.14366768
0.13913916
0.13951539
0.13875827
0.14310609
0.13829014
0.14311218
0.14263688
0.13738027
0.14086221
0.13983335
0.14088443
0.14307773
0.14310367
0.14284034
0.1400688
0.14113523
0.14548141
0.1410634
0.14071517
0.14431661
0.13970146
0.13815726
0.14000823
0.13788797
0.1470177
0.14418954
0.14084235
0.1398781
0.13760419
0.1384848
0.13915846
0.13658884
0.13917574
0.14035916
0.1385869
0.13767993
0.13848619
0.14189348
0.14260128
0.13801624
0.13870476
0.1391259
0.14443794
0.13861567
0.13804571
0.13802929
0.14026989
0.13991989
0.13807651
0.13966037
0.14540891
0.13838214
0.13466264
0.13620718
0.14135763
0.13519603
0.13691981
0.13911965
0.1384299
0.13520148
0.1380035
0.13790452
0.13580282
0.13892335
0.13614215
0.13608952
0.13683163
0.13765952
0.136632
0.13625982
0.13571543
0.1359827
0.13476452
0.1354689
0.1422547
0.13973598
0.1338885
0.13686441
0.13416168
0.13620238
0.13296765
0.1340026
0.13555428
0.1349763
0.13357863
0.13447139
0.13492826
0.13485503
0.13440776
0.13690442
0.13218272
0.1354956
0.13319653
0.13545682
0.13932914
0.13518217
0.1358227
0.13264412
0.14039177
0.13333178
0.13431136
0.138066
0.13278002
0.13156441
0.13236526
0.13096492
0.13079901
0.13343121
0.13299242
0.1304698
0.1310796
0.1313342
0.13039753
0.1320361
0.1356623
0.13295624
0.13154921
0.13012455
0.13005964
0.13013148
0.1324522
0.12974325
0.13308553
0.13176431
0.13248838
0.13141517
0.13034335
0.13388865
0.13073099
0.13353215
0.13134527
0.13238236
0.13170835
0.13587607
0.13315196
0.13438004
0.13020684
0.13282093
0.13150422
0.13144645
0.13710932
0.13069648
0.13304615
0.13048989
0.13107425
0.12893982
0.1289145
0.13039786
0.1302628
0.13113129
0.13253585
0.13273235
0.13127136
0.13048947
0.1292715
0.13102527
0.13018398
0.1308617
0.13093126
0.13380696
0.12903707
0.1281247
0.13021407
0.12998837
0.12704018
0.13079262
0.12789898
0.12756036
0.12826367
0.1276768
0.12585455
0.12894575
0.13210858
0.1270765
0.12857287
0.1273164
0.12959322
0.132756
0.12804261
0.13148935
0.12647279
0.12742192
0.12885618
0.12889108
0.12766579
0.12572764
0.1278134
0.13067578
0.12906617
0.12690267
0.128644
0.12674221
0.12685964
0.13011862
0.12710269
0.12403593
0.12458866
0.12496069
0.12586893
0.12882322
0.12781534
0.13059875
0.12924609
0.12487734
0.12657659
0.12549107
0.12676728
0.12429087
0.13080029
0.12760057
0.12498415
0.12643693
0.12715466
0.12651204
0.12551813
0.12646002
0.12886904
0.1262982
0.12797308
0.12828133
0.12965542
0.12575912
0.12491929
0.12605222
0.12876442
0.12796916
0.1268019
0.12888147
0.124685034
0.12477194
0.12580794
0.1265744
0.12629476
0.123832405
0.12629184
0.12712699
0.12723476
0.12831502
0.12680025
0.12338751
0.12756349
0.12500797
0.12477073
0.124079965
0.12571898
0.1228851
0.12444787
0.12362268
0.12414916
0.12267742
0.12176123
0.12347069
0.1211652
0.12269916
0.1229274
0.1250666
0.12629628
0.12299559
0.12588051
0.1246328
0.12205575
0.122630306
0.1235524
0.12744094
0.12319173
0.12550265
0.1242366
0.12176173
0.12529048
0.122487254
0.12258395
0.12385713
0.12372074
0.12259901
0.12397971
0.12348004
0.122149564
0.12073775
0.12392547
0.122133955
0.12570386
0.12627816
0.121525176
0.12251363
0.12362774
0.12235678
0.12264855
0.12242707
0.12306675
0.12096005
0.123627745
0.12029042
0.12255826
0.11999344
0.12256878
0.11933142
0.12063011
0.12104331
0.12240244
0.12617591
0.12249112
0.120400466
0.12271994
0.12251602
0.11929832
0.11831196
0.12109458
0.11987794
0.121178165
0.120953925
0.120774694
0.12423592
0.12152608
0.119249724
0.11925781
0.11819791
0.1194884
0.12064116
0.12028787
0.11955711
0.11849813
0.11869893
0.1196654
0.11767578
0.11788556
0.118759446
0.118609585
0.12010009
0.11959006
0.11914593
0.11950927
0.11903573
0.11979894
0.11887464
0.12101683
0.11830793
0.119824916
0.11882261
0.121062845
0.11679902
0.11798781
0.11964132
0.11813576
0.11721057
0.11913214
0.118352935
0.11885186
0.11923027
0.118894674
0.11982598
0.119746916
0.11987549
0.119129494
0.11967087
0.11673084
0.1183492
0.118375294
0.11669425
0.118576795
0.11726907
0.124723904
0.11843054
0.11704464
0.11776508
0.11974711
0.1208646
0.12094137
0.11645466
0.11997722
0.11624228
0.11940047
0.1163067
0.11647434
0.11678695
0.11754917
0.11848492
0.117822975
0.11821815
0.12236777
0.11710807
0.11936797
0.11835606
0.11796573
0.1160793
0.11548569
0.1163653
0.115782976
0.116693504
0.11733384
0.1140304
0.117415875
0.11709392
0.11425049
0.118013196
0.11593785
0.11699691
0.115347765
0.117069975
0.1158304
0.11582579
0.11601743
0.11544471
0.11209983
0.11578066
0.116116524
0.114700995
0.117503285
0.116502896
0.11518063
0.11619924
0.11467864
0.11644266
0.11815714
0.114895076
0.11653053
0.11543711
0.11807013
0.114460774
0.11496756
0.114398405
0.11578281
0.11743743
0.11579692
0.11540829
0.11478824
0.1154589
0.11653883
0.11577169
0.11963485
0.115828484
0.11743477
0.11336486
0.112363316
0.11520053
0.11575648
0.113554016
0.11532165
0.11460099
0.115710445
0.113553524
0.11461127
0.114675075
0.118600294
0.11426177
0.11369936
0.116094574
0.11277371
0.11685514
0.117660776
0.116257295
0.115344405
0.11582769
0.11642389
0.114245825
0.115622364
0.11490785
0.113765135
0.114157274
0.11476573
0.11359879
0.11407182
0.11136783
0.114030644
0.11290211
0.11591777
0.11409948
0.11788207
0.116160475
0.11514053
0.11610501
0.11459115
0.116692014
0.11456723
0.11437386
0.11391787
0.11284628
0.11155898
0.1124142
0.11511402
0.11252171
0.113832474
0.11352285
0.11435179
0.11422215
0.11276946
0.112374276
0.111126944
0.11335663
0.113455944
0.11171571
0.11341772
0.11173893
0.115221836
0.11154739
0.1115511
0.11340688
0.111274436
0.110383846
0.11325602
0.11338176
0.11302068
0.1128481
0.11210683
0.112935364
0.11361238
0.11208983
0.11313702
0.117534734
0.11330392
0.111073956
0.11179724
0.1143888
0.11278456
0.114304
0.11199593
0.11061847
0.11502637
0.11290305
0.11149018
0.11476569
0.11369317
0.111353934
0.11325988
0.110075116
0.110568136
0.11375448
0.11093638
0.11152684
0.11190819
0.11030194
0.11013332
0.10920094
0.11092149
0.11158848
0.11116379
0.11099852
0.11002028
0.11163436
0.10911864
0.10997844
0.11095902
0.11215205
0.11127906
0.11064368
0.11087191
0.11073922
0.11159565
0.11151363
0.11199273
0.11069551
0.10956734
0.108158566
0.11144914
0.112282015
0.111808054
0.11172296
0.111373074
0.10791172
0.10792872
0.1111971
0.10923086
0.11351813
0.107381865
0.108528875
0.10724335
0.108263925
0.110152535
0.11030741
0.11137513
0.10921037
0.108611
0.1090944
0.11161308
0.1080268
0.108255036
0.10864924
0.10984026
0.10944008
0.11057754
0.10937964
0.1101965
0.107856154
0.10861336
0.10895456
0.1126525
0.108170815
0.10922919
0.1097054
0.10897861
0.111051925
0.109692246
0.1120374
0.10829623
0.10839946
0.10716192
0.11006405
0.10896346
0.109132625
0.11097646
0.10812785
0.10908146
0.108696535
0.10690945
0.10827459
0.10728584
0.10996027
0.10937426
0.10944007
0.10844368
0.10826835
0.10820033
0.108870976
0.109119505
0.10999136
0.110730775
0.10905733
0.10877314
0.10833845
0.10818823
0.1081449
0.107011124
0.10978356
0.10779383
0.10828837
0.10957743
0.107475564
0.108239666
0.107217714
0.1091691
0.10868151
0.107890464
0.10859241
0.10794983
0.110249706
0.108935446
0.10873714
0.108245224
0.109258726
0.10998461
0.11004477
0.108923964
0.109245375
0.10736711
0.114591144
0.106988855
0.10763992
0.10681346
0.10769556
0.10881948
0.10762213
0.108401686
0.11244837
0.105972014
0.10587469
0.1060022
0.10610958
0.10699076
0.107084185
0.10747191
0.10776475
0.10828759
0.10770186
0.10761575
0.10676122
0.10796737
0.10683155
0.108799584
0.10552389
0.106797874
0.108221225
0.10564515
0.108657755
0.106127426
0.10809273
0.108730234
0.11004117
0.10511767
0.10528248
0.10801237
0.10554089
0.104684904
0.10435676
0.1069905
0.10632636
0.10448056
0.104693666
0.10453817
0.10529466
0.10598522
0.10644478
0.10825973
0.10539937
0.10534847
0.104439884
0.106930874
0.104236834
0.107013874
0.10432127
0.10747057
0.10506978
0.107016765
0.10544176
0.10381235
0.104476556
0.10505778
0.10455194
0.105198085
0.103703834
0.10709478
0.1035786
0.10724911
0.10575021
0.104498416
0.10441081
0.10574278
0.10838456
0.10375089
0.10410603
0.10353625
0.10397047
0.10237138
0.10512925
0.103438035
0.10494532
0.10397368
0.10473171
0.10278404
0.10250837
0.10489027
0.10442814
0.104525164
0.10301756
0.10339067
0.10430487
0.10290477
0.10433195
0.10434237
0.102572195
0.103119954
0.10435867
0.10310081
0.10319148
0.10459584
0.103430085
0.10680222
0.10377574
0.103693895
0.1033474
0.10240906
0.1028173
0.1015088
0.10092148
0.10318063
0.102154024
0.10154333
0.10354802
0.10146976
0.10385047
0.10329357
0.102078415
0.10386806
0.104992986
0.104027316
0.1025642
0.102858
0.10425641
0.102179065
0.10298561
0.10226474
0.10324825
0.10116885
0.10277336
0.10291209
0.1021003
0.104219005
0.102030165
0.10275111
0.10418519
0.10483088
0.103856295
0.10302713
0.10177693
0.10227896
0.10322093
0.102210805
0.10364548
0.104654446
0.10489184
0.10554954
0.10152922
0.102112226
0.10158706
0.102897346
0.10364188
0.104315385
0.10219815
0.10075125
0.101485655
0.10159693
0.10060837
0.100194424
0.10417897
0.105849706
0.10125919
0.1006803
0.10382669
0.10067921
0.103309095
0.102729924
0.10226708
0.09938283
0.10135908
0.1012215
0.10131271
0.10075
0.10126309
0.10331496
0.1006669
0.10070029
0.10390916
0.100833505
0.09956134
0.10100581
0.0998853
0.100370064
0.09981049
0.10157612
0.10089293
0.10132447
0.10267597
0.10015316
0.103338175
0.10164116
0.10063177
0.10061738
0.10113937
0.10194652
0.100334495
0.10237581
0.10128073
0.0988383
0.101872236
0.100148454
0.10094493
0.09847609
0.09963752
0.100878656
0.099530846
0.10029917
0.09913615
0.10031155
0.098760724
0.101783514
0.10355153
0.10083224
0.101673685
0.09993515
0.101203755
0.09893847
0.10103776
0.101098225
0.101385295
0.10074924
0.10062558
0.101513155
0.0991413
0.10157787
0.10087822
0.09731784
0.10278835
0.10065198
0.10101826
0.10088101
0.103576146
0.09967125
0.10140802
0.100590155
0.097365744
0.09877021
0.09941999
0.09965161
0.098430075
0.09998016
0.10316449
0.09986034
0.09934882
0.099485755
0.10116001
0.10019158
0.10122557
0.10014522
0.09970718
0.09880608
0.10018027
0.0996879
0.09926668
0.09749996
0.096839756
0.100567974
0.09959218
0.09903842
0.10012395
0.100599885
0.097248256
0.09766896
0.100436166
0.09975178
0.102235295
0.09828769
0.098958954
0.10067465
0.100602195
0.09950326
0.098598346
0.09929751
0.099122986
0.09707491
0.100715965
0.10199373
0.0969982
0.098358795
0.09827806
0.09814138
0.09983999
0.102096245
0.09969554
0.09704809
0.0968393
0.09658289
0.097642116
0.09912712
0.09892338
0.09767135
0.09673294
0.0956113
0.09935701
0.099409536
0.09915901
0.09881471
0.0998284
0.09791518
0.09739868
0.09939141
0.09662829
0.09632277
0.09651353
0.09564112
0.096971415
0.09813056
0.09994648
0.09623767
0.09711092
0.097308524
0.09573947
0.09596711
0.095855504
0.09603271
0.09631721
0.09715599
0.09660549
0.09834213
0.09711502
0.09678663
0.0938191
0.0976744
0.09547999
0.09637398
0.09513606
0.09675336
0.09629906
0.09810277
0.09963971
0.094464675
0.09837378
0.095945425
0.09559856
0.09792578
0.09548376
0.09438189
0.09626634
0.09951636
0.09705749
0.0952312
0.09620207
0.0985313
0.09725366
0.09628226
0.097223826
0.096452385
0.099314615
0.09738042
0.0965738
0.098377846
0.09658713
0.09594036
0.09847321
0.09685892
0.09576505
0.09542091
0.097950086
0.096498586
0.09758673
0.09904956
0.09935387
0.095062934
0.09647743
0.09789973
0.09766908
0.09611185
0.09604621
0.09597322
0.09660717
0.097198784
0.098867856
0.09406128
0.09793191
0.09448052
0.0958304
0.09651007
0.09775877
0.09458373
0.095113724
0.09871117
0.0938852
0.09631625
0.09794331
0.09717386
0.09626305
0.09800859
0.09655352
0.09531155
0.09363165
0.10000784
0.09441398
0.09707775
0.095305465
0.09561092
0.09505519
0.09439074
0.09617393
0.0953729
0.09388148
0.09496259
0.0966632
0.097798884
0.094774604
0.095123135
0.09443764
0.09770954
0.09378703
0.09537559
0.0942824
0.09393033
0.09489633
0.09376053
0.09280312
0.09462634
0.0952811
0.09702787
0.095603995
0.09397533
0.09708113
0.09546643
0.094564
0.09724763
0.09387875
0.09254295
0.09394637
0.09300738
0.09468061
0.09359856
0.093885235
0.09197844
0.09453738
0.09362506
0.09325275
0.09167358
0.09423025
0.09320676
0.09446212
0.09520749
0.09531888
0.09781889
0.095394105
0.098264076
0.09259636
0.09292193
0.09606885
0.09311378
0.09451555
0.09256418
0.092870556
0.09263508
0.093377605
0.096231446
0.09237662
0.09271689
0.0947356
0.09401208
0.09534681
0.09829315
0.092463806
0.094512224
0.095541425
0.09247776
0.09209688
0.092549965
0.09255268
0.09420405
0.09440283
0.09768979
0.09313171
0.09370162
0.09268376
0.09530162
0.09326993
0.09416148
0.0935534
0.09300652
0.09421844
0.095021516
0.09262877
0.09167584
0.093279324
0.09255314
0.09584628
0.09388382
0.093883134
0.093271814
0.09365386
0.09284014
0.09347858
0.09339121
0.09745515
0.09231959
0.092711836
0.09392692
0.091453485
0.09233598
0.092114784
0.09296401
0.09280535
0.09171302
0.092015274
0.09439342
0.09292533
0.09252765
0.0923843
0.09278313
0.09153818
0.092461236
0.092430994
0.09225642
0.09210018
0.090705134
0.091962874
0.09228138
0.09054273
0.09379706
0.09095964
0.08958875
0.090974376
0.090684064
0.08943988
0.09033545
0.09299179
0.09202211
0.09158179
0.09096645
0.09054565
0.09173783
0.09245894
0.091316976
0.08920736
0.091767065
0.095813036
0.094589725
0.09292565
0.090285785
0.09275935
0.093887225
0.09096283
0.09081844
0.08988203
0.0922208
0.09133667
0.090304755
0.090574965
0.09177239
0.09070651
0.08953906
0.089621976
0.08964193
0.09255604
0.092531905
0.09047455
0.09181004
0.09287752
0.09168334
0.091452084
0.09124965
0.09168643
0.09009271
0.089339964
0.0911247
0.09038835
0.09016368
0.09267319
0.09199693
0.09165981
0.09024972
0.09041813
0.090966344
0.09194975
0.09018437
0.092342444
0.090061285
0.08923475
0.09135012
0.09176071
0.09186097
0.09142865
0.092545435
0.09350878
0.092458405
0.09028777
0.09055132
0.09005306
0.08921673
0.09003266
0.088965215
0.09177994
0.09017518
0.08962431
0.09146404
0.088798545
0.08944019
0.090402335
0.09023058
0.09246077
0.08833963
0.08894502
0.0928204
0.08918924
0.093156524
0.0899078
0.090781435
0.090826884
0.09251287
0.09008637
0.089371346
0.09250214
0.088581756
0.09131759
0.092710234
0.091245554
0.09063864
0.09061709
0.091626525
0.090666465
0.09050704
0.09019145
0.08872256
0.09034117
0.090212174
0.09129274
0.095257364
0.08826884
0.08978029
0.09134098
0.09118352
0.0934002
0.09082332
0.090552345
0.088709556
0.091993056
0.0914888
0.09063883
0.09050788
0.0890681
0.09066378
0.09125536
0.0892366
0.09082776
0.08941077
0.08882104
0.08821222
0.08846372
0.08847532
0.08841713
0.08915989
0.08862336
0.088700935
0.08797041
0.09066899
0.08979474
0.08961849
0.08842752
0.08841365
0.08842931
0.08830497
0.088175684
0.08828738
0.08677088
0.08771873
0.08748579
0.0905798
0.08639982
0.08955431
0.08787146
0.08868509
0.088341035
0.08877494
0.09402756
0.08679405
0.08903736
0.0880259
0.08862445
0.088774696
0.08839316
0.08774921
0.08740709
0.089192204
0.08689306
0.0872062
0.087111205
0.08791816
0.08981764
0.09054724
0.0887752
0.08858849
0.09046713
0.091878586
0.0875546
0.08725755
0.0876645
0.08652235
0.08776888
0.086473085
0.087463
0.08703132
0.08932746
0.089100294
0.089464135
0.087828524
0.08821891
0.08825575
0.08752845
0.08893106
0.087698035
0.090060405
0.088951245
0.087899454
0.08790854
0.08820521
0.08722514
0.08871624
0.08654194
0.0883499
0.088220015
0.08742903
0.08681209
0.08836395
0.08731922
0.09073757
0.08859581
0.08821127
0.08880717
0.08970088
0.09555598
0.08817781
0.088017136
0.089956835
0.090335146
0.08922845
0.086784914
0.09029956
0.08687636
0.088685706
0.088816464
0.09220715
0.0895691
0.0878325
0.089704834
0.08862172
0.08789209
0.08658251
0.088572
0.08999114
0.08632507
0.087206855
0.08709002
0.08785306
0.08700088
0.08921792
0.08853762
0.088570505
0.08939428
0.08841747
0.0864114
0.09092461
0.08770733
0.08620991
0.089524776
0.08915707
0.089880675
0.086726286
0.088462576
0.087804906
0.08821437
0.08851585
0.08745019
0.08731791
0.08865621
0.08670354
0.08670052
0.087249
0.085936256
0.086633466
0.086337514
0.088283844
0.08872355
0.08563695
0.088070914
0.086590074
0.0867404
0.089380674
0.08623157
0.08760147
0.08665303
0.086536855
0.086777166
0.08659683
0.08847553
0.08864748
0.086769566
0.085884035
0.08857719
0.08874223
0.08638659
0.08676327
0.08768193
0.08864398
0.08754017
0.08593592
0.085876144
0.08977239
0.085583635
0.08632117
0.08860407
0.08586022
0.08802793
0.08903949
0.08731014
0.08640779
0.08614113
0.087795675
0.08443248
0.08556589
0.086800545
0.08651381
0.08579281
0.084787205
0.086141564
0.085639216
0.084874004
0.085453846
0.08584138
0.08622799
0.086263895
0.08612425
0.08630907
0.08553903
0.087188855
0.087350056
0.085799746
0.08955929
0.08773047
0.08691684
0.08452931
0.08823578
0.087326065
0.08548143
0.08560469
0.08469161
0.08532635
0.08557579
0.08568613
0.08523509
0.085017376
0.0867286
0.08791015
0.08398735
0.08729161
0.08537144
0.084504396
0.08549768
0.086533934
0.084794104
0.087806426
0.08571421
0.08875407
0.08691517
0.08566615
0.086174466
0.08716487
0.08766249
0.086347915
0.08737116
0.087371096
0.08735616
0.0866651
0.086509585
0.08509529
0.08437363
0.08615892
0.086036995
0.08817481
0.08514685
0.0863951
0.08604488
0.08562735
0.08647111
0.08626379
0.08618469
0.08506129
0.08570386
0.08673385
0.08400066
0.08754374
0.08631349
0.08489059
0.08488799
0.08792115
0.08800579
0.08513322
0.08460855
0.08686718
0.08845025
0.08655718
0.086712025
0.08545886
0.08464794
0.08745836
0.08660899
0.08766184
0.08422608
0.08427036
0.08484199
0.084288895
0.0836062
0.086496785
0.08583735
0.0880518
0.08666635
0.08436729
0.08538332
0.08623574
0.08528029
0.08504831
0.08488031
0.08507409
0.08441017
0.086485274
0.08542898
0.085344106
0.0865475
0.087381646
0.084388345
0.08465333
0.08472468
0.08462185
0.08788743
0.08529433
0.08484116
0.08513718
0.083822645
0.08552031
0.08550181
0.085169986
0.08461698
0.084829256
0.08527521
0.084932245
0.08381583
0.08588331
0.08525063
0.08321308
0.0854669
0.08577322
0.084809214
0.086601764
0.08404988
0.08304043
0.08387516
0.08274617
0.08394835
0.0844748
0.085608706
0.082977615
0.088725165
0.08382888
0.08483752
0.08525231
0.084921755
0.0833462
0.08436693
0.08308002
0.08356592
0.084425904
0.08286561
0.08376578
0.08457333
0.084294096
0.082851306
0.08471876
0.08293725
0.08491308
0.08244031
0.08326391
0.08560649
0.085297205
0.08871826
0.0831101
0.08394114
0.08564598
0.083769046
0.08525268
0.08437366
0.083359316
0.084610425
0.08389387
0.08348306
0.08422113
0.083435506
0.08532716
0.085083514
0.08376138
0.08413535
0.08399686
0.08303281
0.08559268
0.08673432
0.08344889
0.08305945
0.08330192
0.082816966
0.08444517
0.08361605
0.08187619
0.082244225
0.082954705
0.081523426
0.083062336
0.08247105
0.084159724
0.08243322
0.08364015
0.08218301
0.08336759
0.08085424
0.08414529
0.08196825
0.08324761
0.08335606
0.082233675
0.08322227
0.08756905
0.085047424
0.08385872
0.08487854
0.08520324
0.08352649
0.08373542
0.08685758
0.08262869
0.08565346
0.08235018
0.08322802
0.08260598
0.081407025
0.082858354
0.08359983
0.083481595
0.08246529
0.085334316
0.08353682
0.08387203
0.08249105
0.08270689
0.082897276
0.08272102
0.082731485
0.082170784
0.08214922
0.08494212
0.082605235
0.082056135
0.082166746
0.083099045
0.08346441
0.08563622
0.08148568
0.08172263
0.08332284
0.0838905
0.082842596
0.08232277
0.082682386
0.081327274
0.08246298
0.08178193
0.08394481
0.08187363
0.08350192
0.083803095
0.08203381
0.08152112
0.08402414
0.08231362
0.08349672
0.08168693
0.08219957
0.081549294
0.083192244
0.08262365
0.08346816
0.081892304
0.084309265
0.082651205
0.08301953
0.08233589
0.08269382
0.08425454
0.08310749
0.08379995
0.083630696
0.08289697
0.08133102
0.082431115
0.08360548
0.083782166
0.0851243
0.082265794
0.08366829
0.08099392
0.082569666
0.0816055
0.08163081
0.08172028
0.0815171
0.08160985
0.08082854
0.08352413
0.08213275
0.081325814
0.081123956
0.08305907
0.08121402
0.08218683
0.0819903
0.083067
0.07918339
0.08152322
0.081397235
0.08066301
0.081875004
0.08189558
0.08172924
0.081734344
0.08033726
0.082105905
0.082159005
0.08135371
0.082774006
0.08252696
0.08158578
0.081708975
0.082652465
0.082411885
0.08264533
0.08151455
0.08093985
0.08401765
0.080919415
0.08014981
0.080100305
0.081860214
0.0827617
0.082440205
0.08047916
0.0851221
0.08321271
0.08042056
0.081195936
0.0833133
0.0799521
0.07999839
0.08245528
0.08325882
0.07991219
0.08185041
0.080932714
0.08033606
0.08095132
0.082592115
0.07977168
0.08356647
0.08159153
0.08167158
0.08310153
0.08104136
0.08267614
0.08097414
0.08220998
0.08080476
0.08073138
0.08216624
0.0830046
0.08302205
0.0803333
0.08253453
0.07922376
0.08069901
0.08212113
0.08034136
0.08080545
0.081496246
0.08133573
0.08129497
0.082102776
0.081623495
0.08106852
0.081121616
0.08278684
0.08147692
0.08433005
0.07992717
0.081106804
0.08164282
0.083282255
0.081943326
0.08354282
0.0811292
0.0820935
0.08208081
0.081065506
0.08092166
0.08083129
0.08128464
0.08287101
0.08009867
0.081851915
0.08059268
0.081818365
0.080483034
0.07912191
0.08077851
0.08054819
0.079785995
0.08378356
0.08630155
0.082370296
0.079947144
0.07922063
0.0811709
0.07949265
0.0804145
0.079193875
0.081552275
0.079758026
0.08038559
0.08240904
0.08055026
0.07952943
0.08453368
0.080151655
0.07973205
0.07876053
0.07962088
0.07842945
0.08154765
0.081532426
0.079455934
0.07914996
0.07962165
0.079494804
0.0799346
0.080201805
0.07866559
0.079006426
0.079772376
0.07936664
0.08134584
0.07967376
0.07970698
0.078705266
0.07825923
0.080206014
0.078426935
0.080898605
0.07967908
0.07907187
0.07877598
0.07806583
0.07898374
0.07834281
0.07905533
0.08022973
0.07865469
0.079553664
0.08109366
0.08095782
0.07925029
0.07968679
0.080249645
0.08012936
0.07973538
0.07872042
0.08095671
0.07990829
0.07842916
0.07890157
0.079950355
0.078594916
0.08238957
0.078291886
0.0777016
0.07972754
0.079388015
0.07978394
0.07942807
0.07784154
0.0786093
0.07852642
0.08038752
0.078660175
0.0778218
0.08125042
0.080384366
0.08022544
0.07979964
0.07781629
0.0787663
0.08045584
0.077597536
0.07941894
0.079928584
0.07834914
0.079506725
0.07750556
0.07893356
0.07867764
0.07953735
0.07810268
0.07738724
0.08050439
0.0779527
0.07874496
0.07820039
0.07923486
0.08042482
0.07814278
0.0824534
0.0810907
0.07871194
0.07733871
0.07871928
0.08117772
0.07696891
0.08125953
0.07900841
0.07803731
0.07859403
0.07827996
0.07855637
0.07783207
0.07801193
0.07812495
0.07981159
0.07668066
0.077958114
0.07825144
0.07768057
0.07697822
0.07732099
0.07979206
0.07809477
0.07965466
0.076942295
0.07878789
0.079820506
0.07868705
0.07721648
0.078349985
0.078251965
0.077998124
0.07896974
0.07872337
0.0807374
0.07986956
0.07792642
0.07748972
0.07997908
0.078653246
0.077623114
0.07733388
0.08041443
0.07874784
0.07793123
0.07723774
0.07959258
0.07754112
0.07835674
0.07857153
0.07985522
0.07909635
0.07838812
0.07771801
0.07877473
0.07902315
0.07835656
0.08041389
0.08015991
0.08118746
0.07903372
0.08043352
0.08090538
0.0781019
0.07763498
0.07757508
0.07800865
0.0773532
0.07881595
0.07795005
0.08184172
0.07879849
0.07955747
0.07859959
0.0829593
0.077871256
0.07908297
0.077229634
0.077432476
0.07665094
0.07888861
0.07608467
0.07843658
0.07787703
0.07892259
0.07647914
0.07946433
0.077230595
0.07841744
0.077891335
0.07849171
0.07862737
0.078302845
0.07809814
0.078733236
0.08118419
0.07885202
0.07787724
0.07677618
0.07986761
0.078235105
0.07750357
0.07914693
0.077296905
0.07793605
0.078687936
0.07837506
0.078288436
0.077460945
0.07852601
0.07734684
0.0775235
0.0778274
0.08036003
0.079232365
0.07873646
0.07663819
0.07800087
0.07931836
0.078039706
0.07619591
0.07664963
0.07901186
0.08110028
0.07799214
0.07845101
0.07733208
0.077012554
0.07868801
0.07844268
0.0784623
0.07766773
0.07744726
0.07734051
0.07852848
0.07836986
0.077099904
0.07777083
0.07614873
0.07825265
0.07692766
0.07734116
0.076804966
0.0767742
0.07856267
0.07704188
0.07804182
0.07747137
0.077512965
0.07805884
0.07879458
0.07820671
0.07734831
0.0780533
0.080249496
0.07769425
0.07713477
0.07651188
0.07829372
0.07683938
0.07775477
0.080874726
0.077627555
0.07608391
0.07788622
0.07790285
0.07653036
0.07744686
0.07625971
0.076969124
0.07966074
0.07642317
0.075278096
0.07656701
0.07656032
0.07882295
0.07793409
0.075901516
0.078599915
0.07736564
0.07723112
0.07520688
0.07553156
0.07635871
0.07654071
0.07652125
0.078388445
0.07751463
0.075788744
0.07618165
0.07506538
0.07684642
0.079402134
0.077417694
0.077076785
0.07716313
0.076932006
0.07641249
0.07628365
0.07616701
0.07678623
0.07680306
0.07740391
0.07497236
0.07586412
0.076167665
0.07676807
0.075702295
0.07762191
0.07796709
0.077140905
0.07537589
0.07595583
0.07706247
0.07393267
0.07891194
0.074844055
0.07560729
0.077346765
0.07543343
0.07672012
0.075917505
0.0758099
0.074197836
0.075907096
0.07817727
0.07441755
0.07643429
0.077921204
0.07601504
0.07556053
0.07454791
0.07490956
0.07596624
0.07513505
0.07664405
0.07693006
0.07527183
0.074614696
0.07775952
0.076022655
0.07573377
0.07680321
0.07551297
0.075521156
0.07563763
0.07677416
0.075202204
0.07712916
0.07733957
0.07791807
0.07660175
0.07516996
0.07594198
0.07597056
0.07774488
0.07519324
0.076299936
0.07527192
0.07601128
0.075014375
0.07681615
0.078089125
0.07769205
0.075845115
0.07812992
0.07800144
0.075813845
0.0754093
0.07869921
0.0786111
0.07643023
0.07514817
0.07753529
0.07571906
0.07451677
0.07639126
0.07823067
0.07574601
0.07500458
0.07995888
0.07592119
0.07799751
0.076642096
0.07654282
0.074609056
0.07678937
0.079412706
0.07967136
0.07478831
0.075936675
0.07503319
0.07613674
0.077015966
0.07570886
0.07712924
0.07939679
0.07449455
0.07536542
0.0772804
0.076169685
0.07894107
0.07423115
0.076414354
0.07536896
0.07554502
0.07669155
0.07522143
0.07434641
0.07382321
0.076826
0.0750389
0.07522318
0.077110946
0.07369411
0.077745594
0.07507666
0.0751919
0.075270675
0.074720554
0.07450617
0.0780448
0.075053975
0.07500743
0.07695605
0.074533515
0.076371446
0.076148614
0.07485609
0.07584328
0.07577732
0.07495093
0.07623081
0.07434528
0.07583043
0.07680147
0.075864814
0.076655656
0.077939205
0.07547732
0.07373827
0.07387044
0.075200655
0.07328823
0.0753331
0.07627867
0.075318925
0.07609417
0.07660207
0.07527635
0.07500357
0.073410615
0.077674925
0.07421067
0.07653198
0.07420249
0.07494375
0.07467811
0.07430068
0.075396776
0.07560246
0.07397833
0.07521936
0.07510787
0.076192796
0.07431866
0.07621566
0.0753306
0.07457049
0.07474297
0.07832692
0.07656123
0.07610853
0.07499617
0.07472382
0.07556544
0.07479544
0.07440465
0.074455805
0.07362209
0.073507264
0.075566106
0.07667554
0.07464041
0.07406644
0.07438322
0.07398549
0.07380583
0.07593341
0.07425548
0.07368776
0.07588217
0.07385428
0.07376735
0.07433997
0.07365976
0.077292256
0.076678164
0.07316151
0.07334407
0.07508943
0.07490551
0.07623923
0.07706527
0.07345563
0.074736126
0.07480569
0.07515106
0.07587263
0.07378832
0.07697034
0.07499711
0.073909976
0.07460429
0.0743738
0.0754179
0.07461855
0.072746426
0.07551429
0.07411266
0.07799187
0.07465584
0.073788516
0.074241064
0.075240746
0.074367724
0.074314855
0.07447942
0.07300583
0.075328484
0.076806575
0.074766845
0.07254531
0.074992985
0.075898185
0.07510088
0.07426609
0.07538771
0.073968
0.07600711
0.07384307
0.073266864
0.07379763
0.07586339
0.07351464
0.07495109
0.074866876
0.075773165
0.07677296
0.074689925
0.07459196
0.07405174
0.072594956
0.07363249
0.076114
0.07584695
0.07415676
0.075803556
0.07411387
0.07590129
0.07492181
0.07385493
0.0743605
0.07244244
0.074544355
0.07294441
0.07280386
0.07321208
0.07397781
0.0726626
0.073547386
0.07376528
0.073112994
0.07328065
0.07206071
0.07534572
0.07388071
0.07431323
0.076064214
0.07361239
0.074109
0.07318455
0.07279151
0.07297016
0.072991356
0.07333979
0.07368119
0.07258108
0.07314078
0.07485544
0.0739135
0.0746171
0.07296309
0.073721536
0.07232895
0.07194916
0.071704365
0.07367686
0.0717521
0.0728941
0.072168596
0.07371694
0.073164746
0.07520891
0.07294899
0.07337321
0.071393855
0.07488168
0.074795045
0.0722425
0.07267266
0.07300727
0.072731115
0.072907984
0.07229016
0.07381365
0.073217414
0.074470125
0.07254201
0.07298182
0.07260683
0.07254168
0.07276653
0.071603626
0.07224279
0.07411181
0.07262148
0.07250396
0.07243293
0.07287122
0.07291718
0.074426904
0.07257244
0.07591828
0.0727114
0.07290966
0.07151548
0.0733029
0.07225403
0.076507
0.07415055
0.07494298
0.074289694
0.07314696
0.07406646
0.0741671
0.07256388
0.07533238
0.071180575
0.07311288
0.073695265
0.071749516
0.072454564
0.07454186
0.0732163
0.071374245
0.07262698
0.0728005
0.073531725
0.071482524
0.072259866
0.07417631
0.07178136
0.07258884
0.07402162
0.07343319
0.07284781
0.07237923
0.075190306
0.07193982
0.07317127
0.07428935
0.0790554
0.07430896
0.07226646
0.07208168
0.07203974
0.07287494
0.07223623
0.07207596
0.07342663
0.07200641
0.07425925
0.07340122
0.07323141
0.072672635
0.07511098
0.07468231
0.07272158
0.074139506
0.07274415
0.072987124
0.072867595
0.07163293
0.07392082
0.07289295
0.07333482
0.073473334
0.07270523
0.072851606
0.07334298
0.07166074
0.07559061
0.07260655
0.07389163
0.072082214
0.074134946
0.0742703
0.0728672
0.07260873
0.07280492
0.07277056
0.073613055
0.07331489
0.07271127
0.07331629
0.0752014
0.07300873
0.07169074
0.07221152
0.07290124
0.0720457
0.071664356
0.07176082
0.07386167
0.07253951
0.07151554
0.072484106
0.07260233
0.073036216
0.073367774
0.07223997
0.07159147
0.07231201
0.07233381
0.07238868
0.07275921
0.07226259
0.071253635
0.071240984
0.07499966
0.07504209
0.07217989
0.07140069
0.07244932
0.07197957
0.0726926
0.073581874
0.0716509
0.072841115
0.07197599
0.07170938
0.0723687
0.07275099
0.0724221
0.07354285
0.072685994
0.07322628
0.07516443
0.07151386
0.07154844
0.07189894
0.071687795
0.07196219
0.07142509
0.07339769
0.07203155
0.0709363
0.07459978
0.07353192
0.07243564
0.07294266
0.075871535
0.07113794
0.07179472
0.07532862
0.07139003
0.07108275
0.07189162
0.071893185
0.07294161
0.07153571
0.07420359
0.07126782
0.07065036
0.07316972
0.0720576
0.070543416
0.07259296
0.0720372
0.072684325
0.072173096
0.07173935
0.071063116
0.07192334
0.07005908
0.07214576
0.0741067
0.07289118
0.07224201
0.07204745
0.07128259
0.07337431
0.073832326
0.07107597
0.07460851
0.07145761
0.07250029
0.07213901
0.07105389
0.07208102
0.07066217
0.07159726
0.071408175
0.07207242
0.07114148
0.071026385
0.07003721
0.07220839
0.07088925
0.07129575
0.07529271
0.07126485
0.07487644
0.07110762
0.07094784
0.07254615
0.07128791
0.073608465
0.07159495
0.07044578
0.071888596
0.0727844
0.070973255
0.072164945
0.07238538
0.07439487
0.0737274
0.07012174
0.07333298
0.07049589
0.0720174
0.07128759
0.07106747
0.07079604
0.07141313
0.07084903
0.07287285
0.07114081
0.07276024
0.071374275
0.07128896
0.071586505
0.07174557
0.071922265
0.073675916
0.0724816
0.07220437
0.071617104
0.076056026
0.07203167
0.07287305
0.07306345
0.07053761
0.0710154
0.070648104
0.07167431
0.07090394
0.06989206
0.07103999
0.07437079
0.07209427
0.07125275
0.07068614
0.07156478
0.073128045
0.06981946
0.070211425
0.07132191
0.07155184
0.07258894
0.07016365
0.07213526
0.07161381
0.069969736
0.07127069
0.07126644
0.07184391
0.07358151
0.07134677
0.07196535
0.071092114
0.07029121
0.07288562
0.07163931
0.071274474
0.07194854
0.06943076
0.07127126
0.07256273
0.0703025
0.070174195
0.07007906
0.07078149
0.07143602
0.07086514
0.06937526
0.070466705
0.07134261
0.07092739
0.07048746
0.07078637
0.06958079
0.07134898
0.071282595
0.07275371
0.071557075
0.07181956
0.069282055
0.07339203
0.07043146
0.07161744
0.07094837
0.07051317
0.07082651
0.07187223
0.07241625
0.06948634
0.0695942
0.069288634
0.072401255
0.07113408
0.07056
0.07076982
0.07107817
0.07108528
0.07084844
0.06989235
0.07144653
0.06991313
0.07023957
0.06947576
0.07034231
0.06958433
0.07149647
0.070479654
0.07094028
0.07091796
0.069719955
0.073408544
0.070174485
0.0701074
0.070599645
0.070401825
0.07260212
0.070585884
0.069734335
0.0699593
0.06971482
0.070271514
0.069885336
0.06959356
0.07041175
0.0699078
0.07388161
0.06949705
0.07198943
0.07111455
0.07259868
0.06993961
0.07156375
0.07111982
0.0716757
0.06898501
0.0686333
0.07036815
0.06971496
0.07075788
0.07087052
0.06896913
0.071262054
0.069910705
0.07370297
0.070688255
0.069295764
0.072062746
0.07040709
0.07044022
0.07181241
0.06994648
0.07249916
0.069217145
0.07167472
0.07344181
0.06857601
0.06904215
0.06943798
0.07290937
0.07183192
0.06924432
0.07058617
0.06882586
0.07003398
0.07117842
0.06898468
0.070724875
0.07025484
0.071211256
0.06847344
0.07113727
0.06921095
0.06918536
0.069346994
0.07015285
0.070366934
0.071233764
0.06857532
0.06946664
0.06942087
0.06993072
0.06948499
0.06980191
0.0702309
0.0702044
0.06923015
0.070375204
0.07048568
0.06936679
0.070292614
0.07090943
0.069936685
0.07044547
0.07038276
0.07208583
0.07263763
0.06921896
0.06949889
0.07006352
0.069806345
0.06860191
0.06999229
0.06921145
0.070990644
0.07091111
0.07004559
0.06998244
0.06879212
0.07199423
0.06915509
0.06992446
0.069977656
0.0698909
0.069043286
0.06999878
0.069355965
0.06945164
0.070427574
0.070387706
0.06893246
0.06967682
0.07107206
0.06958166
0.070934236
0.07005683
0.06901107
0.07128582
0.06985744
0.07173336
0.07201122
0.0713671
0.069604784
0.07015605
0.069099076
0.07023239
0.06948598
0.070091106
0.069726184
0.06937894
0.07111076
0.068655536
0.06917341
0.07066823
0.06983314
0.07101815
0.07125368
0.06989133
0.06878127
0.06893381
0.06870388
0.068444125
0.068619385
0.06818743
0.07002118
0.06940063
0.06923382
0.06979625
0.069881864
0.071097225
0.067920335
0.06903828
0.06956136
0.07005076
0.06999635
0.07251795
0.069774106
0.07001737
0.06923477
0.06960467
0.07023583
0.07044102
0.06969732
0.069914825
0.07042543
0.068907045
0.0675095
0.069266856
0.06880456
0.07069341
0.06900074
0.06756584
0.06845088
0.06967032
0.06875957
0.06822335
0.06921186
0.068381436
0.06758172
0.06998725
0.06906723
0.07014699
0.06900122
0.06880288
0.06838015
0.06792844
0.069627464
0.06935007
0.06876707
0.07000331
0.06848546
0.06942823
0.06827693
0.06918245
0.068034336
0.06775355
0.06892986
0.071934775
0.069247484
0.069119595
0.069601126
0.068945184
0.06812854
0.06855367
0.06926793
0.07124663
0.06923275
0.068376414
0.06722439
0.06896146
0.068082795
0.067804456
0.06834538
0.067442335
0.068639025
0.06962202
0.06780548
0.07034421
0.06868628
0.068017736
0.069442704
0.06731894
0.069139056
0.067696065
0.0709257
0.06782192
0.06826522
0.06895147
0.0675495
0.0678885
0.06892278
0.06907721
0.06730402
0.06682545
0.067830384
0.07029052
0.06910951
0.067811005
0.06879764
0.06913492
0.06842656
0.07143904
0.06785384
0.069822654
0.06806711
0.068618
0.07046066
0.068908565
0.069384515
0.06800603
0.06969358
0.06737848
0.06809695
0.06931757
0.06864171
0.06819871
0.06950785
0.06734161
0.068857774
0.06939047
0.06716725
0.0679405
0.0676939
0.068690315
0.071169235
0.06959769
0.06652215
0.0681504
0.06812586
0.06790986
0.06724003
0.0682349
0.067894876
0.06784178
0.06912153
0.06833605
0.068996795
0.06718634
0.06866668
0.07087342
0.06756369
0.067503914
0.0675573
0.069788754
0.06748143
0.07090594
0.067749076
0.06728522
0.069093585
0.068575695
0.0683071
0.06861078
0.067325205
0.06701064
0.06947736
0.068583496
0.06843095
0.06833174
0.06827614
0.06855381
0.067834444
0.06653802
0.06796192
0.0671407
0.06696177
0.0687441
0.06716902
0.069738686
0.067155756
0.06681909
0.06729609
0.06769693
0.06727907
0.06934494
0.06751003
0.06855783
0.07032383
0.0669265
0.06765413
0.06777013
0.06885631
0.068851285
0.06765592
0.068438925
0.06662867
0.06763408
0.06889781
0.068753295
0.068195105
0.068257585
0.06926779
0.06657948
0.068319365
0.06756003
0.06731774
0.067020595
0.06695802
0.06873426
0.0663872
0.068149485
0.0680713
0.06994632
0.06841751
0.06770908
0.06997735
0.06915398
0.06792992
0.067911275
0.06913045
0.06822723
0.06953889
0.069406204
0.06877317
0.06925229
0.07034052
0.07131548
0.072108865
0.06778178
0.06834784
0.06872903
0.06838708
0.068900965
0.06819945
0.06753156
0.07082256
0.06716193
0.06755085
0.069083504
0.06748907
0.06771953
0.06827917
0.06940179
0.0668504
0.070364386
0.06585943
0.067247696
0.06684503
0.066534266
0.067341685
0.067393124
0.067825936
0.06882906
0.06640428
0.06716975
0.068028234
0.06649555
0.06823009
0.06794197
0.06728683
0.065853946
0.06866142
0.06664904
0.06749877
0.06666474
0.066526845
0.06661599
0.066073574
0.06590244
0.066927485
0.06817593
0.06659371
0.06732037
0.06713287
0.06718686
0.067306444
0.06653819
0.068270914
0.06771096
0.06713322
0.06779981
0.06904165
0.06610997
0.0670459
0.06570433
0.069382995
0.06876849
0.06708147
0.06821785
0.066570826
0.06735065
0.066533625
0.068678655
0.06770885
0.0667439
0.066387795
0.06735023
0.06666978
0.06703877
0.06902841
0.06765224
0.06756665
0.067844
0.067682825
0.06661494
0.06807694
0.067383885
0.06912588
0.06652007
0.06612304
0.069235496
0.06665683
0.065533526
0.0654109
0.066333786
0.0670407
0.06720442
0.06787552
0.065741956
0.06826627
0.0684717
0.06780114
0.068471156
0.068330586
0.06688875
0.06684153
0.06661479
0.066565394
0.06561558
0.067829825
0.06756073
0.06637184
0.066227034
0.066950426
0.06592483
0.068072885
0.06693913
0.06572433
0.06523028
0.06549668
0.067576334
0.06578875
0.065854795
0.06618393
0.0677854
0.0663051
0.06636738
0.06689855
0.06733572
0.066435404
0.06783671
0.06689329
0.06643735
0.06738014
0.06605299
0.06513868
0.064992055
0.065972306
0.06628832
0.068456165
0.069553465
0.06785477
0.06588149
0.0658797
0.06608958
0.066438526
0.068540506
0.06709406
0.0670726
0.06679834
0.06721022
0.067641966
0.06810336
0.06679766
0.067882314
0.06882518
0.06793312
0.06818271
0.06835716
0.06677053
0.06622862
0.0687197
0.06655315
0.06775694
0.06575643
0.06542745
0.06573743
0.06591889
0.06603125
0.06550591
0.066113316
0.06791147
0.06578338
0.066176586
0.06632242
0.06621182
0.06611411
0.067794554
0.065971635
0.06676052
0.06751335
0.065922506
0.06673032
0.06522299
0.06620341
0.06551283
0.06845592
0.06574276
0.06637182
0.06706889
0.06679464
0.06776281
0.06648964
0.066237465
0.06659393
0.06715331
0.06576328
0.065646544
0.06681665
0.06477674
0.06579046
0.06618527
0.06618978
0.06588204
0.06670228
0.06664321
0.06714003
0.0659688
0.06757736
0.06547136
0.06631221
0.06641781
0.06649739
0.06707304
0.06523887
0.06622325
0.065737925
0.06696247
0.06540157
0.066482395
0.06655384
0.064619236
0.06565067
0.06469309
0.06536855
0.065481655
0.067175455
0.06768957
0.0656998
0.069514856
0.06610842
0.06618405
0.065567106
0.064939894
0.068363465
0.067788176
0.06509775
0.06556145
0.06757091
0.06506021
0.06531391
0.064486675
0.06744214
0.06622125
0.06676623
0.06552243
0.06557016
0.06629748
0.06636454
0.06565964
0.06532192
0.06473382
0.06595536
0.06633581
0.064958684
0.06535323
0.065622404
0.066224985
0.06746061
0.06522656
0.066565
0.06504851
0.06618131
0.06762909
0.06530962
0.06653215
0.06533419
0.06583321
0.06577962
0.0656986
0.0651877
0.066733964
0.065717384
0.067385405
0.06520245
0.06707232
0.067174844
0.06467407
0.06577033
0.06549156
0.06603844
0.06636653
0.066925324
0.06546443
0.0662847
0.065122
0.06577718
0.068502285
0.07010183
0.066192985
0.06654822
0.065524615
0.06554153
0.06485179
0.06507068
0.0654314
0.065147735
0.066888414
0.06640561
0.06688331
0.065220065
0.06560422
0.06559139
0.0650357
0.064744405
0.069613606
0.06390234
0.06555219
0.06575952
0.070403636
0.06610384
0.06791986
0.06528357
0.06635481
0.06528505
0.06585884
0.06701546
0.06685743
0.06530794
0.06584061
0.06839634
0.065624975
0.06635355
0.065136254
0.06667962
0.064720295
0.065221354
0.06776314
0.067571245
0.06498304
0.06555213
0.065726794
0.06447179
0.06630766
0.06550683
0.064692095
0.06598061
0.064774506
0.06507474
0.06496231
0.06475912
0.064945094
0.066196635
0.06409443
0.06633324
0.06406177
0.06543549
0.0653452
0.06398153
0.064991206
0.06468751
0.06438109
0.064617366
0.06713032
0.066988446
0.065531045
0.06670269
0.06455172
0.06468862
0.06510124
0.064442374
0.06415008
0.066314556
0.06380762
0.06444606
0.06471834
0.06525621
0.064205095
0.066808246
0.06469571
0.06470194
0.06455395
0.06496156
0.06620948
0.06430629
0.064202644
0.06537415
0.06512228
0.06562046
0.065155305
0.06536493
0.06405327
0.06409169
0.06563915
0.06644511
0.06389578
0.06591401
0.06736787
0.0654585
0.0658452
0.06428099
0.06454879
0.06679987
0.064956255
0.064489365
0.06486578
0.06537532
0.06445183
0.06471022
0.065711856
0.06441861
0.06438461
0.06567153
0.06493616
0.06613264
0.06625165
0.06482661
0.06424044
0.0649618
0.06646281
0.06568111
0.06413633
0.0648896
0.063983984
0.06362504
0.065855786
0.065042205
0.06585991
0.066908315
0.06533817
0.06554395
0.06716823
0.06514466
0.064817995
0.06631465
0.06601777
0.064511396
0.06520593
0.06589103
0.06725834
0.064498655
0.06375694
0.0653963
0.06541975
0.063802056
0.06449971
0.06589946
0.06493254
0.0643862
0.06604397
0.06333559
0.0636961
0.063719556
0.064542025
0.06315799
0.06493127
0.06483318
0.06444159
0.066008665
0.063829854
0.06396662
0.064197004
0.06357292
0.06409989
0.06419017
0.06389767
0.064258724
0.064427994
0.06407751
0.06406395
0.064256914
0.06413427
0.06566215
0.06433074
0.06355248
0.064614914
0.064633645
0.068059005
0.06333715
0.06479572
0.06336445
0.06502055
0.064847924
0.065318175
0.06613991
0.06526396
0.065749526
0.06553865
0.06436273
0.06397446
0.06591682
0.063925244
0.06289249
0.064472854
0.064064264
0.06741634
0.06297293
0.06402791
0.063701935
0.06454396
0.06351696
0.06377042
0.06415094
0.06602354
0.062480897
0.06405571
0.06502925
0.06492634
0.06529294
0.0633136
0.06630083
0.066433415
0.065168895
0.06304426
0.06610251
0.06446796
0.06370901
0.06394779
0.06411098
0.067022234
0.063440755
0.064213276
0.06436988
0.06467181
0.062769115
0.06361921
0.0643062
0.06423509
0.064655654
0.06408887
0.065235354
0.064391114
0.06404536
0.064897686
0.0671133
0.06479704
0.063737765
0.06363767
0.06304987
0.06438445
0.06502169
0.064379744
0.06629023
0.06466255
0.06430102
0.06546795
0.06479439
0.06465135
0.063208096
0.063571356
0.064471625
0.06435258
0.06347985
0.063673034
0.06328716
0.06421574
0.06349141
0.06380077
0.06312324
0.06382755
0.063968636
0.065558344
0.0631014
0.06406833
0.06426207
0.06322363
0.06334196
0.06531836
0.063362226
0.0640309
0.0646528
0.064363256
0.065280244
0.06339738
0.06572261
0.06449725
0.064771675
0.06424827
0.063643046
0.06372754
0.064810365
0.06452714
0.06392873
0.06586401
0.064053915
0.065051325
0.06340749
0.06260366
0.06525929
0.06692241
0.06375174
0.06373737
0.06285644
0.064324416
0.06296382
0.06389497
0.06389267
0.06295366
0.06316091
0.06456323
0.064319335
0.06264305
0.06364552
0.06285852
0.0629453
0.0639685
0.06446479
0.06469026
0.064073645
0.06511769
0.06397208
0.063750066
0.06525757
0.06406866
0.0636997
0.06408381
0.06369092
0.06451854
0.06275612
0.06411899
0.06381236
0.06348636
0.06335549
0.06319429
0.06410749
0.06352207
0.06415739
0.064000435
0.062390275
0.062626824
0.063962705
0.062141657
0.06279216
0.06413615
0.06500204
0.06435289
0.063984014
0.062984206
0.06534335
0.062618956
0.06809867
0.063052684
0.064535655
0.062634744
0.06398957
0.06427953
0.06326516
0.063526265
0.06587862
0.063262545
0.06431364
0.06348237
0.0639261
0.06480235
0.063561745
0.06552321
0.06558668
0.06384868
0.065145195
0.06398629
0.06305997
0.06384775
0.06462268
0.06291253
0.06427011
0.06428893
0.062932275
0.063906245
0.06309826
0.06506056
0.062213033
0.065091036
0.06402051
0.06320548
0.06351266
0.063726254
0.06482839
0.06580645
0.062325086
0.06260051
0.062497452
0.06338177
0.06286303
0.06464121
0.062261373
0.061906498
0.062195368
0.062483076
0.06463865
0.062087804
0.0629344
0.064165875
0.062828034
0.065807864
0.06164622
0.061882384
0.06366258
0.06333568
0.06367654
0.062873565
0.06353139
0.062162235
0.06321513
0.061940115
0.063714564
0.06338005
0.062217735
0.06414389
0.064540304
0.061879955
0.062483143
0.06449157
0.06270411
0.06273122
0.06245259
0.06486134
0.06406015
0.063961275
0.06270535
0.06212392
0.0665501
0.063841805
0.06553076
0.06272853
0.061679047
0.06171529
0.0640505
0.062669635
0.061700635
0.065072216
0.06277549
0.061706174
0.06392656
0.06470068
0.06253564
0.0626036
0.06303328
0.06290615
0.062552944
0.06147336
0.06387486
0.06234048
0.062275853
0.06372694
0.06238694
0.063897766
0.062161215
0.06282843
0.064073205
0.06268515
0.06306083
0.062124588
0.062675804
0.064349696
0.06277179
0.06332148
0.065201156
0.062686674
0.062790774
0.06439269
0.062431086
0.061501037
0.06437561
0.06390572
0.06312101
0.062913366
0.06309669
0.06263178
0.06292772
0.06273995
0.06250419
0.065321505
0.06446411
0.063798316
0.06311846
0.06357435
0.06347953
0.06418736
0.062458917
0.06302522
0.0634174
0.062131964
0.06508067
0.063813776
0.063661486
0.06370389
0.06270606
0.06485628
0.06293511
0.06325093
0.0636877
0.06292565
0.0621238
0.061651796
0.062884994
0.06255954
0.061788052
0.06358443
0.06365042
0.062997825
0.0634759
0.06450844
0.06460999
0.06393046
0.06336161
0.061888732
0.06308855
0.06361816
0.062432207
0.061935164
0.06274272
0.06536532
0.06333443
0.06400682
0.0617193
0.06450416
0.06263604
0.06309642
0.062975615
0.063481025
0.06689955
0.06346386
0.063067526
0.06338214
0.06584772
0.062123355
0.06451625
0.062163766
0.06338499
0.06431526
0.06325811
0.06235913
0.06295362
0.06165474
0.06323271
0.063277945
0.06300216
0.06301272
0.063740306
0.06375128
0.06183398
0.061725616
0.06332486
0.06188849
0.06174783
0.06246998
0.06218732
0.06261251
0.062338177
0.062186796
0.06239749
0.061858937
0.0628239
0.06343589
0.061751124
0.062891565
0.06350818
0.062171884
0.062399857
0.06223639
0.06268944
0.06217561
0.062417
0.0643564
0.06185526
0.063959144
0.064575456
0.062372208
0.062252127
0.062125105
0.064836055
0.06432661
0.060906846
0.06483541
0.061627198
0.063522115
0.06220384
0.062241368
0.06210501
0.06331607
0.06192319
0.06256569
0.061967086
0.06487461
0.063443676
0.06277367
0.063572824
0.062118124
0.0623738
0.065994814
0.0634345
0.063798144
0.06380352
0.06234658
0.06274633
0.062966526
0.061445013
0.06376545
0.06631742
0.062111937
0.062446196
0.063767575
0.06159189
0.062278464
0.06198204
0.062366337
0.061849456
0.062061504
0.061805464
0.06278644
0.06100354
0.06365621
0.06317439
0.062423673
0.06306818
0.062530145
0.062171172
0.06318959
0.0634371
0.063715406
0.06142189
0.06261195
0.061993416
0.062304094
0.06377773
0.06262835
0.061636467
0.06118042
0.062316768
0.061535586
0.06210892
0.060559463
0.06228813
0.063208446
0.063281156
0.063651904
0.061691917
0.06281431
0.06349652
0.062089466
0.061843973
0.06224367
0.061761156
0.061838765
0.06316053
0.062073983
0.062755704
0.06262187
0.062416814
0.06113385
0.061924938
0.061188366
0.062353604
0.06151097
0.062112186
0.06201481
0.062784456
0.062062923
0.06176665
0.06208043
0.06367205
0.062137365
0.062543705
0.060279913
0.061055973
0.062541455
0.062423043
0.061828524
0.062045284
0.0630524
0.06081852
0.062309626
0.06256642
0.06076057
0.062200416
0.06288446
0.062408864
0.063783646
0.060620766
0.062101576
0.062230866
0.0627267
0.06187303
0.061392855
0.061303273
0.06269577
0.060778175
0.061438385
0.061156258
0.06212129
0.06062481
0.06071582
0.060319845
0.06054527
0.060756456
0.063470155
0.060907505
0.060434025
0.063397855
0.060589418
0.06062794
0.060791418
0.06093362
0.06069826
0.06200463
0.06030846
0.061414532
0.062594704
0.06071907
0.06180657
0.061092626
0.062864065
0.061715618
0.062123794
0.06289681
0.06024282
0.060315806
0.06094015
0.062083695
0.061719537
0.06066958
0.062100355
0.059944388
0.062092066
0.060139082
0.061252374
0.062093988
0.060970955
0.06165497
0.06022683
0.0627635
0.060185727
0.059881665
0.059697974
0.06020986
0.061441835
0.061027143
0.061360344
0.06077007
0.06060885
0.06114659
0.0627282
0.062109385
0.059763834
0.061207004
0.0629996
0.063122615
0.060740236
0.059109323
0.05970698