20 193.94 0.82 194.75 0.103 19 155 0.42 0.01 
40 189.77 1.88 191.64 0.161 38 352 0.83 0.02 
60 184.1 2.61 186.71 0.229 58 537 1.27 0.03 
80 181.11 3.4 184.51 0.291 78 700 1.71 0.03 
100 177.38 4.09 181.47 0.348 96 913 2.11 0.05 
120 174.79 4.64 179.43 0.379 113 1138 2.48 0.06 
140 171.45 5.29 176.74 0.44 133 1320 2.92 0.07 
160 168.69 5.92 174.61 0.468 151 1536 3.31 0.08 
180 163.96 6.78 170.74 0.499 170 1788 3.73 0.09 
200 161.73 7.3 169.04 0.524 189 1999 4.14 0.1 
220 158.6 8.12 166.72 0.553 207 2263 4.54 0.11 
240 155.5 8.77 164.27 0.575 225 2522 4.93 0.13 
260 151.34 9.67 161.01 0.605 244 2741 5.35 0.14 
280 148.76 10.5 159.26 0.618 261 3014 5.72 0.15 
300 146.09 11.19 157.28 0.634 280 3292 6.14 0.16 
320 142.71 12.01 154.72 0.646 297 3581 6.51 0.18 
340 140.38 12.8 153.17 0.659 313 3913 6.86 0.19 
360 138.81 13.57 152.38 0.664 330 4209 7.24 0.21 
380 135.22 14.26 149.49 0.685 349 4516 7.65 0.22 
400 133.33 14.99 148.32 0.698 368 4818 8.07 0.24 
420 130.34 15.91 146.25 0.712 384 5100 8.42 0.25 
440 129.09 16.75 145.84 0.717 401 5411 8.79 0.27 
460 127.07 17.59 144.66 0.726 418 5761 9.17 0.29 
480 124.41 18.32 142.73 0.739 433 6060 9.5 0.3 
500 122.91 19.1 142.01 0.743 451 6378 9.89 0.32 
520 120.27 19.97 140.24 0.749 468 6716 10.26 0.33 
540 118.43 20.91 139.34 0.755 485 7070 10.64 0.35 
560 115.59 21.58 137.17 0.762 501 7369 10.99 0.37 
580 113.33 22.41 135.74 0.771 517 7722 11.34 0.38 
600 111.36 23.12 134.48 0.776 535 8061 11.73 0.4 
620 109.27 24.0 133.27 0.781 552 8406 12.11 0.42 
640 107.24 24.81 132.05 0.787 569 8757 12.48 0.44 
660 105.85 25.55 131.4 0.791 585 9112 12.83 0.45 
680 103.8 26.31 130.11 0.797 603 9454 13.22 0.47 
700 102.2 27.16 129.36 0.799 620 9826 13.6 0.49 
720 99.66 28.0 127.66 0.802 635 10174 13.93 0.51 
740 97.89 28.86 126.75 0.806 651 10523 14.28 0.52 
760 95.82 29.62 125.44 0.813 668 10860 14.65 0.54 
780 93.05 30.47 123.52 0.816 684 11242 15.0 0.56 
800 91.88 31.25 123.14 0.817 700 11620 15.35 0.58 
820 89.56 31.99 121.54 0.82 716 11985 15.7 0.6 
840 88.65 32.83 121.48 0.822 734 12353 16.1 0.61 
860 86.41 33.68 120.08 0.822 749 12724 16.43 0.63 
880 84.7 34.47 119.18 0.826 767 13102 16.82 0.65 
900 81.86 35.34 117.2 0.828 781 13464 17.13 0.67 
920 80.48 36.27 116.75 0.833 799 13833 17.52 0.69 
940 79.32 37.27 116.59 0.832 813 14225 17.83 0.71 
960 77.9 38.04 115.93 0.833 831 14620 18.22 0.73 
980 76.18 38.86 115.03 0.836 848 15018 18.6 0.75 
1000 73.83 39.59 113.43 0.836 861 15391 18.88 0.77 
1020 71.69 40.36 112.05 0.839 876 15789 19.21 0.79 
1040 70.41 41.18 111.59 0.839 895 16168 19.63 0.8 
1060 68.61 42.11 110.72 0.844 913 16552 20.02 0.82 
1080 66.53 43.01 109.55 0.845 929 16905 20.37 0.84 
1100 65.54 43.9 109.44 0.846 944 17310 20.7 0.86 
1120 63.94 44.8 108.74 0.846 962 17695 21.1 0.88 
1140 62.47 45.81 108.28 0.849 976 18118 21.4 0.9 
1160 60.93 46.67 107.61 0.848 993 18508 21.78 0.92 
1180 59.63 47.49 107.11 0.852 1008 18880 22.11 0.94 
1200 58.41 48.5 106.91 0.852 1023 19272 22.43 0.96 
1220 56.51 49.44 105.95 0.854 1037 19656 22.74 0.98 
1240 54.67 50.26 104.94 0.856 1053 20024 23.09 1.0 
1260 53.59 51.26 104.85 0.856 1067 20422 23.4 1.02 
1280 51.99 52.15 104.14 0.859 1085 20816 23.79 1.04 
1300 50.7 53.0 103.7 0.86 1101 21215 24.14 1.05 
1320 49.17 53.91 103.08 0.859 1117 21621 24.5 1.08 
1340 47.72 54.71 102.43 0.86 1134 21993 24.87 1.09 
1360 45.9 55.5 101.39 0.863 1151 22368 25.24 1.11 
1380 43.84 56.44 100.28 0.866 1166 22740 25.57 1.13 
1400 43.71 57.22 100.93 0.865 1178 23127 25.83 1.15 
1420 42.5 58.0 100.5 0.864 1193 23503 26.16 1.17 
1440 40.63 58.76 99.39 0.868 1209 23872 26.51 1.19 
1460 39.44 59.66 99.1 0.871 1226 24245 26.89 1.21 
1480 37.91 60.56 98.47 0.871 1244 24641 27.28 1.23 
1500 36.74 61.43 98.17 0.873 1262 25029 27.68 1.24 
1520 35.15 62.25 97.4 0.873 1277 25415 28.0 1.26 
1540 32.94 63.15 96.09 0.875 1294 25796 28.38 1.28 
1560 31.52 63.99 95.51 0.874 1305 26171 28.62 1.3 
1580 30.55 64.82 95.38 0.875 1321 26547 28.97 1.32 
1600 29.54 65.66 95.2 0.876 1333 26958 29.23 1.34 
1620 28.03 66.54 94.58 0.877 1346 27312 29.52 1.36 
1640 26.42 67.51 93.93 0.877 1362 27699 29.87 1.38 
1660 25.07 68.51 93.58 0.882 1372 28063 30.09 1.4 
1680 24.3 69.39 93.69 0.881 1387 28469 30.42 1.42 
1700 22.73 70.32 93.06 0.881 1404 28864 30.79 1.44 
1720 21.17 71.18 92.35 0.883 1417 29248 31.07 1.45 
1740 20.57 71.98 92.54 0.883 1427 29632 31.29 1.47 
1760 19.26 72.79 92.05 0.882 1445 30022 31.69 1.49 
1780 17.75 73.63 91.38 0.885 1460 30402 32.02 1.51 
1800 16.15 74.43 90.58 0.884 1474 30767 32.32 1.53 
1820 15.1 75.36 90.46 0.885 1487 31140 32.61 1.55 
1840 14.01 76.17 90.18 0.887 1502 31552 32.94 1.57 
1860 12.53 77.01 89.53 0.887 1515 31944 33.22 1.59 
1880 11.38 77.84 89.22 0.89 1530 32309 33.55 1.61 
1900 9.24 78.63 87.87 0.892 1546 32681 33.9 1.63 
1920 8.42 79.54 87.96 0.891 1558 33068 34.17 1.64 
1940 7.33 80.36 87.69 0.891 1575 33467 34.54 1.66 
1960 5.84 81.21 87.05 0.892 1588 33838 34.82 1.68 
1980 4.78 82.1 86.88 0.892 1602 34230 35.13 1.7 
2000 3.63 83.03 86.66 0.893 1612 34640 35.35 1.72 
2020 2.68 83.76 86.44 0.895 1626 35034 35.66 1.74 
2040 1.61 84.51 86.12 0.894 1637 35432 35.9 1.76 
2060 0.59 85.37 85.96 0.895 1652 35818 36.23 1.78 
2080 -1.04 86.22 85.17 0.895 1668 36198 36.58 1.8 
2100 -1.63 87.06 85.43 0.896 1680 36576 36.84 1.82 
2120 -2.65 87.84 85.19 0.897 1692 36948 37.11 1.84 
2140 -3.88 88.71 84.83 0.896 1702 37328 37.32 1.86 
2160 -4.66 89.62 84.96 0.896 1710 37711 37.5 1.88 
2180 -6.24 90.39 84.14 0.9 1726 38077 37.85 1.89 
