
0.6788727
0.6732026
0.7317749
0.73608166
0.6369997
0.6087442
0.609391
0.5967769
0.5792594
0.5798672
0.58402133
0.55150205
0.5845238
0.5507717
0.5521583
0.5397973
0.560067
0.54594666
0.541735
0.5340176
0.53067255
0.5473761
0.5285505
0.54263407
0.5401292
0.53991985
0.53571504
0.51593477
0.52645826
0.5227943
0.5207626
0.5202688
0.5303295
0.53755116
0.51897186
0.52155036
0.49953362
0.5100122
0.4988303
0.5174844
0.48471236
0.49247634
0.492115
0.47669804
0.48775607
0.47495428
0.4758063
0.47731724
0.4757897
0.46276355
0.48137647
0.47125086
0.4693296
0.46322435
0.47241867
0.4602098
0.46272627
0.4620419
0.4685542
0.46265867
0.464355
0.4583287
0.4549939
0.4555677
0.45633742
0.46256053
0.43719512
0.44557306
0.44726706
0.44660655
0.43794012
0.4418378
0.4508378
0.43705592
0.43306297
0.43470806
0.42912668
0.44497925
0.4387008
0.42927158
0.44167405
0.42107064
0.4250074
0.42880812
0.42223713
0.42064202
0.4185141
0.41588673
0.41791487
0.40485597
0.41693357
0.41234672
0.41038075
0.41195455
0.41435224
0.3950994
0.39933324
0.40666053
0.41605344
0.40254015
0.39357725
0.40564683
0.39156073
0.4026417
0.40845922
0.38564605
0.3883731
0.40204367
0.38880235
0.37939662
0.3708682
0.37950513
0.38350642
0.37850282
0.36925346
0.37588075
0.37055776
0.36945248
0.371214
0.37028745
0.36831775
0.36129555
0.36264995
0.3721082
0.35908794
0.37108636
0.37233818
0.36758184
0.36622453
0.36774084
0.35881615
0.36224246
0.35825872
0.3645749
0.3676067
0.3737347
0.35975662
0.35797033
0.35877392
0.35317758
0.3649887
0.37204006
0.35727808
0.35453436
0.35172442
0.35095078
0.35011834
0.3633396
0.35795963
0.35480386
0.36039236
0.35363936
0.35320145
0.34148142
0.34102035
0.34836352
0.3436099
0.34002742
0.35400298
0.35080004
0.34707227
0.34416842
0.34134448
0.34689483
0.3433081
0.3439268
0.3380183
0.33561486
0.3395065
0.3506252
0.3446718
0.33283013
0.33494484
0.33169654
0.33409253
0.3339582
0.33546117
0.33216137
0.33595064
0.32614556
0.33312574
0.32855615
0.32889938
0.3268119
0.32782295
0.3251848
0.32530144
0.32737914
0.32241303
0.32633436
0.32437932
0.32828403
0.32725215
0.3194904
0.32715788
0.32480893
0.31993225
0.3163673
0.32889163
0.3303765
0.3189137
0.32093903
0.3217545
0.32882774
0.31847516
0.31492335
0.31290087
0.31864485
0.31410867
0.3099786
0.30993453
0.30965793
0.31214425
0.31360584
0.31545976
0.3132646
0.3181035
0.3080889
0.31805593
0.31292003
0.31191286
0.31462142
0.30378303
0.3056683
0.3093398
0.31068364
0.30562305
0.30810636
0.3013505
0.3055646
0.30647945
0.30657086
0.306451
0.30412167
0.29724514
0.30352432
0.29589188
0.29904774
0.29385406
0.29413232
0.2930049
0.30676952
0.3020769
0.30209354
0.30210462
0.30492306
0.29338214
0.29954946
0.2967606
0.293861
0.29424813
0.29206505
0.29212445
0.28852007
0.2878891
0.29052404
0.2914046
0.28955755
0.29105183
0.29254824
0.288923
0.28374022
0.28249493
0.28499252
0.28529215
0.29434493
0.2984742
0.28505453
0.289693
0.28939494
0.29079008
0.29688206
0.28690892
0.29729882
0.284889
0.29010478
0.29083422
0.28476837
0.28581667
0.28511155
0.28225783
0.2774427
0.27770293
0.27773035
0.28086936
0.28442186
0.27854815
0.28057793
0.2802252
0.27444744
0.27821702
0.2770835
0.28378794
0.27497506
0.27608258
0.276951
0.27002642
0.27392042
0.2836005
0.2715602
0.27719226
0.27438685
0.27340725
0.27465084
0.27046007
0.2698429
0.27272776
0.27521774
0.2776603
0.26801124
0.27349523
0.2651428
0.2730551
0.26507497
0.26626897
0.26748922
0.2724447
0.26483268
0.27493972
0.27129656
0.27329797
0.27105135
0.2763972
0.26898196
0.2644127
0.2686708
0.26661122
0.26702482
0.26427394
0.26943466
0.2675205
0.26387724
0.2647206
0.26520303
0.26429868
0.26294845
0.27079615
0.2574673
0.26549834
0.25775555
0.26686272
0.26079106
0.26270142
0.26992014
0.2662963
0.26966813
0.26240027
0.25662804
0.26217332
0.25671378
0.26025298
0.2601346
0.25543973
0.26369116
0.26028323
0.25748768
0.26204646
0.2543319
0.25754955
0.26540834
0.2640851
0.25833255
0.25199884
0.2572277
0.26041022
0.2564694
0.2504111
0.2640851
0.24958432
0.24979097
0.24932416
0.25375944
0.24793427
0.24741708
0.24475358
0.24650525
0.24832328
0.2587052
0.25360805
0.24748737
0.24928923
0.24737601
0.25011435
0.24617323
0.24932379
0.2529043
0.24781165
0.24656181
0.24451748
0.24190907
0.24742387
0.24638575
0.2414835
0.24913332
0.24569833
0.24741723
0.24161287
0.24686621
0.24676275
0.24163279
0.24054779
0.24480952
0.24060336
0.24511808
0.24525943
0.24293368
0.23935941
0.24290532
0.23643929
0.24133871
0.242533
0.24514234
0.23750715
0.24700174
0.24171755
0.24305443
0.23868053
0.24169403
0.24226542
0.2394982
0.24122664
0.24031533
0.23664537
0.23495437
0.23766631
0.23891768
0.2371931
0.2382181
0.23901573
0.23233126
0.23776266
0.24966742
0.23686564
0.23770085
0.23333162
0.23473413
0.2350446
0.23683283
0.23268995
0.2357773
0.23115805
0.24044695
0.23539187
0.24045625
0.24275765
0.23267041
0.23416351
0.22749017
0.2319267
0.23068908
0.2342044
0.233857
0.23354134
0.22667427
0.2291691
0.23186028
0.22900228
0.23797578
0.23148984
0.22901368
0.2284402
0.22683069
0.2267641
0.23260456
0.23022242
0.22836384
0.23126929
0.23633061
0.23603228
0.2289804
0.2291385
0.23800755
0.22591652
0.22564882
0.23541059
0.22998703
0.2323457
0.23001856
0.22750206
0.23746356
0.23229317
0.22543181
0.23869997
0.22705938
0.23126644
0.22657692
0.22814202
0.23093356
0.22381037
0.2238574
0.22487697
0.22403848
0.22782671
0.23302151
0.22333306
0.21795811
0.22813599
0.22833526
0.22193938
0.2248813
0.22380891
0.2276556
0.22494465
0.22840892
0.22613764
0.22514644
0.22366394
0.22296056
0.22234423
0.21943451
0.22130245
0.22119334
0.22195078
0.21923795
0.22437218
0.21719599
0.2225873
0.22135802
0.22322208
0.21927167
0.21922743
0.22456573
0.22198267
0.223328
0.22247323
0.23095605
0.22347076
0.22078322
0.21756388
0.22352476
0.21895301
0.22160235
0.21934552
0.21938051
0.21444608
0.21765292
0.21795225
0.22583885
0.21962589
0.21642964
0.22140801
0.22080345
0.21957164
0.22018619
0.21461588
0.22796518
0.21624039
0.22209756
0.21655726
0.21507584
0.21609364
0.21947913
0.21381842
0.21451312
0.21577063
0.21313635
0.21783158
0.2160112
0.21702024
0.2147655
0.22099574
0.22029442
0.21437497
0.22017361
0.21632978
0.21288621
0.2092443
0.21378744
0.21346037
0.20884411
0.21380807
0.21123962
0.2161817
0.21893857
0.20960177
0.2100344
0.21014106
0.22012942
0.2100339
0.20814176
0.2107324
0.21716926
0.21011144
0.20715056
0.21029487
0.2106916
0.21377666
0.20859115
0.21391107
0.21534409
0.20886733
0.21580604
0.21306916
0.20926575
0.2079458
0.21083695
0.2175809
0.21021053
0.20647673
0.20759533
0.20652509
0.20923005
0.20702907
0.21250673
0.20852126
0.2097245
0.20616177
0.20690285
0.20581469
0.20745152
0.207957
0.20616351
0.21138214
0.20565076
0.20790905
0.20883955
0.20538746
0.2072703
0.2037694
0.20287918
0.20866312
0.20224078
0.2059556
0.20456013
0.2036412
0.20115541
0.20256302
0.19895509
0.20320953
0.2022756
0.20065153
0.2031873
0.20048554
0.20557222
0.20651087
0.20535138
0.20552807
0.20915836
0.19915296
0.19823389
0.19893955
0.19949378
0.19991624
0.19923897
0.19837548
0.19850847
0.20288125
0.19692343
0.1969206
0.19954088
0.20523013
0.20939599
0.19934066
0.19896673
0.20245989
0.20878851
0.20099825
0.19918476
0.1994105
0.19851714
0.20375322
0.20304665
0.20037812
0.19622956
0.20301059
0.19704413
0.20440054
0.20498312
0.2039638
0.20186768
0.19941178
0.20525037
0.20037675
0.20391782
0.20862685
0.19782156
0.20271562
0.19767056
0.20446071
0.19980039
0.20133847
0.19919413
0.19954409
0.19587518
0.19605264
0.19975811
0.19903243
0.2003609
0.20110656
0.19841784
0.20224944
0.2010276
0.1984644
0.19498618
0.19559367
0.19899921
0.19905409
0.1938289
0.20097142
0.1986424
0.1964118
0.19727017
0.19389564
0.19270203
0.19907011
0.19090194
0.18934761
0.19462606
0.19328406
0.19324613
0.19388387
0.19811127
0.19664712
0.19705038
0.19253826
0.19332051
0.19065349
0.19659773
0.19709644
0.19228499
0.19107358
0.19339041
0.19017063
0.19113152
0.19557533
0.19418214
0.19385421
0.19370945
0.19144301
0.19590198
0.19243716
0.19149981
0.19283119
0.19433197
0.19598109
0.19640274
0.19856755
0.1982436
0.19410034
0.19474144
0.19187947
0.19171807
0.19218202
0.18892278
0.19516782
0.19254427
0.19115219
0.19096164
0.19306879
0.20620671
0.19104852
0.19358154
0.18678235
0.19347066
0.19255102
0.1896704
0.19236265
0.19274013
0.18802524
0.19025663
0.1898046
0.18891983
0.19476947
0.18978246
0.18896154
0.18643026
0.18840206
0.183398
0.18768828
0.18853207
0.19087966
0.19090007
0.18689477
0.18513006
0.18763341
0.1901187
0.18304333
0.18955912
0.18339941
0.18358332
0.18521091
0.18592855
0.18636823
0.18683526
0.18228978
0.18840423
0.1880547
0.18937165
0.18657306
0.18491793
0.18446575
0.18796387
0.18421978
0.18552904
0.18615425
0.18628651
0.19101001
0.18648836
0.18943745
0.18431707
0.19105427
0.1899702
0.18444969
0.18267907
0.18197414
0.18636452
0.18718311
0.18644844
0.18315214
0.18189712
0.18450145
0.18308797
0.18513018
0.18312208
0.18333104
0.1795272
0.1815314
0.18397424
0.18686375
0.18661194
0.18553765
0.18650196
0.18144695
0.18131575
0.18154564
0.18470547
0.18591169
0.18432726
0.18380602
0.18419404
0.18229245
0.18779938
0.18372276
0.18378055
0.18329178
0.18151799
0.185469
0.1819578
0.17991717
0.18554777
0.18729295
0.18389374
0.18122451
0.1841699
0.17937915
0.18137275
0.1860273
0.18929337
0.18592821
0.1859422
0.18177782
0.18445398
0.18068518
0.18181998
0.1790737
0.18168637
0.18143404
0.18645579
0.18291408
0.18496647
0.181669
0.17870496
0.18184544
0.18319558
0.18247727
0.18346465
0.18677737
0.18071821
0.18684684
0.18473403
0.18363383
0.179082
0.1816591
0.18238623
0.17858987
0.1817301
0.17939106
0.18525207
0.17932314
0.1830502
0.18136701
0.178445
0.18503219
0.17767227
0.18342856
0.17577553
0.17987393
0.18368863
0.18012753
0.1808614
0.18528154
0.18167976
0.17993678
0.18270107
0.1799839
0.17963818
0.17609799
0.17692953
0.18057713
0.1745523
0.17525174
0.17682712
0.18264316
0.18429677
0.17565943
0.17630579
0.17437874
0.17298555
0.17701852
0.17626648
0.17767924
0.18130194
0.17347047
0.17350528
0.17778905
0.17598553
0.1821643
0.17788836
0.17820416
0.17534299
0.17644785
0.17749283
0.17560005
0.1784163
0.1786879
0.17814267
0.17445827
0.17636271
0.17545977
0.17629193
0.17246468
0.17561495
0.18034053
0.18301526
0.17906934
0.17537734
0.18537131
0.17769837
0.17759083
0.18109313
0.17789854
0.17800848
0.1724436
0.17551835
0.17604472
0.17749715
0.17847319
0.17046253
0.17996885
0.17478192
0.1738494
0.17828089
0.17362037
0.1711008
0.17220117
0.17521217
0.17362472
0.17734845
0.17486517
0.18045108
0.1737963
0.17320551
0.17326327
0.17113397
0.16977681
0.17151082
0.17246994
0.1713871
0.16993378
0.1767074
0.17099257
0.17522547
0.17680983
0.17427514
0.17324431
0.17411466
0.17610951
0.17721926
0.17670427
0.17391653
0.17092697
0.17333704
0.17533842
0.1698475
0.17043766
0.1748343
0.17144455
0.17204915
0.17171326
0.16990817
0.17821227
0.1719252
0.17702734
0.17483541
0.17456345
0.17051792
0.1752682
0.17003286
0.17031574
0.17110962
0.1742587
0.17249143
0.17181633
0.17186064
0.17378333
0.16947758
0.16823298
0.17146052
0.16960779
0.17231412
0.16811952
0.17215127
0.17135346
0.17145051
0.16951711
0.17008959
0.17325297
0.17193595
0.17017032
0.170624
0.17525995
0.16779518
0.1683763
0.16877368
0.16890459
0.17295696
0.17009176
0.17698911
0.17232877
0.17088708
0.16915804
0.17334408
0.17389509
0.17109296
0.16938692
0.17215843
0.17126796
0.17256665
0.170411
0.16964075
0.16974254
0.1671161
0.17328143
0.1691937
0.1716303
0.17250134
0.17060244
0.17089148
0.16807063
0.16743383
0.16725567
0.16908506
0.17178032
0.17024826
0.16780218
0.16982107
0.16944179
0.1723612
0.1669514
0.16985369
0.16993804
0.17052472
0.16874565
0.17091022
0.16865022
0.16963576
0.17034349
0.1705505
0.17448811
0.17126858
0.17180803
0.17100836
0.173961
0.1689373
0.1692894
0.16752678
0.16574313
0.16509324
0.17116652
0.16834114
0.16710937
0.16947253
0.16651773
0.16771899
0.16392681
0.16633794
0.16648273
0.16425689
0.16504657
0.16638239
0.16852489
0.17426771
0.16923057
0.16828337
0.16630818
0.1668117
0.16693436
0.16615514
0.16816007
0.16503718
0.16831215
0.16767123
0.16528311
0.16814013
0.16667606
0.168219
0.16537726
0.16600002
0.1666981
0.16491778
0.1650364
0.16905922
0.16585685
0.16629843
0.16463885
0.17385396
0.16595352
0.16594993
0.1665586
0.16679953
0.16500367
0.16599739
0.168471
0.16642348
0.16284508
0.16464469
0.16633
0.1748911
0.16596985
0.1619805
0.16259985
0.16277768
0.16271693
0.16401859
0.16765203
0.1678502
0.16488653
0.16837077
0.16722368
0.16180442
0.16374871
0.15998521
0.16409254
0.16572209
0.16333538
0.16355729
0.16229315
0.16402444
0.16731337
0.16385801
0.16538042
0.16777185
0.16725017
0.16425703
0.16390681
0.16424903
0.16544716
0.16877967
0.16581608
0.16946146
0.16692935
0.16949098
0.1701151
0.16354448
0.16567266
0.16809565
0.16160896
0.161987
0.16264296
0.16621748
0.17084627
0.16444217
0.16393502
0.1647774
0.16734086
0.16286275
0.16240816
0.16085434
0.16007721
0.16426697
0.16331528
0.16307701
0.16268215
0.16666941
0.16146287
0.16336873
0.16839114
0.16129108
0.16341805
0.16147353
0.16503997
0.16275539
0.16555016
0.16025095
0.16222654
0.15954566
0.16543265
0.16227362
0.16440646
0.16118416
0.15959738
0.161632
0.16409017
0.16355455
0.16027154
0.16426063
0.1629183
0.16025929
0.16121523
0.16013642
0.16004264
0.16764535
0.15937512
0.16436066
0.1620038
0.15983209
0.16506894
0.16145772
0.16205797
0.16054071
0.160877
0.16652647
0.16317523
0.16295813
0.16149081
0.16584113
0.16312036
0.16234337
0.1739114
0.16508748
0.16656047
0.1608453
0.16378665
0.16032878
0.1591025
0.16041633
0.16246542
0.1556616
0.16014564
0.16630478
0.15913424
0.16125055
0.15723836
0.16066816
0.1579962
0.16129892
0.16271637
0.15829188
0.15754808
0.15961394
0.15762025
0.15839626
0.16178378
0.16252983
0.16171937
0.16105749
0.1583112
0.16211218
0.15931691
0.15964583
0.15805721
0.15755664
0.15894996
0.15714096
0.16158819
0.16254872
0.15890297
0.15721536
0.15952002
0.15933354
0.16295452
0.15979414
0.1592833
0.160289
0.16008234
0.16175117
0.15525615
0.15789284
0.15855622
0.15815908
0.15625378
0.16010053
0.15741014
0.16247669
0.16108517
0.1567089
0.15623571
0.16079763
0.1548092
0.16504979
0.16211195
0.15489231
0.1601308
0.15828554
0.15708424
0.16118374
0.15531562
0.15694432
0.1555055
0.16208573
0.15564461
0.15580161
0.16118045
0.15538347
0.15708965
0.15716913
0.1528858
0.15969461
0.1598561
0.15736201
0.15818764
0.15714975
0.16253527
0.15614739
0.15483527
0.158999
0.15581991
0.15787566
0.15708517
0.15724222
0.1571728
0.15605627
0.15682316
0.1573726
0.15678659
0.15803118
0.15690672
0.15917651
0.1543625
0.16368839
0.15890919
0.15518494
0.15750255
0.15487094
0.15572147
0.15436113
0.15503724
0.15489836
0.15422864
0.15619685
0.1553784
0.15612012
0.15317619
0.15658878
0.15512875
0.15565942
0.15542799
0.15258099
0.15432206
0.15644522
0.15216498
0.1538718
0.15503073
0.15331261
0.15497367
0.15840451
0.15284795
0.15622549
0.15418835
0.1561279
0.15029901
0.15205891
0.15715748
0.1561926
0.15399729
0.1542711
0.15566848
0.15234596
0.1544754
0.15428418
0.15480338
0.15075153
0.15248652
0.15493372
0.15186241
0.1541896
0.15359586
0.15391566
0.15146755
0.15543307
0.15335648
0.15282513
0.14967562
0.14934595
0.15549941
0.15618014
0.15511999
0.1520432
0.15484433
0.15390325
0.15858783
0.15504783
0.14955622
0.15350352
0.15388192
0.15585387
0.15515722
0.15063904
0.15367231
0.1591639
0.15542562
0.15146743
0.15655388
0.15513083
0.15415962
0.15388708
0.15587305
0.15233454
0.1550492
0.15286183
0.15256701
0.15439743
0.15156354
0.15191418
0.15275311
0.14911884
0.15735166
0.15147308
0.15128785
0.15078074
0.15001318
0.15185171
0.15701507
0.1511901
0.15298942
0.14991246
0.15185189
0.15323061
0.15114918
0.15105899
0.1540498
0.15118976
0.15394731
0.15245788
0.15382823
0.14999576
0.15154168
0.15391345
0.14985535
0.14940502
0.15116073
0.14838022
0.1518875
0.15076435
0.15123044
0.15066023
0.14982592
0.14789464
0.1497818
0.15076913
0.15413013
0.1482084
0.14874314
0.14969201
0.15240192
0.15151726
0.15021487
0.14928974
0.14845526
0.15264666
0.14876252
0.15132253
0.150629
0.15621395
0.15051515
0.15661721
0.1492271
0.14943138
0.15092807
0.15088628
0.14660946
0.14893284
0.14917457
0.15153551
0.14865012
0.15292904
0.14930753
0.15075465
0.1519506
0.15571041
0.1543813
0.15180393
0.15292542
0.15206562
0.15151179
0.15177558
0.15171942
0.15211627
0.15002844
0.1533301
0.15573764
0.15201111
0.15165463
0.15032935
0.15012826
0.1542807
0.14886929
0.15350753
0.15276562
0.14901777
0.15187497
0.14819366
0.15064122
0.15139046
0.14835122
0.14915064
0.14886424
0.14876585
0.14915138
0.1476706
0.14503624
0.14911161
0.15081234
0.14690787
0.14899015
0.14986412
0.14730702
0.14809735
0.14722924
0.1478529
0.14979957
0.14682281
0.14732207
0.14461026
0.14601651
0.14690953
0.15089677
0.1450742
0.14538917
0.14453971
0.15084423
0.14704385
0.1452618
0.15316208
0.1484284
0.14869873
0.1472676
0.14758746
0.14679328
0.14768219
0.14737818
0.1475249
0.149703
0.14629135
0.14874956
0.14880605
0.14416961
0.14551792
0.14466071
0.14986311
0.14953522
0.14610675
0.14384164
0.14611344
0.14842111
0.14930058
0.14940767
0.14580788
0.14981993
0.14893623
0.14750293
0.14690462
0.14928629
0.15123077
0.14551193
0.14941816
0.14617543
0.14377943
0.14795946
0.14383559
0.14635171
0.14507757
0.14548044
0.14634812
0.14905444
0.14493287
0.14711171
0.15017816
0.15158965
0.1446089
0.14738487
0.1474721
0.1481945
0.14931306
0.15125623
0.14530408
0.14545096
0.14536561
0.14516555
0.15279493
0.14420734
0.1437194
0.14618836
0.14634481
0.14925997
0.14591263
0.14709833
0.14554916
0.14451784
0.14837205
0.15146795
0.14701593
0.14483258
0.14840703
0.14805949
0.1486989
0.1489227
0.1459699
0.14837155
0.14444321
0.14964806
0.14552936
0.15667595
0.14437853
0.14963773
0.14616834
0.14727962
0.14505953
0.14650309
0.14553723
0.14715476
0.146436
0.14865597
0.14605817
0.14693242
0.14502986
0.14616632
0.14943448
0.14726478
0.14897832
0.14632118
0.14641574
0.1454595
0.14743967
0.1463266
0.1456595
0.14847673
0.14318089
0.14611366
0.14574236
0.14800264
0.14768864
0.14530419
0.14462222
0.14567587
0.1429454
0.14391775
0.14274088
0.14658517
0.14339593
0.14649472
0.1448463
0.14570116
0.14981376
0.14990558
0.14200482
0.14472492
0.14412288
0.14274101
0.14464669
0.14489865
0.14056373
0.1472195
0.14514397
0.14567009
0.14061807
0.14409418
0.1416951
0.14121188
0.14331864
0.14876343
0.1413698
0.14492784
0.14623041
0.1419907
0.14424983
0.14314634
0.14534846
0.14244471
0.14263819
0.14860535
0.14380717
0.14537674
0.14437355
0.14306574
0.15300636
0.14676222
0.14281602
0.1410952
0.14076233
0.14444338
0.1415316
0.14111578
0.14623684
0.13928816
0.14104074
0.14505266
0.14271784
0.14251764
0.14371507
0.14250563
0.14387023
0.14760774
0.1419621
0.14149179
0.14205058
0.14077088
0.14058492
0.13997553
0.14369114
0.14031756
0.1416197
0.14310384
0.14526632
0.14358877
0.1442956
0.13865805
0.14239824
0.1394484
0.13841715
0.1506277
0.14353575
0.13911784
0.13751754
0.14158398
0.14246497
0.1399008
0.13926591
0.13823229
0.1389665
0.14025743
0.14368132
0.13768823
0.13969022
0.14087339
0.14033999
0.14390467
0.14766146
0.1390978
0.14444225
0.14396498
0.14089675
0.14563152
0.1415662
0.13711515
0.13915993
0.14021531
0.13838497
0.13836272
0.1402855
0.14571512
0.1410588
0.14116526
0.14411134
0.14195868
0.14152753
0.14107078
0.14075764
0.14153334
0.1416153
0.13940969
0.14060079
0.14364116
0.14050764
0.14106838
0.14279288
0.14029028
0.13731845
0.1400625
0.14413422
0.14323056
0.13993987
0.14107619
0.14389601
0.13880044
0.14036496
0.13961782
0.13872118
0.13922898
0.14212796
0.14159925
0.13845205
0.14063458
0.1418896
0.14672884
0.13834287
0.13936132
0.14035256
0.1414963
0.13878922
0.13642354
0.13853562
0.14191295
0.13747673
0.14065309
0.14210771
0.14192253
0.13833663
0.14057618
0.14026862
0.14076081
0.14024448
0.1406593
0.13853511
0.14680417
0.13914475
0.13933639
0.13906172
0.1401563
0.13608238
0.14008613
0.14008598
0.14255686
0.13680282
0.1405238
0.13923971
0.13922633
0.13725676
0.13884284
0.14249791
0.14093277
0.13874984
0.13903819
0.13868298
0.138454
0.14216523
0.13949083
0.1393976
0.13971053
0.14166452
0.13886191
0.13721503
0.1366412
0.13795227
0.13750449
0.13637255
0.13820061
0.13889177
0.1394327
0.13887021
0.13791446
0.13983564
0.13835794
0.14176773
0.14619304
0.1377227
0.14092147
0.13587964
0.13887286
0.1383912
0.13758498
0.13444743
0.1376272
0.14148147
0.13560213
0.13871779
0.1387664
0.13735537
0.13882706
0.13807535
0.14064541
0.13773002
0.13438378
0.13531779
0.13728794
0.13710506
0.13447753
0.13636735
0.13783197
0.13800915
0.13893348
0.1387481
0.13619155
0.13521166
0.13768831
0.13641918
0.13660093
0.13627003
0.1362231
0.14129786
0.14016734
0.13536963
0.14003818
0.13620916
0.13639946
0.13444063
0.13427971
0.13680895
0.13547258
0.13360308
0.14008154
0.13651228
0.13794406
0.13262945
0.1329131
0.13471605
0.13655287
0.13466063
0.13587211
0.13287555
0.13217227
0.13881195
0.13288718
0.1365678
0.13401479
0.1311447
0.13459882
0.13430478
0.13428736
0.13444233
0.13287015
0.13427332
0.1335239
0.13699168
0.1369198
0.1365143
0.14000225
0.1378453
0.13385567
0.1373927
0.13428198
0.13639082
0.1329236
0.13538595
0.13606198
0.13715541
0.13469185
0.13109279
0.14307919
0.13603115
0.13488281
0.13337877
0.13262986
0.13215062
0.13569872
0.13397214
0.13682179
0.13572654
0.13580081
0.13190567
0.1298923
0.13054347
0.13194203
0.13120303
0.13584827
0.13412811
0.13296896
0.1310088
0.13572234
0.13110606
0.13260692
0.13148874
0.13008514
0.1296999
0.13058536
0.13809563
0.13190047
0.13196091
0.13105734
0.13067845
0.13256858
0.1344625
0.13182351
0.13328141
0.13412653
0.13037725
0.13455029
0.13081251
0.13669449
0.13372852
0.13351585
0.13684143
0.13299441
0.1324584
0.13313876
0.13338067
0.13227122
0.13204291
0.13037993
0.12927201
0.12998654
0.13209455
0.13003014
0.1307758
0.13115321
0.13211249
0.13251674
0.12980331
0.13091817
0.1351573
0.13307817
0.13098644
0.12858601
0.135356
0.13214172
0.13281685
0.13163291
0.13566461
0.13316797
0.13307558
0.12965935
0.13294278
0.13072686
0.13156746
0.13382001
0.12966725
0.13099883
0.12923391
0.12996565
0.13059503
0.13378443
0.13001163
0.13177851
0.13486499
0.1325438
0.12774214
0.13151632
0.13232537
0.12966433
0.13009538
0.13032185
0.12937665
0.12809817
0.12914468
0.12976637
0.12921856
0.12604737
0.1273104
0.12743953
0.1300742
0.12966576
0.13056767
0.12844299
0.1293981
0.13036866
0.1285784
0.13095304
0.12762071
0.12863341
0.12903757
0.12861012
0.13215229
0.13123278
0.13342406
0.13333414
0.13251069
0.12692596
0.13107665
0.13041678
0.1315958
0.12927376
0.13371722
0.1334499
0.12838808
0.12836483
0.12802254
0.12912624
0.12716593
0.12948838
0.13018821
0.13010542
0.12854214
0.1284493
0.13007885
0.12782606
0.12906905
0.13116471
0.1317408
0.12674
0.12989864
0.1321616
0.12761918
0.13113238
0.12858611
0.12915133
0.12982452
0.12973888
0.13258246
0.12772265
0.12982294
0.12792882
0.12705505
0.13305764
0.12770447
0.12962848
0.1292215
0.12809807
0.12887137
0.12970684
0.13114159
0.13370015
0.12826346
0.12745492
0.13046142
0.12982404
0.13005114
0.12814552
0.12772799
0.12841356
0.1276828
0.12702116
0.13036671
0.13041204
0.13179956
0.12998375
0.12808785
0.12641811
0.1317187
0.12598684
0.1274109
0.12578171
0.1285366
0.1268981
0.12659144
0.12811181
0.12865525
0.1286322
0.12980305
0.12810324
0.12437404
0.125629
0.12624298
0.12827703
0.12740679
0.12683195
0.12758124
0.124993175
0.12645534
0.13035075
0.1273597
0.12717874
0.1297434
0.12602817
0.1279531
0.12866528
0.12636052
0.12871231
0.12515499
0.12867363
0.1291272
0.12843347
0.13065764
0.12921579
0.12783453
0.12832698
0.13120142
0.12669101
0.12901577
0.12727192
0.12611324
0.12587316
0.13179463
0.12925516
0.13107245
0.12970527
0.12987971
0.13560577
0.13006528
0.12771422
0.12970456
0.12996425
0.12774958
0.1284643
0.1279056
0.12790087
0.13086872
0.12838171
0.12768205
0.12875022
0.12667924
0.12851329
0.13070153
0.1294018
0.12992992
0.12622908
0.12824705
0.12585638
0.1332558
0.12392578