20 198.27 -0.03 198.25 0.07 17 21 0.37 0.0 
40 196.93 -0.1 196.82 0.098 33 46 0.72 0.0 
60 196.78 -0.29 196.49 0.133 48 69 1.05 0.0 
80 196.67 -0.53 196.14 0.146 63 94 1.38 0.0 
100 195.93 -0.7 195.24 0.166 77 118 1.69 0.01 
120 195.28 -1.0 194.28 0.192 92 143 2.02 0.01 
140 194.75 -1.33 193.42 0.208 105 169 2.3 0.01 
160 193.65 -1.79 191.87 0.227 117 196 2.57 0.01 
180 192.72 -2.07 190.65 0.241 129 223 2.83 0.01 
200 193.45 -2.52 190.93 0.256 138 250 3.03 0.01 
220 192.64 -2.53 190.11 0.273 150 275 3.29 0.01 
240 191.18 -2.8 188.38 0.297 161 303 3.53 0.02 
260 190.56 -2.72 187.84 0.305 172 329 3.77 0.02 
280 189.92 -3.06 186.86 0.323 185 362 4.06 0.02 
300 189.48 -3.34 186.14 0.333 193 389 4.23 0.02 
320 188.89 -3.44 185.45 0.347 201 421 4.41 0.02 
340 188.71 -3.74 184.98 0.353 215 446 4.71 0.02 
360 187.92 -4.0 183.93 0.376 230 475 5.04 0.02 
380 187.22 -4.27 182.95 0.381 241 505 5.29 0.03 
400 187.56 -4.52 183.04 0.386 251 539 5.5 0.03 
420 186.41 -4.61 181.8 0.401 262 569 5.75 0.03 
440 186.05 -4.81 181.24 0.412 275 598 6.03 0.03 
460 186.29 -5.01 181.28 0.417 291 626 6.38 0.03 
480 185.75 -5.17 180.58 0.431 303 656 6.64 0.03 
500 185.26 -5.19 180.07 0.442 314 684 6.89 0.03 
520 185.58 -5.36 180.22 0.447 328 707 7.19 0.04 
540 185.06 -5.44 179.61 0.458 336 740 7.37 0.04 
560 184.92 -5.51 179.41 0.46 347 769 7.61 0.04 
580 184.81 -5.7 179.11 0.469 360 799 7.89 0.04 
600 184.12 -5.57 178.56 0.479 368 829 8.07 0.04 
620 183.94 -5.69 178.26 0.483 379 858 8.31 0.04 
640 183.45 -5.84 177.61 0.487 390 890 8.55 0.04 
660 183.4 -6.19 177.21 0.499 401 920 8.79 0.05 
680 182.34 -6.33 176.01 0.508 407 955 8.93 0.05 
700 182.08 -6.33 175.75 0.514 416 988 9.12 0.05 
720 181.88 -6.34 175.54 0.516 427 1018 9.36 0.05 
740 181.99 -6.59 175.4 0.525 438 1055 9.61 0.05 
760 181.63 -6.67 174.97 0.531 444 1089 9.74 0.05 
780 181.45 -6.83 174.62 0.539 452 1125 9.91 0.06 
800 180.65 -6.75 173.9 0.548 467 1153 10.24 0.06 
820 180.27 -6.87 173.4 0.558 477 1182 10.46 0.06 
840 179.93 -7.02 172.91 0.562 489 1214 10.72 0.06 
860 179.31 -7.07 172.25 0.565 498 1246 10.92 0.06 
880 178.37 -7.0 171.37 0.572 507 1276 11.12 0.06 
900 177.78 -7.04 170.74 0.574 514 1308 11.27 0.07 
920 177.36 -7.08 170.28 0.586 525 1337 11.51 0.07 
940 176.38 -7.19 169.19 0.593 534 1370 11.71 0.07 
960 176.39 -7.37 169.02 0.598 543 1400 11.91 0.07 
980 176.03 -7.27 168.76 0.602 554 1432 12.15 0.07 
1000 175.59 -7.55 168.03 0.605 560 1461 12.28 0.07 
1020 175.08 -7.62 167.47 0.611 569 1492 12.48 0.07 
1040 175.01 -7.69 167.33 0.616 578 1529 12.68 0.08 
1060 175.14 -7.7 167.44 0.621 588 1558 12.89 0.08 
1080 174.52 -7.72 166.8 0.623 596 1592 13.07 0.08 
1100 174.03 -7.74 166.29 0.628 603 1625 13.22 0.08 
1120 172.99 -7.78 165.21 0.633 610 1664 13.38 0.08 
1140 172.56 -7.96 164.6 0.635 621 1701 13.62 0.08 
1160 172.63 -8.06 164.57 0.639 633 1741 13.88 0.09 
1180 172.17 -8.06 164.11 0.643 647 1771 14.19 0.09 
1200 171.74 -8.1 163.64 0.647 655 1814 14.36 0.09 
1220 170.96 -8.24 162.72 0.65 666 1846 14.61 0.09 
1240 170.32 -8.32 162.0 0.65 677 1879 14.85 0.09 
1260 170.06 -8.47 161.59 0.656 689 1914 15.11 0.1 
1280 169.94 -8.42 161.51 0.659 696 1948 15.26 0.1 
1300 169.76 -8.66 161.1 0.664 704 1983 15.44 0.1 
1320 169.66 -8.73 160.92 0.667 710 2015 15.57 0.1 
1340 169.7 -8.77 160.92 0.667 715 2051 15.68 0.1 
1360 168.62 -8.82 159.79 0.67 727 2088 15.94 0.1 
1380 169.02 -9.0 160.02 0.676 739 2121 16.21 0.11 
1400 168.34 -8.99 159.35 0.684 747 2151 16.38 0.11 
1420 167.69 -9.17 158.52 0.685 754 2187 16.54 0.11 
1440 167.04 -9.3 157.74 0.686 762 2226 16.71 0.11 
1460 166.89 -9.47 157.42 0.692 772 2269 16.93 0.11 
1480 166.67 -9.52 157.15 0.692 784 2303 17.19 0.11 
1500 166.67 -9.58 157.09 0.693 795 2336 17.43 0.12 
1520 165.77 -9.76 156.01 0.697 805 2378 17.65 0.12 
1540 165.15 -9.98 155.17 0.701 817 2411 17.92 0.12 
1560 165.55 -10.13 155.42 0.706 827 2458 18.14 0.12 
1580 165.06 -10.08 154.98 0.708 832 2496 18.25 0.12 
1600 164.58 -10.12 154.46 0.71 839 2535 18.4 0.13 
1620 164.08 -10.07 154.01 0.711 851 2571 18.66 0.13 
1640 164.41 -10.13 154.28 0.714 862 2605 18.9 0.13 
1660 163.98 -10.15 153.83 0.716 869 2643 19.06 0.13 
1680 163.62 -10.17 153.45 0.72 874 2683 19.17 0.13 
1700 163.37 -10.22 153.15 0.722 884 2726 19.39 0.14 
1720 163.29 -10.27 153.02 0.723 891 2761 19.54 0.14 
1740 163.05 -10.28 152.78 0.726 904 2794 19.82 0.14 
1760 162.46 -10.44 152.02 0.729 916 2843 20.09 0.14 
1780 162.54 -10.56 151.98 0.729 925 2882 20.29 0.14 
1800 161.97 -10.67 151.3 0.732 934 2923 20.48 0.15 
1820 162.06 -10.7 151.36 0.735 943 2957 20.68 0.15 
1840 161.93 -10.66 151.27 0.738 951 2992 20.86 0.15 
1860 161.36 -10.65 150.71 0.74 959 3025 21.03 0.15 
1880 161.66 -10.75 150.91 0.739 967 3059 21.21 0.15 
1900 161.55 -10.72 150.82 0.741 976 3098 21.4 0.15 
1920 161.11 -10.64 150.47 0.744 981 3140 21.51 0.16 
1940 160.45 -10.66 149.79 0.745 990 3180 21.71 0.16 
1960 160.05 -10.75 149.29 0.749 996 3222 21.84 0.16 
1980 159.65 -10.85 148.8 0.75 1003 3262 22.0 0.16 
2000 159.72 -10.94 148.77 0.751 1011 3303 22.17 0.16 
2020 159.98 -10.92 149.05 0.754 1018 3346 22.32 0.17 
2040 160.03 -10.91 149.12 0.752 1026 3380 22.5 0.17 
2060 159.17 -10.97 148.2 0.754 1033 3414 22.65 0.17 
2080 158.54 -10.95 147.59 0.758 1046 3451 22.94 0.17 
2100 158.81 -10.99 147.83 0.757 1053 3492 23.09 0.17 
2120 158.74 -11.04 147.71 0.759 1061 3530 23.27 0.18 
2140 158.84 -10.97 147.87 0.763 1067 3570 23.4 0.18 
2160 157.61 -10.98 146.63 0.763 1074 3610 23.55 0.18 
2180 157.56 -11.04 146.51 0.763 1084 3647 23.77 0.18 
2200 157.78 -11.2 146.58 0.766 1090 3684 23.9 0.18 
2220 158.02 -11.18 146.84 0.767 1099 3720 24.1 0.18 
2240 157.89 -11.29 146.61 0.766 1110 3759 24.34 0.19 
2260 157.6 -11.26 146.34 0.77 1118 3800 24.52 0.19 
2280 156.82 -11.18 145.64 0.773 1124 3841 24.65 0.19 
2300 156.9 -11.1 145.8 0.774 1133 3882 24.85 0.19 
2320 156.71 -11.13 145.58 0.774 1141 3925 25.02 0.2 
2340 156.62 -11.13 145.49 0.775 1146 3969 25.13 0.2 
2360 155.99 -11.04 144.95 0.775 1150 4014 25.22 0.2 
2380 156.2 -10.97 145.23 0.78 1159 4055 25.42 0.2 
2400 155.61 -10.9 144.71 0.78 1163 4094 25.5 0.2 
2420 155.07 -10.87 144.2 0.783 1169 4135 25.64 0.21 
2440 154.75 -10.75 144.0 0.782 1176 4175 25.79 0.21 
2460 155.02 -10.84 144.18 0.784 1183 4220 25.94 0.21 
2480 154.43 -10.85 143.58 0.786 1190 4266 26.1 0.21 
2500 154.1 -10.77 143.33 0.786 1201 4303 26.34 0.21 
2520 153.73 -10.82 142.91 0.787 1208 4347 26.49 0.22 
2540 154.06 -10.9 143.16 0.788 1212 4390 26.58 0.22 
2560 154.02 -10.94 143.08 0.791 1217 4438 26.69 0.22 
2580 153.64 -10.92 142.72 0.792 1220 4486 26.75 0.22 
2600 152.37 -10.88 141.49 0.793 1225 4526 26.86 0.23 
2620 153.15 -10.87 142.28 0.792 1231 4565 27.0 0.23 
2640 152.66 -10.83 141.83 0.795 1241 4607 27.21 0.23 
2660 151.95 -10.83 141.13 0.795 1246 4655 27.32 0.23 
2680 151.18 -10.83 140.35 0.796 1252 4706 27.46 0.23 
2700 151.48 -10.97 140.51 0.797 1260 4754 27.63 0.24 
2720 151.21 -11.08 140.14 0.8 1268 4802 27.81 0.24 
2740 151.46 -11.0 140.46 0.801 1274 4845 27.94 0.24 
2760 150.98 -10.95 140.03 0.802 1279 4891 28.05 0.24 
2780 150.42 -11.01 139.42 0.802 1287 4940 28.22 0.25 
2800 150.51 -11.1 139.41 0.802 1296 4982 28.42 0.25 
2820 150.79 -11.04 139.75 0.802 1299 5029 28.49 0.25 
2840 150.3 -11.11 139.19 0.802 1309 5076 28.71 0.25 
2860 150.39 -11.16 139.22 0.804 1316 5126 28.86 0.25 
2880 150.84 -11.15 139.69 0.807 1322 5171 28.99 0.26 
2900 150.02 -11.13 138.9 0.808 1330 5215 29.17 0.26 
2920 149.86 -11.14 138.71 0.807 1335 5254 29.28 0.26 
2940 149.53 -11.19 138.34 0.809 1338 5305 29.34 0.26 
2960 149.53 -11.19 138.34 0.811 1345 5352 29.5 0.27 
2980 149.49 -11.16 138.33 0.81 1349 5400 29.58 0.27 
3000 149.3 -11.16 138.14 0.812 1356 5446 29.74 0.27 
3020 149.07 -11.19 137.88 0.813 1365 5493 29.93 0.27 
3040 148.88 -11.19 137.69 0.814 1373 5534 30.11 0.28 
3060 148.36 -11.22 137.13 0.816 1378 5574 30.22 0.28 
3080 147.92 -11.14 136.79 0.815 1384 5616 30.35 0.28 
3100 148.42 -11.22 137.19 0.815 1389 5659 30.46 0.28 
3120 148.41 -11.35 137.06 0.816 1396 5708 30.61 0.28 
3140 148.1 -11.29 136.8 0.819 1405 5748 30.81 0.29 
3160 148.01 -11.27 136.74 0.82 1409 5793 30.9 0.29 
3180 147.51 -11.3 136.21 0.822 1414 5843 31.01 0.29 
3200 147.25 -11.33 135.92 0.821 1422 5890 31.18 0.29 
3220 147.63 -11.39 136.24 0.821 1431 5937 31.38 0.3 
3240 147.96 -11.37 136.59 0.822 1441 5978 31.6 0.3 
3260 146.99 -11.35 135.65 0.824 1446 6024 31.71 0.3 
3280 146.76 -11.41 135.34 0.822 1450 6065 31.8 0.3 
3300 146.82 -11.44 135.38 0.822 1456 6108 31.93 0.3 
3320 147.02 -11.45 135.57 0.825 1460 6150 32.02 0.31 
3340 146.98 -11.33 135.65 0.828 1466 6192 32.15 0.31 
3360 146.23 -11.24 134.99 0.827 1472 6235 32.28 0.31 
3380 146.37 -11.17 135.2 0.826 1474 6281 32.32 0.31 
3400 146.51 -11.15 135.36 0.828 1480 6332 32.46 0.31 
3420 145.98 -11.2 134.78 0.827 1487 6380 32.61 0.32 
3440 145.32 -11.22 134.1 0.827 1493 6424 32.74 0.32 
3460 145.26 -11.36 133.9 0.83 1504 6473 32.98 0.32 
3480 144.76 -11.42 133.34 0.829 1510 6521 33.11 0.32 
3500 145.05 -11.54 133.51 0.831 1513 6566 33.18 0.33 
3520 145.28 -11.52 133.75 0.832 1518 6612 33.29 0.33 
3540 145.12 -11.51 133.61 0.831 1523 6654 33.4 0.33 
3560 144.89 -11.55 133.34 0.832 1530 6701 33.55 0.33 
3580 144.87 -11.48 133.39 0.832 1532 6745 33.6 0.34 
3600 144.4 -11.54 132.86 0.831 1537 6787 33.71 0.34 
3620 143.78 -11.57 132.21 0.833 1542 6831 33.82 0.34 
3640 143.49 -11.47 132.02 0.834 1546 6869 33.9 0.34 
3660 143.83 -11.5 132.33 0.836 1551 6921 34.01 0.34 
3680 143.4 -11.53 131.87 0.837 1554 6967 34.08 0.35 
3700 143.3 -11.57 131.73 0.837 1560 7009 34.21 0.35 
3720 143.76 -11.58 132.18 0.837 1564 7048 34.3 0.35 
3740 143.28 -11.61 131.67 0.838 1570 7094 34.43 0.35 
3760 143.04 -11.57 131.47 0.838 1576 7142 34.56 0.36 
3780 143.05 -11.53 131.52 0.839 1583 7184 34.71 0.36 
3800 142.84 -11.58 131.26 0.839 1586 7224 34.78 0.36 
3820 142.9 -11.53 131.37 0.838 1595 7275 34.98 0.36 
3840 142.83 -11.51 131.32 0.84 1600 7321 35.09 0.36 
3860 142.75 -11.54 131.21 0.84 1604 7364 35.18 0.37 
3880 142.36 -11.48 130.87 0.841 1608 7410 35.26 0.37 
3900 141.83 -11.41 130.42 0.841 1616 7453 35.44 0.37 
3920 141.66 -11.38 130.28 0.84 1622 7501 35.57 0.37 
3940 141.81 -11.43 130.38 0.841 1623 7551 35.59 0.38 
3960 141.61 -11.35 130.26 0.841 1629 7597 35.72 0.38 
3980 141.04 -11.23 129.81 0.844 1635 7640 35.86 0.38 
4000 141.04 -11.22 129.82 0.844 1637 7692 35.9 0.38 
4020 140.44 -11.28 129.16 0.843 1646 7733 36.1 0.38 
4040 140.33 -11.3 129.03 0.844 1652 7780 36.23 0.39 
4060 139.97 -11.3 128.67 0.846 1657 7826 36.34 0.39 
4080 140.53 -11.3 129.23 0.847 1663 7871 36.47 0.39 
4100 140.21 -11.2 129.01 0.847 1667 7910 36.56 0.39 
4120 139.73 -11.15 128.58 0.845 1674 7948 36.71 0.4 
4140 139.41 -11.13 128.28 0.846 1682 7987 36.89 0.4 
4160 139.62 -11.16 128.45 0.848 1687 8035 37.0 0.4 
4180 139.56 -11.19 128.37 0.848 1693 8084 37.13 0.4 
4200 139.23 -11.18 128.05 0.847 1698 8132 37.24 0.4 
4220 138.9 -11.19 127.7 0.847 1703 8180 37.35 0.41 
4240 139.29 -11.09 128.21 0.848 1707 8220 37.43 0.41 
4260 138.98 -11.02 127.96 0.85 1715 8265 37.61 0.41 
4280 138.54 -11.0 127.55 0.848 1720 8310 37.72 0.41 
4300 138.58 -10.98 127.61 0.852 1726 8357 37.85 0.42 
4320 138.25 -10.97 127.27 0.851 1734 8405 38.03 0.42 
4340 138.08 -10.95 127.13 0.852 1740 8455 38.16 0.42 
4360 137.88 -10.97 126.91 0.851 1744 8497 38.25 0.42 
4380 137.9 -10.9 127.0 0.852 1751 8545 38.4 0.42 
4400 137.69 -10.92 126.77 0.853 1754 8594 38.46 0.43 
4420 137.28 -10.96 126.32 0.854 1761 8637 38.62 0.43 
4440 137.37 -11.03 126.34 0.852 1767 8688 38.75 0.43 
4460 137.37 -11.03 126.34 0.854 1769 8729 38.79 0.43 
4480 137.54 -11.04 126.51 0.852 1771 8772 38.84 0.44 
4500 137.33 -11.0 126.33 0.856 1778 8817 38.99 0.44 
4520 136.99 -10.93 126.06 0.855 1784 8862 39.12 0.44 
4540 136.74 -11.02 125.71 0.856 1790 8909 39.25 0.44 
4560 136.67 -11.06 125.61 0.857 1794 8953 39.34 0.45 
4580 136.24 -11.08 125.16 0.856 1800 9001 39.47 0.45 
4600 136.17 -11.18 124.99 0.856 1808 9049 39.65 0.45 
4620 136.69 -11.12 125.57 0.857 1814 9087 39.78 0.45 
4640 136.65 -11.12 125.53 0.857 1821 9134 39.93 0.45 
4660 136.13 -11.01 125.12 0.858 1824 9180 40.0 0.46 
4680 136.14 -10.87 125.27 0.857 1832 9220 40.18 0.46 
4700 136.37 -10.85 125.52 0.856 1837 9263 40.29 0.46 
4720 136.03 -10.83 125.2 0.859 1839 9317 40.33 0.46 
4740 135.87 -10.83 125.04 0.859 1842 9372 40.39 0.47 
4760 135.53 -10.84 124.69 0.859 1845 9428 40.46 0.47 
4780 135.85 -10.72 125.13 0.86 1849 9475 40.55 0.47 
4800 135.55 -10.7 124.85 0.862 1854 9527 40.66 0.47 
4820 135.34 -10.69 124.66 0.862 1860 9574 40.79 0.48 
4840 135.43 -10.63 124.8 0.861 1865 9623 40.9 0.48 
4860 135.47 -10.52 124.95 0.862 1867 9677 40.94 0.48 
4880 135.11 -10.51 124.6 0.861 1873 9724 41.07 0.48 
4900 134.94 -10.44 124.5 0.862 1876 9771 41.14 0.49 
4920 135.35 -10.44 124.91 0.862 1880 9825 41.23 0.49 
4940 134.62 -10.36 124.26 0.863 1884 9876 41.32 0.49 
4960 134.5 -10.29 124.21 0.862 1887 9927 41.38 0.49 
4980 134.69 -10.28 124.42 0.863 1889 9977 41.43 0.5 
5000 135.24 -10.34 124.9 0.864 1894 10029 41.54 0.5 
5020 134.71 -10.32 124.39 0.864 1899 10074 41.64 0.5 
5040 134.12 -10.25 123.87 0.863 1905 10118 41.78 0.5 
5060 134.19 -10.23 123.96 0.863 1909 10171 41.86 0.51 
5080 134.18 -10.23 123.95 0.864 1916 10221 42.02 0.51 
5100 133.97 -10.13 123.84 0.864 1919 10274 42.08 0.51 
5120 133.74 -10.08 123.66 0.865 1923 10321 42.17 0.51 
5140 133.7 -10.02 123.68 0.866 1927 10373 42.26 0.52 
5160 133.55 -10.05 123.5 0.867 1928 10418 42.28 0.52 
5180 133.33 -10.01 123.32 0.867 1934 10463 42.41 0.52 
5200 133.24 -9.93 123.31 0.866 1940 10511 42.54 0.52 
5220 132.74 -9.88 122.87 0.866 1946 10555 42.68 0.52 
5240 133.22 -9.86 123.36 0.866 1952 10610 42.81 0.53 
5260 132.66 -9.83 122.84 0.867 1960 10662 42.98 0.53 
5280 132.1 -9.74 122.36 0.868 1964 10716 43.07 0.53 
5300 131.85 -9.75 122.11 0.868 1968 10764 43.16 0.54 
5320 132.26 -9.77 122.49 0.869 1969 10807 43.18 0.54 
5340 131.83 -9.78 122.04 0.869 1972 10855 43.25 0.54 
5360 131.75 -9.75 122.0 0.868 1976 10900 43.33 0.54 
5380 132.25 -9.8 122.44 0.869 1978 10941 43.38 0.54 
5400 131.84 -9.79 122.05 0.868 1981 10988 43.44 0.55 
5420 131.68 -9.7 121.98 0.869 1987 11038 43.57 0.55 
5440 131.82 -9.67 122.16 0.87 1989 11085 43.62 0.55 
5460 131.3 -9.65 121.64 0.87 1994 11131 43.73 0.55 
5480 131.08 -9.65 121.43 0.87 1999 11177 43.84 0.56 
