
0.8710983
0.856684
0.69345254
0.6466497
0.5631633
0.5172288
0.44032258
0.4249801
0.41110498
0.33131644
0.3013213
0.26690477
0.28245038
0.2447051
0.20498426
0.21118933
0.17409202
0.14640772
0.1400328
0.12228147
0.11832004
0.116072536
0.10014108
0.0954566
0.08977712
0.097242296
0.07883199
0.090392925
0.08421426
0.07833416
0.06701242
0.06043616
0.061039846
0.054253414
0.056204706
0.05283877
0.054350805
0.046824843
0.054456834
0.04891859
0.042884745
0.043164086
0.044775516
0.04988534
0.044716977
0.038803324
0.044971976
0.040360816
0.03662533
0.034796134
0.03541963
0.03208855
0.03557566
0.029336218
0.032153975
0.03486221
0.03096722
0.029063452
0.029949615
0.0326011
0.03208786
0.030140195
0.031145277
0.02807033
0.027527371
0.02944658
0.025336925
0.029983984
0.027186377
0.025299868
0.028686931
0.025653262
0.028060466
0.027313165
0.026498819
0.029717809
0.031619985
0.026275378
0.02730686
0.024402155
0.02440094
0.026202476
0.024512976
0.023131283
0.02296731
0.023424659
0.024158772
0.02413637
0.023053825
0.022695415
0.023667041
0.024312701
0.023672367
0.023321014
0.021468053
0.020382967
0.020525033
0.021373792
0.02102648
0.019677518
0.02147565
0.021087155
0.022344718
0.020674521
0.0223556
0.019757371
0.019792197
0.024400536
0.01917232
0.02090914
0.019914871
0.021498922
0.019373497
0.02052078
0.019330781
0.020042378
0.02017687
0.021454616
0.019054689
0.018354382
0.020804213
0.01847836
0.020002576
0.01774927
0.017197816
0.018706525
0.018693784
0.017703015
0.01946023
0.019099506
0.017053127
0.01750721
0.021191213
0.01899308
0.018121313
0.017870136
0.018017545
0.016409816
0.017743068
0.019206055
0.016815223
0.0168808
0.016931532
0.019625064
0.017737336
0.018137282
0.016097872
0.01619553
0.016509462
0.01708977
0.015138369
0.016616652
0.015979003
0.017540066
0.015839353
0.016021395
0.01659042
0.017853968
0.015482395
0.015767751
0.015151619
0.016600821
0.015143585
0.015941037
0.01642975
0.016289985
0.015399188
0.014992155
0.015905421
0.015109478
0.018387435
0.018105516
0.016211513
0.015120258
0.016383708
0.015152859
0.016042871
0.01431671
0.016973857
0.015503423
0.014959863
0.01550176
0.014847957
0.016744882
0.016189342
0.014682825
0.014414798
0.015908498
0.014453087
0.016231488
0.015400272
0.014413428
0.014252988
0.012652564
0.015766554
0.013698296
0.0139576215
0.01443761
0.014717907
0.013556776
0.013884856
0.013203583
0.015542003
0.0164833
0.014710802
0.015299196
0.013080421
0.013721851
0.015739126
0.0144454185
0.013948981
0.013131574
0.014835466
0.014369618
0.015142926
0.013508913
0.013070659
0.013134879
0.014109248
0.01421815
0.013869255
0.013694955
0.013206306
0.014904972
0.016562054
0.015606334
0.013059153
0.013977647
0.013378332
0.012101944
0.014225171
0.013630788
0.013720254
0.014180781
0.013260416
0.014343322
0.01381867
0.012776011
0.0125726415
0.014912754
0.0147953015
0.011052411
0.014536663
0.012419017
0.013712294
0.013143683
0.012225065
0.012835413
0.012076243
0.012442921
0.012411169
0.012718983
0.012572702
0.0128146885
0.013061529
0.012288495
0.012491102
0.013592654
0.012497202
0.012229774
0.012210477
0.012438577
0.01338523
0.015836617
0.012714646
0.012398383
0.0117294025
0.013456469
0.013605593
0.017790234
0.011219071
0.012709761
0.013568926
0.012818329
0.011336343
0.0130116725
0.011578321
0.011779321
0.012011408