20 196.63 -0.29 196.34 0.053 16 35 0.35 0.0 
40 195.18 -0.05 195.13 0.08 31 76 0.68 0.0 
60 193.84 0.01 193.85 0.112 47 123 1.03 0.01 
80 192.66 0.11 192.77 0.147 61 166 1.34 0.01 
100 190.52 0.08 190.6 0.179 75 210 1.64 0.01 
120 189.6 0.07 189.67 0.203 87 259 1.91 0.01 
140 188.05 0.05 188.09 0.226 96 312 2.11 0.02 
160 187.01 0.11 187.12 0.256 113 360 2.48 0.02 
180 185.74 0.41 186.14 0.271 125 406 2.74 0.02 
200 183.48 0.51 183.99 0.302 137 456 3.0 0.02 
220 182.45 0.63 183.08 0.32 150 507 3.29 0.03 
240 181.58 0.66 182.24 0.335 164 554 3.6 0.03 
260 179.95 0.84 180.79 0.35 178 610 3.9 0.03 
280 179.02 0.99 180.01 0.365 188 661 4.12 0.03 
300 177.66 0.96 178.63 0.387 201 705 4.41 0.04 
320 176.44 1.04 177.48 0.398 211 757 4.63 0.04 
340 175.69 1.16 176.85 0.416 224 799 4.91 0.04 
360 174.49 1.23 175.72 0.424 239 839 5.24 0.04 
380 173.42 1.53 174.95 0.45 255 881 5.59 0.04 
400 172.57 1.67 174.24 0.452 268 929 5.88 0.05 
420 170.7 1.82 172.52 0.473 283 980 6.21 0.05 
440 169.65 2.0 171.65 0.478 290 1042 6.36 0.05 
460 168.76 2.13 170.89 0.49 299 1098 6.56 0.05 
480 167.64 2.25 169.89 0.496 312 1147 6.84 0.06 
500 167.1 2.43 169.52 0.505 322 1204 7.06 0.06 
520 166.27 2.62 168.9 0.516 334 1264 7.32 0.06 
540 165.18 2.88 168.05 0.531 348 1325 7.63 0.07 
560 164.49 3.09 167.59 0.529 362 1377 7.94 0.07 
580 163.25 3.39 166.64 0.548 376 1435 8.25 0.07 
600 162.56 3.47 166.03 0.547 385 1493 8.44 0.07 
620 161.11 3.64 164.74 0.557 397 1554 8.71 0.08 
640 160.26 3.79 164.05 0.57 412 1616 9.04 0.08 
660 160.3 4.07 164.37 0.571 422 1678 9.25 0.08 
680 159.53 4.29 163.83 0.579 434 1739 9.52 0.09 
700 158.88 4.51 163.39 0.592 450 1795 9.87 0.09 
720 158.43 4.64 163.07 0.605 462 1845 10.13 0.09 
740 157.87 4.92 162.79 0.606 472 1903 10.35 0.09 
760 156.91 5.35 162.26 0.617 482 1965 10.57 0.1 
780 156.08 5.61 161.69 0.626 494 2026 10.83 0.1 
800 155.11 5.9 161.01 0.628 503 2085 11.03 0.1 
820 154.24 6.23 160.47 0.632 513 2147 11.25 0.11 
840 153.34 6.55 159.89 0.637 523 2212 11.47 0.11 
860 152.75 6.79 159.54 0.641 535 2273 11.73 0.11 
880 152.2 7.06 159.26 0.643 542 2332 11.89 0.12 
900 151.32 7.35 158.67 0.655 554 2394 12.15 0.12 
920 150.02 7.69 157.71 0.661 564 2450 12.37 0.12 
940 149.38 7.96 157.34 0.668 575 2507 12.61 0.12 
960 148.09 8.27 156.35 0.671 586 2567 12.85 0.13 
980 148.03 8.45 156.48 0.68 594 2630 13.03 0.13 
1000 147.6 8.68 156.28 0.684 606 2699 13.29 0.13 
1020 146.46 8.99 155.45 0.687 617 2757 13.53 0.14 
1040 145.63 9.23 154.86 0.692 627 2827 13.75 0.14 
1060 145.54 9.7 155.24 0.693 635 2887 13.93 0.14 
1080 144.77 10.16 154.93 0.696 645 2960 14.14 0.15 
1100 143.84 10.62 154.46 0.697 652 3043 14.3 0.15 
1120 143.26 11.06 154.32 0.701 665 3103 14.58 0.15 
1140 141.9 11.52 153.42 0.705 676 3162 14.82 0.16 
1160 141.87 11.86 153.73 0.707 690 3227 15.13 0.16 
1180 140.22 12.14 152.36 0.712 700 3293 15.35 0.16 
1200 140.13 12.42 152.54 0.715 709 3359 15.55 0.17 
1220 140.01 12.86 152.87 0.718 721 3436 15.81 0.17 
1240 139.44 13.11 152.55 0.72 730 3508 16.01 0.17 
1260 138.47 13.49 151.96 0.724 742 3572 16.27 0.18 
1280 137.92 13.97 151.88 0.726 750 3643 16.45 0.18 
1300 137.66 14.37 152.03 0.724 762 3703 16.71 0.18 
1320 136.11 14.77 150.89 0.728 772 3774 16.93 0.19 
1340 134.79 15.05 149.84 0.731 785 3839 17.21 0.19 
1360 134.01 15.37 149.37 0.737 796 3909 17.46 0.19 
1380 133.29 15.74 149.04 0.739 806 3974 17.68 0.2 
1400 132.76 16.07 148.84 0.743 815 4038 17.87 0.2 
1420 132.22 16.35 148.57 0.743 825 4109 18.09 0.2 
1440 131.22 16.65 147.87 0.743 833 4183 18.27 0.21 
1460 130.42 17.04 147.46 0.745 842 4257 18.46 0.21 
1480 129.97 17.45 147.42 0.746 854 4320 18.73 0.21 
1500 128.61 17.85 146.45 0.752 863 4393 18.93 0.22 
1520 128.65 18.11 146.76 0.751 873 4459 19.14 0.22 
1540 128.01 18.45 146.45 0.752 883 4530 19.36 0.23 
1560 127.79 18.77 146.56 0.757 893 4593 19.58 0.23 
1580 126.56 19.17 145.73 0.761 901 4664 19.76 0.23 
1600 126.26 19.49 145.74 0.763 910 4738 19.96 0.24 
1620 126.12 19.76 145.89 0.765 917 4815 20.11 0.24 
1640 125.58 20.09 145.66 0.771 923 4885 20.24 0.24 
1660 124.48 20.53 145.01 0.77 930 4963 20.39 0.25 
1680 124.56 20.99 145.55 0.77 937 5051 20.55 0.25 
1700 123.92 21.45 145.37 0.773 949 5118 20.81 0.25 
1720 122.84 21.84 144.68 0.775 960 5192 21.05 0.26 
1740 122.36 22.29 144.65 0.776 969 5262 21.25 0.26 
1760 122.21 22.7 144.91 0.782 976 5328 21.4 0.26 
1780 121.75 23.04 144.8 0.783 985 5401 21.6 0.27 
1800 121.49 23.51 145.0 0.783 993 5472 21.78 0.27 
1820 120.67 24.0 144.67 0.783 1001 5539 21.95 0.28 
1840 120.17 24.34 144.52 0.786 1008 5606 22.11 0.28 
1860 119.93 24.78 144.71 0.787 1016 5677 22.28 0.28 
1880 119.15 25.32 144.47 0.789 1024 5747 22.46 0.29 
1900 118.95 25.69 144.64 0.791 1033 5810 22.65 0.29 
1920 118.0 26.21 144.21 0.789 1042 5879 22.85 0.29 
1940 117.58 26.65 144.23 0.794 1049 5955 23.0 0.3 
1960 118.0 27.16 145.16 0.795 1057 6036 23.18 0.3 
1980 116.69 27.65 144.34 0.797 1064 6110 23.33 0.3 
2000 116.61 28.02 144.63 0.798 1072 6180 23.51 0.31 
2020 115.3 28.32 143.62 0.801 1081 6254 23.71 0.31 
2040 114.77 28.73 143.51 0.802 1086 6326 23.82 0.31 
2060 114.46 29.01 143.46 0.805 1093 6398 23.97 0.32 
2080 113.44 29.42 142.86 0.806 1098 6478 24.08 0.32 
2100 113.19 29.79 142.99 0.807 1110 6549 24.34 0.33 
2120 112.9 30.27 143.17 0.806 1116 6625 24.47 0.33 
2140 112.27 30.64 142.92 0.808 1126 6698 24.69 0.33 
2160 111.85 31.15 143.0 0.809 1135 6784 24.89 0.34 
2180 111.3 31.51 142.81 0.809 1145 6857 25.11 0.34 
2200 110.62 31.91 142.53 0.81 1151 6940 25.24 0.35 
2220 110.46 32.34 142.8 0.812 1157 7021 25.37 0.35 
2240 110.08 32.72 142.8 0.811 1162 7102 25.48 0.35 
2260 109.74 33.15 142.89 0.812 1171 7176 25.68 0.36 
2280 109.07 33.63 142.71 0.815 1181 7251 25.9 0.36 
2300 109.12 34.08 143.2 0.816 1190 7325 26.1 0.36 
2320 109.2 34.54 143.73 0.818 1197 7397 26.25 0.37 
2340 108.45 34.98 143.43 0.818 1205 7482 26.43 0.37 
2360 107.69 35.43 143.13 0.817 1216 7556 26.67 0.38 
2380 107.15 35.9 143.05 0.819 1227 7639 26.91 0.38 
2400 106.09 36.41 142.5 0.821 1234 7714 27.06 0.38 
2420 105.14 36.79 141.93 0.821 1241 7788 27.21 0.39 
2440 104.67 37.21 141.88 0.82 1248 7862 27.37 0.39 
2460 104.08 37.59 141.68 0.824 1257 7939 27.57 0.39 
2480 103.94 38.07 142.01 0.825 1261 8023 27.65 0.4 
2500 103.45 38.46 141.91 0.824 1268 8093 27.81 0.4 
2520 103.54 38.91 142.45 0.828 1275 8173 27.96 0.41 
2540 102.79 39.35 142.14 0.827 1285 8244 28.18 0.41 
2560 102.37 39.72 142.09 0.827 1293 8322 28.36 0.41 
2580 101.79 40.17 141.96 0.829 1300 8402 28.51 0.42 
2600 101.53 40.56 142.09 0.83 1306 8480 28.64 0.42 
2620 100.88 40.95 141.83 0.829 1313 8558 28.79 0.43 
2640 101.0 41.52 142.52 0.828 1324 8633 29.04 0.43 
2660 100.69 41.97 142.66 0.828 1335 8706 29.28 0.43 
2680 99.64 42.4 142.04 0.827 1342 8779 29.43 0.44 
2700 99.08 42.91 141.98 0.833 1348 8862 29.56 0.44 
2720 99.18 43.38 142.56 0.833 1355 8938 29.71 0.44 
2740 97.71 43.88 141.59 0.834 1367 9016 29.98 0.45 
2760 96.62 44.38 141.01 0.836 1375 9093 30.15 0.45 
2780 96.6 44.83 141.42 0.837 1382 9172 30.31 0.46 
2800 96.35 45.33 141.68 0.838 1390 9251 30.48 0.46 
2820 95.36 45.83 141.19 0.835 1396 9338 30.61 0.46 
2840 95.5 46.12 141.62 0.837 1403 9414 30.77 0.47 
2860 94.82 46.62 141.44 0.84 1410 9489 30.92 0.47 
2880 94.38 47.07 141.45 0.842 1418 9563 31.1 0.48 
2900 94.38 47.39 141.78 0.842 1423 9640 31.21 0.48 
2920 93.54 47.88 141.42 0.843 1432 9720 31.4 0.48 
2940 93.44 48.29 141.74 0.845 1440 9798 31.58 0.49 
2960 92.81 48.77 141.58 0.845 1446 9877 31.71 0.49 
2980 92.44 49.3 141.74 0.846 1450 9961 31.8 0.5 
3000 92.23 49.72 141.95 0.848 1457 10040 31.95 0.5 
3020 91.81 50.21 142.03 0.847 1460 10128 32.02 0.5 
3040 91.71 50.59 142.3 0.847 1465 10210 32.13 0.51 
3060 90.87 51.04 141.91 0.847 1471 10299 32.26 0.51 
3080 90.74 51.42 142.16 0.848 1477 10374 32.39 0.52 
3100 90.13 51.86 142.0 0.848 1486 10455 32.59 0.52 
3120 89.86 52.3 142.17 0.848 1490 10524 32.68 0.52 
3140 88.55 52.7 141.25 0.848 1496 10604 32.81 0.53 
3160 88.41 53.16 141.57 0.847 1505 10683 33.0 0.53 
3180 88.2 53.71 141.91 0.849 1513 10761 33.18 0.54 
3200 87.77 54.17 141.94 0.852 1520 10837 33.33 0.54 
3220 86.84 54.57 141.41 0.853 1524 10916 33.42 0.54 
3240 86.98 55.03 142.01 0.853 1533 11000 33.62 0.55 
3260 86.44 55.46 141.89 0.855 1537 11082 33.71 0.55 
3280 86.24 55.94 142.17 0.855 1541 11158 33.79 0.55 
3300 85.97 56.36 142.34 0.854 1549 11236 33.97 0.56 
3320 85.7 56.87 142.57 0.856 1556 11321 34.12 0.56 
3340 84.85 57.35 142.2 0.857 1561 11400 34.23 0.57 
3360 84.35 57.88 142.24 0.857 1567 11488 34.36 0.57 
3380 83.52 58.38 141.9 0.859 1572 11570 34.47 0.58 
3400 83.34 58.85 142.19 0.857 1577 11649 34.58 0.58 
3420 82.6 59.29 141.89 0.858 1583 11734 34.71 0.58 
3440 82.34 59.78 142.12 0.86 1593 11816 34.93 0.59 
3460 81.84 60.3 142.13 0.859 1600 11900 35.09 0.59 
3480 81.82 60.78 142.6 0.859 1605 11985 35.2 0.6 
3500 81.15 61.23 142.39 0.861 1609 12061 35.29 0.6 
3520 80.6 61.74 142.35 0.861 1618 12134 35.48 0.6 
3540 80.15 62.24 142.38 0.862 1621 12210 35.55 0.61 
3560 79.99 62.78 142.77 0.862 1626 12294 35.66 0.61 
3580 79.58 63.3 142.88 0.863 1628 12371 35.7 0.62 
3600 79.28 63.71 142.99 0.863 1633 12444 35.81 0.62 
3620 78.96 64.21 143.17 0.864 1637 12544 35.9 0.62 
3640 78.87 64.71 143.58 0.863 1642 12628 36.01 0.63 
3660 78.31 65.17 143.47 0.866 1646 12700 36.1 0.63 
3680 78.17 65.62 143.79 0.863 1653 12776 36.25 0.64 
3700 76.85 66.09 142.95 0.866 1660 12848 36.4 0.64 
3720 77.36 66.6 143.96 0.864 1663 12933 36.47 0.64 
3740 76.36 67.08 143.45 0.864 1670 13007 36.62 0.65 
3760 75.94 67.55 143.49 0.86 1673 13086 36.69 0.65 
3780 75.63 67.92 143.55 0.866 1678 13164 36.8 0.65 
3800 75.43 68.46 143.89 0.866 1685 13244 36.95 0.66 
3820 75.18 69.03 144.21 0.867 1690 13325 37.06 0.66 
3840 74.05 69.55 143.6 0.867 1695 13411 37.17 0.67 
3860 73.84 69.96 143.8 0.868 1703 13492 37.35 0.67 
3880 73.73 70.47 144.19 0.866 1708 13578 37.46 0.68 
3900 73.33 70.94 144.27 0.867 1715 13659 37.61 0.68 
3920 72.55 71.41 143.96 0.868 1720 13737 37.72 0.68 
3940 72.28 71.9 144.19 0.868 1725 13820 37.83 0.69 
3960 72.2 72.41 144.6 0.87 1732 13902 37.98 0.69 
3980 71.62 72.96 144.58 0.869 1734 13987 38.03 0.7 
4000 71.41 73.45 144.86 0.87 1735 14073 38.05 0.7 
4020 71.11 74.02 145.12 0.871 1743 14154 38.22 0.7 
4040 70.62 74.5 145.12 0.869 1746 14237 38.29 0.71 
4060 70.41 75.04 145.45 0.87 1752 14324 38.42 0.71 
4080 70.22 75.52 145.74 0.87 1757 14405 38.53 0.72 
4100 69.75 75.95 145.69 0.87 1763 14486 38.66 0.72 
4120 69.23 76.37 145.6 0.869 1770 14567 38.82 0.72 
4140 68.68 76.93 145.6 0.872 1777 14647 38.97 0.73 
4160 68.05 77.41 145.46 0.872 1783 14729 39.1 0.73 
4180 67.38 77.89 145.27 0.874 1788 14804 39.21 0.74 
4200 67.56 78.43 145.99 0.874 1793 14882 39.32 0.74 
4220 67.07 78.96 146.03 0.874 1796 14972 39.39 0.74 
4240 66.99 79.42 146.42 0.874 1802 15043 39.52 0.75 
4260 66.41 79.85 146.27 0.875 1809 15118 39.67 0.75 
4280 65.61 80.38 145.99 0.878 1815 15199 39.8 0.76 
4300 65.34 80.81 146.15 0.876 1822 15276 39.96 0.76 
4320 65.02 81.32 146.33 0.877 1828 15355 40.09 0.76 
4340 64.34 81.82 146.16 0.877 1836 15427 40.26 0.77 
4360 64.18 82.43 146.61 0.876 1838 15519 40.31 0.77 
4380 63.78 82.93 146.7 0.878 1843 15601 40.42 0.78 
4400 62.99 83.55 146.54 0.877 1848 15677 40.53 0.78 
4420 62.49 84.05 146.54 0.88 1855 15750 40.68 0.78 
4440 62.45 84.6 147.05 0.877 1860 15827 40.79 0.79 
4460 62.34 85.1 147.45 0.878 1863 15910 40.86 0.79 
4480 61.86 85.68 147.54 0.878 1868 15992 40.96 0.8 
4500 61.57 86.13 147.7 0.879 1870 16081 41.01 0.8 
4520 60.94 86.57 147.51 0.878 1872 16165 41.05 0.8 
4540 60.53 86.96 147.49 0.88 1875 16248 41.12 0.81 
4560 60.22 87.48 147.7 0.88 1879 16327 41.21 0.81 
4580 59.88 87.9 147.78 0.881 1884 16404 41.32 0.82 
4600 59.58 88.41 148.0 0.881 1890 16483 41.45 0.82 
4620 59.42 88.95 148.38 0.88 1896 16572 41.58 0.82 
4640 59.5 89.41 148.91 0.879 1900 16653 41.67 0.83 
4660 58.72 89.93 148.64 0.882 1902 16725 41.71 0.83 
4680 58.94 90.34 149.27 0.882 1906 16810 41.8 0.84 
4700 58.27 90.8 149.08 0.882 1910 16902 41.89 0.84 
4720 57.65 91.33 148.98 0.883 1913 16982 41.95 0.84 
4740 57.54 91.83 149.37 0.883 1916 17076 42.02 0.85 
4760 57.0 92.28 149.29 0.884 1919 17165 42.08 0.85 
4780 56.63 92.8 149.43 0.885 1923 17253 42.17 0.86 
4800 56.5 93.33 149.83 0.885 1928 17335 42.28 0.86 
4820 55.59 93.8 149.39 0.887 1932 17412 42.37 0.87 
4840 54.97 94.32 149.29 0.887 1938 17495 42.5 0.87 
4860 54.46 94.83 149.29 0.886 1943 17580 42.61 0.87 
4880 54.67 95.3 149.97 0.887 1948 17658 42.72 0.88 
4900 54.5 95.72 150.21 0.885 1956 17734 42.89 0.88 
4920 54.37 96.24 150.61 0.886 1961 17814 43.0 0.89 
4940 53.86 96.7 150.56 0.887 1966 17892 43.11 0.89 
4960 53.62 97.18 150.8 0.887 1970 17970 43.2 0.89 
4980 52.94 97.75 150.69 0.887 1975 18055 43.31 0.9 
5000 52.58 98.24 150.83 0.887 1979 18133 43.4 0.9 
5020 51.98 98.78 150.76 0.886 1984 18222 43.51 0.91 
5040 51.87 99.3 151.17 0.888 1985 18304 43.53 0.91 
5060 51.26 99.77 151.02 0.888 1991 18384 43.66 0.91 
5080 51.24 100.15 151.39 0.887 1997 18458 43.79 0.92 
5100 50.62 100.6 151.22 0.889 2001 18540 43.88 0.92 
5120 50.26 101.0 151.26 0.889 2006 18626 43.99 0.93 
5140 49.98 101.55 151.53 0.887 2011 18708 44.1 0.93 
5160 49.26 102.03 151.29 0.89 2015 18790 44.19 0.93 
5180 49.08 102.48 151.56 0.89 2015 18884 44.19 0.94 
5200 49.0 102.94 151.94 0.891 2017 18972 44.23 0.94 
5220 48.04 103.44 151.48 0.892 2020 19058 44.3 0.95 
5240 47.86 103.95 151.82 0.892 2025 19145 44.41 0.95 
5260 47.75 104.42 152.17 0.891 2033 19224 44.58 0.96 
5280 47.94 104.87 152.81 0.891 2038 19301 44.69 0.96 
5300 47.61 105.32 152.92 0.892 2042 19374 44.78 0.96 
5320 46.85 105.83 152.68 0.891 2048 19461 44.91 0.97 
5340 46.68 106.31 152.98 0.891 2051 19542 44.98 0.97 
5360 46.64 106.76 153.41 0.892 2057 19630 45.11 0.98 
5380 46.1 107.21 153.32 0.893 2060 19711 45.18 0.98 
