
0.023529561
0.022427397
0.020542156
0.020105269
0.020230733
0.019797867
0.01846414
0.018274946
0.018755823
0.017619133
0.017501956
0.01751165
0.016062073
0.01670717
0.016436147
0.016470669
0.016198672
0.016215758
0.01584041
0.01578383
0.015836595
0.015715867
0.01577625
0.01635544
0.0152914105
0.015906453
0.015934836
0.0151318805
0.015196603
0.015179793
0.015517385
0.015217561
0.016112475
0.014914664
0.015071518
0.015694063
0.015359507
0.015614111
0.014777152
0.015085116
0.015650086
0.014409945
0.014239967
0.0143797165
0.014780705
0.014747582
0.014635439
0.0138797825
0.014105207
0.013952586
0.014606443
0.014050389
0.013676799
0.013664805
0.013580125
0.013956614
0.0133695165
0.01347509
0.013371411
0.013601711
0.013354579
0.014115796
0.013599079
0.013831689
0.0134562105
0.013533055
0.013496416
0.0132867275
0.013597355
0.013524921
0.013379433
0.012851326
0.013011657
0.012623066
0.012876572
0.013187158
0.013309084
0.013370148
0.01287359
0.012981467
0.013371164
0.013297727
0.013027945
0.012933055
0.01299525
0.0127370795
0.013135386
0.012466072
0.0125174625
0.012798249
0.012754384
0.012585522
0.012564583
0.012488411
0.012827546
0.012822848
0.012994844
0.012515727
0.012745657
0.012222223
0.012685538
0.0122959325
0.012473578
0.012447687
0.012416707
0.012612609
0.012161517
0.012167599
0.012237594
0.012433506
0.012219535
0.01222622
0.012698289
0.012128724
0.012115016
0.01243657
0.01222715
0.012744555
0.012454492
0.012092714
0.011975709
0.01231055
0.012269401
0.012077835
0.012410284
0.0124486955
0.012195768
0.012211919
0.011950102
0.011960107
0.011785424
0.012085575
0.0119714225
0.011738751
0.0121175675
0.0116386
0.011625061
0.011660664
0.011962667
0.011686064
0.011362055
0.011601169
0.0118067665
0.011758414
0.0117356
0.011704763
0.011711339
0.0118654985
0.011470227
0.012327945
0.011358006
0.011487039
0.011736004
0.011319782
0.011738358
0.011405575
0.011793807
0.01158697
0.011502594
0.011413266
0.01150572
0.011625027
0.011175827
0.011863992
0.011412329
0.011390878
0.011450445
0.011359027
0.011341711
0.011654459
0.01153512
0.011387691
0.011281775
0.011185539
0.011104945
0.0115669
0.011613465
0.011503421
0.011284309
0.011168359
0.011257344
0.011278787
0.011431616
0.011104573
0.011283195
0.011398341
0.011182131
0.011322681
0.011155714
0.011247771
0.011300744
0.01142797
0.011193207
0.011384464
0.010986018
0.0107825855
0.011309668
0.01090462
0.011117741
0.010801999
0.01079094
0.011036054
0.010832046
0.010823227
0.011040495
0.010906178
0.010838328
0.010727981
0.010757805
0.010989376
0.010849362
0.010854435
0.010785984
0.010594149
0.010982655
0.01124281
0.011481569
0.010819906
0.01083574
0.010669104
0.010967849
0.010739891
0.010683345
0.010976176
0.0108341435
0.010661205
0.010760159
0.010986951
0.010552427
0.01060274
0.010998225
0.011644499
0.011064718
0.010535525
0.010858919
0.010722189
0.01046002
0.010401363
0.010725526
0.010482524
0.010617963
0.010349452
0.010335004
0.010287864
0.010549135
0.0103948545
0.010402165
0.010628646
0.0102906935
0.010279295
0.010047793
0.009984328
0.010204441
0.010402828
0.010117595
0.011049018
0.010672565
0.010374351
0.01047642
0.010491523
0.010466535
0.01012542
0.010528172
0.010209782
0.010314611
0.01027485
0.010136801
0.010564888
0.010314737
0.010196289
0.0103556365
0.010072237
0.009875723
0.010307283
0.010298477
0.010118012
0.010043977
0.010110092
0.0099846255
0.0103163235
0.010340009
0.010116347
0.00982986
0.009936466
0.009891075
0.010082455
0.010037099
0.010213666
0.010059547
0.010175663
0.009818398
0.009944588
0.009866804
0.010006048
0.010216685
0.010156432
0.009888047
0.010123042
0.0099436315
0.01020662
0.010136048
0.009749863
0.009950626
0.010127668
0.010249144
0.009818537
0.01008299
0.009949483
0.009833029
0.009870544
0.01015117
0.010305901
0.009760453
0.009853119
0.009750363
0.009727921
0.009826797
0.009871934
0.00960117
0.009752566
0.009644972
0.009673029
0.00959337
0.009839915
0.009515953
0.009883112
0.009852482
0.009803664
0.009863407
0.009865753
0.009749773
0.009599842
0.009704124
0.009646273
0.0097213155
0.009593488
0.009497062
0.009420802
0.009767266
0.009402426
0.009732318
0.009525348
0.009649851
0.009691441
0.009630161
0.009740179
0.0095112305
0.009817388
0.009577469
0.00967715
0.009787392
0.009349713
0.009739429
0.009856977
0.009694661
0.009671379
0.009637322
0.009446069
0.009604142
0.009505427
0.009629703
0.009476824
0.009421514
0.009585511
0.009468031
0.009233884
0.009847389
0.009579656
0.00933133
0.009670057
0.009501076
0.009416547
0.009553688
0.009508467
0.009728879
0.009296827
0.009263976
0.009046308
0.0094358055
0.0096033085
0.0094143255
0.009289949
0.009197916
0.009446229
0.009322356
0.009475348
0.009535844
0.00915826
0.009069346
0.009255675
0.009432926
0.009078837
0.009765253
0.009222581
0.009269411
0.009193189
0.009516704
0.009431108
0.009443625
0.009230688
0.009116203
0.009951598
0.00913665
0.008877773
0.009083878
0.009195158
0.009169144
0.00903022
0.009490644
0.009282976
0.009081462
0.009164508
0.009078583
0.008953209
0.009229354
0.008902564
0.009032549
0.009280909
0.009372485
0.009004121
0.009120413
0.009271993
0.009130626
0.009346763
0.009288836
0.008991151
0.009136878
0.008894001
0.008896013
0.009046838
0.009096278
0.009171872
0.009194605
0.008981692
0.008995067
0.009133292
0.008815834
0.009060407
0.009068957
0.009041064
0.009194853
0.008980676
0.0094191525
0.008994491
0.0090791425
0.009014725
0.009034746
0.008861431
0.008961286
0.008824124
0.00891734
0.009448194
0.008980056
0.00902597
0.008836397
0.008740764
0.008822651
0.008756831
0.009062161
0.0088172695
0.008683896
0.008936036
0.008802305
0.0086724665
0.0088709975
0.008799223
0.008932352
0.008740261
0.008703673
0.0090886
0.008862575
0.008744503
0.0090310825
0.008746882
0.008886716
0.009003981
0.008896453
0.008623479
0.008648338
0.008778
0.008813508
0.00886407
0.008845848
0.008739035
0.008964553
0.008848843
0.008610097
0.008734298
0.00871485
0.008817756
0.008764482
0.008652065
0.008869204
0.008912493
0.008630187
0.008651249
0.008648786
0.008742121
0.008508274
0.008624683
0.009006898
0.008663424
0.0086607
0.008712932
0.008631804
0.008457391
0.00878149
0.0086338185
0.008718718
0.008678526
0.0087973075
0.009149282
0.008862835
0.008506543
0.009040549
0.008495445
0.0088402955
0.008701912
0.008759699
0.0085885385
0.00858844
0.008780023
0.008698851
0.00872003
0.008634584
0.008881386
0.0086607775
0.009053819
0.009061748
0.008623079
0.0086102085
0.008606381
0.008429008
0.008819285
0.00855503
0.008691867
0.008719823
0.008416484
0.008338315
0.008638125
0.008596903
0.00871331
0.008292752
0.008324451
0.008286036
0.008420819
0.008467444
0.0083916895
0.008320168
0.008331432
0.008477394
0.008476715
0.008444817
0.008249928
0.0084643075
0.008379693
0.008432746
0.008377262
0.008405584
0.008590275
0.008202502
0.008258572
0.008298863
0.008599122
0.008622335
0.008424395
0.008534874
0.008297079
0.008258705
0.008264288
0.008196928
0.008288281
0.008455797
0.008234311
0.008297639
0.008511539
0.008690564
0.008253715
0.008094868
0.008297487
0.008172606
0.008018946
0.008297156
0.008252783
0.008102508
0.008404075
0.008224539
0.0081366645
0.00825564
0.008262053
0.008152712
0.008327362
0.008293042
0.008122492
0.0080841165
0.00821329
0.008267416
0.008204004
0.008402807
0.008452848
0.008121514
0.008200331
0.008194936
0.008264438
0.008091547
0.008020507
0.008196812
0.008073842
0.008306963
0.008093305
0.008154664
0.008191531
0.008144351
0.008099776
0.0080905445
0.008191203
0.007930937
0.008099288
0.008290082
0.0079687955
0.008253906
0.007992956
0.007988184
0.008202663
0.008089098
0.008033106
0.008018609
0.007937782
0.007990815
0.007953723
0.008205201
0.007988832
0.00790417
0.008136918
0.007922925
0.007912636
0.007907214
0.0077428417
0.008023986
0.00820644
0.008012755
0.008169617
0.007980286
0.00797955
0.0080550555
0.008088029
0.007891181
0.0078772055
0.0080919
0.007962318
0.0078112204
0.0077539044
0.007925767
0.007871148
0.008030319
0.0077959015
0.008063539
0.007784464
0.0078027463
0.008046711
0.007921882
0.007907815
0.007859712
0.007977767
0.0077924905
0.0080021825
0.008036106
0.0078019174
0.007911035
0.00805446
0.008139305
0.00784513
0.007852628
0.00787519
0.00790274
0.007822911
0.007989596
0.007788292
0.0078494465
0.0078385575
0.0077588405
0.007704487
0.007974288
0.0076698978
0.0076627126
0.007958901
0.007824407
0.007825111
0.0075789024
0.007807543
0.007910549
0.0077827964
0.0076822327
0.007921082
0.007873962
0.007849444
0.0077518504
0.00760809
0.007788628
0.0077631106
0.007808035
0.007819629
0.007956584
0.0077275382
0.007601915
0.0077855475
0.0076789055
0.0077007017
0.0075814803
0.007962044
0.0076205474
0.0076619405
0.007888952
0.007792931
0.0075649004
0.0074788276
0.0077238944
0.0076465053
0.007571156
0.007778764
0.007706485
0.007694027
0.007609886
0.007844958
0.008263684
0.00766862
0.0076904055
0.0076155057
0.007524748
0.007626123
0.0075271768
0.0076510203
0.007649477
0.007582877
0.0074123424
0.007616971
0.007535495
0.007683609
0.0076528275
0.0076016625
0.007548919
0.0075201145
0.0076345284
0.007480316
0.0076995846
0.00755999
0.007819761
0.007670989
0.008046976
0.007775962
0.007651398
0.007766452
0.007470657
0.007818857
0.007450699
0.007494478
0.007592189
0.0075257863
0.00740633
0.007858406
0.007491692
0.0073488387
0.007373453
0.007597536
0.0076067457
0.0076034786
0.0074690413
0.0073317504
0.007434723
0.0073520374
0.0073723416
0.0074100206
0.0073841494
0.0073653767
0.007404931
0.0075516715
0.0073087653
0.0073632025
0.007574465
0.007465916
0.0073834453
0.0073150084
0.007534324
0.007311648
0.0076756966
0.0073963357
0.0072709178
0.0074542016
0.007535704
0.00771736
0.0073862476
0.0074456334
0.0073588477
0.00738185
0.007260069
0.0073060584
0.00732266
0.007835474
0.0075933053
0.0072771776
0.00750723
0.0074386825
0.007482015
0.007820384
0.0075036515
0.0074834134
0.0073795156
0.0074906787
0.007398537
0.0074504884
0.007305421
0.0075262785
0.0073010423
0.007113994
0.0073541203
0.007326284
0.0072365906
0.007209815
0.007419143
0.0072663515
0.007452065
0.0073352596
0.0074359835
0.0071535185
0.007587212
0.0072801425
0.007222281
0.0074052005
0.0072586653
0.007380167
0.007184281
0.007599087
0.0073079187
0.0072137197
0.0071810423
0.0075572142
0.0073177186
0.00710242
0.007213205
0.0073404787
0.0071211644
0.0071652485
0.0071827774
0.007089664
0.0072699874
0.006961353
0.0072117546
0.00707202
0.007002764
0.007204706
0.007035748
0.006979878
0.0070966505
0.0070266654
0.0069442163
0.007188219
0.007426741
0.007151897
0.0071518742
0.0072358833
0.006995176
0.0069100554
0.007054442
0.007023071
0.007508867
0.0068179574
0.0069595673
0.0069326656
0.007162301
0.007038473
0.0071018473
0.0071999687
0.007350108
0.007471497
0.006915079
0.006973737
0.0069939164
0.007099362
0.0069620386
0.0069929357
0.0072604734
0.0069104447
0.0068327216
0.0070200334
0.00719822
0.0072192675
0.0070314775
0.006970472
0.006901998
0.006868205
0.0070223063
0.0067617865
0.0069237966
0.006929191
0.0066604377
0.0068739057
0.0071022934
0.0067717843
0.00688254
0.0068019326
0.006900741
0.006912339
0.0069579785
0.0068868017
0.0067904857
0.007036505
0.007073977
0.006904968
0.006945146
0.0067816963
0.0067871213
0.0068371315
0.0069309035
0.0067448243
0.006802172
0.0070849387
0.006903661
0.0068802247
0.006793661
0.006975512
0.006864157
0.0069961767
0.007000556
0.0070321243
0.006690157
0.006825363
0.006952103
0.006900439
0.006770058
0.0067504128
0.006790303
0.0070418254
0.006906601
0.0069511305
0.0066139996
0.0069437074
0.006959035
0.0068249945
0.006689008
0.006736319
0.006808667
0.0067629856
0.00660816
0.007092143
0.0066415113
0.0068263668
0.0066505237
0.006771063
0.0068608564
0.00663596
0.0067274547
0.006778071
0.006732643
0.006701449
0.0068023494
0.006631917
0.006725314
0.006573754
0.006779295
0.0067951735
0.006706977
0.006623303
0.006777887
0.0066080256
0.0066988487
0.006665039
0.006718468
0.006830174
0.0067126444
0.006627744
0.0065727094
0.006626981
0.0066071125
0.0065869624
0.0066241287
0.006636695
0.006763499
0.0065508946
0.0064892396
0.006531181
0.006698077
0.00672643
0.0065929955
0.006534912
0.006677171
0.0065770736
0.0067311786
0.0064471676
0.006501328
0.006836505
0.006537638
0.006519018
0.006486769
0.006772904
0.0068263514
0.0067268084
0.0065367497
0.006642477
0.0065355473
0.0064383615
0.0063802116
0.0064207427
0.0066005504
0.0067329635
0.006528375
0.006716785
0.0065262066
0.0066069136
0.0063908063
0.0066189957
0.006751072
0.006505556
0.006592222
0.00643882
0.006715438
0.0067944773
0.0070912894
0.0064149112
0.0065670395
0.0063641286
0.0063955686
0.0064399643
0.0064346576
0.006461858
0.006397981
0.006623616
0.0070735957
0.0064217853
0.006483988
0.0064392113
0.0063723675
0.0064842575
0.006363073
0.0064444575
0.0064295605
0.006364147
0.0065260786
0.0065095597
0.0063706413
0.006328072
0.0065861074
0.006306316
0.0063668317
0.0064330576
0.006353929
0.006313834
0.0063714944
0.0064744153
0.0063450774
0.006388483
0.0065321387
0.0064067855
0.006329291
0.0063835816
0.006438099
0.0063337693
0.006596341
0.006490812
0.0064455024
0.0064889155
0.0063724015
0.006331486
0.0062783393
0.0064302213
0.0062658866
0.006578235
0.006308439
0.0063468493
0.006330973
0.0064490507
0.0063568777
0.006257362
0.0064197434
0.006435858
0.0064296257
0.00629713
0.006395222
0.006222556
0.006291927
0.006202333
0.006289003
0.0062106545
0.006343773
0.0062841377
0.006466724
0.006285544
0.0064043896
0.0062023527
0.0062382896
0.006306875
0.0064126947
0.0062191254
0.0064700083
0.0064909905
0.0062746997
0.0063477703
0.006171805
0.00626508
0.0062395046
0.0063505764
0.0062859026
0.006321516
0.0062615974
0.006461094
0.0062289536
0.006389122
0.006390001
0.006237679
0.0062149134
0.006328174
0.0061409217
0.0061324714
0.0060192635
0.006289396
0.0061973254
0.006120699
0.006159209
0.006260595
0.006082114
0.0063895104
0.0063229455
0.0062065986
0.006261547
0.006040823
0.006138658
0.0063034883
0.0061884504
0.0063403975
0.006230854
0.0061594453
0.006164895
0.0063517476
0.0062034405
0.0061098794
0.0061191744
0.006198832
0.0061731264
0.0061319736
0.006349868
0.005996329
0.006082391
0.006162238
0.0060876603
0.0061006937
0.0062130657
0.0061158487
0.0059695966
0.0061392747
0.0061736824
0.0062433393
0.0064520948
0.0060436097
0.006151682
0.0062136133
0.006313285
0.006104769
0.006050691
0.006028351
0.006076833
0.006047408
0.006123949
0.0062425076
0.0059675532
0.005986258
0.0061387923
0.006125914
0.0060118213
0.00622248
0.0062377714
0.0061002276
0.0060685487
0.0060170097
0.005964344
0.006069418
0.0060915328
0.0060898233
0.0060490863
0.006245685
0.0060419133
0.006029362
0.006091376
0.0061134985
0.0061229193
0.0061753737
0.0060274233
0.0062622977
0.0060911737
0.0060841436
0.006077542
0.0060743135
0.006267142
0.006115003
0.0059787645
0.0062022726
0.006150346
0.0061632297
0.0061343405
0.0061431807
0.0060132453
0.005993788
0.0060347887
0.0061008674
0.006214621
0.006229984
0.006135845
0.0059507885
0.0060962704
0.005991159
0.0059973793
0.0063019013
0.006058876
0.005935045
0.005877635
0.006096127
0.00598182
0.0060211327
0.0060994467
0.0059540854
0.005955124
0.0060046134
0.0059605124
0.006240573
0.0059721144
0.0059445575
0.005937507
0.005951241
0.005870748
0.0059009106
0.005780781
0.0062124147
0.0060212472
0.0061504515
0.0059119286
0.0060013114
0.005897942
0.0060049733
0.005940265
0.0059290202
0.0058328593
0.00590373
0.0060587795
0.005863271
0.005889151
0.0058496655
0.005898826
0.005979039
0.005971304
0.005917353
0.0060016667
0.00593499
0.0058780885
0.005893803
0.0058799665
0.005888714
0.0059344685
0.0058843438
0.005923573
0.005885263
0.0059331674
0.005814228
0.0059268656
0.0059688385
0.0058885026
0.0060339295
0.005936029
0.0059953397
0.005906242
0.006085484
0.0059285755
0.0059271483
0.005903748
0.0058739674
0.0059937635
0.0057591805
0.005969153
0.0058497293
0.0061786748
0.0061338427
0.0059176544
0.0057829507
0.006031331
0.00592344
0.0059173824
0.0059316466
0.006118171
0.005867166
0.0058367546
0.006132749
0.0057968493
0.005938629
0.0057105594
0.005829432
0.005823553
0.0057279104
0.0058268737
0.0057671363
0.005726016
0.0057865377
0.005760177
0.0059109353
0.005906233
0.0058682896
0.0058001303
0.0057236194
0.005735324
0.005810134
0.0061061922
0.0058891545
0.0059098047
0.006172841
0.0061217328
0.0064196815
0.00599351
0.0060707596
0.0059005516
0.0057881074
0.0057898047
0.005936337
0.006065689
0.005796693
0.005815293
0.005800175
0.0059802313
0.0058446093
0.0058079436
0.0057287966
0.005678485
0.005725839
0.0057539134
0.0056952415
0.00595074
0.0056043747
0.0058114524
0.005620752
0.0058176513
0.005892941
0.0057531446
0.005689136
0.005702039
0.005786304
0.0057417825
0.0057357885
0.0056548635
0.0057248785
0.0055867783
0.005623308
0.0056454167
0.005787989
0.0057945442
0.005968267
0.0057606306
0.005770282
0.0057011554
0.0057713496
0.005553835
0.005674843
0.005773719
0.0057319966
0.0057720905
0.0056421948
0.005697418
0.0057258816
0.005823207
0.0056551006
0.005855758
0.005694031
0.0058440883
0.005620068
0.0057142186
0.005662913
0.005806407
0.0056685293
0.005604902
0.005629597
0.0056107864
0.0057279356
0.005762175
0.00558679
0.0057775984
0.005579104
0.005766574
0.0056626233
0.005635857
0.0055681723
0.0056537306
0.005596367
0.005592074
0.005450404
0.0056142467
0.005763867
0.0059079016
0.0056157536
0.0055683977
0.005532061
0.0055258856
0.0057187164
0.0056913462
0.005464207
0.0056330026
0.0055899466
0.0057051512
0.005561518
0.005638271
0.0055108103
0.0054957443
0.00573407
0.005621163
0.005568799
0.005423804
0.0055206013
0.0056704106
0.0055518537
0.0055997814
0.005586826
0.005552584
0.005751564
0.005507763
0.0056818
0.005485929
0.005420724
0.005444131
0.005580924
0.0055254265
0.0055655176
0.0053658965
0.00546873
0.005477395
0.0055424287
0.0056026964
0.0056618494
0.0055308705
0.0055986093
0.0056639463
0.005475896
0.0056091747
0.0055458555
0.0055374736
0.0054707997
0.0054838764
0.0053699478
0.0054906746
0.0055977497
0.005540973
0.0055310694
0.0055346456
0.0055332594
0.005579447
0.0054937634
0.005381735
0.0056931265
0.00540027
0.0054940744
0.005483114
0.0054267277
0.0054405252
0.0055109747
0.00567096
0.0055179545
0.0055265734
0.0055582323
0.005422833
0.0053648697
0.005410569
0.0055151903
0.0054382873
0.0056039277
0.005367129
0.00548938
0.005517378
0.0054963445
0.005489384
0.005449938
0.0054076468
0.005334159
0.005678416
0.005401186
0.005290715
0.0053769266
0.005637807
0.005379587
0.005470308
0.005424652
0.0056428746
0.005348235
0.005496162
0.005459847
0.0055434015
0.005352213
0.0053810086
0.005291824
0.0053403727
0.005255266
0.0054598674
0.005273107
0.005421757
0.0052996273
0.005526223
0.0052396865
0.0053671305
0.005385136
0.0055107977
0.0054558064
0.0053515597
0.0052895644
0.0053669214
0.005363497
0.00538971
0.005271848
0.0053871647
0.0054934532
0.005447066
0.005220395
0.005286103
0.005367204
0.0054369313
0.0055494807
0.005329888
0.005333266
0.0052753733
0.0053216172
0.0053697387
0.005309131
0.005306663
0.0052124825
0.005236102
0.0054288576
0.005291917
0.0052469424
0.005207652
0.00545061
0.005245503
0.0052844635
0.005325672
0.005262707
0.0051693968
0.005316409
0.005342703
0.0053417725
0.0053150533
0.0052331346
0.0052868873
0.005245781
0.0052379845
0.0057718116
0.005291447
0.005321546
0.005251191
0.00519103
0.0052902894
0.005316508
0.005373609
0.0054425495
0.0053879456
0.0051520807
0.0052982583
0.005203061
0.0052547497
0.0053798193
0.005240823
0.0051388443
0.0053079696
0.005291484
0.005314046
0.005331016
0.0053916257
0.0052439375
0.0053219465
0.0054678028
0.0052091833
0.0054513114
0.0052495957
0.005349173
0.0050777495
0.0053655277
0.005204729
0.0052518537
0.0051415246
0.0052032904
0.0053851223
0.0052638403
0.005171739
0.0052225343
0.0053303153
0.0053887577
0.005260436
0.005292993
0.0052289576
0.005219021
0.0051741386
0.005316522
0.0051211948
0.005245835
0.005207484
0.005103494
0.0053000567
0.005287988
0.005107711
0.0051730317
0.0052671907
0.005261485
0.005135286
0.00522013
0.0051339306
0.0051037665
0.0051822886
0.0053048646
0.0051687034
0.005435929
0.0052518537
0.0051691765
0.0051274253
0.005215074
0.0051522567
0.005286413
0.0052187797
0.005167159
0.0052431747
0.005377708
0.005402419
0.005219828
0.0052055987
0.0052554067
0.005262105
0.00515246
0.005215998
0.0052013937
0.0052159536
0.0052189203
0.0052921097
0.005259914
0.0052328706
0.005265104
0.0052452334
0.0051181214
0.0051248055
0.0050546345
0.0050776545
0.0050425376
0.0050980374
0.005169952
0.0050794464
0.005231329
0.0051724277
0.0050568483
0.005155482
0.0051036663
0.005105058
0.0053884946
0.0051176576
0.005023101
0.0051350812
0.0050517377
0.0050205016
0.0052088876
0.005072907
0.0052505033
0.0050928714
0.005126769
0.0051562963
0.00503588
0.005073588
0.005232717
0.0052374196
0.00510919
0.0051142196
0.0050361035
0.005036103
0.005079505
0.0051279357
0.005114235
0.005133156
0.005197368
0.0051218593
0.005099743
0.0051780953
0.0052236244
0.0051965443
0.0050786147
0.0051258984
0.005122979
0.0050268634
0.005074656
0.005045182
0.0051590125
0.005009443
0.005049485
0.0050399266
0.005103451
0.00507329
0.005247153
0.0051163575
0.005047805
0.0050959694
0.0050435327
0.0051304298
0.0050230273
0.0051070163
0.0050478755
0.0050172564
0.005139721
0.0050380635
0.0049096392
0.005030967
0.004982882
0.0050364328
0.0049616876
0.0050435225
0.0049386285
0.0049959817
0.00508721
0.00494996
0.0050239433
0.005064438
0.00499806
0.004992701
0.0050341175
0.005098726
0.005109153
0.005074952
0.00489403
0.00502408
0.00498195
0.005200685
0.0050475425
0.0050263237
0.004946388
0.005009749
0.0050301095
0.005271721
0.0048850994
0.0051462627
0.0050497414
0.0048685856
0.0048832283
0.004946429
0.005029847
0.0050103636
0.005100547
0.0051869676
0.005005133
0.0049455236
0.005042977
0.005071635
0.004929675
0.004924809
0.0051591205
0.00504347
0.0049597328
0.005039243
0.0049644485
0.004965202
0.004982906
0.004885013
0.004931946
0.0049343933
0.004971742
0.00498689
0.004991395
0.0049821744
0.0050921342
0.004843681
0.004953934
0.0051083276
0.005054305
0.0050126547
0.0050126193
0.004937696
0.004985303
0.004943016
0.0051322198
0.004987397
0.004938816
0.005199216
0.005019016
0.005001744
0.005002698
0.004965133
0.0050178743
0.005016968
0.0049543995
0.0049575996
0.005007108
0.00494131
0.0049325074
0.0048286533
0.004789938
0.004793696
0.0049141417
0.0049272063
0.004957923
0.0049764295
0.0049622282
0.0048369886
0.0048326952
0.0049481294
0.0048205857
0.0049857157
0.004908861
0.0049986527
0.004824554
0.004947555
0.0047675823
0.0048131007
0.004807448
0.004966713
0.0047928984
0.0050638192
0.004921715
0.0048510544
0.004946402
0.0048350086
0.0048411046
0.0048531494
0.0049011377
0.0048288684
0.0048758066
0.004858797
0.0048139496
0.0050069625
0.0048881928
0.0049485397
0.0048455307
0.0048417794
0.004835278
0.0049031964
0.0048683393
0.0048535243
0.004864089
0.00488709
0.005007137
0.004888226
0.0049257227
0.00480709
0.0048338915
0.004759645
0.004959226
0.0047974247
0.0047820387
0.0047775414
0.004857205
0.0047579305
0.004842165
0.004803274
0.0047721136
0.0048981006
0.004726277
0.0047378116
0.0048016007
0.0047469744
0.0049103484
0.0047843102
0.0047073634
0.0048180185
0.004739623
0.004908689
0.004754653
0.0048142285
0.0047407104
0.004858519
0.004708849
0.0047444017
0.0048451168
0.004866261
0.0047140303
0.004862036
0.0048122727
0.0047821566
0.0047361758
0.0048817783
0.004794602
0.0048429347
0.0049502794
0.004831463
0.0048152553
0.0048807207
0.0048647686
0.004738004
0.0047374098
0.0048456965
0.004975878
0.00491495
0.004897563
0.004767547
0.004905706
0.004747234
0.00477808
0.0048091533
0.004725446
0.0046978816
0.0048231715
0.004769262
0.0047605094
0.004887095
0.0048413277
0.004771595
0.0048188446
0.004714213
0.0047159116
0.0047521805
0.0048304754
0.004710935
0.0047236285
0.004748023
0.0047590267
0.0049616196
0.004712384
0.0046763145
0.0047664866
0.0046557034
0.0046726214
0.0047125793
0.0046753557
0.004713694
0.0047496962
0.0048528146
0.0047398154
0.004604278
0.004618682
0.0047764606
0.004681119
0.004597512
0.004649319
0.004581413
0.0046408786
0.0046476773
0.0047284635
0.004845026
0.004677229
0.004783158
0.004829634
0.0046751704
0.0047537824
0.004686509
0.004757254
0.004649157
0.0046735196
0.004864294
0.0046862583
0.0046629733
0.004831657
0.004846289
0.004725158
0.0047295215
0.0048822784
0.0046863663
0.0046907444
0.0047771833
0.004896939
0.004640466
0.0047843545
0.0046617617
0.004678279
0.0046092784
0.0047849715
0.0045637744
0.0046035056
0.0047446094
0.0046789856
0.004716358
0.0046655317
0.004605098
0.004621921
0.00455215
0.0046826955
0.0047909636
0.0048685516
0.004661949
0.0047350666
0.0046387636
0.004714423
0.005136541
0.004749811
0.0046731075
0.004761083
0.0046067205
0.004683165
0.0045944923
0.0045716367
0.004576641
0.004625912
0.004505006
0.004518492
0.0047631413
0.0046393317
0.004598356
0.004549094
0.0047087814
0.004582918
0.004657637
0.004528617
0.004532583
0.0046152463
0.00456231
0.004601006
0.0045592813
0.004588481
0.004533099
0.0045696073
0.00474575
0.0045592813
0.00459645
0.0046194387
0.004633756
0.0045768335
0.0046338397
0.0045233164
0.0045484616
0.004549145
0.0046662334
0.004747013
0.004684267
0.0046851644
0.004709425
0.0045405445
0.004709106
0.004495101
0.004545993
0.004527655
0.004679832
0.0045269504
0.0047316966
0.0045709247
0.0045231194
0.004737953
0.0045739207
0.00457319
0.004626178
0.0045817913
0.0045332997
0.004617944
0.0046162372
0.00450597
0.004619671
0.0044739796
0.0045562126
0.0046953815
0.004508909
0.004525947
0.004570573
0.004546655
0.004599098
0.004528054
0.0045602745
0.004554078
0.0046839197
0.004572828
0.0046161436
0.004585158
0.004603791
0.004695037
0.0045637763
0.0046234587
0.0045515737
0.004748381
0.004606774
0.004578986
0.004539064
0.00454489
0.004650793
0.0045160963
0.004625316
0.004531358
0.004507098
0.004597188
0.0045226645
0.0047356836
0.00456447
0.004576222
0.00451255
0.004445078
0.0046131536
0.0044849575
0.004488336
0.0043738564
0.004615772
0.0044362256
0.004427704
0.0043754675
0.004513748
0.0046263114
0.004433763
0.0045213937
0.004659981
0.0045900806
0.0045605004
0.0045388346
0.0046173
0.0045743682
0.004633888
0.0046524107
0.004388622
0.0042680465
0.0044388124
0.004503527
0.0044597024
0.004649718
0.0043711173
0.004548199
0.004491895
0.0045350776
0.004612367
0.004440596
0.0044274875
0.0045737643
0.0046256827
0.0046685464
0.004596675
0.004719814
0.004474571
0.0044676964
0.0045116185
0.0045344112
0.0043868385
0.0043521216
0.004399342
0.004543164
0.0045701996
0.004557525
0.0044401274
0.00447697
0.0044832877
0.0045269257
0.004494248
0.004541679
0.004620013
0.004568537
0.0044174306
0.0044575124
0.004588887
0.0044027604
0.0045197858
0.0044402923
0.004471061
0.0044344496
0.004493509
0.0043388996
0.0045747897
0.0043092575
0.0046198606
0.0044823578
0.004365874
0.004611058
0.0044079092
0.0045408653
0.004450173
0.004421809
0.004584968
0.0047018346
0.0044243094
0.0045160237
0.004598229
0.004448762
0.004426974
0.004442792
0.0044589024
0.0043957653
0.0044445246
0.004423958
0.0044285767
0.0044994242
0.004403386
0.004622845
0.004383107
0.004489001
0.0044074543
0.0043512504
0.00442333
0.0044825915
0.0045965086
0.0044257855
0.004380556
0.00436696
0.0043592458
0.00449646
0.00452267
0.004452735
0.0045166374
0.004408934
0.0044148653
0.0043917266
0.0043723937
0.004492009
0.004307981
0.004306235
0.004372931
0.004445949
0.004413139
0.0043896274
0.0044999556
0.004339293
0.004348047
0.004366235
0.004354757
0.004354415
0.0043208813
0.0045538107
0.0044825436
0.0043987692
0.004275147
0.0044760923
0.0043184883
0.0044592633
0.004346694
0.0043221507
0.0043442086
0.0044869194
0.004417118
0.0043271417
0.0043516564
0.0044541513
0.0044587506
0.0044785864
0.0043827714
0.004388387
0.004674327
0.004427304
0.004407681
0.004604344
0.0043945927
0.0042806803
0.0043798178
0.004399182
0.0043706265
0.0044253124
0.0042713215
0.004397898
0.004412778
0.0042666625
0.0043109283
0.0044454974
0.0044422415
0.004436988
0.0043056193
0.0043888665
0.0042695147
0.004448852
0.004242405
0.004370279
0.0043235915
0.004439955
0.0043068295
0.0043578246
0.004477051
0.0045674024
0.0043203654
0.0042330963
0.0043729576
0.0043319548
0.004497698
0.0042966097
0.0044137686
0.0044247312
0.004405699
0.0044217766
0.004312106
0.0044684825
0.004267847
0.0044099926
0.004315458
0.0043874774
0.004415995
0.004298127
0.0043889266
0.004459295
0.0044087777
0.0044254647
0.0042481995
0.004322727
0.004376033
0.0043643904
0.0043298793
0.0043503353
0.004263088
0.00425299
0.004339099
0.004309504
0.004317651
0.0043648076
0.004407613
0.004363462
0.0042856
0.0042394395
0.004335336
0.0042457758
0.004343059
0.0042802617
0.0042736907
0.004580849
0.00427824
0.00445178
0.0042616013
0.0042907405
0.004388466
0.004312925
0.0045267507
0.004460045
0.004297812
0.004292116
0.0044275066
0.0043854583
0.0045090895
0.004340186
0.004237733
0.0043433807
0.004419302
0.0042057675
0.004342621
0.004347492
0.004234378
0.0042016464
0.004149235
0.0042519807
0.0042829113
0.004304319
0.004231941
0.0042556887
0.00433539
0.0042549344
0.004204247
0.004204748
0.004253222
0.004258468
0.004331957
0.004284238
0.0043273936
0.004203627
0.0042251847
0.0042077056
0.0041529774
0.0043936493
0.004240328
0.004205208
0.004272678
0.0042455294
0.004103531
0.0041811015
0.004146888
0.004149312
0.004261514
0.004349459
0.004236085
0.004141735
0.0044587385
0.0042736353
0.0042474424
0.004157468
0.0041635167
0.0042746826
0.0041536773
0.0042675436
0.004192835
0.004276626
0.0042439965
0.0041077216
0.0041556996
0.0042394227
0.0043098363
0.0042179613
0.0042414735
0.0040591075
0.004250178
0.0041423165
0.004123584
0.0042350166
0.004145974
0.004116139
0.0041799773
0.0041547706
0.004280605
0.004286944
0.004277039
0.0041874675
0.004134345
0.0042663347
0.00419526
0.004172315
0.004165326
0.004118245
0.0041362126
0.004133787
0.0042960155
0.0041946764
0.004229272
0.004168875
0.004125428
0.0041328464
0.0041748476
0.0042301887
0.004428522
0.0042225556
0.004145107
0.0042154468
0.0042091943
0.004170742
0.004257707
0.004184801
0.0042479644
0.004220347
0.0042259297
0.0042497925
0.00413473
0.0040937904
0.0042889467
0.0041166735
0.004224811
0.0041560936
0.004175696
0.004175337
0.0040626414
0.0040913294
0.0040868237
0.0041845418
0.0042134123
0.004144247
0.0040571135
0.004098912
0.004136184
0.004147794
0.0041435943
0.0041390928
0.004123304
0.004058974
0.0040500937
0.004097407
0.004145262
0.004078173
0.004210813
0.0042065936
0.004076164
0.0040978915
0.004225944
0.0041471147
0.0041370243
0.0041092555
0.0040806886
0.004132948
0.004161664
0.0040896176
0.004125482
0.004119562
0.0042062756
0.0041766036
0.0041173077
0.0041940156
0.004123174
0.0040330994
0.0040801587
0.0039984444
0.0040200134
0.004223331
0.0040663225
0.0040553287
0.004037836
0.0042228587
0.0040933914
0.004007711
0.0040814355
0.0041077784
0.0042080404
0.0041056336
0.0040949346
0.0040754033
0.0040879664
0.004065345
0.0039882385
0.004111535
0.004107
0.0040473146
0.0040724357
0.0041243196
0.00408936
0.004072736
0.0041057053
0.004069716
0.0041761645
0.004080336
0.004038436
0.0041098925
0.0041328
0.0040957252
0.0043106503
0.004060472
0.004105352
0.0040481845
0.0039773043
0.004168496
0.004102184
0.0041111703
0.00411252
0.00413464
0.004102589
0.004230602
0.00417272
0.004226298
0.0041762553
0.0040045013
0.0039798813
0.004045338
0.004135127
0.0040407293
0.004067545
0.004090821
0.0040543796
0.004029415
0.00394686
0.0040733446
0.004107473
0.004093769
0.0040744445
0.0039971666
0.0041384334
0.004051318
0.0040314016
0.004060545
0.00402253
0.0041255015
0.0040309927
0.0042203185
0.004126329
0.004008831
0.0040489826
0.0040538902
0.0040461496
0.0040394915
0.0040482664
0.0040105465
0.004058102
0.004021924
0.0040052976
0.0041607656
0.004041912
0.0040827706
0.004039018
0.0041931975
0.0040997053
0.0041214293
0.003924373
0.003983243
0.0039848574
0.0040929923
0.004108767
0.003998558
0.0040690433
0.0040242276
0.0040467912
0.0040936633
0.004156353
0.0040195384
0.0040960214
0.0040834816
0.0040490595
0.004140524
0.0040053655
0.0040296493
0.004017032
0.004027591
0.0040187933
0.004075059
0.004028481
0.004163865
0.0040740944
0.004063952
0.0040107435
0.004075783
0.004037036
0.004021408
0.0039713406
0.00413251
0.004046181
0.003976518
0.003987605
0.004031767
0.003990098
0.0038782891
0.003909739
0.0039726445
0.0040492048
0.003937174
0.0040974882
0.003988097
0.0039452785
0.0038906257
0.003976528
0.0040781405
0.0040331325
0.0038958818
0.0041554677
0.004077734
0.0040847696
0.003917667
0.003905796
0.003928487
0.0039292686
0.004043532
0.0038572715
0.0040127737
0.0040238868
0.003976349
0.0038664122
0.0040205214
0.0039678672
0.0039003326
0.0038812414
0.003874759
0.003962315
0.0039701774
0.0040021306
0.0040075593
0.0039003305
0.004005917
0.0039659217
0.004024606
0.0038612802
0.004169511
0.003946294
0.0041021802
0.0040397947
0.003931552
0.0038951975
0.003919428
0.003912813
0.00402695
0.0038527176
0.003947889
0.003946432
0.0039185653
0.0038768873
0.0039691227
0.0039193253
0.0040377504
0.0040599853
0.003925728
0.0039294884
0.0040074717
0.0038461585
0.0038892666
0.0039454824
0.0039213602
0.0039352807
0.0039947634
0.0038890373
0.0039056018
0.0039234813
0.003902673
0.004141157
0.0039657033
0.004075146
0.0039086486
0.0039557777
0.003920878
0.0038921274
0.0039532767
0.0040026237
0.0039020218
0.0039266776
0.003955293
0.0038123082
0.003941208
0.0039213262
0.0039161537
0.0039018474
0.0039116014
0.0039710323
0.0038596427
0.0039394004
0.0038964823
0.0040466283
0.003908066
0.0039735036
0.0038304988
0.0039000746
0.0038606164
0.003805222
0.003934155
0.0039970498
0.00395146
0.003888382
0.0040404364
0.0039955704
0.00393734
0.0040933453
0.0039507295
0.0039715534
0.0039260504
0.00403952
0.0039874907
0.0039839335
0.0040197326
0.003942905
0.004012509
0.0039103245
0.003914519
0.0038314657
0.0040030214
0.0039792014
0.003925559
0.0039340314
0.003870522
0.0038537816
0.0039816503
0.0038428423
0.0039122747
0.003814109
0.003931977
0.0041859215
0.0040721735
0.0038265423
0.0038105724
0.003921362
0.0038805127
0.003907576
0.0038707496
0.003898134
0.0038777362
0.003882376
0.0040999968
0.0038370385
0.0038637158
0.0038448349
0.003863325
0.0040560006
0.0038987496
0.0040727817
0.003969912
0.003867386
0.003913099
0.0039270567
0.0039153364
0.0038668574
0.0038278033
0.003966015
0.0038191928
0.003969291
0.003928801
0.003919305
0.0040206597
0.004090401
0.0038939328
0.0040449877
0.0038046294
0.0038901886
0.0037715212
0.0037995318
0.0038183902
0.003990575
0.003815217
0.0038333347
0.0038538245
0.0039196345
0.0038646765
0.0038432973
0.0038175778
0.0039222916
0.0038788852
0.003949306
0.0038480652
0.0038799075
0.0037702476
0.0038177492
0.0037667546
0.0037818926
0.0038505855
0.0037808798
0.0037645653
0.0037508425
0.0038809425
0.0038533402
0.003784268
0.0039132186
0.0038340872
0.0039491784
0.0037215445
0.003948657
0.0037715938
0.0037868333
0.003869079
0.003924926
0.0038517455
0.0038519641
0.003775198
0.0037311956
0.003761598
0.0038682562
0.0038155816
0.0038757834
0.0037983186
0.0038734067
0.0037559336
0.0037515536
0.0038555746
0.0038575688
0.0037520987
0.0037961074
0.0038229458
0.0038102767
0.0037838942
0.0037666583
0.0038470065
0.003763758
0.0037631474
0.0038912408
0.0039155874
0.0038400018
0.0040714787
0.0038789897
0.0038957694
0.0038762651
0.0039197314
0.0038246326
0.0037741608
0.003894492
0.003873051
0.0037190604
0.0038748654
0.0037553024
0.0038610275
0.0037676399
0.0038131587
0.003827189
0.0037762814
0.0038474733
0.0037893225
0.0038017917
0.0040138783
0.003750861
0.0038272594
0.0040077665
0.0037813855
0.003828287
0.003844674
0.0037661267
0.0037722162
0.003804678
0.00377633
0.0038374092
0.0037672753
0.003992099
0.003717138
0.003731085
0.003778191
0.0037508681
0.0037396795
0.0037275164
0.0038699936
0.0038327582
0.0037388972
0.0037543103
0.0038052213
0.0037943064
0.0036807717
0.003677471
0.003719965
0.0038954245
0.003784978
0.0037470884
0.0037245618
0.0037637667
0.0037561206
0.0038133434
0.0038563062
0.003814485
0.0037382303
0.0037072303
0.0036926295
0.003652292
0.0038522617
0.003881348
0.0036950384
0.0037232167
0.003749393
0.0038155406
0.0036818148
0.0037079088
0.003737125
0.0037247494
0.0037604342
0.003709291
0.0037292952
0.0037911579
0.0036797754
0.0037395298
0.003752232
0.0037120127
0.0037047472
0.0037407617
0.0037847396
0.003814731
0.0039646793
0.003775574
0.003727798
0.0036872274
0.003693945
0.0037424935
0.0038521774
0.0038014853
0.0037707249
0.003733866
0.0036854513
0.0037368804
0.003815646
0.0037243871
0.003756055
0.0036950815
0.0036935634
0.0037796705
0.00365026
0.0037578153
0.003705228
0.0037939497
0.0037748292
0.0038280427
0.0037763414
0.003708073
0.0037348776
0.003720953
0.003793258
0.0037240374
0.0037089188
0.00366309
0.0036077388
0.0036445977
0.0036994123
0.0038068732
0.0037230123
0.0037055279
0.0036895736
0.0037751733
0.0037699977
0.0036334428
0.0037262626
0.0037110972
0.0036785316
0.0036369923
0.0036690626
0.0037163002
0.003667489
0.0036740012
0.0036528562
0.0037415656
0.0037536994
0.003779299
0.003703576
0.0036934016
0.003764296
0.003657727
0.0039222585
0.0037966906
0.0037030505
0.0036203233
0.0036504203
0.0036071169
0.0037677235
0.0037033118
0.0036841035
0.003759757
0.0037104136
0.0035988253
0.0037485545
0.0037812742
0.0037856493
0.0037390552
0.0036205682
0.0036862919
0.0036589617
0.0036756673
0.0035988481
0.0036771928
0.00370363
0.003724503
0.003611889
0.0036936118
0.0038318553
0.0036850963
0.0036668426
0.0037366862
0.003710393
0.003677894
0.0036586293
0.0036773286
0.00371601
0.0037590195
0.003732563
0.0036337306
0.0035895123
0.0037136634
0.0036629245
0.0036434373
0.0037824083
0.0038339733
0.0036868823
0.0036839503
0.0036130606
0.0036658242
0.003693184
0.0036638393
0.0036296528
0.0036688098
0.0036149058
0.0036654472
0.0037197487
0.003726232
0.0036804464
0.0036631473
0.0036939026
0.0037044748
0.0037054054
0.003720267
0.003771473
0.0037347497
0.0036351078
0.0036931543
0.003711847
0.0036942572
0.0036647245
0.0036285259
0.0036343776
0.0037850516
0.00370193
0.0037150555
0.003559896
0.0036032984
0.0036282262
0.0037358778
0.003584951
0.0037280205
0.0035937757
0.0036503545
0.0036169032
0.0036992584
0.0036820758
0.0036203915
0.0035820615
0.0036336477
0.003548476
0.0035943142
0.0037083554
0.0037207217
0.0036832003
0.0036002665
0.0037976813
0.0036096948
0.0037417428
0.003622915
0.0036983255
0.0034997147
0.00362296
0.0035588632
0.0036825107
0.0035977636
0.0035733373
0.003710257
0.0036399472
0.0036099502
0.0035520867
0.0035769113
0.003605184
0.003479512
0.0036597934
0.003536991
0.003638731
0.0036513698
0.0036117546
0.0036415956
0.0035284252
0.0035781171
0.003561438
0.0035624201
0.0036543882
0.0035664067
0.003529969
0.0036327443
0.0036253594
0.0036432215
0.0035941675
0.0036114235
0.0035186051
0.003662881
0.003566669
0.0036337336
0.0036336735
0.0036672212
0.0036571494
0.0035651335
0.0035783094
0.003593612
0.0035837532
0.0036786192
0.0035790554
0.0037193114
0.0036171237
0.0035578161
0.0035327193
0.0035248366
0.003594626
0.0035483278
0.0036891887
0.0035726656
0.0035836317
0.0035637622
0.0035878576
0.0035392472
0.0036388324
0.003558983
0.0035701683
0.0035894902
0.0036092885
0.003532412
0.0035357033
0.0035998237
0.0035191146
0.0036170068
0.0035922525
0.0035778014
0.003529116
0.0035418896
0.0035904406
0.0035927135
0.003575771
0.0035109462
0.003653689
0.0035270578
0.0036834981
0.0035851435
0.0035882997
0.0035742903
0.0037192577
0.003601731
0.003589968
0.0036435071
0.003580415
0.0037322813
0.0036143365
0.0034963323
0.0035935994
0.003450904
0.003566225
0.003674342
0.0035442682
0.0035315407
0.003574196
0.0035925128
0.0035788375
0.0035413785
0.0036188131
0.0035617924
0.0036285247
0.0034738786
0.0035821202
0.0034643074
0.0035504235
0.0036093122
0.0035820096
0.0036187316
0.003530902
0.0035580166
0.0035067583
0.003582773
0.0036267934
0.0035773967
0.0035007675
0.003530578
0.003482188
0.0036032165
0.0035579356
0.0035569342
0.003458058
0.0035152347
0.0035019554
0.0036025872
0.0034881644
0.0035635084
0.0035379953
0.003570817
0.0035277442
0.0035311654
0.0034713103
0.0035974586
0.0035595405
0.0035480137
0.0035632348
0.0035794352
0.0034462682
0.0035543581
0.0034874075
0.0035381152
0.0034933432
0.0036164648
0.0034929328
0.0035161446
0.0035420863
0.0036400564
0.0034747443
0.0035853435
0.0035344001
0.0035435916
0.0035487644
0.0035353748
0.0035525966
0.0034612862
0.0035946982
0.003557236
0.0034539632
0.0035702162
0.0034544186
0.0035503628
0.0035648136
0.0035303035
0.0035245614
0.0034153769
0.003484002
0.003558591
0.0034809762
0.003485357
0.0035636092
0.0037059386
0.0036330833
0.0034926122
0.0034878429
0.0034607209
0.0034526354
0.0034919688
0.0034917993
0.0034484281
0.0034723924
0.0034479492
0.0034611877
0.003558299
0.0035835078
0.003464387
0.0034147545
0.00347184
0.0036400927
0.003524613
0.003526748
0.003460022
0.0034913172
0.003431994
0.0034130288
0.0036047099
0.0034394132
0.0034637554
0.003405522
0.0035485132
0.0034556524
0.0035565489
0.0034096134
0.0035245805
0.0035431283
0.0034164565
0.0034371836
0.0034732248
0.0034562063
0.0034461776
0.0035380065
0.0035013368
0.003426557
0.0034377964
0.0035407832
0.0033918521
0.0034035742
0.0034040862
0.0035115324
0.0033878142
0.003476766
0.0035246462
0.0034617204
0.0035070858
0.003422935
0.0035399238
0.0034855541
0.003419129
0.003452762
0.0035692023
0.003407738
0.0033943239
0.00348627
0.0034741946
0.0034205941
0.0034394069
0.0033903925
0.0035009412
0.0033829024
0.0034181376
0.0034171392
0.0035073222
0.0034056394
0.0035902038
0.0034540244
0.003381075
0.0035008779
0.0034595686
0.0034529658
0.0034608077
0.0033893436
0.0033804087
0.0033529752
0.0033268554
0.0033708436
0.0035612874
0.0034698376
0.0034408008
0.003430439
0.003468035
0.0034697119
0.003442387
0.003395018
0.0034437387
0.0033845352
0.0033562542
0.0034174256
0.0034751778
0.0033539217
0.0034844477
0.003381072
0.003469242
0.0034546498
0.0035056875
0.0035192685
0.003381686
0.003636108
0.0034824694
0.0033989951
0.003467308
0.0034504125
0.0035363538
0.0034291868
0.003440868
0.0034273176
0.0034786959
0.003496614
0.0034758549
0.0034264836
0.0034935994
0.003393661
0.0035218715
0.0033872006
0.0035260764
0.0034482363
0.0033883327
0.0033960138
0.0034349023
0.0034260566
0.0034568517
0.0034045482
0.0034551984
0.0035693953
0.0035834922
0.0034011202
0.0034086562
0.0033691549
0.0034514111
0.0034724863
0.0035182836
0.0033702543
0.003395911
0.0033274319
0.0034772458
0.003336712
0.003406959
0.0033767347
0.0033653695
0.0033517538
0.0035806594
0.003468628
0.003501693
0.0033297827
0.0032891158
0.0034044455
0.0034216216
0.00347979
0.0034129387
0.003405327
0.0034075973
0.0033742366
0.0034162872
0.0034348562
0.0035892099
0.0034056855
0.0033751975
0.0033874463
0.0034784675
0.0034770172
0.0033536064
0.0034483036
0.0033946426
0.003342758
0.0033573848
0.0035029391
0.0034293882
0.0033243778
0.0033990673
0.0033215785
0.0033536397
0.0033363623
0.0034339428
0.0034718504
0.00352521
0.0034595034
0.003423946
0.003386454
0.0033819638
0.00338842
0.0034957582
0.0034127254
0.0034911577
0.0034348576
0.003413561
0.0035519782
0.0036642156
0.003435513
0.0034550517
0.0033878123
0.003392414
0.0035006257
0.0034890685
0.0033248158
0.0034524547
0.0034445273
0.003294733
0.0035386945
0.0033831706
0.0033465389
0.0034580291
0.003513877
0.0034145196
0.0033868472
0.0034438467
0.0033548467
0.003416369
0.0033528388
0.0034483233
0.003402766
0.0033639567
0.0033428809
0.0033941062
0.0033914659
0.0033410003
0.0033259033
0.0033735842
0.00336245
0.0033465838
0.0033238037
0.0036236844
0.0034284913
0.0033489792
0.003344742
0.0033837236
0.0033548614
0.0033825783
0.0033207757
0.003417274
0.0033584274
0.0033792192
0.0033037027
0.0034096886
0.0033876796
0.0033055223
0.0033352387
0.0033482825
0.0033385947
0.0033456348
0.0033474732
0.0033064277
0.0033937076
0.0032942956
0.0033244449
0.0034462204
0.0033518642
0.0034156262
0.0033647746
0.0033470048
0.003425036
0.0033441312
0.0033591092
0.0032815938
0.0033259292
0.0033926538
0.0035625775
0.0033481137
0.00334898
0.0034596887
0.0033704492
0.0033301332
0.0032957087
0.003314867
0.0033775151
0.0034086083
0.0034498922
0.0033417633
0.0033098168
0.0033101323
0.0033192665
0.0034047158
0.0033477892
0.003334736
0.0033826598
0.0032493677
0.0033584586
0.0033173205
0.0035049925
0.003303383
0.0033667723
0.003421812
0.0033648754
0.0033176097
0.003263506
0.0033431747
0.0033258325
0.003351932
0.0033858477
0.003420823
0.0033445333
0.0035903596
0.0033832227
0.0033939136
0.0033315802
0.0033117256
0.0033120005
0.003296274
0.0033302447
0.0032954689
0.0033019418
0.003344296
0.003406701
0.0032955382
0.0032685616
0.0033323185
0.003322658
0.0033614314
0.003334423
0.0033466981
0.0032815584
0.0032919652
0.0034060103
0.0034400835
0.0033734725
0.0033007166
0.0032609534
0.0033662
0.0032377383
0.003360927
0.003252631
0.0034214482
0.0032706468
0.0034647023
0.0032998149
0.0032720752
0.0033023467
0.0033236858
0.0032696421
0.0034186132
0.003284037
0.0034791022
0.003347464
0.0033059774
0.0032794664
0.0032776126
0.0033881788
0.0034765333
0.0032630593
0.003345198
0.0033158343
0.0033173552
0.0033200255
0.0033922805
0.003214249
0.0032852625
0.0033079586
0.0033785668
0.0033638156
0.0032768766
0.003367123
0.0032799535
0.003316034
0.0032492338
0.0033842959
0.00335517
0.003229988
0.0032881724
0.0032698337
0.003345742
0.003343561
0.0032123427
0.0032546038
0.0034419657
0.0033227818
0.0032934882
0.0032827284
0.0032701723
0.0032779004
0.0032367753
0.0032860201
0.0032159435
0.003244977
0.0032626493
0.00330904
0.0033058233
0.003317201
0.0034230198
0.0032927277
0.003205544
0.0033034228
0.0033357218
0.003310923
0.0032422792
0.0033537853
0.0032605452
0.0032465626
0.003205178
0.0031660558
0.0032581603
0.0032213547
0.0032765917
0.0032117884
0.003282136
0.0033661916
0.0032522257
0.0034815506
0.0032638481
0.0032436028
0.0033199158
0.0032305508
0.0033602484
0.0032733826
0.003368017
0.0032621662
0.0032127658
0.0032659916
0.0032941008
0.003214385
0.0032703364
0.0032666593
0.0032406966
0.0032700824
0.0033325579
0.0031820182
0.0032560248
0.0033159864
0.0032324726
0.0033297418
0.0032807635
0.0032685762
0.0032374365
0.003402772
0.003386601
0.0032736994
0.0032168936
0.003212388
0.0032801817
0.0033627872
0.0031934464
0.0032025925
0.0033291953
0.0033158972
0.0033164946
0.0033505603
0.0032754058
0.003245814
0.0032686098
0.0032950346
0.0034300901
0.003356193
0.003236284
0.0032180229
0.0033112725
0.003344044
0.0032912686
0.0032651657
0.0032940581
0.0033057593
0.003223281
0.0032725607
0.0032201507
0.0033019246
0.003212945
0.0032687138
0.003283396
0.0032141742
0.0031895733
0.0032114552
0.0032535489
0.0032241032
0.0031606727
0.003288097
0.003199678
0.0032058589
0.0033511196
0.003293206
0.0032050952
0.0032865317
0.003220007
0.0032656612
0.0032480422
0.0031712598
0.0032139327
0.0033110487
0.0032264423
0.0032697367
0.0033358508
0.0032482138
0.0032681248
0.0032245354
0.0031784053
0.0032292604
0.0032346812
0.0033480984
0.0031893647
0.0031290394
0.0033103966
0.0032948563
0.003173947
0.0032683522
0.0032163535
0.0032681597
0.0033258398
0.0032837412
0.0031537476
0.0033175456
0.0031813725
0.0032105735
0.0032496743
0.0032508385
0.0032073618
0.0033029588
0.00319574
0.0032018516
0.003180032
0.0032054416
0.0032660624
0.0032491528
0.003293527
0.003169031
0.003235885
0.00319534
0.0031645035
0.0033934233
0.0032029997
0.0032272479
0.0033004112
0.003205929
0.0032181768
0.0031882734
0.0032108845
0.0032301873
0.0032183854
0.003442245
0.00324468
0.0032779644
0.0031659068
0.0032038009
0.0032044735
0.003318955
0.0032670342
0.00318495
0.003197124
0.003211705
0.003280534
0.0031307386
0.0032005939
0.0032377932
0.0032339047
0.0033315376
0.0031755255
0.0031076
0.0032843377
0.003244434
0.0032345755
0.0031995245
0.0032383678
0.003163494
0.0032169018
0.0033195056
0.003200049
0.0032815156
0.0031538343
0.0032297827
0.0031502778
0.003221477
0.0031478761
0.003252981
0.0031349426
0.0032694547
0.0032058854
0.003153336
0.0031737406
0.003148844
0.0031458563
0.0031753466
0.0032696333
0.003122469
0.0031049629
0.0032869754
0.0031385757
0.0031489523
0.0032404715
0.0032346686
0.003255232
0.0032011352
0.0031486563
0.003214291
0.003188342
0.0032740505
0.003321396
0.0032175933
0.0031494573
0.00310106
0.003213644
0.0031788966
0.00315804
0.0031576408
0.0031925705
0.0031933514
0.0031638937
0.003154477
0.0031144428
0.003208567
0.0033174262
0.0031396633
0.0031180505
0.0031728102
0.0032342398
0.003145464
0.003236241
0.003091303
0.0031432372
0.0031606995
0.00317174
0.0032042582
0.0031414363
0.0031290117
0.0032944363
0.0031181632
0.0032220196
0.0030785806
0.0031710854
0.0032901093
0.0031863134
0.0031744223
0.0032049052
0.003204109
0.0031451466
0.0031756721
0.0031344178
0.0031061713
0.0031493441
0.0031283752
0.0030999768
0.003220988
0.0031264948
0.003196401
0.00315966
0.0031217467
0.003170328
0.003110358
0.0031665077
0.0031626257
0.0031691373
0.003214495
0.0031583335
0.0032226744
0.003177271
0.0031489483
0.0031742535
0.0031953922
0.0031316914
0.0031560643
0.0033264307
0.003322843
0.0031003912
0.0031009342
0.003227044
0.0031515323
0.0032558572
0.0031670064
0.0032909913
0.0032423935
0.0032598122
0.0031661664
0.0031557041
0.0031617105
0.0031102132
0.0031072856
0.0031803604
0.003205335
0.0031135636
0.0031220997
0.0032756908
0.0031334262
0.003146064
0.0031803509
0.003199507
0.003065445
0.0030843487
0.003186571
0.0031269656
0.0030633297
0.0031048125
0.0031483828
0.003109594
0.0031354572
0.0030792162
0.0032196692
0.0031208624
0.0030871897
0.0030901665
0.0030759536
0.0032121069
0.0031635377
0.0031437606
0.0032039147
0.003079262
0.0030489233
0.0030269257
0.0030621456
0.0031566329
0.0031283416
0.0031584203
0.003202431
0.0031426717
0.0030965866
0.0032296272
0.0031640716
0.0031195192
0.0030714937
0.0031324786
0.0031414065
0.0031062362
0.0030948492
0.0031225353
0.0031963468
0.0030681798
0.0030819725
0.0030800998
0.0030931495
0.0031240026
0.003132467
0.0031308236
0.003077773
0.0030816651
0.0030855844
0.0031236792
0.0030294755
0.0031095238
0.0030551995
0.0030856044
0.003165324
0.0031867148
0.003046575
0.0030711791
0.0030913083
0.0030820214
0.0030837916
0.0031761236
0.003121357
0.0033239757
0.0031956623
0.0030355197
0.0031027244
0.0030652487
0.0030776227
0.0030822593
0.0030623195
0.0031533204
0.0032691173
0.003230954
0.0031307023
0.0032081145
0.003133828
0.003131328
0.0031710675
0.0031013866
0.0030683943
0.0029966345
0.0031059198
0.0030422404
0.003109996
0.0030730704
0.003218597
0.0031794535
0.0030978916
0.003071528
0.003027624
0.0031639987
0.003195034
0.0030560908
0.0031229754
0.0031210794
0.0030886752
0.0031632215
0.0032045455
0.0031314886
0.0031886979
0.003128825
0.0030645372
0.0030737848
0.0030983898
0.0030559537
0.0031276036
0.0031635747
0.0030845406
0.0031459278
0.0031257293
0.0030731524
0.0031090546
0.003075098
0.003125961
0.0031002404
0.0032254723
0.0030236854
0.003156289
0.0031129979
0.0031316604
0.0031204212
0.0031200089
0.0030615842
0.0030549022
0.0030856987
0.0030792754
0.0030971374
0.0030758232
0.0031086085
0.0030692422
0.003111579
0.0031248806
0.0031314492
0.0032132939
0.0030620194
0.00316336
0.0030522156
0.0031157641
0.0031016266
0.003240639
0.003085375
0.003115585
0.0030378243
0.0031224163
0.0031416072
0.0030970122
0.0030640343
0.0031062493
0.0030774998
0.0030369812
0.0031097308
0.0031463073
0.0031658446
0.0031713187
0.0032263955
0.0030758975
0.0030627705
0.0030487694
0.0031491888
0.0030528873
0.0030928592
0.0031864685
0.0030235462
0.0031290418
0.0030824398
0.003046133
0.0030203827
0.0030929078
0.0030506623
0.003029804
0.0030135072
0.0031622224
0.0030048767
0.0030035009
0.0030825767
0.0030351104
0.003052502
0.0030457543
0.0030763277
0.0031052434
0.0030434704
0.003061773
0.0029989688
0.0030259967
0.0030466502
0.0029924882
0.0031221902
0.003167348
0.0030540847
0.0030687042
0.003056622
0.0030515941
0.0030330804
0.00316199
0.0030215313
0.003208299
0.003069418
0.0030434125
0.0030298922
0.0032456315
0.0030153221
0.00309729
0.0030349938
0.0030828684
0.0030956005
0.0030028243
0.0029971383
0.0029958317
0.003027811
0.0030721433
0.0030959435
0.0030193725
0.0029959641
0.0030560284
0.003057143
0.0030189236
0.0030667183
0.0030986425
0.0030727778
0.0031116519
0.0029529335
0.0030526249
0.003078887
0.0030977007
0.0029927006
0.0031120926
0.0031549819
0.0032193493
0.0029993297
0.002999421
0.003043835
0.0031032697
0.0029749665
0.003097994
0.003023989
0.0029684904
0.003140967
0.0030879264
0.0030814535
0.0029904211
0.0029763998
0.0031280003
0.0030296913
0.002975421
0.0029928607
0.0031348425
0.0030025376
0.0033397465
0.0030881714
0.0029674475
0.002983986
0.0030895032
0.0030121873
0.0029924558
0.003052627
0.0029903455
0.002975218
0.0029679716
0.0031622022
0.0029431265
0.0030266624
0.0031058425
0.0030386427
0.0029907643
0.003081589
0.0030742933
0.003033259
0.003049202
0.0030029768
0.003016805
0.0030921982
0.0030226256
0.0030131831
0.0030310808
0.0029916107
0.0029998277
0.0030123375
0.0030052268
0.0029983541
0.0029724643
0.0030097333
0.002965421
0.002974539
0.003001987
0.0030122728
0.0029992526
0.0029963474
0.0030159065
0.0030063207
0.0031089906
0.0030483815
0.0030231047
0.0030797822
0.0029810362
0.0029353744
0.002968957
0.0030515208
0.0030616957
0.0030500563
0.0030997843
0.0029826104
0.0030031463
0.0029686887
0.0029940759
0.0029153412
0.0031054383
0.0030761592
0.0029829075
0.0029784914
0.003172798
0.0030586
0.003118202
0.0030026298
0.0030038375
0.0031415187
0.00296086
0.0029832276
0.0029747142
0.0029782758
0.0030339558
0.0029988112
0.0030054713
0.0030213282
0.003035813
0.003079582
0.0031406973
0.0029590346
0.0029768143
0.0030384937
0.0030379673
0.0030662406
0.0030402087
0.0030917462
0.003038222
0.0030231667
0.0030067193
0.0029854767
0.0029781957
0.002937914
0.002973034
0.002995995
0.0029511692
0.0031244562
0.0030631663
0.0030315882
0.0031136414
0.002932309
0.0030685277
0.0029677763
0.0030323812
0.0030579816
0.0030168733
0.0030059454
0.0029909445
0.0030067803
0.0029632621
0.003043242
0.0029470904
0.0029341541
0.0030017714
0.002992251
0.0029793466
0.003017596
0.0029782865
0.0029444254
0.002962352
0.0029278507
0.0030736334
0.0029492604
0.003107144
0.003072273
0.0031007936
0.0029779035
0.00307006
0.0030498388
0.0030242496
0.0030167026
0.003086705
0.0029810173
0.0030055589
0.0029342137
0.0030037474
0.0030094627
0.0029793766
0.0029646144
0.0029594684
0.002958546
0.0029940219
0.0031500887
0.0029558796
0.0029949422
0.0030561145
0.002995162
0.0029557673
0.0030042352
0.002958469
0.0029951727
0.003036037
0.0029390575
0.0029557743
0.003008356
0.002969853
0.0030232905
0.0030928403
0.0030392278
0.0029607248
0.002979769
0.0029925972
0.003034387
0.00296877
0.0030249027
0.0029533147
0.0031703939
0.0029854593
0.0032240192
0.002956114
0.0030235148
0.0030266603
0.0029503389
0.0030016333
0.0029940992
0.0030466914
0.0029164252
0.002969053
0.0029011376
0.0029027725
0.0031680628
0.0029865627
0.0031167942
0.0029173759
0.003094958
0.0029549757
0.0029365858
0.0030225853
0.002999715
0.0029244632
0.0029125824
0.0029868153
0.0030130364
0.00290753
0.0029690696
0.0029785454
0.0029670885
0.002999416
0.0029731677
0.0028933985
0.002957084
0.0029436178
0.0029649343
0.0029646435
0.00301346
0.0029722508
0.0029970177
0.0029684522
0.0029539496
0.0029448185
0.0030361577
0.002886261
0.0029464064
0.0028948146
0.0030318736
0.0029122191
0.0029246644
0.0029368813
0.0029476401
0.0029243066
0.0029533836
0.002928093
0.0029457854
0.0029254982
0.0029166432
0.0029199868
0.0028642889
0.0029523943
0.0029636899
0.0029738476
0.0029183554
0.0029151186
0.0029369856
0.0029466164
0.0029537
0.003010242
0.0029346074
0.0029277848
0.0029313837
0.0029525354
0.0029770203
0.0029478183
0.0030278112
0.003003266
0.0029006114
0.002904527
0.003038037
0.0028366651
0.0028597831
0.0029607324
0.0028714137
0.0029266935
0.0029342964
0.0029043972
0.0029355823
0.0029804478
0.0029149877
0.0028964167
0.0028750126
0.0029227098
0.002905488
0.0029493375
0.0029424182
0.0028720947
0.002978945
0.0029883354
0.0029318046
0.002955038
0.002909236
0.0029844153
0.0029815976
0.0028428508
0.0029540784
0.0028502764
0.0028846257
0.0029863433
0.0031894748
0.0029030761
0.0028979904
0.0028974242
0.0030126416
0.0029165023
0.003032418
0.0029184152
0.002885997
0.0029582663
0.0028866995
0.0028947382
0.0028948325
0.0029331509
0.0030184428
0.002969866
0.0029240947
0.002918935
0.0030378771
0.0029450678
0.0029380238
0.0029676333
0.0029456501
0.0028940036
0.0028967664
0.002882738
0.0029035013
0.002979266
0.0030340715
0.002890469
0.0029177605
0.0029543054
0.0029310829
0.0029861748
0.0028842085
0.0030032166
0.002933323
0.0028416144
0.0030528673
0.0028160515
0.0029442958
0.0029275243
0.0029792136
0.0028913952
0.0028614893
0.0029325155
0.002930195
0.0029330845
0.002933738
0.0028865326
0.0029330957
0.002893131
0.00291572
0.0029266872
0.0029087362
0.0030083312
0.002869419
0.0029193694
0.0029141149
0.002855908
0.0028618204
0.0028826168
0.0029475964
0.0028432086
0.0029391334
0.0029313979
0.0028803772
0.0028885726
0.0030836028
0.0028342046
0.0029549003
0.0028514776
0.0029417812
0.0029073702
0.0028732235
0.0028909936
0.0030244403
0.002904914
0.0029991735
0.0028637864
0.002970557
0.0029622228
0.0030345717
0.002923101
0.0029199086
0.0029464632
0.0029062452
0.0029130594
0.0028926325
0.003125891
0.002908878
0.002995232
0.0029119265
0.002860209
0.0029284724
0.0029068762
0.0028298346
0.0028412226
0.0028728778
0.002890595
0.0029038922
0.0028078528
0.0028866243
0.0028874697
0.0028796645
0.002867861
0.0028971797
0.0028388011
0.002919316
0.002818504
0.0028692887
0.0028847065
0.0027738952
0.0029286665
0.0028407362
0.0030025402
0.0028792701
0.0028386416
0.0029155572
0.0029191696
0.0028887398
0.0028642272
0.0028396444
0.0028722861
0.0030428849
0.0029891343
0.00291353
0.002826676
0.0028711332
0.0029283273
0.0028077213
0.0028973303
0.0028842513
0.0029088366
0.0028184757
0.002831894
0.0028597924
0.0028635706
0.002828344
0.0028500718
0.002869833
0.0029943804
0.0028606171
0.0028552827
0.0028689979
0.0028877321
0.002888771
0.0028483514
0.0028398237
0.0028655862
0.002936063
0.002902202
0.0030262743
0.002844074
0.002820142
0.0029166527
0.0028016693
0.0028978665
0.0030205501
0.0029146438
0.0028165332
0.002819266
0.0028727367
0.002893777
0.0028954707
0.0028279347
0.0028006434
0.0028091988
0.0028822627
0.0028691208
0.0029962223
0.002827347
0.0029389665
0.0029143656
0.0029532274
0.002896301
0.0028881615
0.0028317543
0.0028580923
0.002867877
0.002911799
0.0029139516
0.0028171823
0.0028842618
0.0028625806
0.0028486145
0.0028341317
0.0028385897
0.002810682
0.0028256983
0.0029113104
0.002810069
0.0028414987
0.00281037
0.002854457
0.0028253517
0.0027995817
0.0027668737
0.0028342416
0.0028623552
0.0028308744
0.0028912807
0.0028239589
0.0028099574
0.0028858264
0.0028023832
0.0027877344
0.0028261247
0.0028451975
0.0028540967
0.002802206
0.0028248387
0.0029607776
0.0027951014
0.0028238783
0.0028560185
0.0028821405
0.0028665357
0.0028840972
0.002795601
0.0028261328
0.0027820694
0.0028505526
0.0029904197
0.0027845171
0.0028319762
0.0028778831
0.0029027676
0.0028409162
0.0027654076
0.0028694419
0.0028046984
0.0028190187
0.0027924764
0.002832479
0.002803468
0.0027934513
0.0027892143
0.002803361
0.0027577258
0.0028664267
0.0027806691
0.0028289475
0.002824086
0.0028478852
0.002839379
0.0028196743
0.0028479767
0.0028485865
0.002918422
0.00281133
0.0028268637
0.0029265624
0.00285492
0.0027991754
0.0028447134
0.0028512955
0.0028046507
0.0027969386
0.002794258
0.00285895
0.0027880033
0.0028600516
0.0027982364
0.0027790817
0.0028072104
0.0028667273
0.002791463
0.0028798347
0.0028285913
0.0028482636
0.002810127
0.00281602
0.0028213135
0.0028549926
0.0028499088
0.0028597252
0.0029019162
0.0028793816
0.002801956
0.0027591866
0.002909903
0.0028147702
0.0028870062
0.0028050046
0.0027859944
0.002789759
0.002808261
0.0028173688
0.002858224
0.0029633157
0.0028409723
0.0027899717
0.0028124815
0.0028135602
0.0027715503
0.002799245
0.0028789928
0.002742334
0.002763838
0.0028552935
0.002977927
0.0029284898
0.002885525
0.0028778187
0.0027591197
0.002808325
0.0027813946
0.0028540604
0.0028083152
0.002854071
0.0027780482
0.0028466042
0.0027614227
0.0027907812
0.0027800966
0.002827399
0.0028197123
0.0027527658
0.0028064211
0.0027416418
0.002752131
0.0027788056
0.002766176
0.0027672963
0.0027910792
0.0027726018
0.0028380954
0.0028013547
0.0028439618
0.0028534958
0.0027535222
0.0029176953
0.0028821083
0.002790038
0.002878868
0.00279474
0.002899257
0.0027385824
0.0027895088
0.00276189
0.0027825455
0.0028442338
0.0028461793
0.0027544866
0.0027949787
0.0027305754
0.0027810286
0.0027713608
0.0027415345
0.0028525314
0.0030089475
0.0028225197
0.0028751164
0.0027680157
0.0027582508
0.0027884082
0.002732231
0.0028291128
0.0028265142
0.002793728
0.0028869596
0.002809481
0.002881137
0.002802246
0.0027826587
0.0027831532
0.002801328
0.0028434428
0.0028050607
0.0028248685
0.0027489488
0.002757991
0.0029096177
0.0028489185
0.0027665775
0.0028013135
0.0027558904
0.0027991103
0.0027413955
0.0028365967
0.0028928914
0.0028084263
0.0028585775
0.0027978478
0.0028018816
0.0027456176
0.002767106
0.0027673286
0.0027153208
0.0028501544
0.002752595
0.0028372908
0.0028147225
0.0027335
0.0027551139
0.0027627018
0.002748874
0.0027756628
0.0028170184
0.0028102424
0.002744546
0.002900844
0.0027588161
0.0027443252
0.0027605097
0.0027560883
0.0027396507
0.0027768526
0.002847653
0.00281164
0.0027414516
0.0027759622
0.0027384772
0.0028301063
0.0028164117
0.0027202955
0.002741507
0.0028494431
0.002782078
0.0027743925
0.0027440179
0.0028534173
0.0027854277
0.0027515693
0.0027779632
0.0027812982
0.0027193339
0.0028579202
0.002705163
0.0027285838
0.0028515775
0.002883778
0.0027550922
0.0028230094
0.0027537206
0.0027347014
0.0028030863
0.0028700184
0.0028167688
0.0027817006
0.0027915614
0.0028237575
0.0027776083
0.0027621589
0.0028290672
0.002812829
0.0027326976
0.0027997543
0.0028191349
0.0027328175
0.0028184575
0.0027697857
0.0028105723
0.002826252
0.0028307391
0.0027490354
0.0027770486
0.0027842761
0.0027311891
0.0026868093
0.0028021005
0.002869486
0.0027924015
0.0028083273
0.0027734002
0.002847818
0.0027952038
0.0027441944
0.0026933637
0.0027472589
0.002754492
0.0027610178
0.002709717
0.0027851905
0.0028376176
0.0026763603
0.0027575057
0.0027584538
0.002890296
0.0027223218
0.0027904946
0.0027328078
0.0028474785
0.0027303242
0.0028988011
0.0027728041
0.0027877563
0.0027213204
0.0027851493
0.0027631873
0.0027438903
0.0027485795
0.0028399283
0.0027451809
0.0028004602
0.0027503858
0.0027328094
0.0027419247
0.0028031429
0.002830642
0.0028006518
0.0028064307
0.0027823646
0.0027492717
0.00279249
0.002787596
0.0028423306
0.0028068917
0.0027455776
0.0028171532
0.0027233555
0.0027742581
0.0027933405
0.0028352607
0.0027791408
0.0027178507
0.0027566892
0.0027557157
0.0028325412
0.0027198482
0.00272881
0.002707409
0.002767874
0.0027174891
0.0028700703
0.0027586124
0.002826861
0.0027426623
0.002830019
0.0027501958
0.0027624266
0.002714168
0.002799413
0.002754915
0.0027274713
0.0028454324
0.0026838789
0.002815193
0.002757776
0.0027408444
0.002798109
0.0027112807
0.0027544573
0.002693902
0.0027464966
0.002734145
0.002718681
0.002706877
0.0027406781
0.002728346
0.002817612
0.0027632453
0.0027630983
0.0027396888
0.0027245695
0.0027747452
0.002714933
0.0027150388
0.002713896
0.00273389
0.0027389724
0.002750751
0.0027170498
0.0027654201
0.0027674974
0.0027444065
0.002684323
0.0027300578
0.002679789
0.002661263
0.0027226303
0.0027739159
0.0027094898
0.0027156794
0.002688695
0.0027644315
0.0027244787
0.002719293
0.0027330231
0.0026714858
0.002700941
0.002703971
0.002719191
0.0027406337
0.0027188163
0.0027764493
0.0027374178
0.0026837627
0.0027137399
0.0026752024
0.0027698027
0.0027231341
0.002725793
0.002719127
0.0027574662
0.0027271204
0.0027111091
0.0027476782
0.0027235656
0.0027159147
0.0027237171
0.0026724006
0.002739522
0.0027486207
0.0027149583
0.0028031575
0.0028099848
0.0027796603
0.0027708553
0.002706702
0.002730514
0.0027198293
0.0027662052
0.002743898
0.0027031542
0.0026842153
0.0027297756
0.002713918
0.0027499576
0.0027262352
0.0027848538
0.002866289
0.0026991637
0.0027513076
0.0026462297
0.0027291127
0.0027846566
0.002738378
0.0027157955
0.002711907
0.0027497266
0.002752844
0.002759925
0.0027645475
0.0027159094
0.0027242308
0.0027138484
0.002718559
0.0027801741
0.002765719
0.0027165737
0.002741082
0.0026905164
0.0027227649
0.0027627666
0.0027329822
0.0026845762
0.0027241323
0.0027500943
0.0027540922
0.002705753
0.002704457
0.0027403727
0.0027855437
0.002715731
0.0027400746
0.0027633747
0.002678387
0.0026677249
0.0027143727
0.0026608526
0.002689905
0.002689125
0.0026806032
0.002741296
0.002664622
0.0027964723
0.0027022953
0.002778818
0.0028735604
0.0027629505
0.0026642908
0.0027289612
0.002748584
0.0026253618
0.0026793422
0.0026331425
0.0027740786
0.0027010115
0.002658223
0.0026804553
0.002702937
0.002886252
0.0026879862
0.0026986357
0.0027074905
0.0026490996
0.002654697
0.002693823
0.002710788
0.0026959807
0.002671192
0.0027236675
0.002699604
0.0026935448
0.002730707
0.0027230608
0.0026807415
0.0027008776
0.0026790265
0.0026579723
0.002871933
0.0026957612
0.0027209609
0.0026770497
0.0027745252
0.0026901332
0.0027300043
0.0026270968
0.0026532
0.0028404933
0.002689836
0.0027126085
0.0026457058
0.0027312243
0.00262819
0.002664956
0.002706142
0.002673116
0.0026764157
0.0028302681
0.0027507846
0.0027118218
0.002622025
0.002718289
0.0027556168
0.002671571
0.0027282666
0.002703026
0.0027541523
0.0026781647
0.0026840924
0.0026978834
0.002704925
0.002669169
0.0027098448
0.002763412
0.002861115
0.0027211006
0.002773308
0.0027661035
0.002740595
0.0027198414
0.00266919
0.0027234561
0.00271705
0.0027160847
0.0027070625
0.0027752558
0.0027491054
0.0027104497
0.0026499191
0.002738255
0.0026769626
0.0028076333
0.0027315388
0.0026377926
0.0027051284
0.0026801375
0.00266895
0.0027137138
0.0026453522
0.0027289414
0.002732561
0.0026875096
0.0027460027
0.0026938394
0.0027122514
0.002681275
0.002699114
0.0027456086
0.0027296934
0.002604955
0.0028186592
0.0026528486
0.0026720706
0.0026908433
0.0026556805
0.002631406
0.0026948547
0.0027213253
0.0026582717
0.0027517495
0.0026812616
0.0026292899
0.0026431323
0.0027405948
0.0027224221
0.002791619
0.0026963272
0.0026176993
0.0027718935
0.0026756804
0.0026891995
0.00268208
0.0026998494
0.0026839648
0.002655638
0.0026167387
0.002664786
0.0026843762
0.0026909423
0.0026710096
0.002655599
0.0027868696
0.0027092313
0.0026728925
0.002656884
0.002726888
0.002680122
0.002818859
0.0026181333
0.0025958188
0.002712222
0.0026498805
0.0026308533
0.0026003348
0.0026187864
0.0026820754
0.0026073488
0.0027017598
0.0026391107
0.0026017046
0.0026624715
0.0025980768
0.002614969
0.0026476965
0.0026873401
0.0026807133
0.0026238547
0.0026628233
0.002723456
0.0026176614
0.0027083152
0.0027473988
0.0026658413
0.0026349756
0.0026708264
0.002634904
0.0026413624
0.0026550612
0.0026244759
0.0026374918
0.0026105396
0.0026754986
0.002697366
0.0026430502
0.0026056883
0.0027453701
0.002768014
0.0025891075
0.0026234516
0.0026343404
0.002710326
0.0026505536
0.0027372942
0.0026295176
0.0026297946
0.0026873075
0.0026612286
0.0026521762
0.0026050357
0.0026268542
0.0025947632
0.0026365612
0.0026871022
0.0027227183
0.00262877
0.002646756
0.0026682257
0.0026713652
0.002604422
0.0026379807
0.002660229
0.0026742436
0.0025792585
0.0026151978
0.0026162243
0.002706461
0.0026397237
0.0026344752
0.002748123
0.002712421
0.0028596083
0.0026668692
0.002688809
0.002791514
0.0026325504
0.0027078805
0.0026927304
0.0026037574
0.0026389535
0.0026897371
0.002674591
0.0026359286
0.0025865429
0.0027444875
0.0026326254
0.0025816604
0.0026317756
0.0026527827
0.0027190738
0.0026483254
0.0026603614
0.0026215748
0.002639969
0.002683491
0.002612344
0.0026584938
0.0027121638
0.0026378771
0.0026781585
0.0026633677
0.0026493154
0.00263246
0.0026377926
0.0026212016
0.0026413922
0.0026515103
0.0025954873
0.0025999902
0.0026458316
0.0026105377
0.0026316326
0.0026668925
0.0026352368
0.0026810025
0.0026327318
0.0026637588
0.0026139347
0.002593815
0.0026808837
0.0026410944
0.002611813
0.0025626402
0.0026719284
0.002597587
0.0026018277
0.0025858546
0.0026355637
0.0025650035
0.002782352
0.002683419
0.0026309234
0.002594092
0.0025689015
0.0025795253
0.0026088422
0.0025799219
0.00262116
0.0026309288
0.0025569855
0.0027182107
0.0026461696
0.0026717943
0.0026715621
0.002632991
0.0026341074
0.0026405402
0.0026384343
0.0026911793
0.0026098748
0.0025908034
0.0026098352
0.0025875152
0.0025643425
0.002713851
0.0026280207
0.0026334773
0.002601969
0.002598932
0.0026913073
0.0026228363
0.0026351525
0.0025856285
0.002651669
0.0026218744
0.00258367
0.0025877026
0.0026496341
0.0025678629
0.0026904678
0.0027049081
0.0025698203
0.0025929546
0.0026423747
0.0026668366
0.0025918134
0.0026652094
0.0026138034
0.0025681285
0.0027670336
0.0025662333
0.0026691207
0.0025800413
0.0026692173
0.0025765535
0.0026011837
0.0026704478
0.0025885217
0.0026369581
0.002616112
0.0026116618
0.0026238533
0.0026137899
0.0025499
0.0026091018
0.0026102338
0.0026028105
0.002575794
0.0026008093
0.0026136085
0.0026165943
0.0026313611
0.0027259723
0.0026554556
0.0026555534
0.0027269998
0.0026001697
0.0025652372
0.0026324154
0.0025666226
0.0026881697
0.002566964
0.0025847296
0.0025838767
0.0026927195
0.0025493016
0.0027891814
0.00263455
0.0026092518
0.002600769
0.0025840574
0.0026182737
0.0026018522
0.0026021707
0.00259188
0.0026546328
0.002620277
0.0026325437
0.002622759
0.0026911702
0.0027117666
0.0025455742
0.0027249006
0.0025757868
0.0025582055
0.0025523712
0.0026186532
0.0026012172
0.0025432361
0.0026841627
0.0026131175
0.002583983
0.0025771302
0.0026173303
0.0026044582
0.0025350095
0.0026147151
0.002608679
0.0025964829
0.0026812062
0.0026639048
0.0026214542
0.0025631809
0.002598269
0.0025631583
0.0026487682
0.00266349
0.0026219
0.002583765
0.002629359
0.00255775
0.0025835517
0.002603667
0.0025523142
0.0025497235
0.002609803
0.0025691302
0.0025129388
0.002572334
0.0025404291
0.0025701453
0.0025592798
0.0025783866
0.002578967
0.0025855291
0.0025691008
0.0026372948
0.0026516314
0.0025479482
0.0026693866
0.0026002275
0.002626878
0.002713678
0.0027408912
0.002642368
0.0026200374
0.0025935788
0.002573188
0.002520983
0.0026081877
0.0025870437
0.002703571
0.002592862
0.0026079705
0.0025748562
0.0025628982
0.002526
0.0025403004
0.0026178297
0.0025515503
0.002563436
0.0025649942
0.002593456
0.0026177326
0.0025600665
0.002592759
0.0026130334
0.0026171848
0.0026227182