20 197.61 -0.08 197.53 0.079 19 45 0.42 0.0 
40 195.88 -0.02 195.87 0.149 39 102 0.86 0.01 
60 194.58 -0.47 194.11 0.186 59 165 1.29 0.01 
80 194.13 -0.53 193.61 0.227 79 224 1.73 0.01 
100 192.96 -0.78 192.18 0.267 96 301 2.11 0.01 
120 192.52 -0.91 191.61 0.292 113 388 2.48 0.02 
140 191.28 -0.97 190.31 0.324 131 463 2.87 0.02 
160 189.76 -0.91 188.85 0.35 148 521 3.25 0.03 
180 188.14 -1.01 187.14 0.38 167 613 3.66 0.03 
200 186.89 -1.07 185.82 0.403 184 702 4.04 0.03 
220 185.77 -1.27 184.5 0.427 203 777 4.45 0.04 
240 184.41 -1.48 182.93 0.445 221 856 4.85 0.04 
260 184.1 -1.63 182.47 0.466 237 938 5.2 0.05 
280 182.97 -1.77 181.21 0.492 253 1018 5.55 0.05 
300 182.03 -1.89 180.15 0.512 271 1112 5.94 0.06 
320 180.6 -2.23 178.37 0.533 287 1208 6.29 0.06 
340 180.0 -2.31 177.7 0.542 301 1294 6.6 0.06 
360 179.11 -2.31 176.79 0.561 320 1377 7.02 0.07 
380 177.49 -2.5 174.99 0.576 336 1487 7.37 0.07 
400 177.02 -2.58 174.45 0.582 352 1594 7.72 0.08 
420 176.22 -2.68 173.54 0.593 369 1706 8.09 0.08 
440 175.37 -2.65 172.72 0.604 384 1800 8.42 0.09 
460 175.44 -2.83 172.61 0.614 402 1903 8.82 0.09 
480 174.09 -2.9 171.2 0.634 416 2011 9.12 0.1 
500 173.18 -3.04 170.14 0.639 431 2119 9.45 0.11 
520 172.03 -3.14 168.9 0.652 449 2219 9.85 0.11 
540 171.39 -3.3 168.08 0.662 465 2334 10.2 0.12 
560 170.39 -3.32 167.07 0.663 481 2461 10.55 0.12 
580 168.59 -3.25 165.34 0.675 497 2554 10.9 0.13 
600 168.47 -3.47 164.99 0.687 514 2677 11.27 0.13 
620 167.93 -3.63 164.29 0.694 527 2807 11.56 0.14 
640 167.01 -3.7 163.32 0.702 542 2928 11.89 0.15 
660 166.75 -3.81 162.94 0.707 558 3064 12.24 0.15 
680 166.43 -3.87 162.56 0.714 575 3188 12.61 0.16 
700 164.51 -3.89 160.62 0.717 590 3304 12.94 0.16 
720 163.86 -4.03 159.83 0.728 609 3430 13.36 0.17 
740 162.66 -3.98 158.67 0.73 624 3550 13.68 0.18 
760 162.22 -4.07 158.15 0.736 640 3666 14.04 0.18 
780 161.89 -4.05 157.84 0.739 656 3804 14.39 0.19 
800 161.35 -4.03 157.33 0.743 670 3939 14.69 0.2 
820 160.41 -4.03 156.38 0.748 681 4083 14.93 0.2 
840 159.9 -4.05 155.86 0.754 695 4219 15.24 0.21 
860 158.84 -4.03 154.81 0.756 707 4331 15.5 0.22 
880 158.38 -4.11 154.27 0.759 724 4472 15.88 0.22 
900 157.91 -4.07 153.84 0.767 740 4591 16.23 0.23 
920 157.01 -4.09 152.92 0.768 754 4740 16.54 0.24 
940 156.74 -4.13 152.61 0.774 767 4882 16.82 0.24 
960 156.57 -4.08 152.48 0.774 783 5007 17.17 0.25 
980 155.65 -4.14 151.51 0.778 797 5152 17.48 0.26 
1000 155.57 -4.1 151.46 0.783 813 5299 17.83 0.26 
1020 155.28 -4.1 151.18 0.787 827 5432 18.14 0.27 
1040 154.36 -3.95 150.42 0.792 841 5562 18.44 0.28 
1060 153.6 -4.05 149.56 0.792 852 5710 18.68 0.28 
1080 153.25 -3.96 149.29 0.796 867 5840 19.01 0.29 
1100 152.47 -3.99 148.48 0.799 883 6010 19.36 0.3 
1120 152.39 -3.98 148.41 0.802 898 6147 19.69 0.31 
1140 151.33 -3.91 147.42 0.805 916 6285 20.09 0.31 
1160 150.38 -3.9 146.47 0.807 930 6441 20.39 0.32 
1180 150.68 -4.04 146.64 0.811 940 6601 20.61 0.33 
1200 150.03 -3.99 146.04 0.811 957 6746 20.99 0.34 
1220 149.5 -3.91 145.59 0.814 968 6885 21.23 0.34 
1240 149.1 -3.91 145.19 0.816 982 7057 21.54 0.35 
1260 148.63 -3.85 144.78 0.818 995 7192 21.82 0.36 
1280 148.02 -3.95 144.07 0.821 1010 7338 22.15 0.36 
1300 148.16 -3.99 144.17 0.821 1021 7490 22.39 0.37 
1320 147.35 -3.91 143.45 0.824 1035 7650 22.7 0.38 
1340 147.1 -3.87 143.23 0.825 1047 7796 22.96 0.39 
1360 146.49 -3.85 142.65 0.83 1062 7958 23.29 0.4 
1380 146.17 -3.78 142.39 0.829 1075 8119 23.57 0.4 
1400 145.05 -3.67 141.38 0.829 1087 8261 23.84 0.41 
1420 144.89 -3.74 141.16 0.83 1098 8395 24.08 0.42 
1440 144.8 -3.59 141.21 0.833 1108 8536 24.3 0.42 
1460 144.07 -3.57 140.49 0.835 1120 8707 24.56 0.43 
1480 144.21 -3.59 140.61 0.837 1136 8871 24.91 0.44 
1500 143.64 -3.59 140.05 0.836 1146 9050 25.13 0.45 
1520 143.03 -3.53 139.49 0.838 1154 9213 25.31 0.46 
1540 143.14 -3.53 139.61 0.839 1166 9380 25.57 0.47 
1560 142.84 -3.49 139.34 0.841 1177 9528 25.81 0.47 
1580 141.93 -3.46 138.47 0.842 1192 9676 26.14 0.48 
1600 141.46 -3.48 137.98 0.843 1204 9850 26.4 0.49 
1620 141.21 -3.42 137.79 0.845 1217 10005 26.69 0.5 
1640 140.48 -3.46 137.02 0.848 1231 10161 27.0 0.51 
1660 140.75 -3.46 137.29 0.847 1247 10322 27.35 0.51 
1680 140.36 -3.43 136.92 0.848 1259 10471 27.61 0.52 
1700 139.41 -3.43 135.98 0.849 1273 10636 27.92 0.53 
1720 139.36 -3.48 135.88 0.852 1283 10796 28.14 0.54 
1740 139.35 -3.44 135.91 0.852 1297 10960 28.44 0.55 
1760 138.79 -3.4 135.39 0.851 1310 11116 28.73 0.55 
1780 139.72 -3.3 136.42 0.854 1319 11261 28.93 0.56 
1800 138.95 -3.21 135.74 0.856 1334 11414 29.25 0.57 
1820 137.93 -3.13 134.81 0.857 1346 11553 29.52 0.57 
1840 138.12 -3.16 134.96 0.858 1358 11733 29.78 0.58 
1860 137.63 -3.08 134.56 0.858 1373 11906 30.11 0.59 
1880 137.5 -3.14 134.37 0.858 1388 12085 30.44 0.6 
1900 137.19 -3.02 134.17 0.861 1399 12227 30.68 0.61 
1920 136.88 -2.9 133.98 0.86 1409 12398 30.9 0.62 
1940 136.25 -2.87 133.38 0.862 1414 12583 31.01 0.63 
1960 135.96 -2.72 133.24 0.863 1428 12754 31.32 0.63 
1980 136.18 -2.69 133.49 0.865 1439 12906 31.56 0.64 
2000 135.86 -2.65 133.21 0.865 1449 13052 31.78 0.65 
2020 135.12 -2.59 132.52 0.865 1458 13229 31.97 0.66 
2040 134.67 -2.58 132.09 0.867 1469 13400 32.21 0.67 
2060 134.68 -2.53 132.15 0.866 1479 13574 32.43 0.68 
2080 134.06 -2.44 131.62 0.869 1485 13730 32.57 0.68 
2100 134.09 -2.39 131.7 0.869 1496 13913 32.81 0.69 
2120 134.1 -2.32 131.77 0.872 1507 14072 33.05 0.7 
2140 133.1 -2.25 130.85 0.872 1518 14233 33.29 0.71 
2160 133.12 -2.23 130.89 0.872 1533 14405 33.62 0.72 
2180 132.62 -2.1 130.52 0.873 1543 14561 33.84 0.72 
2200 132.22 -2.08 130.14 0.874 1553 14733 34.06 0.73 
2220 131.9 -2.02 129.88 0.874 1559 14908 34.19 0.74 
2240 131.91 -2.02 129.88 0.874 1570 15059 34.43 0.75 
2260 131.45 -1.95 129.5 0.876 1579 15225 34.63 0.76 
2280 131.43 -1.91 129.52 0.876 1591 15426 34.89 0.77 
2300 131.13 -1.87 129.26 0.878 1608 15575 35.26 0.77 
2320 131.24 -1.79 129.45 0.879 1617 15759 35.46 0.78 
2340 131.38 -1.69 129.68 0.878 1630 15932 35.75 0.79 
2360 130.49 -1.58 128.91 0.879 1643 16106 36.03 0.8 
2380 129.49 -1.48 128.0 0.881 1654 16263 36.27 0.81 
2400 129.86 -1.44 128.43 0.88 1663 16431 36.47 0.82 
2420 129.3 -1.38 127.92 0.882 1676 16624 36.75 0.83 
2440 129.1 -1.28 127.82 0.882 1686 16782 36.97 0.83 
2460 128.75 -1.16 127.59 0.884 1696 16952 37.19 0.84 
2480 128.15 -1.1 127.05 0.883 1709 17127 37.48 0.85 
2500 128.18 -1.01 127.16 0.882 1722 17298 37.76 0.86 
2520 128.18 -0.95 127.23 0.884 1731 17465 37.96 0.87 
2540 128.21 -0.92 127.29 0.885 1739 17653 38.14 0.88 
2560 127.51 -0.81 126.7 0.886 1751 17809 38.4 0.89 
2580 127.0 -0.71 126.29 0.885 1760 17967 38.6 0.89 
2600 126.56 -0.61 125.95 0.886 1768 18137 38.77 0.9 
2620 126.72 -0.56 126.16 0.887 1778 18327 38.99 0.91 
2640 126.03 -0.42 125.61 0.887 1789 18488 39.23 0.92 
2660 126.11 -0.38 125.74 0.888 1801 18640 39.5 0.93 
2680 125.8 -0.37 125.43 0.889 1814 18792 39.78 0.93 
2700 125.33 -0.3 125.03 0.888 1823 18966 39.98 0.94 
2720 125.19 -0.29 124.89 0.89 1830 19154 40.13 0.95 
2740 125.33 -0.2 125.13 0.891 1840 19322 40.35 0.96 
2760 124.68 -0.09 124.59 0.892 1848 19523 40.53 0.97 
2780 124.14 -0.13 124.01 0.892 1860 19706 40.79 0.98 
2800 124.3 -0.05 124.25 0.892 1871 19884 41.03 0.99 
2820 123.9 -0.02 123.88 0.893 1876 20076 41.14 1.0 
2840 123.89 0.02 123.91 0.894 1881 20262 41.25 1.01 
2860 123.58 0.12 123.7 0.892 1892 20437 41.49 1.02 
2880 122.72 0.19 122.91 0.894 1901 20605 41.69 1.02 
2900 122.86 0.27 123.13 0.895 1906 20798 41.8 1.03 
2920 122.71 0.34 123.04 0.896 1913 20962 41.95 1.04 
2940 122.4 0.43 122.83 0.896 1922 21134 42.15 1.05 
2960 122.18 0.5 122.68 0.896 1930 21321 42.32 1.06 
2980 121.78 0.57 122.35 0.896 1936 21470 42.46 1.07 
3000 121.83 0.62 122.45 0.897 1949 21624 42.74 1.08 
3020 121.73 0.67 122.4 0.897 1958 21799 42.94 1.08 
3040 120.88 0.8 121.67 0.897 1967 21974 43.14 1.09 
3060 120.95 0.86 121.81 0.898 1976 22154 43.33 1.1 
3080 121.21 0.93 122.14 0.899 1990 22302 43.64 1.11 
3100 120.6 1.06 121.66 0.899 1997 22468 43.79 1.12 
3120 120.4 1.22 121.62 0.899 2005 22627 43.97 1.13 
3140 120.24 1.27 121.52 0.9 2014 22804 44.17 1.13 
