
0.17327599
0.16948013
0.15921412
0.15369718
0.15048312
0.15157002
0.15201813
0.15357508
0.14302273
0.13899514
0.14241429
0.13683088
0.13294198
0.13262658
0.13231345
0.15125462
0.13008119
0.13476571
0.12720588
0.1316537
0.1288911
0.12848404
0.13220474
0.13043435
0.12999791
0.12709694
0.12778641
0.12844513
0.1244553
0.12467725
0.12204504
0.12040999
0.12556587
0.12473772
0.121220864
0.12531011
0.12274577
0.124810636
0.12155964
0.12124376
0.1231639
0.12024419
0.11907601
0.11844649
0.12278414
0.12213149
0.1232415
0.119480476
0.121690154
0.12157304
0.12377478
0.11897651
0.12201689
0.11947845
0.118948705
0.12065394
0.12130948
0.11748347
0.11702286
0.11632818
0.11842916
0.1192437
0.11536789
0.11684591
0.11821425
0.117459506
0.11947109
0.117660746
0.1217893
0.1201144
0.119802296
0.11761825
0.11503945
0.11775031
0.11329472
0.11401271
0.11189254
0.11574571
0.11433539
0.111909755
0.115013
0.11373884
0.11181265
0.113195784
0.114346944
0.113476954
0.11334173
0.109130256
0.11103459
0.11233558
0.1123014
0.10919587
0.11331737
0.10933181
0.10924405
0.10883161
0.108473495
0.11096766
0.10966366
0.11067739
0.1106753
0.11039576
0.10976637
0.111416675
0.109349266
0.110240266
0.10932755
0.11357838
0.1074413
0.10788497
0.108415455
0.10816804
0.10500665
0.10515869
0.10875661
0.10620104
0.106218584
0.11189214
0.11726162
0.10445994
0.10420863
0.10422403
0.106812164
0.10759264
0.10762471
0.10608385
0.10478029
0.10533196
0.10595119
0.10367737
0.10389144
0.106833026
0.10453882
0.102325946
0.10451043
0.10438901
0.10336199
0.10369603
0.10234635
0.10417603
0.10107165
0.10253173
0.10537812
0.10631645
0.1036442
0.10205765
0.104065284
0.10493147
0.1013741
0.10209831
0.10036682
0.10454315
0.102661386
0.10662113
0.105467536
0.10217518
0.10186602
0.100107685
0.100479566
0.1017627
0.100448675
0.10246895
0.100677304
0.09961481
0.10010942
0.10077482
0.10132721
0.099605165
0.09860386
0.099836774
0.09894861
0.099999726
0.10193866
0.10057026
0.09858617
0.09781169
0.09713232
0.09956244
0.10018752
0.09740767
0.09667199
0.097889476
0.09946301
0.09980835
0.098614514
0.09692601
0.10026694
0.096373536
0.09628449
0.096031494
0.09580499
0.095274016
0.09603843
0.09553883
0.09817244
0.09590557
0.09932552
0.10179253
0.095725745
0.09652462
0.0954777
0.0952714
0.09358845
0.09514843
0.095277175
0.09445151
0.09727344
0.098562874
0.093940094
0.09526321
0.09259377
0.092310145
0.0927317
0.09595351
0.092453636
0.09362358
0.094746366
0.093678154
0.09530003
0.09327825
0.093226045
0.09374639
0.09357799
0.09504593
0.093932636
0.09455663
0.09341298
0.09184361
0.0942078
0.09121718
0.08944426
0.09099356
0.09235518
0.09253883
0.09197702
0.092343904
0.09190396
0.09232534
0.093462914
0.09159995
0.095380604
0.09380988
0.09100355
0.09285489
0.09058126
0.09017375
0.08950019
0.08970026
0.09042366
0.094136715
0.0899143
0.091056354
0.09041592
0.08869097
0.08762329
0.087678134
0.09794712
0.09019967
0.091533735
0.09086147
0.088173375
0.08576085
0.08691488
0.08708428
0.08660171
0.088486634
0.08618548
0.0880758
0.09050656
0.08718468
0.08843198
0.08683206
0.086264156
0.088699795
0.085919306
0.085450664
0.08765918
0.0854634
0.087508865
0.08605107
0.08993307
0.087105006
0.08869226
0.087010354
0.08804224
0.09081529
0.08626538
0.08810643
0.087280996
0.08603404
0.08635773
0.088104926
0.085356474
0.08567879
0.08557147
0.085688755
0.08515194
0.08562939
0.08481378
0.08838973
0.08606882
0.087051444
0.08696302
0.08522184
0.083898075
0.085661344
0.087657645
0.08664454
0.085815646
0.08698718
0.084872216
0.08569128
0.08528008
0.08445421
0.08473647
0.08358303
0.088696145
0.08491093
0.08290966
0.084444016
0.086450726
0.08480696
0.084927134
0.08391704
0.08459497
0.08596663
0.08554378
0.08241834
0.084041394
0.08296859
0.08229154
0.08194127
0.08190043
0.08365287
0.08213319
0.08280123
0.08243759
0.081365794
0.0830086
0.08152025
0.08260996
0.08211042
0.082178585
0.08437184
0.08136574
0.08635777
0.08227538
0.081670366
0.08512438
0.08283454
0.08355687
0.0830676
0.08227084
0.08284753
0.0817107
0.081700206
0.08037262
0.08056214
0.08149485
0.081263244
0.08009218
0.08028784
0.08022533
0.079286106
0.0810176
0.08015597
0.08006332
0.079914615
0.08115158
0.08098176
0.07998053
0.07930493
0.08169069
0.08032843
0.07999796
0.0800761
0.079112664
0.08099531
0.07886164
0.07961082
0.07982806
0.084269635
0.07970511
0.079335466
0.07985014
0.080166
0.07982723
0.080926895
0.078159094
0.07983038
0.07941795
0.07763719
0.07934253
0.07973757
0.080310896
0.07936648
0.079771094
0.07741916
0.077524796
0.08067858
0.07783397
0.080861226
0.078496784
0.07794794
0.0775377
0.07756976
0.078815825
0.07723846
0.07751851
0.077016704
0.077259764
0.07788548
0.07646152
0.076864764
0.07980017
0.076954104
0.07930657
0.07804365
0.076477595
0.076859094
0.07797317
0.077637196
0.0753779
0.07854785
0.078202486
0.07818431
0.07557828
0.07911693
0.07839905
0.078088485
0.07574262
0.07713903
0.07604287
0.0761626
0.076086156
0.076753795
0.07469643
0.075363405
0.07625343
0.07436422
0.07557684
0.076169
0.07464116
0.07536135
0.076326594
0.0751455
0.07527772
0.0752474
0.074344814
0.0747879
0.077772826
0.07414159
0.07527689
0.07492215
0.07411255
0.07442686
0.073921695
0.07619689
0.07655976
0.07358084
0.075215876
0.07490111
0.07520893
0.07465231
0.07405338
0.07369168
0.073759735
0.07238027
0.07261561
0.074171826
0.07379329
0.07359233
0.07363372
0.07411178
0.07410405
0.075445466
0.072247036
0.07363197
0.07347017
0.07430717
0.075327374
0.07416033
0.07432487
0.0728054
0.073116936
0.073137864
0.07432621
0.07339362
0.07189403
0.072495125
0.07332939
0.07327215
0.07257724
0.074923456
0.07507462
0.07485309
0.07414918
0.072989695
0.071783565
0.0730739
0.074029274
0.072038114
0.07220028
0.07269436
0.07139772
0.072843425
0.0721281
0.07600393
0.07245624
0.07157273
0.072696626
0.072206736
0.07288161
0.07217208
0.07083224
0.07076519
0.07182006
0.07256174
0.07967353
0.07180435
0.073310755
0.07326235
0.07289946
0.072903685
0.0724475
0.072034694
0.07170877
0.070272714
0.071865015
0.07019546
0.07027662
0.07019549
0.069284886
0.06903954
0.07224767
0.071008086
0.06933291
0.07231435
0.07074196
0.07025992
0.0705196
0.07069429
0.07082284
0.07002409
0.0700571
0.07140946
0.07119286
0.0703853
0.07043457
0.07064254
0.070654474
0.07009548
0.06924362
0.06959047
0.06981298
0.068571135
0.069279924
0.068595484
0.06887777
0.069793984
0.06808994
0.069618486
0.06952486
0.06900827
0.07080971
0.070201926
0.069533706
0.06757536
0.06824566
0.06870775
0.06945487
0.07184565
0.069932856
0.06796318
0.06853882
0.07049801
0.06978152
0.067853704
0.067383364
0.06764743
0.06884348
0.06975164
0.07040823
0.06860479
0.068622895
0.07031366
0.06856418
0.06962675
0.068767235
0.068677
0.06930077
0.068776466
0.06725067
0.06892224
0.068383045
0.06924759
0.06702217
0.068520784
0.068291456
0.06937993
0.06805221
0.067798786
0.06816052
0.06838863
0.06656436
0.06763054
0.06777401
0.06677336
0.065947816
0.0658907
0.06526164
0.06667518
0.06576667
0.066050835
0.06518281
0.065051824
0.065576464
0.06584449
0.06575913
0.06522553
0.06433378
0.06581296
0.06641361
0.065115586
0.0652246
0.06607708
0.067351006
0.06487846
0.0644134
0.066143356
0.06441041
0.06565601
0.06572483
0.06439607
0.06703621
0.06518285
0.06529893
0.06447153
0.06546565
0.065327205
0.06473873
0.065617815
0.06338949
0.06408468
0.06451868
0.06574079
0.06453876
0.064897485
0.06570435
0.06480417
0.06433142
0.06323331
0.06534541
0.06607329
0.064586274
0.063957736
0.064238004
0.06689969
0.06393553
0.06583678
0.064050555
0.064501874
0.064036876
0.06791151
0.06324219
0.06358358
0.063555695
0.06319547
0.063205466
0.064670034
0.06387299
0.063391216
0.06253709
0.06306279
0.063526794
0.064171754
0.06361026
0.06276538
0.06433874
0.0651423
0.06538541
0.0641927
0.06366871
0.064784035
0.064997315
0.06515897
0.064474754
0.06330116
0.06324592
0.063122146
0.062222667
0.06301614
0.061836146
0.063222125
0.06432879
0.061931163
0.0639096
0.061759464
0.06171942
0.06259618
0.06352037
0.062487606
0.06218816
0.062485855
0.061709788
0.062642425
0.06191937
0.060806528
0.061295386
0.06278612
0.062311675
0.061017275
0.062609114
0.06154722
0.0617608
0.06213284
0.061366756
0.061295044
0.06182387
0.06132641
0.060870178
0.06300006
0.061597332
0.060664203
0.062944084
0.06200083
0.061265353
0.061557397
0.061430678
0.061355125
0.06222835
0.060942773
0.0620562
0.060897566
0.060088325
0.061464198
0.061794568
0.06089028
0.061852705
0.060124405
0.061323036
0.060429186
0.062340684
0.0613649
0.061191462
0.061291352
0.06156403
0.060161803
0.060756773
0.0602234
0.0599318
0.059972562
0.06276455
0.059945315
0.060869094
0.06103277
0.061053887
0.05996351
0.060330972
0.05918711
0.059929453
0.060446735
0.0604426
0.06008644
0.05959103
0.061339423
0.061309867
0.060371015
0.061928976
0.06169208
0.063587666
0.060221646
0.060018823
0.05982479
0.059844278
0.059946895
0.06051516
0.06039157
0.06019494
0.060357258
0.058551613
0.060680404
0.058584966
0.060482267
0.059599295
0.059665464
0.059417013
0.060921818
0.059357464
0.05910304
0.060630217
0.060787886
0.05942567
0.05924967
0.05978984
0.0594059
0.059164807
0.05823114
0.059346296
0.059104595
0.058797635
0.059376862
0.058563955
0.05836173
0.057968482
0.060038757
0.060642846
0.062451735
0.05903903
0.058963142
0.059914168
0.060202815
0.05908133
0.05823668
0.057963118
0.05774689
0.05814393
0.059770986
0.05868474
0.058958855
0.058841262
0.057655588
0.060412947
0.059617072
0.058409035
0.058169305
0.059147097
0.05940112
0.059809715
0.05863737
0.056163926
0.058192708
0.058329582
0.05716169
0.05652731
0.05738416
0.060252383
0.056489497
0.057708345
0.05831456
0.058713447
0.056730125
0.057820745
0.05739444
0.056150746
0.05884876
0.058156647
0.05804877
0.05790902
0.05698145
0.056961767
0.05735819
0.058757566
0.056975603
0.058606792
0.056517407
0.058102995
0.058050122
0.057098836
0.056173805
0.057812907
0.057911057
0.05781964
0.057312477
0.05757715
0.05684121
0.05607044
0.0581001
0.057326574
0.057082757
0.05862794
0.057150487
0.056644153
0.057815406
0.056522045
0.05671032
0.05719075
0.057956032
0.056152415
0.057144824
0.05743647
0.056378223
0.056377564
0.056880105
0.05599031
0.056422487
0.05703757
0.056401405
0.057362825
0.056459952
0.05808305
0.0560727
0.057430714
0.056890294
0.056059476
0.057505194
0.057640437
0.055632904
0.056534864
0.057482406
0.056547973
0.056001127
0.056280863
0.05541076
0.05636629
0.056045458
0.055202283
0.054894652
0.055250812
0.05583449
0.056549832
0.056995526
0.05661532
0.054866184
0.0569587
0.055338766
0.05648149
0.055523492
0.05579996
0.05519932
0.05546872
0.05592411
0.05726287
0.055092193
0.055757448
0.055206817
0.057060376
0.05524871
0.056408502
0.05571179
0.054177918
0.055236906
0.05554931
0.057446674
0.054450944
0.057111345
0.055295277
0.054882005
0.055071753
0.053700764
0.05409084
0.05448392
0.053749185
0.05549734
0.054483574
0.053985592
0.05343632
0.05291981
0.053979017
0.0555295
0.055146515
0.054703366
0.053852215
0.054316252
0.05481036
0.055576924
0.053645536
0.05374075
0.054939717
0.053103544
0.05351622
0.05474553
0.05254853
0.052510787
0.05249098
0.053688444
0.053382844
0.054087274
0.053220246
0.054407805
0.054502968
0.05305058
0.05465291
0.053267308
0.053057685
0.051948667
0.05256129
0.054874077
0.054630507
0.052151993
0.053373374
0.053132325
0.05299189
0.0521094
0.0530953
0.052702382
0.051999006
0.053303156
0.05270216
0.051960442
0.0530512
0.053959202
0.05186058
0.053551834
0.05422507
0.051497724
0.05450659
0.05545172
0.05224729
0.05368042
0.05406101
0.05187094
0.053809848
0.052441817
0.05206557
0.05187547
0.052187376
0.052017648
0.053260867
0.05260074
0.052000772
0.052398138
0.0525612
0.052396458
0.052239776
0.05276497
0.052684527
0.052679554
0.052985653
0.051534347
0.051754054
0.052899797
0.051358387
0.052148055
0.051657107
0.05054444
0.052055005
0.052519478
0.051603153
0.052490003
0.05184642
0.05249868
0.050855264
0.05197938
0.051332638
0.051639915
0.05418356
0.052270394
0.051335607
0.05191068
0.05206121
0.05277378
0.052482318
0.052371286
0.05111255
0.051026028
0.050864562
0.052245315
0.05118072
0.051131446
0.05219783
0.051316038
0.050816722
0.051476363
0.050771512
0.052108623
0.05202864
0.051219616
0.052507
0.051723037
0.050650306
0.050874915
0.05134387
0.051024344
0.05086081
0.05070196
0.05178027
0.05123598
0.0507307
0.05167203
0.050964784
0.049666595
0.05101886
0.05093681
0.050384186
0.050410546
0.05126538
0.050054356
0.050866697
0.0509495
0.050340805
0.050634228
0.05003314
0.049873218
0.050280236
0.05090429
0.05176434
0.05119829
0.049788
0.05084457
0.050494377
0.05258561
0.050701268
0.051300947
0.049733154
0.049403667
0.050659653
0.05085794
0.050015304
0.049634695
0.049926583
0.04997749
0.050503295
0.050117485
0.050180778
0.050158273
0.051215194
0.050813716
0.050445892
0.049310043
0.05102454
0.04936643
0.05021147
0.05023161
0.049946096
0.050560404
0.04881295
0.049696196
0.051373962
0.050181635
0.050859697
0.05025389
0.048975073
0.049676176
0.051233586
0.049280465
0.050672524
0.049500834
0.05005536
0.052322432
0.04996112
0.049482014
0.05009169
0.049175724
0.049229216
0.049025886
0.050675333
0.04894996
0.05038098
0.05066907
0.04916791
0.048521955
0.049160462
0.050181184
0.050101243
0.04998364
0.04999777
0.049340088
0.049528617
0.050458107
0.051034354
0.048718043
0.04996948
0.04916349
0.049112357
0.048648
0.04885863
0.0502721
0.050397597
0.04945368
0.050882287
0.049271043
0.04930761
0.050392095
0.04892196
0.051420722
0.049770154
0.04879039
0.050199524
0.049261723
0.048714377
0.048328403
0.048855923
0.04949246
0.049123064
0.050016083
0.047674865
0.04839588
0.04898531
0.048463687
0.049759597
0.049106743
0.0480606
0.048297327
0.049491595
0.047993477
0.047960825
0.048107482
0.048095632
0.048404578
0.047969848
0.047348745
0.048687756
0.04727701
0.048878897
0.048184916
0.048892178
0.04712218
0.049120747
0.04805732
0.04922375
0.046821594
0.048824467
0.048595525
0.0478501
0.046956223
0.047625434
0.04715324
0.047103345
0.047822535
0.047891103
0.047998868
0.047032453
0.04769825
0.048008792
0.04801424
0.04834546
0.04809916
0.04750495
0.049705435
0.046971656
0.04815427
0.047853407
0.046786286
0.05218138
0.0476871
0.048753362
0.048058953
0.048648536
0.047191128
0.048759673
0.04808363
0.046942815
0.04578526
0.0464982
0.04671296
0.046256408
0.04581046
0.04643501
0.046331584
0.04832601
0.04614844
0.04829038
0.046631034
0.04749181
0.046520457
0.04667757
0.048061177
0.046785265
0.04653186
0.04746577
0.046925053
0.04550738
0.04845429
0.04631797
0.04631463
0.04692738
0.04563218
0.046375174
0.046691075
0.047695268
0.046870295
0.045300424
0.046041075
0.04628228
0.046133127
0.04555739
0.045928206
0.046565954
0.0462423
0.045980904
0.047062993
0.046793897
0.045973156
0.045816198
0.046403952
0.048111893
0.04542172
0.046594143
0.04589269
0.045943722
0.04622841
0.046547532
0.045365296
0.04542586
0.04570624
0.045630544
0.046165697
0.046029065
0.046536323
0.045299284
0.046451937
0.045088034
0.045373943
0.04573496
0.04626984
0.046528835
0.04556089
0.046615988
0.045973223
0.045521263
0.045110412
0.045344308
0.046877474
0.047500752
0.04582469
0.045773804
0.04550649
0.04619524
0.046207543
0.04659393
0.04688038
0.045370523
0.04632472
0.04571625
0.046452798
0.045093246
0.0454763
0.046542525
0.046404272
0.045148518
0.04566713
0.045945425
0.044618897
0.046716794
0.04592794
0.045380164
0.044661216
0.045477647
0.045249626
0.044935215
0.04493443
0.045027174
0.04556921
0.045625202
0.046478346
0.04522788
0.045789406
0.044528645
0.046662338
0.04561191
0.04576142
0.044827156
0.04557262
0.045203548
0.04527152
0.0450692
0.046434112
0.044293005
0.04493325
0.04502453
0.044998854
0.045496803
0.045764375
0.044478294
0.044721402
0.044823587
0.044774245
0.04509933
0.043952398
0.044756204
0.045555428
0.044350673
0.045738313
0.044394284
0.044687733
0.046636727
0.04478632
0.044798616
0.045063324
0.044501316
0.044301182
0.044982694
0.044273786
0.044396255
0.045214947
0.04559072
0.044955906
0.04454991
0.044436835
0.04477879
0.044284802
0.044787947
0.04536683
0.04447767
0.044110227
0.044355933
0.044237763
0.04514735
0.046037562
0.044248324
0.0449012
0.043886457
0.044368003
0.044491958
0.042982407
0.04489638
0.04462437
0.04412574
0.044313736
0.044188038
0.044220977
0.044372078
0.04459665
0.043949984
0.045588173
0.043004192
0.043207176
0.04371916
0.042995844
0.043568064
0.04414304
0.04481805
0.0439263
0.044068743
0.04438981
0.043210957
0.043662842
0.04346603
0.044581402
0.043541614
0.043295424
0.043963887
0.043325465
0.043853212
0.043070793
0.04395346
0.04403477
0.043864556
0.04292252
0.043043554
0.04345592
0.044010047
0.043191712
0.043281194
0.044010952
0.043441143
0.042938605
0.043225393
0.042485956
0.042316917
0.04310531
0.04407241
0.043536853
0.04323836
0.043418664
0.043615755
0.044007063
0.04312504
0.043786272
0.043030087
0.04326798
0.04269124
0.042705625
0.04322158
0.04310805
0.04185507
0.043200307
0.04387261
0.042158
0.042965196
0.0427514
0.04287144
0.043356236
0.04318025
0.04337687
0.043187436
0.043252967
0.042851184
0.04342434
0.04248191
0.04252267
0.041903928
0.04330613
0.041970212
0.042301234
0.04325045
0.042585652
0.04219108
0.043568026
0.04217574
0.042264447
0.04372844
0.042003274
0.04313473
0.042253632
0.041669674
0.04360643
0.042155836
0.042844716
0.041785687
0.04306321
0.042941067
0.043433685
0.042990606
0.041808326
0.04312027
0.042789925
0.042934995
0.041784443
0.042329814
0.043063633
0.042213336
0.042475227
0.042071547
0.042236954
0.042269185
0.042750854
0.043062434
0.041553583
0.0419816
0.0418734
0.042429507
0.043249574
0.04194807
0.041644163
0.04199578
0.043323956
0.041525334
0.04238042
0.041686483
0.042999428
0.041775566
0.04239104
0.043177802
0.041591693
0.042612664
0.042520657
0.04240516
0.041761428
0.042416304
0.04171343
0.04115609
0.040912084
0.041688945
0.04196271
0.041507345
0.04193093
0.04093773
0.041368205
0.04122544
0.0413176
0.04110347
0.043958027
0.040801752
0.042518377
0.041009407
0.041818053
0.041232068
0.040815942
0.041356295
0.042920176
0.041818872
0.04192098
0.04073577
0.041663468
0.041844986
0.041534703
0.04154062
0.042595364
0.04168354
0.041990574
0.041993108
0.04206255
0.041679148
0.043453667
0.041575644
0.04193222
0.042281345
0.040899187
0.040824756
0.041098423
0.0407513
0.041139778
0.04214275
0.04109251
0.040475342
0.04155187
0.041079205
0.04124454
0.04146156
0.04132751
0.04011466
0.04089411
0.0411175
0.04184909
0.04196453
0.040747307
0.041199937
0.040666036
0.042919282
0.041052923
0.041182477
0.04048473
0.0410207
0.041488707
0.041917533
0.04211766
0.040910576
0.041923508
0.04025138
0.042279594
0.040899232
0.04227688
0.04125904
0.04064178
0.04071916
0.040492818
0.041175712
0.040168818
0.041594747
0.040164594
0.040066898
0.04219729
0.04057416
0.04063698
0.040371533
0.04187638
0.039917808
0.04104627
0.039793376
0.040052563
0.040603645
0.040957037
0.043091852
0.0409842
0.040852927
0.039927494
0.040744595
0.039871637
0.0397323
0.040267926
0.040554557
0.04111287
0.04134131
0.041802872
0.04008287
0.03963828
0.04027077
0.03994858
0.040479403
0.040064722
0.041150514
0.041238062
0.040239066
0.0394708
0.039675176
0.039737284
0.0401033
0.039970566
0.040417064
0.038988862
0.040863078
0.040021855
0.04026873
0.04154757
0.039978877
0.03935288
0.040015265
0.039511185
0.04037192
0.03965418
0.040100016
0.039164852
0.04038642
0.039271962
0.0401422
0.03961889
0.039532464
0.039968543
0.039996747
0.039684076
0.0397175
0.039703798
0.0404886
0.038919687
0.03899122
0.039459728
0.03916839
0.039029084
0.040840656
0.041532237
0.039618585
0.039794262
0.039462503
0.039883185
0.038939085
0.039677415
0.03963137
0.040125072
0.04053319
0.039297096
0.03934682
0.040172566
0.03876262
0.03937371
0.040174823
0.039551422
0.040351372
0.040486105
0.03887409
0.039568555
0.039766423
0.040610507
0.038770027
0.03920333
0.038978368
0.039256718
0.03916759
0.039111566
0.038434725
0.039590377
0.03848825
0.039587438
0.038586143
0.03932992
0.038783018
0.038707938
0.039783776
0.039036684
0.038448162
0.038816668
0.038656414
0.04029678
0.039710864
0.03925452
0.03947487
0.038366675
0.039506923
0.038851175
0.04027783
0.039681368
0.039358474
0.03896638
0.040326033
0.039504007
0.039740473
0.03856983
0.038536504
0.039005086
0.038333997
0.039708186
0.039578862
0.038959146
0.03908071
0.039317545
0.040034644
0.03875668
0.039942365
0.039109938
0.039622445
0.038587872
0.038424395
0.03982828
0.039645858
0.03902345
0.039935827
0.039957315
0.0389222
0.03943995
0.03912328
0.038687818
0.0390925
0.038975563
0.038575955
0.038731307
0.039185066
0.03858171
0.04029543
0.037929405
0.038695395
0.03814827
0.040085904
0.039380495
0.03899913
0.040064238
0.038288146
0.0383912
0.03875132
0.03956062
0.038869448
0.038888056
0.03862784
0.038555548
0.038642596
0.038402177
0.03877033
0.039233517
0.038447764
0.038150582
0.037917476
0.039281823
0.038236305
0.0385735
0.039232686
0.038791437
0.03770351
0.038959917
0.038899917
0.037985113
0.038871773
0.038481794
0.037788372
0.03874964
0.037918344
0.037770163
0.038756263
0.038272988
0.03877378
0.0387576
0.037991844
0.03826026
0.038053285
0.03834942
0.038837336
0.03861375
0.03914419
0.037981883
0.038752425
0.03899585
0.037995175
0.0385321
0.038862936
0.037322473
0.03815625
0.038019333
0.03775436
0.038029276
0.03887363
0.038065612
0.037828736
0.038751
0.03776137
0.03820714
0.038276307
0.039229587
0.037581764
0.0392537
0.03782311
0.03769231
0.03797981
0.04050383
0.03935619
0.039133552
0.039293364
0.038472902
0.03837167
0.037482742
0.037417434
0.039748188
0.037130706
0.038585376
0.03908609
0.039242584
0.037710216
0.038561173
0.037865356
0.038227737
0.037294175
0.037955604
0.03840074
0.03799258
0.03671358
0.03796269
0.039043017
0.03715301
0.038037714
0.03739152
0.037336558
0.038289454
0.0387142
0.037358172
0.037660144
0.03756058
0.037848894
0.038670577
0.038135655
0.03750885
0.03754044
0.037802193
0.03752875
0.03720157
0.03743763
0.037633218
0.038173325
0.037537925
0.037907287
0.03833265
0.038129408
0.037823293
0.03810132
0.03801373
0.037586406
0.039153516
0.03786263
0.03792097
0.03748234
0.038924754
0.038042966
0.037971154
0.03800245
0.03700236
0.03709457
0.037715703
0.038040046
0.037965257
0.037926484
0.03751232
0.038110573
0.038204696
0.0375525
0.036984798
0.03767991
0.037036203
0.037506778
0.037653707
0.037883006
0.03710853
0.03771219
0.038358197
0.038984273
0.036893964
0.038052753
0.037487935
0.038030103
0.03787246
0.037514314
0.037257574
0.036861867
0.037399497
0.037253268
0.037803832
0.03846944
0.037791114
0.03674558
0.037098736
0.037283763
0.037842736
0.0376694
0.038134225
0.037821293
0.037794173
0.03780738
0.03861519
0.03778253
0.037934296
0.037576206
0.038457323
0.037963904
0.038041614
0.03756071
0.037417553
0.0365968
0.03741333
0.036440015
0.03713426
0.03733056
0.03689394
0.037371334
0.036132984
0.0364361
0.03634933
0.036554247
0.03772211
0.03679862
0.03706843
0.038379446
0.037257276
0.036789842
0.03744555
0.038062375
0.03678528
0.03689728
0.037979703
0.036028825
0.03660384
0.03669408
0.036602654
0.03640125
0.03710362
0.03728584
0.036823142
0.036149997
0.03757599
0.036593806
0.036656633
0.03695421
0.03718937
0.036965974
0.03639382
0.036463473
0.036431815
0.036724772
0.037166145
0.038038958
0.037439294
0.0355439
0.036528468
0.03597586
0.03605747
0.036717054
0.037792925
0.0357698
0.03659323
0.035673
0.036902267
0.03614399
0.036338545
0.03564052
0.03670522
0.036024913
0.035995036
0.036475994
0.036509447
0.036618475
0.03629166
0.036305014
0.0366157
0.03617842
0.036685444
0.036464315
0.036904424
0.036607094
0.036008626
0.036910284
0.03634215
0.036230274
0.03575574
0.03620949
0.035692055
0.03644695
0.036021914
0.036390048
0.03549733
0.035466455
0.035528835
0.03673585
0.03688873
0.035982024
0.035727285
0.036164213
0.03699853
0.03671403
0.03661777
0.036316156
0.03603707
0.036600776
0.03596208
0.03624749
0.03605942
0.035823766
0.036293022
0.037001442
0.03645012
0.03516874
0.0369953
0.03656017
0.0357273
0.035933975
0.035838403
0.03592934
0.036528993
0.035847533
0.036173206
0.035694495
0.03627394
0.035892315
0.03588285
0.035149947
0.036060352
0.035651
0.035653234
0.035891227
0.03517036
0.03515282
0.035632677
0.035493128
0.034783557
0.035709713
0.034977995
0.035372436
0.035683703
0.035621136
0.035149813
0.036083944
0.03626746
0.036061592
0.036823038
0.036224905
0.035692178
0.03574776
0.036175
0.036972314
0.03573833
0.037075825
0.035181172
0.035765547
0.036395654
0.035178754
0.035727832
0.036701918
0.035684388
0.03652164
0.035482187
0.035504907
0.035035037
0.0364958
0.03572159
0.036846213
0.035262663
0.03534167
0.035478406
0.035152283
0.03509564
0.035168312
0.034732908
0.0360448
0.035847623
0.036093205
0.034991145
0.035623617
0.03601158
0.035166997
0.03600239
0.035220183
0.035658006
0.03580589
0.03575894
0.03550741
0.035857007
0.036021903
0.0346893
0.03522482
0.03565792
0.03516415
0.035556838
0.034619395
0.03486444
0.03524497
0.03544504
0.034816314
0.03657163
0.034873612
0.03467236
0.03548284
0.034357686
0.03516962
0.034281977
0.034697782
0.035942268
0.034322504
0.03479002
0.035610884
0.035303537
0.035060316
0.035761412
0.034275737
0.034663357
0.035218816
0.034574475
0.035811707
0.035177905
0.034503218
0.03573265
0.034968127
0.035098583
0.034652565
0.034642667
0.035333045
0.035539597
0.034494538
0.035461552
0.03466249
0.034376357
0.034441184
0.035358515
0.035963796
0.034537245
0.035496734
0.03505259
0.035079427
0.035769228
0.035248313
0.034520507
0.034423485
0.034366664
0.03498549
0.035024628
0.034755968
0.034950983
0.035374463
0.034803193
0.03486047
0.03513073
0.034597937
0.035825193
0.035429593
0.034149073
0.035081863
0.034868035
0.03538744
0.034798656
0.034462005
0.034620006
0.035670344
0.03481245
0.03437459
0.034527212
0.033891253
0.03404901
0.034806997
0.034340367
0.034146983
0.035866346
0.034225725
0.03391469
0.034866802
0.034753036
0.034532007
0.03465489
0.034370277
0.0343762
0.033722054
0.03414069
0.034421843
0.033722363
0.03525008
0.034593116
0.03430257
0.034019746
0.034396734
0.034213413
0.034404945
0.03548386
0.035370298
0.035555247
0.03480086
0.0338934
0.034399237
0.03393769
0.034510817
0.034118354
0.033909272
0.034445524
0.034416433
0.0341193
0.03459483
0.03401497
0.034629297
0.03394045
0.034351926
0.03383265
0.03469059
0.033784863
0.034521982
0.034883272
0.034487393
0.03390386
0.03438682
0.034463864
0.034905676
0.034161054
0.034743216
0.03353651
0.034037627
0.03392626
0.0334814
0.03367629
0.034341272
0.0343113
0.034097906
0.034331664
0.03360539
0.03427414
0.033679746
0.034240663
0.03369839
0.03404221
0.035224345
0.034058284
0.03359639
0.034473862
0.033415813
0.033467468
0.034257405
0.03344291
0.033727076
0.03381947
0.03441176
0.034013223
0.034030195
0.034473497
0.03503082
0.03313802
0.034355935
0.034833107
0.03363832
0.03356589
0.033208642
0.034234747
0.03410594
0.034383662
0.033351645
0.034635417
0.033522807
0.03359193
0.033948496
0.033875324
0.033932116
0.03295631
0.033794682
0.03379723
0.03346604
0.03337771
0.03400382
0.03347866
0.033117305
0.033715002
0.033547875
0.033449497
0.034301795
0.033010226
0.033586856
0.03373752
0.033731297
0.03387452
0.034690894
0.033846617
0.03389658
0.033272516
0.032999475
0.03408178
0.033316437
0.032596834
0.034329616
0.03371072
0.033768386
0.03364093
0.033895116
0.03469601
0.033732843
0.03374695
0.033376172
0.032847445
0.033396997
0.032799527
0.032961145
0.03270552
0.034220874
0.034003653
0.03316811
0.033011712
0.03389068
0.03317421
0.032770477
0.033161778
0.03282105
0.032763578
0.032855555
0.03381111
0.03293617
0.03286869
0.03304008
0.032650214
0.03328488
0.033179224
0.03294128
0.032644033
0.034326
0.033836488
0.03334019
0.03329321
0.033688076
0.03385311
0.03316306
0.03333172
0.0354452
0.032676477
0.033917315
0.034748483
0.033263236
0.03276035
0.03334893
0.03333779
0.032578416
0.033002228
0.033021778
0.032659452
0.0322548
0.03271014
0.033400524
0.03300512
0.03380168
0.033843543
0.033696648
0.03411625
0.03290985
0.03332932
0.033002224
0.033879172
0.032952923
0.033398774
0.03420836
0.032881837
0.034514558
0.03345797
0.033152193
0.03355828
0.033595316
0.033142976
0.033301078
0.032946687
0.03311903
0.03475496
0.032433264
0.033819273
0.03310728
0.033089954
0.033688743
0.032954063
0.03255402
0.0334182
0.03308201
0.033487786
0.033176463
0.032987606
0.03345423
0.033374462
0.03309354
0.03208753
0.032787494
0.03231355
0.03322918
0.033009853
0.033199318
0.03234498
0.03244307
0.033906087
0.032082736
0.032469563
0.03221151
0.03263356
0.032400537
0.03203899
0.032323897
0.032757863
0.032988865
0.032883137
0.03222583
0.03328865
0.032259334
0.032748334
0.03253448
0.03235392
0.032777432
0.03285811
0.032632254
0.03366627
0.032438613
0.033084456
0.03267883
0.032302987
0.032876417
0.033157893
0.032256506
0.033436958
0.033380993
0.03205052
0.03204595
0.032383576
0.0323506
0.032049112
0.03333618
0.032895934
0.033290848
0.034078985
0.03205017
0.03308438
0.03346302
0.032996904
0.03330928
0.032742936
0.032143522
0.032982532
0.033007283
0.032372784
0.03252341
0.032339375
0.032792453
0.0321189
0.032674428
0.03224099
0.032343995
0.0329457
0.032535583
0.03304349
0.032444652
0.03247417
0.032745905
0.032798044
0.033419292
0.032213744
0.03355636
0.032915685
0.03238873
0.0324839
0.032061424
0.032538533
0.032549128
0.03209704
0.03336393
0.031862903
0.031666845
0.03334976
0.032851636
0.03197082
0.03310195
0.032246754
0.031521674
0.033113766
0.03152413
0.03305917
0.033022787
0.033410456
0.033239916
0.031850856
0.032097757
0.032008547
0.032186292
0.032893546
0.032447573
0.032071613
0.032189082
0.032251254
0.033621315
0.03197287
0.03202012
0.03188968
0.032583594
0.032487273
0.03256412
0.031933695
0.03164927
0.03246825
0.031857695
0.032460853
0.031818967
0.031822015
0.031937607
0.03225593
0.03177801
0.031634282
0.031728633
0.03180669
0.03240126
0.03223678
0.032368135
0.032091767
0.032297634
0.03270913
0.032111704
0.031894367
0.03213769
0.033136062
0.03198206
0.032453682
0.032396406
0.032072064
0.03233848
0.032503825
0.031463504
0.03182262
0.03170604
0.032528814
0.03183671
0.033168335
0.03250266
0.032103613
0.031826243
0.031602524
0.03170532
0.031002231
0.03171395
0.031611793
0.031736642
0.031489138
0.032475382
0.031486686
0.031728912
0.032139342
0.031484175
0.032192577
0.031869665
0.03179469
0.031786405
0.031292282
0.03102928
0.033664178
0.030938232
0.031472217
0.03156513
0.03105906
0.030847186
0.03209951
0.030533796
0.032331593
0.03132833
0.031183075
0.031687107
0.031304218
0.03089684
0.031159207
0.031796806
0.031196896
0.031992238
0.032492675
0.03116802
0.031141838
0.030902453
0.031631246
0.031445853
0.03204087
0.031392094
0.031176679
0.03213747
0.031766698
0.03230528
0.031283993
0.03110403
0.031145347
0.031390663
0.032015
0.031926814
0.03172117
0.031529594
0.03109232
0.03120641
0.03170013
0.03094501
0.03220286
0.031243498
0.031038452
0.032124143
0.031251416
0.03198608
0.030900687
0.032184683
0.031638246
0.031609617
0.03206367
0.03205365
0.031401023
0.031547252
0.031537794
0.031376563
0.031130403
0.031749107
0.031717986
0.031691078
0.031193115
0.03173428
0.031049926
0.031857785
0.03108324
0.030941263
0.031697962
0.031462524
0.031358697
0.031232867
0.031160742
0.031121308
0.031724613
0.03149554
0.031237923
0.03159269
0.031203326
0.03160847
0.030625751
0.031130074
0.03093467
0.032061372
0.0316963
0.031658843
0.031093828
0.031530328
0.031036252
0.032200955
0.031905137
0.03071535
0.031010289
0.031790785
0.031703703
0.031037163
0.03144531
0.031978514
0.031576585
0.03125581
0.030770827
0.031112786
0.03112589
0.03102043
0.031890113
0.032681696
0.030950539
0.031687725
0.031383764
0.031001737
0.030609323
0.031873036
0.030931737
0.030795882
0.031250034
0.031286143
0.03133708
0.030857168
0.030816939
0.031291325
0.030314937
0.030661134
0.030713838
0.0313677
0.03148618
0.03128933
0.031132808
0.031566303
0.030943692
0.030582678
0.030491667
0.031133601
0.031121273
0.031921823
0.031155517
0.031331737
0.031197976
0.03153456
0.031538088
0.03092624
0.0312774
0.031455178
0.030620284
0.030946936
0.030976258
0.03183934
0.0316579
0.03164556
0.030787678
0.03164999
0.03134652
0.03114647
0.030590625
0.031114435
0.030234173
0.030640278
0.03074074
0.030940104
0.030597948
0.030721895
0.031050945
0.031092616
0.031281564
0.030391138
0.030705106
0.030545065
0.030585311
0.03047949
0.031121338
0.030876579
0.03060931
0.030480528
0.030041168
0.029855715
0.030252784
0.030668598
0.03089413
0.030366886
0.030895565
0.032094136
0.03166045
0.030260505
0.030521149
0.031103102
0.030794794
0.030288093
0.03059267
0.030376827
0.030581981
0.030606616
0.030572403
0.030047163
0.030435309
0.03053609
0.03007047
0.030357052
0.030296557
0.030483482
0.030272473
0.032257855
0.030981567
0.029851831
0.030982276
0.030524535
0.030802201
0.03041032
0.031154126
0.030251512
0.030745868
0.030359128
0.030022739
0.03038538
0.030103043
0.03021372
0.030727671
0.031014694
0.03058951
0.03128992
0.030297257
0.030778555
0.031147595
0.03108693
0.030240653
0.031097483
0.030386265
0.030327838
0.030599844
0.030928565
0.030095072
0.030669443
0.031125316
0.030357668
0.030868215
0.03038964
0.030500103
0.029951379
0.030014155
0.03072846
0.031290654
0.030792324
0.030634718
0.030498158
0.030802544
0.030372875
0.03078234
0.029524567
0.030604916
0.029926084
0.030284274
0.030433059
0.030367749
0.030240513
0.031457156
0.030511254
0.030296095
0.02996296
0.030654844
0.030399363
0.030947048
0.030029062
0.03043831
0.02990027
0.030880537
0.030178696
0.029781602
0.030110024
0.030144803
0.029746544
0.030093797
0.030601183
0.030405335
0.029966513
0.031219518
0.030198129
0.030568078
0.030223863
0.031097258
0.030863013
0.030552762
0.030473026
0.030354409
0.030879878
0.03040184
0.029679833
0.032078587
0.030121773
0.030018518
0.030183837
0.030824522
0.030213313
0.030155629
0.031452198
0.03047192
0.030215334
0.030642847
0.029582817
0.030437475
0.030472234
0.03141236
0.030438075
0.030343734
0.030707661
0.030099973
0.030274518
0.029970203
0.030350303
0.03051041
0.029724358
0.030183138
0.030358838
0.030146455
0.02987271
0.031107733
0.03007139
0.029488115
0.029564777
0.029955117
0.03085723
0.030713828
0.029988473
0.030135365
0.029594786
0.031467803
0.031189583
0.029519083
0.030315803
0.029786741
0.030447397
0.029926779
0.029992905
0.030330505
0.030335125
0.03037867
0.029848853
0.029622568
0.030100748
0.030679578
0.029511768
0.029621432
0.029677082
0.029512295
0.030173786
0.029648608
0.029975157
0.029912766
0.030018907
0.029477132
0.030148314
0.02957929
0.028979287
0.029377587
0.029614283
0.029776296
0.029780366
0.029876526
0.030230457
0.03016438
0.029619638
0.029286094
0.029944409
0.029559016
0.029819202
0.0297814
0.029626843
0.030248232
0.029783193
0.030695207
0.029487994
0.030155562
0.029286696
0.029562231
0.030150475
0.029344259
0.029819068
0.03046391
0.030289885
0.029641159
0.0296328
0.029351305
0.029729404
0.029431215
0.02965426
0.029399512
0.029254215
0.029298726
0.029235903
0.029686498
0.029338896
0.029389454
0.029956557
0.02967795
0.031066852
0.028943121
0.029229648
0.028950507
0.030188698
0.029445508
0.029570885
0.028893946
0.029249566
0.028919324
0.03053018
0.029524963
0.029370489
0.029383032
0.029369794
0.03021403
0.029806808
0.030251937
0.029956933
0.030600412
0.029451367
0.029043673
0.029460914
0.029082777
0.029858299
0.029234262
0.028785879
0.02917204
0.02940502
0.02948368
0.02901784
0.029712837
0.02917875
0.029418666
0.028984122
0.029729672
0.030141031
0.029160947
0.029407568
0.0294604
0.029660067
0.029032812
0.029734056
0.030258926
0.028742032
0.0294248
0.029351724
0.030323336
0.028923528
0.028411452
0.02955927
0.028748088
0.029556675
0.030280387
0.02882522
0.029797817
0.029889194
0.030004978
0.030208936
0.029298304
0.030504579
0.029747352
0.029252546
0.030491777
0.028666295
0.02955925
0.028903842
0.029567355
0.028944405
0.029140783
0.029142473
0.029470583
0.029584914
0.028971244
0.029371707
0.030153364
0.029592602
0.029224709
0.02906079
0.028846262
0.02902328
0.029651355
0.028775694
0.029005367
0.028904049
0.029109612
0.029509597
0.029115815
0.028803429
0.029188605
0.028868625
0.02909131
0.030002741
0.029628135
0.03049205
0.0296495
0.029152617
0.029699573
0.029364504
0.02975782
0.02916624
0.029463023
0.029559404
0.02997073
0.0292719
0.029592656
0.029431114
0.029416
0.029125469
0.029056607
0.02984758
0.028640391
0.028673444
0.028925866
0.02876009
0.02978272
0.02889108
0.028781487
0.029029021
0.02907109
0.02940835
0.03048686
0.028950319
0.029203076
0.029341541
0.028752187
0.028455168
0.029966086
0.028710643
0.028510468
0.028602842
0.02835935
0.028317612
0.028735269
0.02859581
0.028935261
0.029123833
0.028649194
0.028505627
0.028609686
0.029204348
0.028601332
0.02810877
0.028331764
0.029556612
0.02925008
0.028456103
0.02877753
0.028977629
0.029395794
0.028300462
0.028499762
0.028379962
0.02916234
0.028560711
0.029154407
0.028651005
0.028647382
0.029024564
0.028923543
0.028272495
0.028783754
0.028885266
0.028568055
0.029142223
0.02891805
0.028589366
0.028854338
0.028934738
0.029151147
0.029820776
0.02979387
0.02902616
0.02958436
0.029010158
0.029110244
0.02920094
0.028576296
0.02885192
0.029186325
0.029302092
0.02930967
0.029050734
0.028745262
0.028478008
0.02846957
0.030242156
0.028304799
0.028287197
0.028426232
0.028559444
0.028480139
0.029219722
0.028696097
0.02875067
0.029313508
0.028732715
0.028863266
0.028309524
0.028688483
0.028773503
0.02918252
0.028702654
0.030295298
0.028967619
0.028806094
0.029178582
0.029774666
0.028881686
0.02900425
0.028765662
0.02858529
0.02811514
0.027716877
0.028409196
0.027874239
0.027757317
0.028578853
0.028642336
0.027991092
0.028277662
0.02823423
0.027952375
0.028588936
0.028386515
0.028251806
0.027872998
0.028303623
0.02859149
0.029113743
0.02851946
0.02793278
0.028137928
0.028169116
0.029365983
0.027800933
0.029349288
0.02918257
0.028153453
0.028897732
0.02923914
0.028792609
0.027802609
0.02823908
0.028571142
0.028352851
0.029395718
0.028313287
0.027928423
0.027773598
0.029439948
0.028426247
0.028310677
0.028569428
0.02874306
0.028298602
0.027994798
0.028906649
0.028656205
0.029490478
0.028282503
0.028333817
0.02926489
0.029446576
0.0288935
0.028421333
0.028347053
0.028922541
0.028300282
0.028745707
0.028056648
0.028619634
0.029564718
0.027753849
0.028526599
0.028454656
0.02776201
0.02837384
0.02832568
0.028856132
0.028794546
0.02865836
0.029056739
0.02827261
0.027883284
0.028285656
0.028768893
0.028708985
0.02825787
0.028754726
0.028517555
0.028960984
0.029238068
0.028493496
0.028191872
0.027964905
0.028615542
0.02832165
0.028140409
0.029176774
0.028281713
0.027722076
0.028512936
0.028290758
0.028273998
0.028181031
0.028116493
0.0284146
0.028416924
0.02848469
0.0283714
0.028017629
0.028213331
0.027846659
0.029391287
0.027844613
0.02917241
0.029264448
0.02830029
0.028083546
0.02829465
0.02863418
0.028231809
0.027919319
0.02806838
0.027638864
0.027431767
0.027975049
0.027943183
0.028435653
0.027993832
0.027940575
0.028228583
0.028274197
0.028702267
0.027763322
0.028399887
0.027837357
0.029127918
0.028291611
0.028087491
0.028027898
0.027790468
0.027721146
0.028785495
0.027788293
0.028342258
0.02807986
0.027868096
0.027884683
0.027523795
0.027557593
0.027726123
0.02771322
0.02721726
0.028255917
0.028029902
0.02716192
0.028270522
0.027634792
0.027773004
0.027893731
0.027392182
0.028806936
0.027488777
0.028109724
0.02882437
0.027942669
0.028448824
0.029059436
0.028008647
0.028410431
0.028366027
0.028135616
0.027661946
0.027481867
0.028317552
0.027847547
0.027565321
0.02773263
0.028393714
0.02730827
0.027864007
0.027577205
0.02780199
0.027720632
0.027256796
0.02762003
0.027672775
0.027838305
0.027423095
0.028287945
0.027270902
0.027183522
0.0280473
0.028200256
0.027470738
0.027935699
0.027577955
0.02740935
0.027437486
0.027877513
0.027916156
0.02784405
0.028422732
0.02719603
0.028921688
0.028440135
0.027772387
0.02775142
0.027762307
0.027764376
0.027783966
0.027457887
0.028138751
0.027807182
0.027659466
0.027489154
0.027397575
0.027244678
0.027081115
0.027374469
0.027714202
0.027874986
0.028128933
0.028235553
0.027999613
0.028092736
0.02755315
0.027851911
0.027758854
0.027587386
0.028132701
0.027362004
0.027136505
0.027337575
0.02845201
0.027613161
0.02728372
0.02766135
0.027924249
0.027245069
0.02725988
0.027426176
0.027243093
0.026838705
0.027415287
0.028125225
0.027669853
0.026926614
0.027331619
0.0274594
0.027377782
0.027777867
0.027574772
0.027428113
0.027127001
0.02692656
0.027290408
0.027768131
0.027841454
0.0268607
0.0276016
0.027776428
0.027943837
0.02816197
0.028085267
0.027836723
0.02767661
0.028402941
0.027516266
0.027752928
0.027846133
0.027485251
0.02852286
0.027925402
0.028394235
0.027391035
0.027354116
0.02782031
0.027543461
0.027618792
0.02889066
0.027336631
0.027675828
0.027553992
0.027315749
0.027114883
0.027077572
0.027123714
0.027636427
0.027471028
0.027465507
0.027028998
0.026761033
0.027962025
0.028939227
0.02768105
0.027239189
0.027687227
0.027273485
0.028354015
0.027033562
0.028403506
0.027268842
0.027397247
0.027011208
0.02708422
0.027107423
0.027412428
0.027154125
0.02749346
0.027056405
0.027496088
0.027442647
0.027533168
0.027745351
0.02705231
0.02681855
0.028225685
0.027467169
0.027662154
0.02715676
0.02759639
0.027011603
0.027830467
0.026871387
0.02773495
0.02717026
0.028864305
0.027557919
0.027579395
0.027495403
0.027451135
0.027532538
0.02780635
0.027249815
0.027267097
0.027049648
0.027531724
0.02700373
0.027251687
0.027151749
0.027315103
0.027377248
0.02676333
0.026941715
0.027569428
0.02773253
0.027341397
0.027734969
0.027354065
0.026977401
0.026640499
0.026708998
0.027524441
0.027605403
0.027291987
0.02728203
0.027028767
0.026916299
0.027236437
0.026872335
0.026893526
0.027446095
0.02794856
0.02742659
0.027009191
0.027583238
0.02711166
0.026828075
0.027709493
0.027173158
0.027093813
0.026825836
0.027305244
0.027047804
0.027138645
0.026841927
0.026957858
0.02702712
0.02727627
0.027108373
0.027328001
0.02768111
0.027221436
0.027029548
0.027238274
0.027412802
0.02731397
0.0266942
0.027078245
0.027751384
0.027969398
0.027190775
0.027808076
0.02662377
0.027706586
0.026969617
0.027479248
0.026868396
0.02691062
0.026529934
0.027726956
0.026990572
0.026802335
0.027360315
0.026700092
0.026783485
0.026835075
0.02737725
0.026830714
0.02676833
0.026865536
0.027168859
0.027891822
0.02745204
0.02796485
0.026706664
0.027380407
0.027102077
0.02725557
0.026806768
0.027574401
0.026710687
0.027173901
0.026740756
0.027090209
0.027365278
0.026999708
0.026887747
0.026982307
0.026755366
0.02672611
0.027388502
0.027772836
0.026860038
0.026544143
0.026597178
0.028960781
0.026930617
0.026765242
0.027698673
0.027436027
0.026617762
0.026758382
0.02737668
0.02681906
0.026657594
0.026710033
0.026849091
0.026939528
0.027013699
0.027272549
0.026898688
0.026691252
0.027620045
0.026638916
0.026572011
0.027016286
0.027897853
0.02690087
0.026555246
0.026775705
0.026675615
0.026216885
0.026665127
0.027396081
0.027185122
0.026818756
0.026290333
0.027364364
0.02676293
0.02695758
0.026771335
0.027409177
0.027504811
0.027142782
0.02674482
0.027574105
0.02666035
0.026511246
0.02692394
0.026664877
0.028090142
0.026319794
0.026636645
0.026649132
0.026632875
0.026778378
0.026424771
0.026759557
0.027231824
0.027558563
0.02711948
0.02679629
0.026600217
0.026945813
0.02646523
0.027455397
0.026942847
0.026634684
0.026834073
0.026580315
0.02755407
0.02734957
0.026727099
0.027275544
0.027396813
0.02841841
0.02647209
0.026874915
0.026523335
0.026375089
0.02659452
0.026381014
0.026704492
0.028017163
0.02606406
0.02685616
0.026893366
0.0262776
0.027218025
0.02654801
0.027274402
0.026514482
0.026355753
0.026592517
0.02672393
0.026630944
0.026507765
0.02650925
0.026259605
0.02642835
0.026499478
0.02648313
0.026373342
0.02693522
0.026492406
0.026653245
0.026912963
0.026958391
0.026200889
0.026327064
0.026745688
0.027102565
0.026696319
0.026683243
0.027259402
0.026727738
0.026842887
0.026850076
0.026210168
0.026539862
0.02655957
0.026266059
0.02658362
0.026289651
0.02634784
0.02649869
0.026771164
0.02608846
0.026028976
0.026415657
0.026136888
0.02646109
0.025708387
0.02635149
0.026157409
0.0258161
0.026993422
0.026804619
0.02595755
0.026520098
0.027250547
0.026349459
0.02619362
0.025841756
0.02611812
0.027152138
0.026628338
0.026145518
0.026236292
0.025995126
0.026239147
0.026793266
0.026545336
0.026044331
0.026495522
0.025801927
0.026341721
0.025809303
0.026565578
0.026514536
0.026249882
0.026313595
0.026469067
0.02617325
0.026133126
0.026182506
0.026752742
0.02689629
0.026596507
0.027216744
0.026360596
0.026042717
0.02643006
0.026307687
0.026034445
0.02599139
0.026824433
0.026515834
0.026559992
0.02666148
0.026457176
0.026981974
0.026122719
0.02652585
0.02708446
0.02656832
0.026621226
0.02625733
0.02595543
0.025966205
0.026563047
0.026817875
0.026000861
0.026138222
0.02708485
0.026708176
0.026123717
0.026848448
0.026680386
0.027158381
0.026600417
0.026006699
0.026208574
0.026429493
0.02672498
0.025998948
0.025649931
0.026424756
0.026424624
0.026355395
0.026479863
0.026230939
0.02604793
0.025807241
0.026561016
0.025724497
0.02630351
0.025502702
0.025756242
0.026425207
0.025859874
0.026318435
0.026470333
0.026071442
0.025958356
0.02569646
0.026221134
0.026679633
0.025473353
0.025549361
0.026755717
0.025701363
0.025905777
0.02618002
0.026017407
0.026435956
0.0272027
0.02589825
0.025231939
0.025522105
0.02564506
0.025664857
0.025871105
0.02602307
0.025572866
0.026006646
0.026254697
0.025943572
0.026032181
0.026769055
0.025515655
0.025636151
0.026312286
0.025953377
0.025353493
0.026253317
0.026114425
0.02600585
0.025890555
0.026246244
0.025490476
0.025980305
0.026466079
0.02616522
0.02596499
0.025584536
0.026667105
0.025502542
0.025973313
0.0262272
0.02597164
0.026203616
0.02665984
0.026843278
0.025834605
0.025920257
0.025749436
0.025599496
0.025561746
0.026099559
0.026319396
0.025645237
0.025182733
0.026033519
0.027174376
0.025982078
0.025651589
0.025665414
0.025612673
0.025907751
0.025198568
0.0274753
0.025324214
0.0256556
0.025379183
0.025452694
0.026184082
0.025177468
0.026400182
0.02578555
0.025466952
0.02500411
0.025563328
0.02615275
0.025595339
0.025771596
0.025862679
0.026360247
0.025513409
0.025310738
0.025180675
0.024904283
0.025111899
0.02556711
0.025237836
0.026464136
0.026830217
0.025607426
0.026466083
0.02610361
0.025641352
0.02519422
0.025316054
0.025937622
0.025996312
0.025726637
0.026022656
0.025651041
0.025346382
0.026187554
0.025303155
0.026141174
0.025861504
0.02591729
0.02599958
0.025182875
0.02550156
0.025917076
0.025896626
0.025340486
0.025636038
0.025894526
0.02505401
0.026221056
0.025580939
0.025591753
0.025888748
0.025376622
0.026289295
0.026332784
0.025631024
0.026153069
0.025668439
0.024875795
0.027000349
0.025630258
0.025422132
0.025489975
0.026004873
0.02619245
0.02561086
0.026247287
0.025390811
0.025525877
0.026260884
0.025011811
0.025587412
0.025355633
0.026239552
0.025286939
0.024980951
0.026231524
0.025579467
0.025830073
0.025281467
0.025803857
0.026010098
0.026157437
0.025541848
0.026153205
0.025972337
0.02521199
0.025938885
0.025191324
0.026867313
0.025935411
0.025750715
0.025619606
0.026697585
0.025927795
0.025401494
0.026236482
0.025822945
0.02562972
0.025954448
0.026133297
0.025309399
0.025315518
0.026087385
0.025835315
0.025777409
0.02653025
0.025432507
0.025362011
0.025546618
0.025471935
0.025726551
0.024836536
0.025007024
0.025287926
0.025529826
0.025153045
0.02492492
0.025224235
0.025585355
0.025204247
0.02526815
0.026357293
0.024822455
0.02560581
0.025412086
0.025174988
0.025577923
0.025758432
0.025744818
0.025516842
0.025857147
0.025219748
0.025391312
0.0251621
0.025134867
0.024730433
0.025247172
0.025324157
0.025008779
0.025140485
0.025570165
0.026235608
0.025234602
0.025149161
0.0251075
0.02679898
0.02580269
0.02567643
0.02542473
0.025765954
0.025705231
0.025789758
0.025957836
0.025260681
0.025734633
0.025183631
0.025056627
0.024920318
0.024808953
0.025725622
0.025508184
0.025524743
0.025215471
0.02551344
0.025237707
0.025507491
0.025636679
0.024907324
0.024857061
0.025511263
0.02558048
0.025799813
0.024753988
0.025185738
0.025705373
0.025342077
0.024843113
0.025267245
0.024830248
0.025513278
0.025293047
0.025436826
0.025067989
0.024902886
0.024942787
0.024504475
0.024858706
0.024983048
0.02536348
0.02502336
0.025098769
0.0253546
0.025458006
0.025304586
0.025078407
0.024600217
0.024902375
0.025701785
0.025448892
0.02500057
0.024945397
0.025348388
0.024934523
0.025014324
0.025321413
0.024738543
0.025126953
0.024887946
0.024959678
0.025547825
0.02499979
0.02566291
0.02562266
0.02505776
0.025597768
0.025483375
0.02535795
0.02511247
0.02506343
0.025828322
0.024479348
0.025292922
0.025580786
0.024927162
0.024707561
0.024986234
0.025207518
0.024546845
0.024756402
0.025518017
0.02465838
0.025821041
0.024755264
0.024997925
0.024489643
0.025253575
0.025630893
0.024835618
0.025013147
0.024318267
0.024788266
0.024877435
0.025235418
0.02531824
0.02562106
0.025127567
0.025412494
0.024738774
0.025690895
0.024857
0.025033563
0.025547534
0.025090225
0.0250369
0.025110357
0.025395531
0.025173644
0.025121657
0.024800457
0.02517744
0.025929669
0.025283098
0.02521099
0.025034454
0.025039501
0.024629284
0.02482845
0.024530372
0.025436431
0.025480652
0.02492851
0.024410363
0.025217265
0.024511164
0.024391564
0.024844877
0.024947891
0.024822576
0.025251288
0.02494224
0.024660043
0.024901133
0.024394952
0.024973882
0.025059005
0.025805483
0.02504519
0.025028253
0.026106551
0.024186961
0.024689166
0.02493199
0.025121352
0.024634676
0.025146924
0.024935242
0.025252042
0.024837505
0.025258014
0.024852866
0.02464126
0.025001267
0.024398664
0.024822533
0.024624337
0.025152013
0.024550306
0.02484795
0.025466029
0.02488975
0.024613999
0.024319615
0.024562195
0.024892032
0.025537426
0.024706373
0.025377128
0.02466479
0.024903283
0.024855701
0.02547162
0.024185652
0.024361366
0.02524935
0.024882281
0.024932131
0.024961261
0.025341166
0.024716739
0.024540039
0.025321463
0.024474468
0.024468519
0.02441695
0.024789138
0.024584865
0.025520146
0.025320232
0.024606047
0.024487682
0.024552844
0.02472095
0.02418471
0.024892109
0.024576638
0.024502885
0.024675926
0.024816886
0.024514798
0.024108661
0.024906976
0.024619162
0.025050053
0.024749994
0.02440869
0.024394618
0.024415331
0.024768272
0.024931857
0.024746498
0.024507625
0.025311122
0.025088878
0.024869146
0.024621159
0.024611885
0.024616864
0.024717402
0.02537963
0.024737693
0.024912406
0.025763221
0.02532152
0.02510344
0.024300572
0.024584768
0.025075074
0.02563279
0.025440557
0.024619365
0.02492422
0.024647871
0.024856064
0.024621973
0.02448272
0.024391042
0.025210047
0.025061613
0.024552139
0.024678096
0.0245043
0.024893565
0.024916563
0.024938086
0.02472598
0.025325691
0.024525987
0.024755087
0.025769223
0.02477923
0.025449539
0.024342747
0.024527539
0.02518534
0.024719518
0.025036266
0.02490743
0.024741346
0.025159465
0.025254786
0.024278225
0.024649113
0.024369381
0.024151761
0.024502307
0.024104249
0.024479495
0.024701593
0.024546536
0.02492763
0.024427583
0.02434201
0.024972737
0.02414745
0.024458045
0.024753204
0.024347097
0.02520332
0.024577614
0.024086114
0.024503194
0.02425126
0.02539445
0.024500143
0.02451397
0.024194513
0.025099639
0.025010861
0.0244039
0.024611114
0.024897777
0.024746144
0.025073418
0.024331484
0.02448224
0.024167886
0.024165528
0.02440744
0.024053676
0.024428543
0.02478605
0.024614533
0.024493273
0.024227569
0.024337165
0.025452634
0.02478839
0.02436488
0.024196466
0.024106484
0.02567731
0.024846133
0.024516284
0.02437783
0.024332881
0.025606772
0.02502445
0.024381185
0.024577485
0.024720155
0.024592414
0.024375798
0.024241453
0.024472453
0.023889909
0.024537906
0.02425682
0.024505354
0.024060775
0.024744546
0.024366818
0.02421842
0.024203785
0.02450803
0.024217661
0.024451278
0.024289817
0.024434794
0.023868464
0.02425732
0.025013389
0.024350867
0.02392193
0.024171066
0.023683285
0.02432262
0.024897346
0.0243161
0.024647951
0.025173198
0.024498532
0.02507353
0.024250433
0.023767758
0.024427108
0.024589697
0.02431005
0.024105111
0.025113024
0.024273356
0.023942692
0.023994938
0.02456724
0.024496067
0.024867948
0.024855591
0.024600854
0.024192918
0.024174372
0.024106702
0.024544194
0.025174187
0.024482308
0.024022764
0.02466089
0.024190066
0.024945876
0.024725474
0.02439314
0.024718303
0.024025006
0.024976114
0.024329683
0.026102178
0.024745142
0.024032336
0.024451267
0.024410797
0.024856372
0.024901655
0.02455092
0.024660831
0.025423273
0.024588421
0.024451878
0.024333976
0.023691176
0.024513895
0.024235068
0.025191972
0.02388977
0.023762157
0.024212018
0.02373521
0.0239998
0.023801344
0.024153534
0.024223743
0.024009466
0.024551533
0.02422581
0.024183024
0.024560573
0.02460714
0.024202287
0.023738926
0.024755126
0.02366929
0.023820238
0.024104686
0.023977147
0.024529807
0.024309848
0.024357954
0.023969747
0.023933643
0.023548158
0.023843285
0.024368834
0.024191419
0.024018943
0.025004081
0.023893123
0.024487434
0.023960065
0.023841726
0.02376842
0.023795756
0.024651147
0.024106478
0.02458045
0.02474425
0.024456639
0.02413625
0.024334073
0.023654958
0.023675794
0.024078142
0.02538865
0.024999907
0.024054002
0.02432953
0.024602143
0.024397831
0.024073943
0.024118394
0.024416028
0.02409086
0.024053803
0.02401104
0.024243172
0.023964038
0.023705
0.024885267
0.023929793
0.024364334
0.024701089
0.023596536
0.024281142
0.024533024
0.024483712
0.023802977
0.023625702
0.023646437
0.02499683
0.02367889
0.023530386
0.024045756
0.023218606
0.023774229
0.023827322
0.02516589
0.023988124
0.023583665
0.024219401
0.023676243
0.023821745
0.024016798
0.024075136
0.024236893
0.0238299
0.024204269
0.024007743
0.023925943
0.023503054
0.024004236
0.023869349
0.024222912
0.024362259
0.023686733
0.024308514
0.02421956
0.023265965
0.024501545
0.023825234
0.023377463
0.023814576
0.024565376
0.024408745
0.024027035
0.023255594
0.024783801
0.024140963
0.02396189
0.02422538
0.02361143
0.023671718
0.023583753
0.023420228
0.02419016
0.023538377
0.025473168
0.023799572
0.023759808
0.024786716
0.023696506
0.024600029
0.024063144
0.023654692
0.024820225
0.023890167
0.023847524
0.024456546
0.023672368
0.02485173
0.024242979
0.024148919
0.023658682
0.024586324
0.024110042
0.023659833
0.02368022
0.023649333
0.025204405
0.02446971
0.024366358
0.02389479
0.023793891
0.023364305
0.024340605
0.02381189
0.02379015
0.023415042
0.023743289
0.023594245
0.02383336
0.023439411
0.024231337
0.024287911
0.02353724
0.023814967
0.023432149
0.024389606
0.024091402
0.023418114
0.023871478
0.023632152
0.023735952
0.02431291
0.023810986
0.023467645
0.023488812
0.024585066
0.023743687
0.024304204
0.024005793
0.02445967
0.023881719
0.023787469
0.023789048
0.024082454
0.023479404
0.023478542
0.023711555
0.024290571
0.023698948
0.023460966
0.023918211
0.023768498
0.02357756
0.023989981
0.023563758
0.023880286
0.023829456
0.023667002
0.023997046
0.023570731
0.024422152
0.023438718
0.02412421
0.023833511
0.023588242
0.022973685
0.023529608
0.023596618
0.02338482
0.023881463
0.0242935
0.02314578
0.02339425
0.023506565
0.023691013
0.02344741
0.023726413
0.02336631
0.023208857
0.023521418
0.023319542
0.02489839
0.024308048
0.023481809
0.02326259
0.023469487
0.023410847
0.022929987
0.024112463
0.022927905
0.023841424
0.023482598
0.023087742
0.023048049
0.02335658
0.023430275
0.023308251
0.023606777
0.024182133
0.02419818
0.023186373
0.02314608
0.023635656
0.023266919
0.024165194
0.023872381
0.023516528
0.023289585
0.02380318
0.02449545
0.023359202
0.023198286
0.024566023
0.023949446
0.023376489
0.02360327
0.02370598
0.023336872
0.024015492
0.023729604
0.023137584
0.023026252
0.023141418
0.024517765
0.02295655
0.022811273
0.02311332
0.024136992
0.023567433
0.023933325
0.023801018
0.023073992
0.023386054
0.0233527
0.023194185
0.02315979
0.025281582
0.023680175
0.02328304
0.023636408
0.023113364
0.023125106
0.0227837
0.023564748
0.023676133
0.022978703
0.023499172
0.023733614
0.023436222
0.024081778
0.023905838
0.024120947
0.023765773
0.023161437
0.023089202
0.023255069
0.023881752
0.023409987
0.023728836
0.023597466
0.023596615
0.02340859
0.023236772
0.02340531
0.023059305
0.023069648
0.02314221
0.024464034
0.023366375
0.023697872
0.0235245
0.023653388
0.023883179
0.02353223
0.023417577
0.02365066
0.023898924
0.02429736
0.023528151
0.023416469
0.023558129
0.023717972
0.023101918
0.023555174
0.023378175
0.02391329
0.02327226
0.023387473
0.023230184
0.023645237
0.023317507
0.023347354
0.023760302
0.023416342
0.02287245
0.024079612
0.023528665
0.023226015
0.023437664
0.02329537
0.023903504
0.023065697
0.023227569
0.0236858
0.023643136
0.023752335
0.02354608
0.02362577
0.02341714
0.024517234
0.023347301
0.02379485
0.023596013
0.023410134
0.02400524
0.024108835
0.02347145
0.024363184
0.023902344
0.023850003
0.024000667
0.023377594
0.02414254
0.023591854
0.023364807
0.023580749
0.023101214
0.023451371
0.023271665
0.023311848
0.023588529
0.02339891
0.023430161
0.02317463
0.023259956
0.023596592
0.024311151
0.023271233
0.023134738
0.023806402
0.023349397
0.022954851
0.02331543
0.023989227
0.023376029
0.024167014
0.023389226
0.023750154
0.023412904
0.023315668
0.023074381
0.02289241
0.02439714
0.022809697
0.022967078
0.023389393
0.023215149
0.024315273
0.022775682
0.023254475
0.022908296
0.022689736
0.022728154
0.023390008
0.02368155
0.022760602
0.02300043
0.023013948
0.023194285
0.023100983
0.022932325
0.02275322
0.023177898
0.023241803
0.022900736
0.02294534
0.023435608
0.023456216
0.023074865
0.022886157
0.023106053
0.022794627
0.022964353
0.023113519
0.023765318
0.022856336
0.022822829
0.022736676
0.023079447
0.02455987
0.022962254
0.023162173
0.023497164
0.023338748
0.022739932
0.022991398
0.02348016
0.022758793
0.023131656
0.023408327
0.022894679
0.022893682
0.022716353
0.02332513
0.02304679
0.023047123
0.022893997
0.022912133
0.023404887
0.023002578
0.022803979
0.023441821
0.0227632
0.024259163
0.022663554
0.023378288
0.023030594
0.023636313
0.023864785
0.02293912
0.023451442
0.023882102
0.022692207
0.022873312
0.023344556
0.022756556
0.023274092
0.022688022
0.023529252
0.02286417
0.02323463
0.0230263
0.023512285
0.02277011
0.023033034
0.022639202
0.023196703
0.023215923
0.023059467
0.023831438
0.022758612
0.023449233
0.023338156
0.023810068
0.022941245
0.023449272
0.023046054
0.022841802
0.022851195
0.022776583
0.022875454
0.023610584
0.022833487
0.02292051
0.023110097
0.023023082
0.023228096
0.023153283
0.022561636
0.022598086
0.022910831
0.023201225
0.02279768
0.023651756
0.022472778
0.023717431
0.022853527
0.022765433
0.02263483
0.022867894
0.022554966
0.023035342
0.02278763
0.023110688
0.022847472
0.023317387
0.022849893
0.022635281
0.023124361
0.0226426
0.022296797
0.022906316
0.023509162
0.022526687
0.023304915
0.022964157
0.023179444
0.023373578
0.022751395
0.024023252
0.022735165
0.022815838
0.022845076
0.022698808
0.024009002
0.022709878
0.022444546
0.02320457
0.022807837
0.023258094
0.023282649
0.022965157
0.023198402
0.022705942
0.022631884
0.023653336
0.023051487
0.023020225
0.022922128
0.023018489
0.022412818
0.022708293
0.022521965
0.022813454
0.023234325
0.022960415
0.023194477
0.023085566
0.02265574
0.022636943
0.02288026
0.02300901
0.022795971
0.022775602
0.023232466
0.022772018
0.022861337
0.022834627
0.02320352
0.02353914
0.024113383
0.023448788
0.022858914
0.022880401
0.023293667
0.023111168
0.023018615
0.022465367
0.022552729
0.022551397
0.022842372
0.02262985
0.022991434
0.024655074
0.023329277
0.022831846
0.023142368
0.023994246
0.023059526
0.023403559
0.022720814
0.02284579
0.022537228
0.022829674
0.022663744
0.022728749
0.022805793
0.02232815
0.023161527
0.022958387
0.022976797
0.022558492
0.023330327
0.022557622
0.022938218
0.024190068
0.022585565
0.022733336
0.022994218
0.023445077
0.02248787
0.022638755
0.022876905
0.022709591
0.023522982
0.022977019
0.023673732
0.022569915
0.022652263
0.022810996
0.022790248
0.022801176
0.02263004
0.022937113
0.022795578
0.022786418
0.023166394
0.02266086
0.023092594
0.022753917
0.023105007
0.023808816
0.023120292
0.022259943
0.022858674
0.02288784
0.023635257
0.02265864
0.02325911
0.022837613
0.022695603
0.022968568
0.022465598
0.02300119
0.023427194
0.023077626
0.022991614
0.023031488
0.022375071
0.023098484
0.02281776
0.022977775
0.023363521
0.023336286
0.023679629
0.022492077
0.022820314
0.02269641
0.022815976
0.02257526
0.02255795
0.02327281
0.022526575
0.022741199
0.023391638
0.022531962
0.02350367
0.022949485
0.023066984
0.0232954
0.023197731
0.022544237
0.022980748
0.02263866
0.023043772
0.023470586
0.02345098
0.022930486
0.022904959
0.022481643
0.02292208
0.022552248
0.022789966
0.023229923
0.022319183
0.022783382
0.02271898
0.022515064
0.022932654
0.022891035
0.022676194
0.022938572
0.022763712
0.022714611
0.022900501
0.023155423
0.023333207
0.022869471
0.02255266
0.022309598
0.022828005
0.022495013
0.022710778
0.022575695
0.023007127
0.022897275
0.023175593
0.02243007
0.022470938
0.022538088
0.022443667
0.023055572
0.023176145
0.022368977
0.022279011
0.022399597
0.022689044
0.022769349
0.022619952
0.022601763
0.022439996
0.022942953
0.022917874
0.0226669
0.022882214
0.022704635
0.022671947
0.022940326
0.022545686
0.022331188
0.023176389
0.022775013
0.02260408
0.023417337
0.022919994
0.02286244
0.022873847
0.022553883
0.023006862
0.022818003
0.022317128
0.022778992
0.02231396
0.022645263
0.022602081
0.022588007
0.022382522
0.023039201
0.022123497
0.022326682
0.02227618
0.022953248
0.022292733
0.022273872
0.022743931
0.02252785
0.022047732
0.022803776
0.022393992
0.022393225
0.022486772
0.022292495
0.023264427
0.023340812
0.022682145
0.024002468
0.023026394
0.022697527
0.022522196
0.02223109
0.022200895
0.02268061
0.02246219
0.022902617
0.023217278
0.023794962
0.022603275
0.022595622
0.022712352
0.022221215
0.022978883
0.022330435
0.022804381
0.02314604
0.02223965
0.022695921
0.023185054
0.022686843
0.022257803
0.021970786
0.022120902
0.022317024
0.022496788
0.022479035
0.022428982
0.02242176
0.022071252
0.024004161
0.022317352
0.022406414
0.02269392
0.022763068
0.023402639
0.022411076
0.023031883
0.022432206
0.022966672
0.022375243
0.022207314
0.023215342
0.02248849
0.022446457
0.02230294
0.022898432
0.02298853
0.022747738
0.022169126
0.022559822
0.022168657
0.022623679
0.022083033
0.022264512
0.022533707
0.022519588
0.022501554
0.02208309
0.02246138
0.022874579
0.02204178
0.02265893
0.022252453
0.02220469
0.022641592
0.022316042
0.022627877
0.023352604
0.02267234
0.022958318
0.022440495
0.022314161
0.022083584
0.022170924
0.02249795
0.022360478
0.02235414
0.021971501
0.022088563
0.022132073
0.022164416
0.022854965
0.022089079
0.022889588
0.022441043
0.02211404
0.022644456
0.02212846
0.022391096
0.021797568
0.02332423
0.022154657
0.022861589
0.022728927
0.021946453
0.022393199
0.02246571
0.022281993
0.02228794
0.022873804
0.022732321
0.022257255
0.022273107
0.022757787
0.022292806
0.022769578
0.022015857
0.023186384
0.02200598
0.022171022
0.024102706
0.021846812
0.022442011
0.022214822
0.022676297
0.022740196
0.021956166
0.02204032
0.022735763
0.021745797
0.021917956
0.022399778
0.02210079
0.021927187
0.0223095
0.021930523
0.022224715
0.022266166
0.021764504
0.021783482
0.021688992
0.02190399
0.022171255
0.022460792
0.022376474
0.02317205
0.022318417
0.02214162
0.022762483
0.022223258
0.022706153
0.022536937
0.022701867
0.021929435
0.022118656
0.022426322
0.0220055
0.02204814
0.022741683
0.022035124
0.022619825
0.022555772
0.02200499
0.021954859
0.022211373
0.022343166
0.02167958
0.021872997
0.021819795
0.022340467
0.02181909
0.023058696
0.021931468
0.021783004
0.022113787
0.022415008
0.02226997
0.02237222
0.022374583
0.022891559
0.023337988
0.022933625