20 196.44 -0.18 196.26 0.05 16 33 0.35 0.0 
40 195.07 -0.39 194.68 0.08 31 74 0.68 0.0 
60 193.42 -0.48 192.95 0.106 46 117 1.01 0.01 
80 192.55 -0.6 191.95 0.143 58 167 1.27 0.01 
100 190.64 -0.71 189.93 0.176 71 218 1.56 0.01 
120 189.63 -0.87 188.76 0.21 85 257 1.86 0.01 
140 188.41 -0.89 187.52 0.232 95 311 2.08 0.02 
160 186.8 -0.72 186.08 0.25 109 361 2.39 0.02 
180 185.88 -0.61 185.27 0.278 124 410 2.72 0.02 
200 184.05 -0.61 183.44 0.299 138 456 3.03 0.02 
220 182.17 -0.33 181.85 0.317 152 503 3.33 0.03 
240 181.48 -0.09 181.38 0.329 164 557 3.6 0.03 
260 181.11 0.01 181.12 0.348 173 608 3.79 0.03 
280 179.83 0.22 180.05 0.367 185 658 4.06 0.03 
300 178.36 0.44 178.8 0.382 200 704 4.39 0.04 
320 177.44 0.48 177.92 0.395 214 761 4.69 0.04 
340 176.65 0.59 177.24 0.412 227 803 4.98 0.04 
360 175.72 0.67 176.39 0.423 235 859 5.15 0.04 
380 174.42 0.92 175.34 0.441 250 913 5.48 0.05 
400 174.23 1.13 175.36 0.446 264 958 5.79 0.05 
420 172.55 1.32 173.87 0.466 279 1005 6.12 0.05 
440 171.61 1.69 173.29 0.475 293 1061 6.43 0.05 
460 171.15 1.8 172.95 0.49 306 1108 6.71 0.06 
480 169.87 2.09 171.96 0.501 320 1158 7.02 0.06 
500 167.73 2.35 170.08 0.514 334 1215 7.32 0.06 
520 167.58 2.54 170.12 0.518 346 1274 7.59 0.06 
540 167.16 2.82 169.98 0.525 356 1332 7.81 0.07 
560 165.6 3.07 168.67 0.536 368 1383 8.07 0.07 
580 163.71 3.37 167.08 0.544 379 1440 8.31 0.07 
600 164.13 3.59 167.72 0.548 391 1499 8.57 0.07 
620 163.31 3.73 167.04 0.563 401 1557 8.79 0.08 
640 162.32 4.0 166.32 0.567 411 1611 9.01 0.08 
660 161.77 4.17 165.93 0.569 421 1671 9.23 0.08 
680 160.67 4.42 165.09 0.58 432 1733 9.47 0.09 
700 159.32 4.77 164.09 0.587 443 1800 9.71 0.09 
720 158.53 4.98 163.52 0.596 452 1863 9.91 0.09 
740 157.49 5.44 162.93 0.6 464 1917 10.18 0.1 
760 156.48 5.68 162.16 0.609 475 1976 10.42 0.1 
780 155.58 5.86 161.45 0.609 486 2043 10.66 0.1 
800 154.72 6.16 160.89 0.621 496 2107 10.88 0.1 
820 152.81 6.35 159.16 0.629 508 2164 11.14 0.11 
840 151.73 6.78 158.5 0.636 521 2220 11.43 0.11 
860 150.78 7.04 157.82 0.641 534 2277 11.71 0.11 
880 149.86 7.34 157.21 0.64 546 2342 11.97 0.12 
900 149.41 7.66 157.07 0.648 561 2398 12.3 0.12 
920 148.78 7.86 156.64 0.648 569 2473 12.48 0.12 
940 147.47 8.05 155.52 0.652 577 2536 12.65 0.13 
960 147.35 8.36 155.72 0.656 586 2602 12.85 0.13 
980 146.82 8.7 155.51 0.664 597 2671 13.09 0.13 
1000 146.47 9.09 155.56 0.672 607 2725 13.31 0.14 
1020 146.16 9.45 155.61 0.672 617 2789 13.53 0.14 
1040 145.15 9.7 154.85 0.678 625 2861 13.71 0.14 
1060 144.44 10.09 154.53 0.685 638 2920 13.99 0.15 
1080 143.78 10.34 154.12 0.686 648 2982 14.21 0.15 
1100 143.55 10.51 154.06 0.692 657 3037 14.41 0.15 
1120 141.91 10.75 152.66 0.693 668 3091 14.65 0.15 
1140 141.17 11.16 152.34 0.694 677 3158 14.85 0.16 
1160 141.39 11.63 153.02 0.704 688 3225 15.09 0.16 
1180 139.91 11.89 151.8 0.713 702 3285 15.39 0.16 
1200 139.17 12.17 151.35 0.712 711 3352 15.59 0.17 
1220 139.02 12.51 151.53 0.716 723 3421 15.86 0.17 
1240 138.29 12.82 151.11 0.715 729 3497 15.99 0.17 
1260 137.85 13.05 150.91 0.719 739 3568 16.21 0.18 
1280 137.36 13.52 150.89 0.723 753 3630 16.51 0.18 
1300 136.97 13.84 150.8 0.73 763 3698 16.73 0.18 
1320 136.1 14.04 150.15 0.733 771 3759 16.91 0.19 
1340 134.91 14.39 149.29 0.735 781 3832 17.13 0.19 
1360 134.84 14.8 149.63 0.735 786 3899 17.24 0.19 
1380 134.14 15.21 149.35 0.737 798 3965 17.5 0.2 
1400 133.28 15.61 148.88 0.744 810 4021 17.76 0.2 
1420 132.99 15.97 148.95 0.741 814 4102 17.85 0.2 
1440 131.69 16.27 147.97 0.745 826 4178 18.11 0.21 
1460 131.1 16.64 147.74 0.748 833 4250 18.27 0.21 
1480 130.39 17.06 147.45 0.75 845 4317 18.53 0.21 
1500 130.33 17.5 147.84 0.75 854 4388 18.73 0.22 
1520 130.17 17.83 148.0 0.752 859 4453 18.84 0.22 
1540 129.82 18.15 147.98 0.755 866 4522 18.99 0.22 
1560 128.88 18.67 147.55 0.759 878 4589 19.25 0.23 
1580 127.91 19.03 146.95 0.764 889 4657 19.5 0.23 
1600 127.41 19.51 146.91 0.764 899 4723 19.71 0.23 
1620 126.52 19.78 146.3 0.769 908 4800 19.91 0.24 
1640 125.63 20.14 145.77 0.769 921 4874 20.2 0.24 
1660 125.3 20.5 145.8 0.771 930 4950 20.39 0.25 
1680 125.3 20.87 146.17 0.776 941 5020 20.64 0.25 
1700 123.85 21.3 145.15 0.775 951 5088 20.86 0.25 
1720 123.41 21.67 145.08 0.775 962 5159 21.1 0.26 
1740 123.14 22.06 145.21 0.775 968 5233 21.23 0.26 
1760 122.73 22.45 145.18 0.779 977 5304 21.43 0.26 
1780 121.28 22.83 144.11 0.778 986 5377 21.62 0.27 
1800 120.83 23.27 144.1 0.782 997 5445 21.86 0.27 
1820 119.88 23.74 143.62 0.787 1005 5514 22.04 0.27 
1840 119.74 24.15 143.89 0.787 1011 5589 22.17 0.28 
1860 119.14 24.48 143.62 0.79 1020 5665 22.37 0.28 
1880 119.2 24.88 144.08 0.786 1030 5742 22.59 0.29 
1900 118.3 25.4 143.7 0.793 1038 5810 22.76 0.29 
1920 117.2 25.86 143.05 0.796 1043 5874 22.87 0.29 
1940 117.39 26.21 143.6 0.795 1051 5948 23.05 0.3 
1960 116.9 26.56 143.46 0.796 1059 6029 23.22 0.3 
1980 116.4 26.96 143.36 0.797 1064 6100 23.33 0.3 
2000 116.09 27.35 143.45 0.797 1071 6177 23.49 0.31 
2020 115.2 27.76 142.96 0.8 1086 6253 23.82 0.31 
2040 114.66 28.18 142.84 0.802 1092 6332 23.95 0.31 
2060 114.4 28.57 142.97 0.804 1097 6407 24.06 0.32 
2080 113.51 29.01 142.51 0.804 1105 6482 24.23 0.32 
2100 113.04 29.42 142.47 0.805 1114 6552 24.43 0.33 
2120 112.76 29.9 142.66 0.806 1127 6618 24.71 0.33 
2140 112.61 30.38 142.98 0.807 1137 6685 24.93 0.33 
2160 111.95 30.77 142.72 0.809 1146 6773 25.13 0.34 
2180 111.09 31.25 142.34 0.809 1153 6847 25.29 0.34 
2200 110.52 31.7 142.22 0.81 1160 6924 25.44 0.34 
2220 110.3 32.12 142.42 0.809 1169 7003 25.64 0.35 
2240 109.37 32.53 141.89 0.81 1176 7088 25.79 0.35 
2260 108.61 32.96 141.57 0.814 1188 7161 26.05 0.36 
2280 108.25 33.43 141.68 0.813 1198 7236 26.27 0.36 
2300 107.75 33.76 141.51 0.815 1205 7308 26.43 0.36 
2320 107.45 34.24 141.68 0.815 1211 7384 26.56 0.37 
2340 106.59 34.6 141.2 0.816 1215 7459 26.64 0.37 
2360 106.23 35.07 141.3 0.817 1221 7542 26.78 0.38 
2380 105.77 35.63 141.4 0.819 1230 7619 26.97 0.38 
2400 105.35 36.07 141.42 0.82 1235 7703 27.08 0.38 
2420 104.56 36.45 141.01 0.821 1245 7769 27.3 0.39 
2440 104.18 36.87 141.05 0.823 1254 7850 27.5 0.39 
2460 103.41 37.3 140.71 0.823 1264 7929 27.72 0.39 
2480 103.1 37.77 140.86 0.822 1276 8013 27.98 0.4 
2500 102.8 38.16 140.96 0.823 1280 8095 28.07 0.4 
2520 102.06 38.54 140.59 0.826 1286 8170 28.2 0.41 
2540 101.94 39.05 140.99 0.825 1291 8261 28.31 0.41 
2560 101.42 39.55 140.98 0.828 1301 8339 28.53 0.41 
2580 100.11 40.05 140.16 0.831 1307 8427 28.66 0.42 
2600 99.64 40.48 140.12 0.832 1312 8509 28.77 0.42 
2620 99.48 40.89 140.38 0.832 1320 8583 28.95 0.43 
2640 98.87 41.35 140.22 0.832 1325 8667 29.06 0.43 
2660 98.57 41.78 140.34 0.833 1328 8745 29.12 0.43 
2680 98.03 42.21 140.24 0.835 1338 8822 29.34 0.44 
2700 97.92 42.59 140.52 0.833 1345 8899 29.5 0.44 
2720 97.36 43.07 140.44 0.835 1356 8976 29.74 0.45 
2740 96.89 43.43 140.31 0.836 1365 9056 29.93 0.45 
2760 96.58 43.85 140.42 0.837 1376 9138 30.18 0.45 
2780 95.67 44.23 139.89 0.837 1385 9216 30.37 0.46 
2800 95.2 44.72 139.92 0.838 1389 9294 30.46 0.46 
2820 95.32 45.21 140.53 0.84 1399 9378 30.68 0.47 
2840 94.6 45.8 140.4 0.842 1405 9460 30.81 0.47 
2860 94.76 46.26 141.02 0.84 1412 9543 30.96 0.47 
2880 94.42 46.72 141.13 0.841 1420 9621 31.14 0.48 
2900 94.17 47.33 141.51 0.841 1426 9709 31.27 0.48 
2920 93.54 47.81 141.36 0.843 1433 9791 31.43 0.49 
2940 92.97 48.28 141.25 0.842 1440 9874 31.58 0.49 
2960 92.67 48.7 141.36 0.842 1445 9957 31.69 0.5 
2980 92.22 49.17 141.39 0.842 1450 10041 31.8 0.5 
3000 92.04 49.6 141.65 0.842 1455 10123 31.91 0.5 
3020 90.94 50.1 141.04 0.845 1459 10197 32.0 0.51 
3040 90.31 50.56 140.87 0.844 1463 10272 32.08 0.51 
3060 89.83 51.02 140.85 0.847 1467 10358 32.17 0.52 
3080 89.5 51.28 140.78 0.847 1474 10435 32.32 0.52 
3100 89.26 51.71 140.97 0.85 1480 10514 32.46 0.52 
3120 88.96 52.25 141.21 0.846 1485 10600 32.57 0.53 
3140 88.41 52.68 141.09 0.849 1492 10671 32.72 0.53 
3160 87.93 53.1 141.03 0.849 1498 10757 32.85 0.53 
3180 87.67 53.58 141.25 0.85 1503 10838 32.96 0.54 
3200 86.94 54.04 140.98 0.851 1510 10924 33.11 0.54 
3220 86.04 54.51 140.55 0.853 1515 11011 33.22 0.55 
3240 85.61 54.96 140.57 0.852 1521 11090 33.36 0.55 
3260 84.95 55.49 140.43 0.853 1531 11171 33.57 0.56 
3280 84.55 55.96 140.51 0.855 1537 11243 33.71 0.56 
3300 84.47 56.43 140.9 0.855 1546 11322 33.9 0.56 
3320 83.79 56.88 140.67 0.854 1552 11397 34.04 0.57 
3340 83.74 57.41 141.15 0.855 1555 11479 34.1 0.57 
3360 83.55 57.94 141.49 0.855 1561 11562 34.23 0.57 
3380 82.4 58.42 140.82 0.856 1567 11645 34.36 0.58 
3400 82.38 58.9 141.28 0.854 1576 11726 34.56 0.58 
3420 82.01 59.38 141.39 0.854 1583 11807 34.71 0.59 
3440 81.41 59.83 141.24 0.855 1587 11885 34.8 0.59 
3460 81.38 60.25 141.63 0.858 1591 11968 34.89 0.6 
3480 81.11 60.75 141.86 0.858 1601 12046 35.11 0.6 
3500 79.92 61.18 141.1 0.859 1605 12124 35.2 0.6 
3520 80.02 61.65 141.67 0.859 1612 12193 35.35 0.61 
3540 79.68 62.11 141.79 0.859 1615 12280 35.42 0.61 
3560 79.45 62.53 141.98 0.859 1619 12365 35.5 0.61 
3580 79.38 63.02 142.41 0.859 1628 12438 35.7 0.62 
3600 78.66 63.49 142.15 0.86 1636 12517 35.88 0.62 
3620 77.98 63.96 141.94 0.863 1639 12606 35.94 0.63 
3640 77.74 64.5 142.24 0.863 1644 12686 36.05 0.63 
3660 77.5 65.05 142.55 0.863 1651 12763 36.21 0.63 
3680 76.6 65.5 142.1 0.864 1658 12848 36.36 0.64 
3700 76.34 65.87 142.2 0.863 1661 12926 36.43 0.64 
3720 76.36 66.31 142.67 0.865 1669 13008 36.6 0.65 
3740 75.85 66.78 142.63 0.865 1677 13085 36.78 0.65 
3760 75.38 67.27 142.65 0.868 1682 13174 36.89 0.66 
3780 75.26 67.78 143.04 0.866 1686 13260 36.97 0.66 
3800 74.68 68.19 142.87 0.867 1692 13335 37.11 0.66 
3820 74.26 68.52 142.78 0.868 1698 13412 37.24 0.67 
3840 73.78 69.01 142.79 0.868 1704 13491 37.37 0.67 
3860 73.35 69.44 142.79 0.868 1711 13567 37.52 0.67 
3880 73.23 69.84 143.07 0.869 1715 13649 37.61 0.68 
3900 73.18 70.31 143.48 0.868 1721 13732 37.74 0.68 
3920 72.78 70.83 143.62 0.868 1726 13820 37.85 0.69 
3940 71.64 71.3 142.94 0.869 1732 13902 37.98 0.69 
3960 71.57 71.8 143.36 0.868 1738 13985 38.11 0.7 
3980 71.52 72.33 143.85 0.87 1743 14073 38.22 0.7 
4000 71.16 72.7 143.86 0.872 1746 14154 38.29 0.7 
4020 70.7 73.23 143.94 0.872 1752 14242 38.42 0.71 
4040 69.92 73.7 143.61 0.873 1760 14323 38.6 0.71 
4060 69.69 74.2 143.9 0.873 1765 14403 38.71 0.72 
4080 69.46 74.8 144.26 0.872 1767 14494 38.75 0.72 
4100 69.38 75.28 144.67 0.874 1771 14578 38.84 0.72 
4120 68.54 75.73 144.27 0.873 1777 14646 38.97 0.73 
4140 68.05 76.17 144.22 0.874 1785 14721 39.14 0.73 
4160 67.76 76.49 144.24 0.874 1786 14809 39.17 0.74 
4180 67.64 76.9 144.54 0.875 1792 14894 39.3 0.74 
4200 67.35 77.41 144.76 0.874 1797 14980 39.41 0.74 
4220 66.89 77.83 144.72 0.875 1800 15062 39.47 0.75 
4240 66.3 78.33 144.63 0.875 1804 15146 39.56 0.75 
4260 66.17 78.77 144.94 0.876 1807 15237 39.63 0.76 
4280 66.45 79.26 145.72 0.875 1812 15319 39.74 0.76 
4300 66.13 79.74 145.87 0.876 1820 15398 39.91 0.77 
4320 65.52 80.1 145.63 0.876 1827 15460 40.07 0.77 
4340 65.06 80.57 145.63 0.876 1832 15545 40.18 0.77 
4360 64.69 81.06 145.75 0.876 1835 15629 40.24 0.78 
4380 64.36 81.57 145.93 0.879 1838 15711 40.31 0.78 
4400 64.04 82.06 146.1 0.878 1843 15789 40.42 0.79 
4420 63.69 82.56 146.26 0.878 1849 15870 40.55 0.79 
4440 62.98 82.99 145.97 0.878 1853 15952 40.64 0.79 
4460 63.15 83.4 146.54 0.879 1858 16037 40.75 0.8 
4480 62.47 83.87 146.34 0.88 1863 16128 40.86 0.8 
4500 62.11 84.35 146.45 0.882 1870 16207 41.01 0.81 
4520 62.32 84.78 147.1 0.882 1878 16281 41.18 0.81 
4540 61.61 85.28 146.88 0.881 1885 16358 41.34 0.81 
4560 61.1 85.83 146.94 0.881 1894 16440 41.54 0.82 
4580 61.3 86.3 147.6 0.881 1900 16524 41.67 0.82 
4600 60.62 86.8 147.41 0.882 1906 16608 41.8 0.83 
4620 60.8 87.3 148.1 0.881 1909 16694 41.86 0.83 
4640 60.34 87.82 148.17 0.881 1913 16777 41.95 0.83 
4660 60.28 88.32 148.6 0.88 1917 16851 42.04 0.84 
4680 59.26 88.75 148.01 0.882 1927 16928 42.26 0.84 
4700 58.77 89.24 148.01 0.882 1932 17005 42.37 0.85 
4720 58.43 89.65 148.09 0.882 1941 17086 42.57 0.85 
4740 58.36 90.01 148.38 0.883 1943 17167 42.61 0.85 
4760 57.88 90.47 148.36 0.882 1947 17250 42.7 0.86 
4780 57.44 90.94 148.38 0.883 1951 17339 42.79 0.86 
4800 57.14 91.43 148.56 0.884 1955 17416 42.87 0.87 
4820 57.05 91.91 148.97 0.883 1960 17496 42.98 0.87 
4840 56.27 92.41 148.68 0.886 1962 17579 43.03 0.87 
4860 56.05 92.94 148.99 0.884 1966 17662 43.11 0.88 
4880 55.27 93.49 148.75 0.885 1972 17747 43.25 0.88 
4900 55.31 93.91 149.22 0.885 1975 17837 43.31 0.89 
4920 54.92 94.33 149.26 0.886 1981 17917 43.44 0.89 
4940 54.72 94.81 149.54 0.886 1985 17997 43.53 0.89 
4960 54.43 95.25 149.69 0.885 1988 18078 43.6 0.9 
4980 54.25 95.77 150.02 0.885 1989 18158 43.62 0.9 
5000 54.04 96.27 150.31 0.885 1991 18247 43.66 0.91 
5020 54.27 96.81 151.08 0.887 1999 18330 43.84 0.91 
5040 53.94 97.4 151.33 0.885 2001 18416 43.88 0.92 
5060 53.26 97.93 151.19 0.886 2005 18493 43.97 0.92 
5080 52.38 98.5 150.88 0.887 2009 18580 44.06 0.92 
5100 52.1 99.01 151.11 0.887 2012 18662 44.12 0.93 
5120 51.96 99.49 151.45 0.888 2019 18746 44.28 0.93 
5140 51.6 99.99 151.59 0.888 2020 18833 44.3 0.94 
5160 51.04 100.49 151.53 0.889 2024 18914 44.39 0.94 
5180 50.98 100.97 151.95 0.887 2030 18999 44.52 0.94 
5200 51.06 101.47 152.53 0.886 2035 19088 44.63 0.95 
5220 50.94 101.96 152.9 0.888 2042 19162 44.78 0.95 
5240 50.57 102.58 153.15 0.89 2047 19244 44.89 0.96 
5260 50.05 103.01 153.06 0.89 2051 19323 44.98 0.96 
5280 49.59 103.6 153.19 0.889 2055 19403 45.07 0.96 
5300 49.55 104.1 153.65 0.89 2059 19491 45.15 0.97 
5320 49.28 104.49 153.77 0.89 2062 19576 45.22 0.97 
5340 48.56 104.91 153.47 0.89 2068 19645 45.35 0.98 
