
0.5036915
0.49078727
0.49361387
0.479831
0.4457054
0.44359598
0.44426858
0.4444312
0.44297695
0.43059573
0.437549
0.43143967
0.410355
0.4177403
0.4095645
0.40646827
0.4237864
0.40232766
0.40202633
0.3971071
0.3987642
0.4020689
0.4073315
0.3915321
0.39148778
0.39023435
0.38578072
0.38744092
0.38637364
0.38594285
0.3859904
0.38701835
0.3849953
0.4015352
0.3818235
0.3890038
0.3852459
0.38345313
0.3918317
0.4010908
0.3961818
0.3911917
0.37812367
0.3729948
0.3793769
0.38434362
0.3727356
0.36621282
0.38685268
0.3723071
0.37543488
0.3865412
0.38292181
0.39244986
0.3713344
0.37247017
0.36295304
0.37074077
0.36460423
0.36639363
0.36129934
0.37600964
0.3621644
0.37426457
0.36741912
0.36587283
0.36039424
0.36445537
0.3550121
0.35769686
0.3650333
0.35408247
0.3547366
0.3580405
0.35470432
0.359083
0.34800026
0.34427273
0.35088015
0.35612383
0.35550663
0.3467413
0.3477375
0.35523412
0.36195838
0.35082623
0.34994304
0.34274805
0.3407633
0.34877074
0.34394905
0.33857012
0.34316987
0.34378543
0.34185714
0.35132918
0.34954816
0.3407133
0.34444085
0.34655493
0.3363134
0.35002056
0.34383327
0.34289148
0.34531483
0.33537063
0.33709574
0.33117104
0.3381226
0.35052907
0.33753628
0.32968426
0.33674735
0.34188762
0.3322319
0.32548591
0.33503422
0.33569032
0.34626967
0.33982444
0.34560978
0.3373427
0.3318306
0.3305306
0.31950796
0.3263949
0.3245994
0.32886192
0.3249939
0.321288
0.33701286
0.32739478
0.32724753
0.32789567
0.3300058
0.32172006
0.32132477
0.32539222
0.3338277
0.32785845
0.3198218
0.3225963
0.31404427
0.3345289
0.3161367
0.31525227
0.32026133
0.32508603
0.31584874
0.3244782
0.3264467
0.31452987
0.32587525
0.311516
0.31201902
0.31504685
0.31849122
0.2968913
0.30392814
0.30086684
0.30647784
0.30211645
0.31265318
0.30418208
0.30914694
0.3011788
0.30558679
0.31398454
0.30800554
0.3027752
0.30629942
0.3012621
0.3083476
0.3041988
0.30784282
0.2981417
0.29525134
0.29836026
0.29858834
0.30467546
0.30472937
0.30597124
0.29841
0.30010575
0.29970714
0.2953175
0.2936871
0.30240265
0.29440096
0.29232216
0.28752986
0.28511712
0.28724918
0.28356844
0.28749394
0.2879633
0.28835526
0.28918424
0.28512877
0.28275445
0.28290513
0.28521344
0.2805572
0.2818904
0.28311986
0.2783173
0.28193814
0.2927312
0.2828422
0.2869973
0.28191674
0.28636965
0.28841153
0.28814206
0.28423265
0.29724646
0.28979543
0.28385344
0.283828
0.2822285
0.283293
0.28984943
0.27860945
0.2863091
0.28977662
0.2743996
0.28033334
0.2773142
0.27729934
0.2805221
0.28183162
0.28029966
0.2771329
0.28004122
0.2702762
0.2782027
0.27265686
0.27191
0.26785138
0.2756068
0.27558702
0.271863
0.26585022
0.26865935
0.26457295
0.2673167
0.27351788
0.2656188
0.27492064
0.267907
0.27333143
0.2770323
0.2743256
0.26974815
0.26953602
0.26811865
0.26655865
0.2649105
0.26649672
0.2722601
0.26944274
0.2623641
0.258427
0.26271814
0.2721004
0.26836964
0.26273948
0.27236038
0.27245408
0.2715498
0.26678336
0.26351985
0.2707689
0.26636288
0.26690185
0.26488414
0.26110497
0.26114446
0.2612969
0.25558594
0.26445758
0.26305857
0.2590656
0.2602241
0.25841948
0.25512716
0.25655225
0.25730866
0.26464412
0.25737005
0.25966468
0.25507107
0.25938958
0.25263646
0.25807923
0.2567218
0.2587702
0.25881237
0.2663388
0.2590094
0.26969525
0.26243094
0.25649625
0.2600998
0.2551779
0.2518654
0.2539522
0.25864747
0.2532321
0.24870384
0.24877311
0.2508457
0.25447673
0.25594285
0.24925902
0.2614082
0.24930772
0.2476436
0.253297
0.25356206
0.25511545
0.2597384
0.25685012
0.2534305
0.2530571
0.25263476
0.25297022
0.25158206
0.25305796
0.25759998
0.25558838
0.2555457
0.25595868
0.25055054
0.25035033
0.25016168
0.24901521
0.25506088
0.2526751
0.25325176
0.2533236
0.2560238
0.24460629
0.24588072
0.25440618
0.25164285
0.24416144
0.24735321
0.25070027
0.24405947
0.24635446
0.24769656
0.24667211
0.24499397
0.24454986
0.24615523
0.2503734
0.24905963
0.24708651
0.25012138
0.24606968
0.24445315
0.24575
0.23960133
0.24387597
0.23711945
0.24463591
0.24438946
0.24929252
0.24160181
0.24139214
0.24499425
0.23908882
0.24273056
0.24604301
0.25375217
0.2420249
0.24236101
0.24728496
0.24121413
0.23578218
0.23516782
0.23680119
0.23835969
0.24269685
0.23825327
0.2403113
0.23437999
0.23568839
0.23691912
0.23715244
0.24483274
0.24399003
0.23616634
0.23849115
0.24055675
0.24557146
0.24945366
0.24619472
0.24069828
0.24968223
0.23703025
0.2351756
0.23634072
0.23391572
0.23711103
0.23282708
0.23829144
0.23207742
0.2320175
0.23228607
0.23182215
0.2294605
0.23143855
0.23839389
0.23482274
0.23442079
0.23370323
0.23405954
0.22653411
0.22956851
0.23539422
0.22730371
0.23411699
0.22992808
0.23281512
0.22897543
0.2327812
0.22879809
0.22776479
0.2312467
0.23275226
0.22979204
0.22931482
0.23201688
0.23006262
0.22983131
0.23071009
0.23009738
0.228644
0.22591236
0.23187967
0.23081134
0.22783113
0.23266903
0.23244047
0.22616978
0.23259874
0.2275307
0.22817309
0.22835681
0.22317575
0.22981083
0.22699638
0.22621739
0.22419918
0.23108403
0.22306532
0.2251322
0.2248489
0.22662
0.22468875
0.23002705
0.22702187
0.22258739
0.2229196
0.220578
0.22447671
0.2167714
0.22325715
0.21773222
0.2231589
0.22150812
0.2249144
0.21727616
0.22013535
0.2199801
0.22050063
0.21981831
0.21797356
0.22295533
0.2168399
0.2245231
0.21935955
0.21929513
0.21960445
0.22432484
0.22364649
0.21743102
0.22001998
0.21779251
0.22319104
0.21800072
0.21650319
0.21558365
0.22066386
0.22257726
0.21983618
0.2204341
0.22129746
0.21714328
0.21880694
0.21951954
0.21775688
0.21375911
0.21642348
0.22230746
0.21478648
0.21834682
0.21858291
0.21677762
0.2148432
0.21781728
0.21383011
0.21831694
0.2184494
0.21617639
0.2151384
0.21190679
0.2118725
0.21223582
0.20855935
0.20731655
0.21627425
0.2211336
0.21991426
0.21685609
0.21230893
0.21235079
0.21306004
0.21415003
0.21264867
0.21626726
0.20594117
0.20792657
0.2100817
0.21448319
0.20613164
0.2097371
0.20742962
0.20902063
0.20492038
0.20661971
0.20733489
0.20636466
0.20652641
0.20777988
0.20933959
0.2065722
0.20588633
0.20756014
0.20823146
0.20546001
0.20880939
0.21331222
0.20377125
0.20787734
0.20506048
0.20829004
0.20507105
0.20340131
0.20791364
0.20730871
0.20146416
0.20444937
0.20804432
0.20365435
0.20435889
0.2030772
0.20358281
0.20375529
0.21009712
0.20265792
0.20342055
0.20427677
0.20467815
0.20409402
0.20250185
0.21164575
0.20187518
0.20810895
0.20697038
0.20562722
0.20298597
0.20355254
0.21177827
0.21168
0.2023265
0.20417613
0.19884972
0.20212507
0.20138296
0.20082827
0.20556656
0.19881733
0.20384906
0.2009777
0.20060095
0.1998857
0.20159484
0.20573051
0.20321928
0.2007841
0.20172729
0.20051341
0.19930655
0.20050517
0.20007819
0.20323901
0.20467143
0.20248954
0.19915085
0.20133361
0.19953209
0.20033729
0.1964909
0.19943964
0.1995518
0.20192827
0.19986163
0.21022077
0.20512292
0.21005738
0.20480396
0.19743292
0.20064242
0.2010393
0.19890048
0.19928212
0.20190682
0.19951268
0.19566706
0.19915265
0.20285544
0.20079681
0.19790854
0.19896491
0.19763723
0.19638902
0.19976705
0.1955175
0.1963178
0.19762559
0.1982327
0.19477992
0.19581158
0.19708395
0.19876687
0.19683266
0.19789809
0.2033483
0.20248424
0.19528401
0.19530709
0.1992748
0.19385123
0.19659951
0.19345482
0.19759266
0.19620866
0.19182749
0.1945808
0.19909967
0.19621862
0.19207236
0.19380811
0.19583175
0.19399276
0.19371048
0.19327271
0.2002475
0.19539136
0.189707
0.19233713
0.19295551
0.19371355
0.19168583
0.19865698
0.19165011
0.19869539
0.19453263
0.19120102
0.1885877
0.19356613
0.19083807
0.19505401
0.191119
0.19458404
0.19283634
0.19630282
0.19049801
0.19189468
0.19615167
0.19262286
0.19089305
0.19287385
0.18963203
0.1906453
0.18918149
0.19386858
0.1922185
0.19634013
0.18883367
0.19758008
0.19005466
0.19279806
0.19676529
0.19309591
0.1978203
0.18912564
0.19392732
0.18764625
0.18901098
0.18684465
0.1905633
0.1939068
0.19012862
0.1876067
0.18641262
0.1885692
0.18894133
0.18865265
0.19762568
0.18898873
0.18633547
0.18508752
0.18691689
0.1869742
0.18684761
0.18866892
0.1853047
0.19028006
0.190136
0.19042449
0.18536015
0.18587478
0.18958764
0.18632436
0.1861619
0.1857969
0.18357655
0.18347108
0.19052176
0.18306121
0.18391958
0.18436137
0.18238114
0.18807442
0.18407704
0.1844903
0.19306885
0.18875152
0.18491109
0.1873241
0.18590154
0.18230484
0.18377131
0.1835752
0.18347672
0.17889096
0.18060999
0.18231964
0.18407303
0.18413989
0.17944941
0.18777789
0.18706094
0.18550278
0.18112287
0.18693885
0.18618006
0.18366235
0.18184517
0.18172774
0.18593252
0.19064328
0.18529683
0.18076532
0.18260843
0.1847163
0.18507801
0.18972677
0.18551682
0.18236376
0.18324134
0.182735
0.18203786
0.18105145
0.17961472
0.1828122
0.18422861
0.17646882
0.18226178
0.17928848
0.17908879
0.17708929
0.18428089
0.18142797
0.1781485
0.18237764
0.18216941
0.18010697
0.18124354
0.17755994
0.18004051
0.17972985
0.17652328
0.17911167
0.18024522
0.17748465
0.17861299
0.18173136
0.185037
0.1778302
0.17943075
0.18085586
0.1770535
0.17857136
0.17642663
0.17994049
0.1790333
0.17558926
0.17731552
0.17863257
0.17510523
0.18469109
0.1827026
0.18408477
0.17622146
0.18181318
0.18176895
0.1785285
0.17661053
0.18334676
0.17837535
0.17629682
0.17512642
0.17432904
0.18053213
0.17646083
0.17952223
0.17437677
0.17553
0.17640597
0.17574851
0.18138304
0.17955375
0.17179874
0.17360061
0.1779758
0.17273337
0.17726938
0.1815235
0.17316543
0.17704421
0.17978808
0.17514409
0.17611979
0.17867784
0.17461042
0.1784694
0.17728911
0.173965
0.17305434
0.17372024
0.17452174
0.17292623
0.17328353
0.17643188
0.17409536
0.17826886
0.17261362
0.17467518
0.17265518
0.17142062
0.17601673
0.17915952
0.16842641
0.1704881
0.17486031
0.17448132
0.16889985
0.1689409
0.16993979
0.17114344
0.1702368
0.17575087
0.17550914
0.17200457
0.17336144
0.17214507
0.17379391
0.17645656
0.17091063
0.17263357
0.17247261
0.17134559
0.17109008
0.17138569
0.17735207
0.17212209
0.17368412
0.16868833
0.16929838
0.16745587
0.16868037
0.17719449
0.17442319
0.17343841
0.17181927
0.17166924
0.16834615
0.17026001
0.17381538
0.17097344
0.16964687
0.16872461
0.17808165
0.16912882
0.1689398
0.17020121
0.17071031
0.16774808
0.16994849
0.17240845
0.16689104
0.1678497
0.17038597
0.1676293
0.17060639
0.1658282
0.1686861
0.16799302
0.16897707
0.17178443
0.16831778
0.16717765
0.16780528
0.17312966
0.16590105
0.16950561
0.16633213
0.17008314
0.16629241
0.17152594
0.16707931
0.16807546
0.16639176
0.1668343
0.16847952
0.166258
0.16786462
0.16922222
0.17025581
0.16727075
0.166618
0.17089704
0.16688524
0.1669206
0.1652273
0.1651107
0.16848572
0.16787446
0.1628949
0.16965532
0.16740505
0.16672228
0.16644628
0.16498277
0.16275485
0.16598408
0.16076571
0.16571602
0.16636123
0.16518262
0.16634804
0.16602455
0.16548242
0.16201782
0.16497983
0.1669566
0.1729517
0.16377783
0.16308625
0.16830952
0.1657728
0.16552003
0.16175495
0.16797955
0.16498353
0.16744742
0.17119716
0.16581424
0.16458769
0.16370066
0.16661532
0.16157307
0.16674598
0.16627388
0.16904363
0.1623552
0.16582619
0.1666491
0.16723694
0.16480164
0.16390792
0.16561066
0.16712402
0.16133103
0.16239992
0.16309473
0.16485202
0.16394837
0.16373916
0.16251098
0.16211534
0.1642797
0.16336764
0.16738883
0.16103008
0.16332571
0.16723777
0.16182637
0.16191943
0.16727142
0.16223423
0.16367957
0.16043067
0.16138417
0.16567802
0.1621891
0.16375242
0.161336
0.16592656
0.16217177
0.16187787
0.16303654
0.16480589
0.16095917
0.16913885
0.1602362
0.15980408
0.15856236
0.16097519
0.16448192
0.16233921
0.16290565
0.16140698
0.16104583
0.1636857
0.16834389
0.16454364
0.15962608
0.1625641
0.16186222
0.16034804
0.1610601
0.16269931
0.16307281
0.16269404
0.15727822
0.16003704
0.15832078
0.16077061
0.16353606
0.16105972
0.1640237
0.15981086
0.16108036
0.15786108
0.16133842
0.1597904
0.15874748
0.16036987
0.16397797
0.16032152
0.159262
0.1612554
0.1608326
0.16039203
0.16089907
0.16023673
0.16480991
0.15702792
0.15951872
0.1597074
0.16021313
0.15857953
0.16080378
0.1605727
0.15767361
0.15750013
0.1562325
0.15823789
0.15630345
0.15828429
0.1574236
0.15823914
0.15747355
0.16245417
0.1583137
0.15911233
0.15612277
0.15838434
0.16107431
0.15488526
0.16027455
0.162975
0.15813756
0.1587998
0.1628297
0.15690258
0.15682623
0.1570085
0.15779391
0.16225825
0.15865165
0.15726106
0.16187373
0.15744397
0.15731776
0.15952
0.16703272
0.15426446
0.15582116
0.15668155
0.15616539
0.15090916
0.15355013
0.15676263
0.15758096
0.15395795
0.15593587
0.15878426
0.1543618
0.15370609
0.1558166
0.15443999
0.15897438
0.15343347
0.15549977
0.15887277
0.15456685
0.15407732
0.15500835
0.16047259
0.15374488
0.15927728
0.1539983
0.15848733
0.15747985
0.15695357
0.1527634
0.1552738
0.15314165
0.15506715
0.15421534
0.15429372
0.15431112
0.15271868
0.15487643
0.15351617
0.15617567
0.15462685
0.15144461
0.15231977
0.15328749
0.15381154
0.15140434
0.15472806
0.15660816
0.1530007
0.15603383
0.15499148
0.15447176
0.15360495
0.1542044
0.15318894
0.15445003
0.15316185
0.15202177
0.15339014
0.15195122
0.15580744
0.15455502
0.15761043
0.15499009
0.1527796
0.15424176
0.1522359
0.15389986
0.15691514
0.16032621
0.15781489
0.15492597
0.15415798
0.15618852
0.15237854
0.15452628
0.15388171
0.15213893
0.15157413
0.15469994
0.15353528
0.15339562
0.15719955
0.15623021
0.15148304
0.15361445
0.15327084
0.15117268
0.1525624
0.15251333
0.15472549
0.15257569
0.1555365
0.15397103
0.15075836
0.15391645
0.15526427
0.15503217
0.15028027
0.15471403
0.15340714
0.15085511
0.15071443
0.14978515
0.15372624
0.1502333
0.15188031
0.1544084
0.1524672
0.14972232
0.15657812
0.15099607
0.15012874
0.15054475
0.15336843
0.15074222
0.14994864
0.15166822
0.15075278
0.14778957
0.14926033
0.14842947
0.15027803
0.14798485
0.14692558
0.14929484
0.14790052
0.15119256
0.14734313
0.1500025
0.15647812
0.15317318
0.15589868
0.14937882
0.14796153
0.15375395
0.15102167
0.14675324
0.14956063
0.1503646
0.14824586
0.15023145
0.1490999
0.15197772
0.15185164
0.15037732
0.14664964
0.1489358
0.15221888
0.15038213
0.14721335
0.14568692
0.14601158
0.14616218
0.15072544
0.15041536
0.1487874
0.14825001
0.14593445
0.14953257
0.14764777
0.14774238
0.14501189
0.14746374
0.14877811
0.14689419
0.1456904
0.14808449
0.14583685
0.14784108
0.15131952
0.1452801
0.14668587
0.14897084
0.14814922
0.14400269
0.14779174
0.14694978
0.15028363
0.14622287
0.14669111
0.14891024
0.14749399
0.14637344
0.1513386
0.1490956
0.1471511
0.14564504
0.14891095
0.14643137
0.14462613
0.14608704
0.14601599
0.14529337
0.14841129
0.14494382
0.14480749
0.14511512
0.1476603
0.14688408
0.14540127
0.14920843
0.1446425
0.14524491
0.14301844
0.1469847
0.14522019
0.14588541
0.14870548
0.14395857
0.1437681
0.14202443
0.14541724
0.14435159
0.14773354
0.14126737
0.14402351
0.14539066
0.14340106
0.14346635
0.14752775
0.14420678
0.14452137
0.14463864
0.14561875
0.14398827
0.14339462
0.14496551
0.14471659
0.14934641
0.1455669
0.14367191
0.14526369
0.14623612
0.1458559
0.14522198
0.14474228
0.14590564
0.14302778
0.14548059
0.14617933
0.14258185
0.14322358
0.14301705
0.1428208
0.14379989
0.14410418
0.1447912
0.14378685
0.1458947
0.14194843
0.14608659
0.14225325
0.14369397
0.14423317
0.14136271
0.14324474
0.1415326
0.14497635
0.14667518
0.14264682
0.1419377
0.14364278
0.14201665
0.14897302
0.14464273
0.14360093
0.14146973
0.14108439
0.14304638
0.14472088
0.14411025
0.14299913
0.14731501
0.1427499
0.14513043
0.14546384
0.1460992
0.14103886
0.14193626
0.1444476
0.14235666
0.14313334
0.14313036
0.14227873
0.14409864
0.14332561
0.14225993
0.14200988
0.14222686
0.14146231
0.14135993
0.14353171
0.14356823
0.14469905
0.14182019
0.1405881
0.1387456
0.1398597
0.1416422
0.1432029
0.14435154
0.14011668
0.14156035
0.14237326
0.14015846
0.1420049
0.14251894
0.1395234
0.14013198
0.13897552
0.14427125
0.13795497
0.14052063
0.13833544
0.14174688
0.14319722
0.1369357
0.14308816
0.14056438
0.14153245
0.139899
0.13898665
0.14152925
0.1385611
0.14138289
0.14021802
0.1385808
0.14100076
0.13977018
0.14002721
0.13901907
0.13848585
0.13744341
0.1364451
0.14187054
0.13800395
0.13760284
0.13950977
0.13932696
0.1407984
0.13948633
0.13924533
0.13767612
0.14113475
0.13759263
0.13790211
0.1381297
0.1443639
0.13634023
0.13851918
0.13968116
0.13817042
0.1367574
0.14006817
0.1425069
0.13993174
0.13961612
0.14150657
0.13716412
0.13980402
0.13958193
0.13517909
0.13739604
0.13705818
0.14355014
0.13706867
0.14087826
0.1396533
0.14088812
0.13697691
0.13913615
0.13806954
0.13655071
0.13789672
0.13785052
0.13755755
0.1376982
0.14019884
0.1386025
0.14332195
0.13966094
0.13725759
0.14004686
0.13958552
0.13532959
0.143816
0.13751306
0.13818014
0.14060077
0.13624027
0.13855644
0.1401884
0.14029248
0.13799526
0.13793145
0.13879876
0.138367
0.13851903
0.13995595
0.14059216
0.13754195
0.13709842
0.13858123
0.13602926
0.1369769
0.13472338
0.13768792
0.13825077
0.13856255
0.13762829
0.13669647
0.13535616
0.13862836
0.13655768
0.1389235
0.1382433
0.1352588
0.13723265
0.14029448
0.14004108
0.13695166
0.13883002
0.1376831
0.13439868
0.13267177
0.13811308
0.13564177
0.13393353
0.13535596
0.13564052
0.13597345
0.13584922
0.1364381
0.13558652
0.13794939
0.13477236
0.13640645
0.13595276
0.13735363
0.13338798
0.13567296
0.13368604
0.13671193
0.13658562
0.13728793
0.13471995
0.13537514
0.13556933
0.13457425
0.13474776
0.134667
0.13258232
0.132896
0.1359425
0.1328636
0.13334
0.13874291
0.13330297
0.13216484
0.13411617
0.13348563
0.1337646
0.13804074
0.1359104
0.133442
0.13269939
0.13497417
0.13279423
0.13386656
0.13224839
0.13324168
0.13269454
0.13426332
0.13475525
0.1395312
0.1339373
0.13565893
0.131906
0.13314587
0.13267013
0.13376503
0.13707916
0.13285327
0.13229223
0.13388406
0.13293903
0.13166742
0.1345085
0.13405266
0.13256356
0.13207297
0.13946135
0.13167934
0.13266061
0.13317025
0.13078927
0.13421723
0.13401905
0.13214107
0.13633484
0.13052808
0.13048087
0.13166647
0.13096255
0.13102113
0.13141854
0.13302642
0.13083021
0.13329251
0.13000199
0.1313362
0.12961072
0.13072447
0.1318003
0.13098949
0.1321002
0.13203974
0.13208145
0.13015458
0.130551
0.13150206
0.13049243
0.13330853
0.13170528
0.13368258
0.13308266
0.13173652
0.13090518
0.13289028
0.13277951
0.13214472
0.13324404
0.13064581
0.13291453
0.12936054
0.13221548
0.13162059
0.13209528
0.13030457
0.1292284
0.13350718
0.13558467
0.12954015
0.12890106
0.13035306
0.13132454
0.13145952
0.13210458
0.12985589
0.12950926
0.12894458
0.13185212
0.13198385
0.13223085
0.13008928
0.13348581
0.1279863
0.13099866
0.13087532
0.13075326
0.1286073
0.12903832
0.12748984
0.13047837
0.13099915
0.13104416
0.13008937
0.13042723
0.12852739
0.13102242
0.12878755
0.13060088
0.12995611
0.12862045
0.1285918
0.12790057
0.12812886
0.13115524
0.12977433
0.12833217
0.13165095
0.13170342
0.13097619
0.13108264
0.12790185
0.12929393
0.13265494
0.13151947
0.12775818
0.12805238
0.12836692
0.13054372
0.12779157
0.12944518
0.12796876
0.13032727
0.12947135
0.1281353
0.12704022
0.12877546
0.13027027
0.12791176
0.133821
0.13103598
0.12726985
0.12997754
0.1295357
0.13032056
0.12720007
0.12893043
0.12919271
0.12773223
0.13053608
0.13072832
0.13219973
0.12871888
0.12675402
0.13352709
0.13099676
0.1325316
0.13092656
0.12694728
0.12751023
0.12821332
0.12853572
0.12624462
0.12857552
0.12820302
0.12837382
0.12985715
0.1263172
0.12851581
0.12976699
0.12854177
0.13074876
0.12791036
0.12936863
0.12842159
0.1260917
0.12751892
0.12672219
0.125642
0.1251499
0.12620312
0.12631254
0.1253474
0.12685761
0.12824151
0.12761898
0.1254073
0.1256121
0.13012731
0.126441
0.12576932
0.13051553
0.12480532
0.12529008
0.12345976
0.1300938
0.12779479
0.12733151
0.12503569
0.1250249
0.12699015
0.1299229
0.1254531
0.12819274
0.12703976
0.1276886
0.12669924
0.12874877
0.12579736
0.12535301
0.1274732
0.12532265
0.12520725
0.12509516
0.12350683
0.12477157
0.12231862
0.124009125
0.12508157
0.12758444
0.12647815
0.123631895
0.1255436
0.12439439
0.1260044
0.12193229
0.1249273
0.12535572
0.12646624
0.12498774
0.12525281
0.1259702
0.1269467
0.12532091
0.12640736
0.12695643
0.1237538
0.12942608
0.12714738
0.12407947
0.12577343
0.12668087
0.12485123
0.12594073
0.12655108
0.12532674
0.12831688
0.122458056
0.12418
0.12584038
0.12260523
0.12601952
0.12526877
0.12615189
0.12355906
0.12723076
0.12561795
0.122883715
0.12684764
0.12487134
0.12481189
0.12527922
0.123680204
0.12440456
0.12482651
0.1267673
0.12749296
0.12239779
0.12256828
0.12221191
0.122800454
0.123935714
0.12472064
0.12548657
0.12338135
0.12816902
0.12299794
0.12821996
0.124245845
0.1250744
0.12763706
0.12596549
0.12593707
0.1220913
0.12560494
0.12211937
0.12292153
0.123287186
0.12559566
0.12770659
0.12590647
0.12332282
0.12431008
0.12283431
0.124093994
0.124654494
0.12604755
0.12606198
0.123291634
0.124823175
0.124153346
0.12395483
0.124347456
0.1231631
0.12318402
0.1243872
0.12477977
0.12610541
0.12489792
0.124785386
0.12686609
0.1246919
0.1237795
0.12981275
0.12197699
0.124911934
0.12216421
0.12275697
0.12623307
0.123240985
0.12339607
0.12464817
0.12671728
0.12373545
0.12300034
0.12266609
0.12281256
0.123018906
0.12210062
0.12149869
0.1251108
0.122372776
0.12658122
0.12341415
0.12226091
0.122495234
0.122423135
0.12280812
0.124491684
0.123669006
0.12184966
0.123349786
0.12259414
0.12163985
0.12211993
0.12143638
0.124306604
0.12282073
0.1206687
0.12545846
0.12289574
0.1223998
0.12493742
0.12333182
0.12113365
0.12198301
0.12272074
0.1248787
0.122997634
0.120576255
0.12411987
0.1209384
0.12216909
0.12214133
0.121428244
0.12104139
0.121452615
0.120732374
0.12080372
0.1223514
0.12237827
0.12157198
0.12565109
0.119420856
0.12070492
0.122333094
0.1203576
0.12584393
0.12074203
0.124528095
0.12268447
0.12199483
0.12061373
0.12078768
0.12113273
0.12217451
0.121470556
0.1196876
0.12018869
0.12068756
0.12280175
0.12317227
0.12146254
0.1220916
0.12022035
0.11911905
0.12153411
0.122564964
0.120141834
0.12518369
0.12020177
0.121720314
0.11878154
0.119967096
0.12010281
0.119558334
0.11964986
0.122404024
0.121526346
0.12430789
0.122533455
0.12022327
0.11842007
0.12096414
0.12001505
0.12198155
0.12108563
0.11674793
0.12383589
0.119766496
0.1212299
0.11878454
0.11978526
0.12110417
0.11980154
0.11961063
0.12418922
0.1203404
0.12044551
0.1210238
0.11884053
0.12149561
0.11864786
0.11753264
0.11831599
0.119589284
0.12199366
0.123648
0.12508707
0.11964669
0.12468525
0.12259922
0.119864106
0.120405994
0.12183032
0.12270083
0.121020295
0.12057149
0.12111216
0.118749894
0.11981694
0.11909578
0.1243697
0.122681886
0.120264605
0.120024435
0.122522175
0.117461346
0.11916403
0.12002482
0.11920909
0.11806934
0.12195467
0.121281534
0.119602285
0.11811122
0.11858009
0.121678844
0.1187639
0.11915658
0.12054502
0.11828553
0.11762454
0.11831166
0.119667925
0.11844585
0.11947296
0.12086262
0.12005444
0.11760771
0.117208295
0.12048643
0.11776136
0.11804701
0.1193778
0.121766254
0.119483285
0.117427304
0.1190909
0.117222294
0.117134124
0.11782727
0.11496695
0.11839756
0.11669109
0.116433255
0.11662537
0.11570172
0.11678633
0.11942562
0.1177819
0.11780243
0.11831497
0.121265866
0.119304314
0.11882624
0.11905594
0.119549856
0.121521056
0.11817373
0.11736796
0.11652434
0.11968478
0.11778203
0.11814916
0.11842967
0.11597169
0.11967529
0.11730938
0.11653577
0.1171593
0.11782056
0.11851653
0.12161385
0.11895626
0.116827294
0.118370906
0.11865595
0.12107343
0.116116576
0.11666259
0.11651246
0.11623333
0.11875682
0.11672979
0.11752967
0.11623623
0.11654413
0.11501691
0.11614139
0.11738128
0.116654135
0.117864944
0.1204726
0.11519308
0.11740585
0.11636036
0.11797321
0.12150973
0.116735406
0.11705978
0.11910832
0.11876121
0.116009474
0.11560857
0.11826519
0.11597188
0.11554738
0.11736661
0.11482543
0.11517974
0.11631045
0.11666644
0.11528208
0.115928076
0.11473135
0.114549085
0.11971822
0.11664124
0.11869639
0.11382978
0.11456223
0.11518219
0.11789847
0.11543686
0.11739131
0.11730438
0.116958804
0.11796428
0.112948805
0.11512527
0.11411302
0.117234126
0.11635174
0.11759991
0.11400302
0.11867181
0.118014164
0.11775648
0.11358769
0.11902839
0.11432239
0.11493402
0.11513107
0.12012322
0.11870233
0.11487868
0.11751844
0.116238594
0.11589908
0.11525749
0.11709414
0.116355136
0.11768216
0.11729867
0.1153944
0.11534666
0.11547309
0.12219827
0.1169003
0.11530411
0.11467251
0.1184141
0.1159169
0.121013
0.11679695
0.114544116
0.11658437
0.11573537
0.11500134
0.11550289
0.11573029
0.11547038
0.11751757
0.115009256
0.114700094
0.11332256
0.117137805
0.115402356
0.1164808
0.11603262
0.1180235
0.117527746
0.118185855
0.11613568
0.1181585
0.11721671
0.115014955
0.11471308
0.11468898
0.11714313
0.116476774
0.116870366
0.11614631
0.11587345
0.11813674
0.11626808
0.11944288
0.115958616
0.11620155
0.11401215
0.11549161
0.115883306
0.11613846
0.11412166
0.1204636
0.1176356
0.116540976
0.114026755
0.11672296
0.11550472
0.11636915
0.11481592
0.11487279
0.11481724
0.11217747
0.11393115
0.11884673
0.115461335
0.115752645
0.113690905
0.11545651
0.11418387
0.11646312
0.116295986
0.113993876
0.114871085
0.11605094
0.11692992
0.11455711
0.11253128
0.11931055
0.11365613
0.11334468
0.112565584
0.11313228
0.11390307
0.11500987
0.11432177
0.11350541
0.112867475
0.11855664
0.112538144
0.113211475
0.11404932
0.112805575
0.1152805
0.112588465
0.113790736
0.11656671
0.11775186
0.113641664
0.114165284
0.11664715
0.11242684
0.11372952
0.113435775
0.11462376
0.11368951
0.11685219
0.1117648
0.11470204
0.11207472
0.11478234
0.1155174
0.115011215
0.111565255
0.117122315
0.11424561
0.1212925
0.11536683
0.11670664
0.114297196
0.11524823
0.11796116
0.11367729
0.11228554
0.11504809
0.11430614
0.11261321
0.114312775
0.11378195
0.11434635
0.11452685
0.12077195
0.114869446
0.115382664
0.11300292
0.113716416
0.114269085
0.1113543
0.11446628
0.116362385
0.11541479
0.11551918
0.11227651
0.11219135
0.11372978
0.11475555
0.11184337
0.11323544
0.11252308
0.11455257
0.11517248
0.10877659
0.11196039
0.113104
0.110851064
0.11202894
0.11388459
0.110055394
0.11191704
0.119292654
0.11208932
0.111198485
0.111138225
0.11110655
0.11232703
0.11196116
0.115977556
0.110935286
0.11106457
0.11292333
0.110855006
0.11010114
0.11316038
0.112920396
0.11235941
0.11164269
0.111547984
0.112096615
0.11147705
0.11331096
0.110571526
0.111385085
0.10995182
0.11015219
0.11042011
0.110344745
0.11043114
0.11216495
0.1128109
0.11069837
0.111148685
0.117402114
0.112624735
0.110938385
0.10998328
0.11283462
0.11204972
0.11203053
0.109444536
0.11024342
0.11215978
0.11106212
0.11164962
0.11013369
0.110161245
0.108649395
0.11011888
0.10941047
0.11061528
0.11075674
0.11296186
0.110027485
0.11106994
0.10943505
0.109072894
0.112705596
0.10972669
0.11040336
0.10972467
0.11351792
0.11054474
0.11203567
0.109524965
0.10893718
0.10934498
0.110420085
0.10958816
0.109101065
0.10768213
0.110725686
0.10893121
0.1088785
0.10996945
0.10953247
0.10869704
0.11036123
0.107694365
0.10958522
0.11198065
0.10924937
0.1104928
0.11268859
0.11274619
0.10819591
0.109136395
0.111832134
0.11433786
0.10821001
0.10857834
0.10817878
0.108984455
0.11033365
0.11328409
0.10918812
0.11052947
0.10890773
0.11244591
0.109583214
0.108922385
0.11058968
0.110431395
0.11080486
0.10973543
0.11093956
0.11270863
0.111051984
0.1087295
0.1094549
0.1105878
0.11104795
0.10850905
0.11094667
0.10861835
0.110532746
0.11569665
0.10688735
0.109252244
0.10928749
0.1088862
0.109367795
0.108894914
0.109310046
0.1138897
0.11016347
0.11003084
0.10997581
0.1060162
0.110487185
0.11131553
0.1122905
0.11018067
0.112345435
0.108122446
0.10981165
0.11102334
0.10912931
0.110550806
0.10809631
0.109694414
0.10789117
0.1084261
0.11154012
0.10954724
0.10939211
0.108658664
0.10982879
0.109036826
0.11234554
0.10949045
0.1089585
0.10958525
0.110519834
0.1088926
0.11029559
0.108249955
0.10831505
0.113633566
0.109467424
0.107176945
0.10771972
0.10882156
0.1078185
0.10710947
0.11031564
0.10837013
0.10820346
0.111437134
0.10785713
0.10860848
0.10914269
0.10872693
0.11028783
0.11022735
0.10882398
0.109753765
0.10889004
0.109199375
0.108571716
0.11328641
0.11086402
0.1108029
0.108279504
0.107414275
0.107122675
0.1095728
0.11037435
0.10933458
0.10869594
0.10887553
0.112177506
0.10572637
0.109501354
0.1087291
0.10745666
0.10839398
0.11184547
0.11208349
0.11065243
0.10897014
0.10891796
0.106633596
0.107171856
0.108620144
0.107860446
0.10819035
0.11095097
0.11150285
0.10689602
0.11129171
0.10881915
0.10812676
0.108111866
0.10779914
0.10720751
0.10582628
0.11012093
0.109877996
0.10728909
0.10632076
0.10975984
0.107999414
0.10808477
0.10989359
0.10737863
0.1078792
0.106690064
0.10717161
0.107028544
0.10848716
0.10730624
0.10621762
0.109420694
0.10495067
0.1055653
0.106787436
0.106239736
0.10811013
0.108118325
0.1051034
0.10630179
0.10499605
0.106295325
0.10403715
0.10905097
0.108283885
0.10956213
0.10777562
0.109879255
0.106815174
0.10496996
0.10950386
0.105630584
0.108031705
0.10577378
0.10631101
0.105858035
0.1070891
0.10692931
0.10715284
0.10758854
0.10964686
0.10739429
0.1056501
0.106831916
0.109037995
0.10629896
0.105725795
0.10684672
0.1093134
0.10584499
0.10497367
0.10572026
0.106061265
0.10781176
0.10654492
0.10667886
0.10836515
0.10515419
0.10573753
0.108073436
0.10577894
0.10385388
0.10661137
0.105491504
0.1064591
0.10524933
0.106607355
0.105636954
0.106341675
0.10815784
0.105558105
0.1036854
0.1080923
0.106451444
0.10565449
0.10772756
0.104476206
0.10449161
0.104501344
0.10554199
0.106330946
0.107270315
0.10855231
0.10668191
0.10722682
0.104507335
0.10531136
0.10652221
0.10966361
0.10586159
0.108264185
0.10721361
0.10889916
0.10620676
0.1062936
0.1065549
0.10662063
0.10630148
0.108155414
0.10491585
0.1058659
0.10779424
0.10666834
0.10625519
0.10477355
0.10504302
0.10477748
0.10533638
0.10612385
0.10864506
0.10625374
0.10564902
0.10350898
0.10516581
0.1068042
0.105982624
0.106765635
0.1039574
0.10688944
0.10664433
0.10643187
0.10831533
0.106294736
0.104217716
0.108458824
0.10408475
0.104358934
0.104564175
0.10414304
0.10561374
0.10529783
0.108309716
0.10520768
0.10557933
0.10615653
0.10553781
0.1049174
0.10750934
0.10373824
0.10324827
0.10690096
0.105849676
0.1061686
0.10490361
0.10598876
0.105507955
0.10589537
0.10818212
0.10866683
0.10321523
0.10760487
0.10360454
0.1054297
0.10783532
0.10420811
0.105074815
0.104200535
0.1044267
0.106089324
0.107519604
0.10504619
0.1048826
0.10867376
0.10395032
0.10394919
0.10588243
0.10432441
0.10270544
0.10481576
0.10687687
0.10467974
0.108585574
0.10621272
0.10565669
0.109078854
0.10477858
0.1059465
0.10795693
0.1043352
0.104902595
0.10561862
0.103898026
0.10534697
0.10259844
0.105153136
0.106392875
0.102858454
0.10562024
0.10418336
0.10524932
0.10606713
0.10211877
0.1030084
0.10644628
0.10646493
0.10604451
0.105539046
0.10346802
0.107680164
0.10947937
0.103517905
0.10482835
0.10320632
0.10702068
0.10342354
0.1036343
0.106718995
0.10408244
0.10542079
0.10466414
0.1059001
0.10332239
0.10846837
0.10456395
0.10463357
0.102966994
0.1032766
0.104580715
0.10256264
0.10417988
0.10194126
0.10442757
0.102088146
0.10399481
0.10139636
0.10418603
0.106135
0.10615182
0.10357273
0.104618214
0.10395047
0.10644543
0.10733286
0.105052546
0.102816
0.102605894
0.105067514
0.103695095
0.104477294
0.105017684
0.10168014
0.10232955
0.10322516
0.1038547
0.10524111
0.10256286
0.105840795
0.10205995
0.10265901
0.1039899
0.10430176
0.101256266
0.105670825
0.10637775
0.10146572
0.108845584
0.10134672
0.10386193
0.102543175
0.1036218
0.10318441
0.104301356
0.10364843
0.10314589
0.10246411
0.10259604
0.101759896
0.10202297
0.10381575
0.102992356
0.10395428
0.10615044
0.10283749
0.102665655
0.10311123
0.10422817
0.104996905
0.10294438
0.10478335
0.103311226
0.10339048
0.10233612
0.101592764
0.10247343
0.10227132
0.10331639
0.10090493
0.10103286
0.10257614
0.10067939
0.1006158
0.10479625
0.102215275
0.102004714
0.10179469
0.10181202
0.10279623
0.10135495
0.10179983
0.10154478
0.10227721
0.10094145
0.100066446
0.1011041
0.10365072
0.102832384
0.10088373
0.100648835
0.10148261
0.100729436
0.10142827
0.10752668
0.10196625
0.10241605
0.10276841
0.10179367
0.10144434
0.10060082
0.10281602
0.10452612
0.10215676
0.10339668
0.10222062
0.101177305
0.10103
0.10142297
0.103800714
0.10192028
0.09980103
0.1033437
0.1003912
0.09933921
0.10197899
0.10113138
0.10274068
0.10225568
0.10060089
0.10154797
0.100950584
0.10135987
0.10062958
0.104536936
0.10028032
0.101699956
0.10030395
0.103758916
0.10011256
0.10260988
0.10253315
0.10023984
0.102216125
0.10145377
0.10087464
0.10193735
0.102554515
0.101233914
0.10328877
0.103003554
0.10256995
0.10086532
0.10082447
0.102125846
0.10258142
0.10178601
0.10193637
0.10214362
0.099929005
0.1021729
0.10075491
0.10053062
0.099840604
0.10352733
0.09995672
0.10103377
0.102489196
0.10002289
0.10468938
0.102486394
0.100859106
0.102552086
0.10053767
0.102364846
0.10001401
0.1015061
0.10067655
0.10116314
0.101097606
0.10145714
0.10235082
0.10419897
0.09986043
0.102405146
0.09959745
0.100828536
0.10132068
0.10025527
0.10566359
0.10153424
0.10162495
0.10019238
0.10293567
0.10042467
0.10259292
0.101396054
0.10078009
0.101628244
0.10281095
0.100325294
0.102003835
0.10177273
0.0999142
0.09959023
0.10087096
0.100087605
0.102222465
0.100230746
0.102611676
0.1007593
0.101116754
0.10077432
0.10136926
0.09928737
0.100277685
0.10121562
0.1025636
0.09935053
0.101931274
0.10512814
0.10017957
0.10209278
0.099972375
0.10140486
0.10105509
0.10003055
0.10008645
0.10042564
0.099717334
0.09875304
0.10088138
0.10299337
0.099454604
0.09994531
0.09732184
0.10073912
0.09964544
0.10128282
0.100130096
0.10188574
0.101183794
0.101371765
0.09824577
0.098611064
0.09743335
0.10133287
0.100577906
0.09851253
0.10487893
0.097386315
0.101342954
0.10198289
0.10048796
0.0992948
0.09952436
0.09878067
0.10205774
0.10019522
0.10174693
0.099622525
0.1020377
0.10046346
0.09973927
0.09846516
0.09898679
0.10089217
0.10227124
0.1017817
0.10144737
0.10169904
0.10051509
0.09719809
0.09966774
0.09803415
0.102433436
0.0997799
0.09826438
0.100936726
0.10042627
0.09884639
0.09981355
0.098942295
0.10303126
0.09952284
0.099734254
0.0997139
0.099324316
0.100416355
0.10243875
0.09865359
0.09858283
0.09729422
0.102978505
0.09922071
0.098347984
0.09881638
0.10009787
0.09923799
0.10005111
0.09906305
0.09966259
0.09906274
0.099067636
0.100209974
0.10085074
0.097851045
0.100370914
0.09996672
0.099201955
0.10038336
0.099009015
0.10238737
0.10036897
0.10094
0.10067018
0.09920889
0.10091828
0.10027962
0.09739474
0.09945347
0.100452445
0.09966084
0.099237815
0.09792465
0.09807329
0.09781301
0.0978328
0.0979984
0.09964668
0.0983712
0.10075703
0.0983102
0.09825473
0.09769025
0.09844843
0.098072164
0.09887244
0.09957709
0.09776473
0.09762763
0.1001844
0.100646935
0.09944756
0.10077068
0.102052286
0.09943288
0.09939725
0.09924857
0.097530715
0.09866257
0.09834476
0.098407924
0.102301426
0.09818687
0.1004478
0.10015443
0.09758407
0.0976583
0.09970362
0.09738213
0.09756885
0.098036006
0.09739247
0.098678574
0.09774574
0.101330765
0.096699774
0.09813162
0.09791928
0.09646969
0.097766064
0.099024676
0.09953908
0.097452536
0.09868905
0.09814468
0.10119507
0.09917476
0.09905116
0.09858342
0.09739128
0.09985288
0.09798054
0.10038486
0.09944597
0.0985058
0.100273944
0.09822394
0.099320926
0.099711366
0.09966134
0.098101035
0.09880102
0.097892195
0.09851227
0.10521131
0.09919093
0.09876892
0.09814093
0.097355634
0.0970073
0.103751756
0.10289333
0.099030435
0.099196754
0.098457165
0.09872466
0.09694755
0.09880633
0.100241594
0.097824685
0.10140299
0.09837883
0.09868149
0.098987244
0.09662144
0.09813109
0.09774952
0.102591455
0.098619804
0.09719164
0.09720123
0.09698961
0.09928528
0.09843556
0.0975731
0.09799269
0.09603563
0.09854959
0.09722101
0.09805101
0.096784756
0.09795514
0.09768793
0.10033411
0.100022085
0.09799444
0.097492404
0.10139977
0.0975677
0.09908185
0.09699282
0.09923582
0.097697474
0.09693549
0.10028655
0.097994015
0.09682562
0.097414576
0.102515325
0.099559076
0.09705608
0.09859078
0.099580735
0.096609935
0.09908504
0.09860638
0.09804496
0.0972763
0.09650133
0.09782455
0.09740389
0.09883635
0.09584508
0.09742348
0.09885487
0.09918816
0.097266875
0.0987023
0.09540875
0.099474475
0.09572208
0.096766464
0.09676969
0.0976925
0.099668555
0.09976502
0.097088546
0.10022423
0.0950727
0.09636946
0.09876296
0.09751214
0.09547903
0.09673533
0.09680231
0.099911526
0.097914256
0.09714442
0.095576786
0.099941626
0.09581731
0.096235506
0.0945246
0.09522723
0.09658835
0.094529346
0.09699015
0.09780373
0.097173765
0.09801601
0.097725
0.100282006
0.097626284
0.09960996
0.09618398
0.09634039
0.09551754
0.09439072
0.0965095
0.095482245
0.09743735
0.096017845
0.09551481
0.10011392
0.096692
0.09711376
0.09607976
0.09595507
0.096691824
0.09573615
0.09652968
0.09542508
0.097475834
0.10045551
0.0959214
0.096080326
0.09693874
0.0971162
0.096194886
0.09652088
0.09521678
0.09883467
0.09503473
0.09600771
0.09822938
0.0951839
0.09531337
0.09529816
0.09570456
0.09657584
0.09832265
0.09617494
0.096261576
0.09755296
0.10030558
0.096999235
0.098716944
0.098653026
0.097761564
0.094421774
0.0959757
0.09634993
0.099785805
0.09752744
0.09486024
0.09646593
0.09557814
0.09771278
0.094723925
0.09621309
0.09629843
0.096921645
0.09483012
0.09699
0.09533491
0.09659019
0.095024705
0.09441572
0.09424801
0.09521138
0.095578216
0.09549392
0.097207546
0.093910515
0.09590724
0.094848566
0.094904155
0.09523748
0.094332114
0.09807525
0.093679115
0.095665716
0.095009334
0.09671985
0.096209474
0.09723531
0.09439902
0.09647363
0.09695611
0.09460007
0.09536089
0.09469727
0.09513934
0.0943953
0.09458239
0.09522911
0.095529705
0.09523401
0.101121455
0.09517791
0.09296471
0.09501989
0.09555904
0.0949786
0.09702744
0.09428223
0.097093634
0.09526069
0.09503372
0.0950487
0.09528056
0.09540404
0.09454418
0.09777485
0.09526128
0.095697
0.09989863
0.096046194
0.0938899
0.09541102
0.09968606
0.094367385
0.09503517
0.09384821
0.093947314
0.09657448
0.09680495
0.0970511
0.09754642
0.095908046
0.09609022
0.10010139
0.093879186
0.095680796
0.09635984
0.095900305
0.09636001
0.09784609
0.09569974
0.0955769
0.09454033
0.093901545
0.093448244
0.09507283
0.09535533
0.094152346
0.092717715
0.09486731
0.09414433
0.09598892
0.09458915
0.09639283
0.09515795
0.09667316
0.09598122
0.093921006
0.094929375
0.09406222
0.09425464
0.09571425
0.09734875
0.09551671
0.09624037
0.09625764
0.09412971
0.09494321
0.09564287
0.09672498
0.094050005
0.09395356
0.09391818
0.09422936
0.09508589
0.0987336
0.095640495
0.094189584
0.09310447
0.09278064
0.095312215
0.094964355
0.09570989
0.09451376
0.09438665
0.0957222
0.093310244
0.09570222
0.0946323
0.09371532
0.09863221
0.094181746
0.093278274
0.09473117
0.09735219
0.09423137
0.092686
0.09305255
0.096178
0.095712714
0.09475251
0.094886355
0.09308889
0.09373488
0.093850315
0.09537798
0.097348824
0.09607152
0.095895596
0.09621289
0.09428329
0.093649395
0.09519529
0.0955494
0.095627904
0.094049565
0.09495444
0.093976274
0.09552929
0.09433908
0.09406895
0.09591063
0.094918154
0.095572725
0.09537832
0.09449453
0.096316926
0.09308083
0.09291782
0.0946134
0.09472607
0.09356523
0.09677878
0.097682215
0.09390438
0.09369988
0.096464954
0.09378421
0.095280565
0.096140645
0.09883438
0.09332145
0.09295201
0.09875663
0.093272716
0.0937194
0.09249038
0.09373232
0.09586196
0.093966044
0.094275124
0.0959536
0.09738999
0.09746746
0.09208161
0.09547127
0.09497587
0.09428411
0.09381098
0.092620574
0.09379667
0.095363274
0.095745854
0.093897365
0.094793126
0.094591044
0.097048745
0.09436023
0.09292159
0.09579828
0.09455445
0.092999846
0.0944649
0.094924115
0.09357359
0.09187769
0.09398153
0.094650224
0.094733976
0.091824055
0.09265453
0.093565494
0.09261342
0.09148525
0.09482275
0.09134819
0.093260735
0.093535006
0.092600256
0.09385202
0.09327536
0.09218282
0.0917268
0.09479317
0.0944258
0.092720486
0.09395687
0.09346915
0.094069555
0.09248655
0.09481404
0.09487832
0.09385356
0.09109191
0.09583508
0.092179365
0.09261549
0.09234876
0.09435196
0.09248979
0.094192125
0.096053585
0.092888854
0.09400978
0.09247661
0.09405903
0.093416415
0.09523437
0.09207808
0.09378163
0.09442117
0.0926305
0.09493988
0.09278786
0.0922953
0.09393433
0.09530294
0.093391486
0.09153622
0.09334761
0.0934279
0.09337653
0.0946965
0.09421603
0.09867677
0.09268182
0.092583396
0.09537203
0.09544332
0.09283268
0.09278495
0.0920407
0.09279525
0.09427253
0.09298075
0.09232154
0.09714733
0.09366841
0.092346765
0.09297572
0.09285969
0.09226193
0.092640296
0.091816284
0.09230005
0.09099463
0.09182545
0.0915238
0.09526064
0.091006115
0.092292376
0.09347769
0.091637984
0.09299562
0.09207318
0.093603514
0.094307825
0.09261927
0.09340235
0.09500763
0.09157057
0.09456801
0.09268327
0.09368437
0.09222464
0.09334536
0.09386526
0.09303852
0.09262581
0.09326065
0.09423328
0.09245224
0.09350807
0.091586225
0.09230314
0.092818506
0.0935534
0.09228627
0.09263654
0.0918538
0.09123635
0.094271295
0.09206076
0.09511047
0.09233502
0.09398477
0.09311451
0.092782415
0.09470821
0.092826135
0.09158632
0.09257878
0.0912692
0.09074683
0.09124221
0.09433229
0.094524145
0.0911088
0.09204226
0.09086166
0.09541189
0.093330376
0.09282059
0.09248693
0.09177916
0.091754526
0.09274038
0.09030819
0.09610111
0.09354711
0.09256437
0.09337594
0.09205373
0.092236094
0.09268814
0.092228755
0.09197533
0.09069888
0.092310466
0.09143258
0.089889094
0.09188125
0.09110783
0.092280164
0.09043835
0.091424525
0.09406753
0.093449645
0.09306479
0.09161888
0.09273173
0.092832
0.09621176
0.091404766
0.09351412
0.093843706
0.09044721
0.090457946
0.09418773
0.09307108
0.09183703
0.096751794
0.09181118
0.090599634
0.09228857
0.09150851
0.09146665
0.09141665
0.09195074
0.09141792
0.0906053
0.09321043
0.09215553
0.09119234
0.090676785
0.09072333
0.0929466
0.09220036
0.09219068
0.09428883
0.09439545
0.092704676
0.09252637
0.09230505
0.09332325
0.09300741
0.09087113
0.0914395
0.08969666
0.091976225
0.09233753
0.09186707
0.092150085
0.09172795
0.09439493
0.0922907
0.094016574
0.08987955
0.0901009
0.092435226
0.091253355
0.091026515
0.09227941
0.0930867
0.092843376
0.09230516
0.09085219
0.09234887
0.0893316
0.09102661
0.09113088
0.09044762
0.09119997
0.09091895
0.09129062
0.093020454
0.09270065
0.0912726
0.08977304
0.09189999
0.09235176
0.090351894
0.09086932
0.092435114
0.09321053
0.093737885
0.08907782
0.089764714
0.08959742
0.08898289
0.090402484
0.09146017
0.08991142
0.09074706
0.09289928
0.09204146
0.089964814
0.090911016
0.08943783
0.09054707
0.089954816
0.09095162
0.09174879
0.093720034
0.09177017
0.088828
0.08987541
0.09060592
0.09022209
0.09019902
0.089167185
0.09067077
0.090395026
0.0900857
0.08931406
0.090608165
0.09132137
0.093452886
0.09194271
0.088872954
0.08889265
0.090586565
0.094420664
0.09181188
0.08978498
0.092920974
0.09181686
0.08986576
0.09202362
0.08861306
0.09187136
0.09088199
0.090932965
0.09079196
0.091113776
0.09063657
0.08759513
0.089057185
0.08886654
0.08982532
0.0882026
0.089409
0.090398006
0.09068933
0.089150794
0.090955816
0.09011998
0.08878902
0.08966826
0.08953167
0.08847761
0.091281146
0.08833939
0.090999015
0.08964988
0.08921251
0.09015511
0.09094355
0.0897435
0.09044935
0.090104945
0.09029031
0.089109145
0.08936739
0.08982223
0.09266054
0.091106206
0.08872566
0.089734554
0.09036811
0.089528225
0.08891105
0.090541326
0.08951289
0.09050224
0.089555584
0.08964033
0.08955199
0.09291209
0.08952967
0.09099846
0.088510685
0.08984151
0.08908052
0.08885317
0.08880305
0.090002954
0.09356921
0.09006372
0.09133623
0.0896929
0.09537383
0.091981515
0.09017857
0.08892623
0.09065494
0.089973025
0.09276718
0.088307
0.08922768
0.0907927
0.08859606
0.09082642
0.09170055
0.09208879
0.09001852
0.08948011
0.08893059
0.09114801
0.08894044
0.09085096
0.089950815
0.09146795
0.091050565
0.091404155
0.08854135
0.090480536
0.08833683
0.09119361
0.09059569
0.0902089
0.09048192
0.089212894
0.09191459
0.09160662
0.08875853
0.09049652
0.089239225
0.089913905
0.08846012
0.088695414
0.093165174
0.088615656
0.089284614
0.08920154
0.089947745
0.09077811
0.09096169
0.08904359
0.089316085
0.09141916
0.09233386
0.09262087
0.089765914
0.09741969
0.089935124
0.09182392
0.090477794
0.09108941
0.090577744
0.090208516
0.08953162
0.08927626
0.092550166
0.09110884
0.09140543
0.09000742
0.0908355
0.08993121
0.0899371
0.08926621
0.09052632
0.090721734
0.089816704
0.08899922
0.09233762
0.08883644
0.090944536
0.089164674
0.08908186
0.091518566
0.091701195
0.091166876
0.089424536
0.09040571
0.089241445
0.089394026
0.08949218
0.08946878
0.08932483
0.09166796
0.08914797
0.09147359
0.08922603
0.08970876
0.08982858
0.08838388
0.09087195
0.08966626
0.09067955
0.09033669
0.0898572
0.089321315
0.08916158
0.09155841
0.08696272
0.09341885
0.08824711
0.08810493
0.089889586
0.0894621
0.08935488
0.09032038
0.092166245
0.08967387
0.09031343
0.09116709
0.09003583
0.08984986
0.08835563
0.091706336
0.09216945
0.08990977
0.091626525
0.09012175
0.09165808
0.090191066
0.08901557
0.088457964
0.0886545
0.088583976
0.08775398
0.089558765
0.09131403
0.08922991
0.08770474
0.089804664
0.08849239
0.08864505
0.08815625
0.08761888
0.08875585
0.087633654
0.09032041
0.090223186
0.08917936
0.08944148
0.088580094
0.08935658
0.08810594
0.08894133
0.08876906
0.086811066
0.08905401
0.08689522
0.08824211
0.0885227
0.088534646
0.08899049
0.08817598
0.08942643
0.08829406
0.08857882
0.08901848
0.086749144
0.08993825
0.08815683
0.086574316
0.09081944
0.087887704
0.08960744
0.08885611
0.08813756
0.08893123
0.08853572
0.08943656
0.08787039
0.08830844
0.09085677
0.09068612
0.08745181
0.08987002
0.088857114
0.08893332
0.08966028
0.088346675
0.09488793
0.087406516
0.08955423
0.090065666
0.09058392
0.08889082
0.08852279
0.090742365
0.09196096
0.09084247
0.088366546
0.09016055
0.08791665
0.08765746
0.08705317
0.08745385
0.086417995
0.09043167
0.090141945
0.0870683
0.08866122
0.08865138
0.08732676
0.08830168
0.08739176
0.09169836
0.08853076
0.0900853
0.08920624
0.08942282
0.09115245
0.090012245
0.088802144
0.089054294
0.088310674
0.09008524
0.09005799
0.08752705
0.08869507
0.08746536
0.08825071
0.088435516
0.088351004
0.08736718
0.08999997
0.08756249
0.09105849
0.08788627
0.088200875
0.091130875
0.08847787
0.08705446
0.08694324
0.08752378
0.0871711
0.088416845
0.091560245
0.08767638
0.08944947
0.087451585
0.08705988
0.08773827
0.08828886
0.08854102
0.08804182
0.08922225
0.08683026
0.08735748
0.09009243
0.08688702
0.08805325
0.08968336
0.08864737
0.08855909
0.08653689
0.08805356
0.088057466
0.08950847
0.088329986
0.08960289
0.087797694
0.09033856
0.08609336
0.08741967
0.08698623
0.08717525
0.091014005
0.08978053
0.08790588
0.08682114
0.088793255
0.09061609
0.08808454
0.08836574
0.0890684
0.09042847
0.08902358
0.08783522
0.086516604
0.08789218
0.087750524
0.08668609
0.087391354
0.08757826
0.09056489
0.08700596
0.08798717
0.08691425
0.0868049
0.08801063
0.08813433
0.09171647
0.08891335
0.08979644
0.087190524
0.089261495
0.08778566
0.08610407
0.08804949
0.0873678
0.08735496
0.0866166
0.08671037
0.08646634
0.085822016
0.08816235
0.08885413
0.087443516
0.08757018
0.08718733
0.08712382
0.08614376
0.08700461
0.091080464
0.08648019
0.089287855
0.088272564
0.087358646
0.08706951
0.08842872
0.088254474
0.0889345
0.08732161
0.08777951
0.08852963
0.086698264
0.08685957
0.08839519
0.0891326
0.08648229
0.089091785
0.08810389
0.08853281
0.08832858
0.08927331
0.08828998
0.087619506
0.08818841
0.08912933
0.08799146
0.08801626
0.09066942
0.088307664
0.08883387
0.08869763
0.088700555
0.086820915
0.087150104
0.08732948
0.08917467
0.08982228
0.08900554
0.086385265
0.08813626
0.085816994
0.086336546
0.08532852
0.08801687
0.08558555
0.08890824
0.08771285
0.086961865
0.08671689
0.08589465
0.08597191
0.08517219
0.08822443
0.08726499
0.085928045
0.09019364
0.08732971
0.087394506
0.084518984
0.08710149
0.08697737
0.08732762
0.08740358
0.08771395
0.08806943
0.08754341
0.08553618
0.08886672
0.08764139
0.08684604
0.08682134
0.08629671
0.088780224
0.08786253
0.086835906
0.08585063
0.08691389
0.08632766
0.08848396
0.087397754
0.08749765
0.08759589
0.08602625
0.08539549
0.086659074
0.085871674
0.08641817
0.08830185
0.08733559
0.08464925
0.086570114
0.086174265
0.08697813
0.08584186
0.086893566
0.08563577
0.08672972
0.08778996
0.08781202
0.085955374
0.085998714
0.084992036
0.08976457
0.089939
0.08870565
0.08602833
0.08636658
0.08755159
0.087573044
0.089984655
0.08428644
0.087736115
0.08622848
0.086869866
0.086737685
0.0873166
0.08789613
0.08761541
0.0864643
0.08583833
0.08838067
0.08880521
0.085903935
0.087224975
0.08593142
0.085807756
0.08763568
0.08554335
0.085280925
0.08726202
0.08680413
0.085714966
0.08630736
0.08635417
0.08822554
0.08843683
0.0861224
0.08538871
0.08550454
0.08633489
0.08678384
0.085319616
0.084905095
0.08493451
0.08713298
0.088237785
0.08645722
0.087669
0.086187914
0.08491935
0.08657774
0.08553615
0.085380405
0.085564435
0.08787792
0.08502706
0.08629277
0.08517563
0.08605427
0.086113706
0.08454207
0.08474822
0.08723136
0.08492562
0.08636354
0.08624607
0.085180804
0.08636596
0.086183935
0.08916856
0.08771748
0.086660594
0.08503731
0.08728479
0.08415198
0.08591977
0.08606298
0.087869555
0.085838065
0.0883375
0.08652396
0.08762172
0.086524926
0.08567376
0.08744965
0.08751136
0.088098906
0.08791693
0.0870416
0.08851101
0.08733654
0.08679657
0.08810807
0.085822925
0.085471354
0.085994706
0.08663122
0.08638926
0.08792608
0.086088784
0.08874645
0.089706756
0.086228244
0.087718666
0.08537653
0.08488586
0.087659046
0.08626155
0.08441246
0.08891621
0.087890774
0.085147895
0.08458956
0.084784694
0.08447222
0.085178904
0.084043466
0.08429122
0.084881246
0.084631614
0.085707486
0.087262265
0.08462874
0.08532098
0.08473216
0.08524411
0.08538049
0.08616587
0.084213145
0.083230406
0.08395551
0.083505295
0.084239006
0.08632516
0.085748404
0.084739365
0.08346333
0.08710416
0.08450668
0.08882237
0.08414946
0.08439384
0.08618558
0.085448764
0.08596897
0.08556415
0.086307466
0.08427581
0.08509623
0.08711166
0.088711105
0.08669199
0.08521497
0.08394198
0.08731141
0.08550123
0.08366309
0.08660408
0.08288072
0.08909935
0.085764
0.08662316
0.085761994
0.083515674
0.08519967
0.084888555
0.08426336
0.08369731
0.08512857
0.085963316
0.083933406
0.08607501
0.0832483
0.085247815
0.084781066
0.08401582
0.08516892
0.08400317
0.08379431
0.08472294
0.084156625
0.08370789
0.085971855
0.08409563
0.08536423
0.085209586
0.085805945
0.083830364
0.08535465
0.08690145
0.086301856
0.08424929
0.0839957
0.086251736
0.08336917
0.08465991
0.08377107
0.08522227
0.083805695
0.083412126
0.08377957
0.08658279
0.0835442
0.08471927
0.08538418
0.084557965
0.08586211
0.085195236
0.08411787
0.08601358
0.08596162
0.0824098
0.087248914
0.08203051
0.08356148
0.08701519
0.08194052
0.08796797
0.08414125
0.08349818
0.083928965
0.08531084
0.086597376
0.08392532
0.08302535
0.08380789
0.08482694
0.08391348
0.08396735
0.08450628
0.083244264
0.08499461
0.084186025
0.0832019
0.085646816
0.08449312
0.082354926
0.08509723
0.08365803
0.08333576
0.08308741
0.08593081
0.08422686
0.08316719
0.08264637
0.08521955
0.08317796
0.085121885
0.08471864
0.08354754
0.08397987
0.08396678
0.08397923
0.084076524
0.08313843
0.08533776
0.084570214
0.085961156
0.08523989
0.08474322
0.084637396
0.08259699
0.082645625
0.0849633
0.08480436
0.086356364
0.082668915
0.08430201
0.08530589
0.083912306
0.08365606
0.08595817
0.085429594
0.08642994
0.08432834
0.08473569
0.087641105
0.08303537
0.08374451
0.08331965
0.08355141
0.08405655
0.08523988
0.082761094
0.08411936
0.08461303
0.08507894
0.084471986
0.083144225
0.08651234
0.08271248
0.084716246
0.08670708
0.08429082
0.085019246
0.08333595
0.083083585
0.083229214
0.08425743
0.08304657
0.083841905
0.084977485
0.08452018
0.082240716
0.08258539
0.08490315
0.08445052
0.08293733
0.0840912
0.084196754
0.087169796
0.08341052
0.08296023
0.08611946
0.0904635
0.085739784
0.08617943
0.0825218
0.08580419
0.08383662
0.0843175
0.08413863
0.08566655
0.084252186
0.08506088
0.083273135
0.08450937
0.08510288
0.08558202
0.08528024
0.08334002
0.0829941
0.082824335
0.08561173
0.08614887
0.08428484
0.08352029
0.08398755
0.08466082
0.08302546
0.0828327
0.08383798
0.084300846
0.08379581
0.08512425
0.085140586
0.08510545
0.0835736
0.08414894
0.083070315
0.083840966
0.08730499
0.083907
0.08407342
0.08661102
0.0840046
0.08481193
0.08439999
0.08320949
0.085130356
0.08351802
0.08492547
0.08415512
0.08251807
0.0836576
0.08461587
0.085048035
0.08311028
0.08263474
0.08442785
0.08219477
0.08546112
0.0834372
0.08359097
0.0836951
0.08635999
0.08383237
0.084736094
0.08407911
0.086000614
0.08942243
0.08345465
0.08447446
0.085082404
0.08432003
0.08494345
0.083211266
0.08403509
0.08636362
0.08676445
0.08290666
0.08713213
0.084978275
0.08436587
0.083211355
0.08548941
0.08434703
0.08545447
0.08432771
0.08426742
0.084165655
0.083952606
0.08438348
0.08352922
0.082508884
0.08686449
0.08401615
0.08459207
0.0838411
0.08309385
0.08235054
0.082447186
0.08174751
0.0837605
0.08275597
0.084386274
0.08389082
0.082946904
0.08345996
0.08552451
0.081899814
0.0859277
0.08260844
0.083139345
0.08438998
0.082856745
0.084431164
0.08499308
0.08233351
0.082837574
0.08659371
0.08326661
0.08389138
0.08286342
0.083336994
0.08330781
0.08353965
0.082252644
0.08425781
0.082500294
0.08232132
0.083884165
0.08483915
0.08661427
0.08236671
0.08275101
0.08310629
0.0836102
0.08367141
0.08429514
0.08432174
0.08474094
0.084173545
0.08579791
0.08395084
0.08269536
0.08374947
0.083555885
0.082450226
0.083650626
0.08339903
0.08307886
0.08357453
0.08342401
0.08188014
0.08445137
0.082497016
0.08417802
0.08149946
0.081290424
0.08429331
0.08092701
0.08251129
0.08476852
0.08247694
0.08117063
0.08345371
0.084131956
0.08389681
0.082793705
0.08261653
0.085887924
0.08177289
0.08405489
0.08247443
0.08283478
0.08396629
0.081361495
0.08342021
0.08371504
0.08475489
0.08376974
0.08270991
0.082505934
0.0833185
0.081405215
0.082224414
0.08314723
0.08254548
0.082760386
0.081948556
0.08148611
0.08500315
0.08185572
0.081685334
0.08262765
0.08162652
0.08578467
0.08254957
0.083136536
0.084112644
0.084893376
0.08242976
0.08231162
0.08363039
0.08241931
0.082631074
0.082495965
0.0826442
0.08169968
0.08304334
0.0821933
0.08240106
0.082734495
0.08132701
0.08141716
0.08239096
0.0827897
0.08284612
0.0818314
0.08184958
0.08181013
0.08226863
0.08242012
0.081204794
0.08136815
0.083549246
0.08108086
0.0818152
0.085932724
0.08226019
0.08243226
0.0830592
0.08226388
0.08251454
0.08352792
0.08354647
0.08220841
0.08303218
0.082609996
0.08219198
0.081900746
0.08100508
0.082099006
0.08286423
0.08101809
0.08517912
0.08284074
0.082692795
0.08248297
0.08124009
0.08233787
0.08396379
0.08269445
0.082692534
0.08464574
0.08150716
0.08193924
0.08171448
0.08070545
0.08430043
0.08249012
0.08287883
0.08072185
0.082752235
0.084826164
0.081172295
0.082032755
0.08211629
0.08081165
0.08072386
0.08226632
0.08068886
0.08160053
0.083005674
0.08105355
0.082717024
0.081375234
0.08149894
0.082317635
0.08228739
0.08219464
0.08086469
0.08171938
0.081139676
0.083264545
0.08311994
0.08203843
0.0808197
0.07969715
0.08135423
0.08186044
0.0838534
0.08213728
0.08204698
0.08202126
0.08153186
0.0812252
0.08524612
0.080015376
0.08128471
0.08114375
0.08260126
0.08103737
0.081474416
0.08090738
0.08121537
0.08327413
0.08209585
0.08063893
0.0804065
0.08475805
0.082284145
0.08174872
0.0822314
0.0825326
0.082253255
0.081434846
0.082787655
0.08280133
0.0808122
0.08402745
0.08037522
0.08221254
0.08623256
0.08282818
0.08044972
0.08043476
0.08142731
0.08418662
0.08234327
0.08082845
0.08336104
0.08217443
0.08451228
0.08337774
0.08214957
0.08229687
0.08324536
0.08184189
0.08532548
0.0828689
0.08324045
0.08115216
0.081643134
0.08232661
0.082703166
0.08009904
0.08189376
0.081928074
0.0817552
0.08106195
0.0848059
0.08290347
0.08077208
0.0819213
0.081543885
0.083783686
0.08211801
0.08173553
0.08052803
0.08407855
0.080525495
0.07983604
0.08154927
0.0796648
0.079957396
0.081733406
0.080865994
0.08087275
0.080401406
0.0813273
0.08296229
0.08318681
0.08256417
0.082351506
0.08085569
0.08018762
0.0813782
0.082635626
0.08216277
0.08152171
0.08175255
0.08176278
0.08141284
0.08244188
0.080866076
0.08186623
0.079795584
0.0810776
0.08128509
0.081284784
0.08227482
0.08100673
0.080442056
0.081510104
0.08106276
0.08099188
0.08290839
0.0812107
0.08138433
0.07996637
0.082049705
0.080813795
0.08165413
0.081609234
0.08001417
0.081565104
0.08120137
0.080490425
0.08038939
0.08201744
0.081220254
0.080448695
0.08073872
0.081111036
0.082983494
0.08193644
0.08272427
0.081437685
0.08287853
0.083675765
0.08186148
0.07985689
0.08545136
0.083843336
0.08241817
0.08009865
0.08230401
0.08148018
0.081749216
0.08097105
0.07987659
0.08256647
0.08374331
0.081623
0.08159424
0.08180273
0.081509896
0.08187128
0.08029125
0.08335026
0.08347096
0.08309075
0.080976166
0.08120258
0.080733076
0.08014883
0.081524335
0.08089677
0.08069398
0.0819618
0.080790035
0.08035787
0.079773284
0.08356185
0.081138045
0.08066214
0.08320123
0.080357425
0.08145829
0.08016746
0.08192861
0.08085245
0.08080193
0.08264691
0.08236095
0.08088992
0.084074415
0.08023112
0.084299386
0.08326505
0.08531993
0.0837003
0.08044241
0.079965726
0.08224324
0.08193943
0.08107164
0.07925044
0.08006049
0.0798065
0.08359847
0.08210731
0.081445016
0.08439826
0.08222414
0.08140891
0.08104416
0.08320694
0.085924946
0.080129966
0.08313168
0.08012015
0.08018311
0.08119602
0.08080472
0.080681585
0.082945734
0.08055163
0.082069226
0.07981076
0.07972905
0.08113779
0.08032461
0.08058808
0.07939753
0.08192591
0.08333789
0.08008294
0.08077357
0.08248363
0.08061017
0.0808325
0.08446572
0.08048226
0.081078224
0.08103923
0.07854783
0.07940132
0.082447805
0.078918315
0.08200988
0.081749655
0.08293692
0.08221097
0.08251098
0.07979432
0.0813022
0.08011907
0.07970248
0.08092579
0.07969935
0.07864163
0.0813106
0.08159184
0.081657015
0.083132125
0.079428636
0.08040713
0.08069747
0.08102962
0.082139894
0.08116673
0.08078179
0.08093921
0.08034196
0.07976
0.0808534
0.081076354
0.081151776
0.08162381
0.08086625
0.08029577
0.08357636
0.08023679
0.083102085
0.08144109
0.08084787
0.08198234
0.079689436
0.07952187
0.08176653
0.08087803
0.079376936
0.08296898
0.083699904
0.08383995
0.07933915
0.079877794
0.082414806
0.08223646
0.08236401
0.08216524
0.08045991
0.08241529
0.08281789
0.08118035
0.08334592
0.08320526
0.08089006
0.08219329
0.080935895
0.08072692
0.08153063
0.08040881
0.08356918
0.080644704
0.08042506
0.081654124
0.08262118
0.08056032
0.08047044
0.08034944
0.08085719
0.08080181
0.081071466
0.08323738
0.07942214
0.08505185
0.08087502
0.080258384
0.080521986
0.0828704
0.08144107
0.08081515
0.08257856
0.07931591
0.08203543
0.08260901
0.07965957
0.08207269
0.07998155
0.08133743
0.08263651
0.080998145
0.07907673
0.08254083
0.08049028
0.081188634
0.082082935
0.08121883
0.080134094
0.08139505
0.080645256
0.08126402
0.08090336
0.08070119
0.07918854
0.08062853
0.08109236
0.080232866
0.08202929
0.0803024
0.08008527
0.08040716
0.08017017
0.07919999
0.07885588
0.080826744
0.08250482
0.079756334
0.08412917
0.07892951
0.08088691
0.08028178
0.07919985
0.07937728
0.07979783
0.07909281
0.07937992
0.08178508
0.08019012
0.080283165
0.08085698
0.07924324
0.08335081
0.07963166
0.081195615
0.07938692
0.080800325
0.08173323
0.079922974
0.08053668
0.07975402
0.078566134
0.08123186
0.081211925
0.0790873
0.07946592
0.0875237
0.08348548
0.07917072
0.07890247
0.077971734
0.08021461
0.08002136
0.080088235
0.080234475
0.079362966
0.08066023
0.08099867
0.07974542
0.08151462
0.08154038
0.07915289
0.079852
0.0796121
0.08011651
0.0812541
0.08050365
0.0812562
0.078911796
0.080169484
0.079863995
0.07961479
0.07972209
0.08006426
0.07987745
0.07931586
0.07817714
0.08142496
0.08063961
0.07990229
0.07988489
0.078741945
0.07916997
0.081871316
0.078829035
0.078415684
0.078663886
0.07996476
0.07965786
0.07952683
0.08080333
0.08289678
0.07858927
0.0802773
0.080565736