
0.06412706
0.061658796
0.052685924
0.05476016
0.05296754
0.05679368
0.05589643
0.05260558
0.0534919
0.05297555
0.052762996
0.050424922
0.04777543
0.049632132
0.048921365
0.04703632
0.04581723
0.046649236
0.04653235
0.045920454
0.04682926
0.045913793
0.04475229
0.04524271
0.044088457
0.044911582
0.045020226
0.044188783
0.04377003
0.04374759
0.04345667
0.043551642
0.044212606
0.043775722
0.042947058
0.042497296
0.04256474
0.041687347
0.044083264
0.044134416
0.042953636
0.042642076
0.0429475
0.04271692
0.041694764
0.04175964
0.041477
0.041671786
0.041767918
0.041128293
0.040581778
0.040285964
0.04111898
0.04154061
0.039886914
0.04136201
0.040658638
0.04092253
0.04062257
0.041667666
0.038944524
0.038437888
0.040094092
0.038870644
0.039401203
0.03825873
0.04028345
0.03899282
0.03943679
0.04118511
0.038546722
0.03864397
0.03832085
0.038508426
0.037191164
0.038107924
0.037691917
0.03942063
0.03729395
0.037959017
0.038982715
0.037536155
0.039368447
0.037399407
0.038617224
0.037327383
0.039740082
0.038007908
0.03825795
0.03733031
0.03720755
0.038153373
0.03696608
0.03715838
0.037025042
0.03727746
0.03734968
0.03790326
0.037934992
0.037402783
0.03772767
0.038241312
0.036706485
0.036435474
0.036321595
0.036142338
0.035868693
0.03670404
0.0366184
0.037183985
0.03544308
0.03566334
0.0362485
0.036683492
0.037518267
0.03570606
0.036189727
0.03650411
0.03550553
0.038535923
0.035666574
0.035441585
0.038233567
0.035169974
0.035402775
0.034879327
0.036307108
0.034560844
0.034937073
0.034971405
0.034626234
0.035359606
0.035381824
0.035826802
0.035274018
0.035614118
0.035867475
0.03514017
0.035127964
0.036009263
0.035359427
0.03469857
0.034774385
0.03451074
0.03580606
0.03585432
0.036997736
0.03455528
0.03389262
0.034786936
0.035028573
0.034970317
0.03423303
0.034305215
0.03534441
0.034253895
0.034386866
0.03489485
0.034555458
0.034577712
0.035229
0.03510124
0.034711268
0.03485581
0.034937456
0.035776917
0.034678943
0.034217466
0.03366046
0.03382764
0.034267858
0.0351235
0.033734873
0.033535104
0.033426315
0.03394052
0.03308125
0.03331392
0.033996712
0.034149412
0.03293157
0.034108218
0.03319448
0.033405308
0.033383824
0.03272875
0.032741476
0.03380688
0.03268652
0.03229515
0.03202643
0.03365228
0.032913815
0.032067783
0.032235842
0.03277882
0.03397615
0.031971846
0.03208812
0.032041293
0.0320661
0.03188079
0.033252545
0.031986207
0.03270733
0.03486255
0.033877816
0.033836186
0.034262884
0.03346748
0.032538854
0.032954898
0.032398526
0.03273304
0.031861853
0.032662038
0.0327993
0.031873044
0.031806935
0.031968955
0.032784797
0.03219715
0.032554805
0.031576883
0.03174806
0.032130953
0.032011777
0.03131365
0.03140172
0.031052962
0.031549737
0.031625524
0.031166648
0.030674545
0.030731026
0.031195754
0.031593584
0.03115488
0.031171363
0.03302595
0.03261328
0.031164406
0.031636782
0.031288184
0.031431694
0.030947462
0.031034846
0.030603247
0.030766336
0.0308357
0.030707011
0.030069452
0.031360738
0.030258177
0.030663377
0.030479398
0.030644974
0.031096635
0.031147612
0.030483186
0.031380177
0.03010905
0.030719906
0.029958166
0.029823275
0.030898098
0.031171763
0.030649915
0.029954547
0.030208852
0.0299732
0.030059164
0.029670041
0.02955518
0.029589796
0.02952646
0.030604675
0.030156627
0.03133476
0.030067554
0.030137703
0.02957678
0.029465724
0.029998263
0.029710472
0.02973611
0.029538594
0.02950719
0.031249939
0.030128505
0.03001203
0.029417627
0.029887652
0.029478986
0.029305495
0.029945983
0.030111503
0.028616874
0.029100109
0.02951402
0.029513257
0.02892106
0.029605715
0.02913143
0.029968355
0.028647287
0.03020267
0.029504448
0.029252455
0.028923217
0.029751869
0.029938605
0.030044777
0.028777612
0.02901327
0.028892303
0.028276417
0.029437909
0.028878964
0.029501772
0.028759396
0.028721737
0.029050363
0.028512072
0.0282687
0.02899699
0.02972113
0.028035486
0.028272007
0.028830202
0.028631862
0.029148886
0.028894264
0.028230544
0.02960342
0.028574754
0.02813446
0.02856166
0.028813247
0.029604744
0.029039027
0.028872633
0.029611336
0.028844552
0.028183674
0.029027905
0.027884388
0.02855051
0.028311044
0.028127309
0.02874993
0.028314905
0.027912686
0.02914524
0.028706664
0.02820809
0.027919047
0.027906053
0.028263448
0.028292187
0.027909523
0.028640678
0.029363593
0.027775416
0.028780747
0.027838485
0.027557226
0.027746182
0.027725108
0.027686998
0.027658306
0.02793621
0.027826585
0.028829142
0.027559316
0.028659683
0.027887404
0.02823237
0.028463956
0.027770191
0.027668297
0.02784544
0.027595283
0.027113484
0.026887683
0.027625531
0.027178774
0.027222628
0.027189517
0.026828725
0.027231507
0.027004438
0.026865488
0.02755014
0.028314335
0.027335405
0.027580833
0.027336868
0.02736052
0.02753023
0.02719387
0.02779821
0.02759732
0.027239798
0.02732642
0.027351094
0.027881999
0.027588522
0.027772076
0.026898725
0.0270593
0.027198814
0.026928853
0.026504938
0.02679057
0.026166264
0.026962163
0.02665997
0.027193092
0.027292132
0.02650515
0.02692216
0.026570968
0.026639322
0.026830776
0.026684955
0.026170164
0.026773185
0.026706247
0.026720008
0.026530273
0.02684102
0.026858583
0.02751153
0.026760524
0.026579028
0.026381087
0.025489554
0.026342819
0.025840918
0.025951602
0.026398249
0.026146704
0.025803579
0.026299829
0.026608191
0.025968669
0.02576375
0.026820859
0.025823459
0.025918623
0.02590244
0.02604556
0.025686935
0.02610325
0.025475817
0.02579383
0.025141709
0.025941502
0.02654509
0.0265527
0.025626156
0.025515717
0.026143808
0.025276644
0.026227389
0.025646033
0.02537141
0.02651418
0.025326917
0.025819445
0.025622537
0.025477648
0.025118846
0.025210185
0.025611116
0.025291389
0.025287569
0.025188655
0.025452152
0.025604317
0.024767699
0.02541499
0.025126522
0.02480706
0.025506943
0.025126426
0.026051564
0.02500775
0.02520545
0.024758674
0.026161812
0.025970574
0.025669504
0.025424259
0.025525214
0.025321329
0.025077777
0.025437783
0.026032366
0.025836812
0.024947952
0.025413932
0.02544565
0.024606997
0.025088396
0.024689393
0.024548946
0.024586141
0.024667867
0.024794107
0.024946153
0.02511629
0.026010623
0.025407374
0.025944972
0.02486524
0.024780272
0.024986295
0.02462453
0.024454374
0.024811713
0.024499523
0.025371179
0.025398375
0.024446458
0.024837332
0.024845766
0.024144728
0.024238443
0.024388898
0.024258088
0.024525747
0.02436129
0.024770355
0.024328176
0.024261283
0.024262093
0.024276461
0.024671538
0.024555637
0.02421634
0.024496086
0.02467115
0.024371406
0.023794672
0.02407843
0.024532003
0.024271665
0.024081163
0.02454284
0.023985896
0.024738932
0.02373723
0.02415953
0.024391018
0.024401816
0.02480669
0.02392643
0.024638614
0.023839712
0.024437668
0.024576448
0.024543975
0.02437756
0.024046753
0.024055284
0.02531439
0.024257952
0.02380456
0.023988185
0.024214953
0.024700379
0.024065277
0.024421643
0.024064077
0.025000418
0.024202975
0.024426185
0.023610843
0.02464347
0.023923842
0.02370473
0.024846353
0.02398189
0.023621632
0.023584327
0.022895912
0.023444124
0.023269475
0.023783864
0.023129076
0.023656389
0.023576062
0.022822538
0.02308733
0.023371933
0.023300491
0.023844745
0.024251977
0.023152415
0.02350573
0.023402559
0.02328081
0.024227394
0.023310542
0.022833638
0.023296975
0.023251653
0.023452668
0.022818983
0.023476139
0.023530379
0.024065876
0.023081008
0.022799384
0.023102544
0.023281597
0.022737073
0.023648856
0.02287426
0.02260887
0.023787206
0.023384118
0.022605654
0.023242768
0.023237875
0.02282155
0.022913283
0.022942033
0.02308243
0.02268495
0.02300413
0.023182468
0.023234518
0.023517102
0.022723878
0.023153668
0.022916835
0.023420768
0.02291932
0.022720765
0.02291026
0.022811534
0.02381831
0.022493206
0.02241629
0.022333223
0.022655215
0.022434091
0.023021953
0.022385724
0.022557868
0.022522727
0.022383658
0.022406498
0.022986028
0.022243718
0.022741675
0.022496091
0.022349523
0.02264891
0.022270055
0.02277599
0.022239927
0.022841118
0.022392478
0.022820571
0.02257662
0.022496594
0.022396175
0.022356326
0.022565447
0.022510761
0.022697503
0.02222101
0.022122744
0.022329813
0.022715626
0.022399284
0.021902667
0.022407422
0.02251443
0.023107573
0.0222755
0.022247406
0.022625143
0.022940887
0.021735476
0.02186012
0.021815842
0.022358544
0.021969024
0.021943767
0.02197884
0.022576505
0.02220241
0.02264082
0.021959413
0.022254162
0.021685923
0.021997185
0.02184197
0.022161176
0.022032484
0.021784175
0.02192562
0.021736858
0.022437392
0.021811005
0.021972284
0.021736182
0.021856789
0.021899195
0.021935882
0.021996832
0.021881083
0.021713844
0.022133423
0.021741748
0.022066504
0.021659277
0.021587685
0.021722965
0.02205516
0.022457104
0.021830613
0.021782959
0.021723596
0.021693638
0.022572203
0.021885421
0.022597326
0.0218359
0.021421174
0.021839192
0.021700576
0.021915397
0.021612667
0.02145702
0.021883884
0.02167826
0.021497311
0.022214407
0.022033466
0.021389812
0.021127792
0.021237584
0.021471418
0.021524465
0.021224706
0.021370817
0.021209285
0.02123247
0.021985637
0.021880861
0.021427047
0.021449856
0.021122592
0.021101728
0.02147278
0.021377726
0.021782046
0.021015339
0.021348035
0.022269232
0.021033615
0.021290706
0.021860996
0.02103059
0.021253496
0.021136615
0.022006415
0.021441707
0.02125004
0.020680904
0.021529919
0.021610647
0.021132043
0.020926148
0.021828832
0.021482088
0.021498343
0.02098469
0.02081463
0.02071451
0.021410381
0.021452526
0.020849861
0.021984372
0.023474146
0.02205369
0.021361206
0.020762758
0.021479424
0.0209471
0.021103699
0.020934869
0.02023863
0.021137048
0.021363353
0.020961486
0.020878233
0.020906663
0.020791827
0.02150569
0.020924684
0.021188753
0.020349203
0.020461423
0.020660963
0.020651242
0.020704634
0.020894576
0.02056637
0.020724423
0.020399705
0.021144563
0.020199893
0.0207856
0.020686988
0.021158319
0.020714303
0.020586047
0.020225367
0.020416858
0.020474877
0.020373296
0.020794166
0.02039444
0.020065866
0.020557612
0.020253569
0.020381013
0.020468332
0.020368097
0.020315921
0.020383136
0.020213371
0.0202974
0.020296017
0.020119319
0.019806698
0.020211617
0.020180197
0.020071767
0.020283466
0.020402187
0.020535208
0.021064024
0.020209325
0.019850159
0.020606669
0.019700928
0.019873949
0.020066783
0.019934077
0.02006456
0.020352548
0.019946307
0.020348443
0.020633243
0.019850392
0.019864948
0.020227943
0.019956348
0.019850843
0.019690149
0.020494957
0.020201402
0.020043222
0.020137906
0.02019363
0.020577163
0.020255722
0.019845698
0.019635094
0.0193219
0.019897472
0.019677512
0.020023396
0.020189974
0.019926988
0.01996504
0.020806136
0.019647261
0.019671815
0.019638399
0.019490067
0.01994639
0.01983961
0.019834911
0.019528503
0.01959011
0.019492825
0.020112297
0.01928787
0.019484872
0.02016924
0.019537402
0.019845612
0.01916582
0.019429704
0.019554676
0.020399503
0.020258203
0.01967783
0.01990719
0.019583931
0.019372093
0.01974139
0.019987423
0.018933164
0.019925065
0.020036247
0.019423284
0.019734327
0.019704878
0.019419312
0.020635812
0.019629758
0.019408865
0.019265922
0.019694226
0.019259516
0.0193678
0.019796817
0.019337067
0.019835416
0.019916039
0.019518878
0.019647231
0.019593854
0.01935769
0.01942713
0.019558545
0.020339137
0.019327337
0.0204398
0.019826422
0.019499686
0.019502835
0.020338016
0.019132724
0.020432489
0.019674994
0.019172043
0.01948752
0.01943132
0.01945186
0.019353524
0.019122893
0.018906822
0.019190334
0.01919936
0.018796582
0.019508315
0.019728633
0.018861199
0.01883256
0.018838
0.018807128
0.019346647
0.019074485
0.019192588
0.019836575
0.019559339
0.019406179
0.019515537
0.019707555
0.019658787
0.019577356
0.019409629
0.019712744
0.01938642
0.01992424
0.01947513
0.018767739
0.019179696
0.018871916
0.018885553
0.019336605
0.01890898
0.018840853
0.019360896
0.019110091
0.018653443
0.018916916
0.018734321
0.019415282
0.01860243
0.019002866
0.019084927
0.019087363
0.018839499
0.018693754
0.01887493
0.018523606
0.01861703
0.018890316
0.018523142
0.018924806
0.019112432
0.019378766
0.019173158
0.018836735
0.018944724
0.019153042
0.018610224
0.019042306
0.01906157
0.018616945
0.018889869
0.018367086
0.018551664
0.018421533
0.018751096
0.018329501
0.018844446
0.01844121
0.018402163
0.018396202
0.018515049
0.019166047
0.018182749
0.018727537
0.018290099
0.019028815
0.018306138
0.019088805
0.018848788
0.018219775
0.018153336
0.017994571
0.018898519
0.018300641
0.018298045
0.018443573
0.018194316
0.01821493
0.018287484
0.01788255
0.018050075
0.018332995
0.018672125
0.018502245
0.017937977
0.018177455
0.018605389
0.018618712
0.01780645
0.018614057
0.018029021
0.018363519
0.01844947
0.018130908
0.01814251
0.018485699
0.018255387
0.018723078
0.018781338
0.018305507
0.0184355
0.018646855
0.017770465
0.018593935
0.018234149
0.01798524
0.018166464
0.018127315
0.017930023
0.017972186
0.017924355
0.01782069
0.0181355
0.01773332
0.01829784
0.018290138
0.017861454
0.018490495
0.018061657
0.018220438
0.018157016
0.018054591
0.018456792
0.018107716
0.018075017
0.019201608
0.018100953
0.018157
0.018085433
0.017861756
0.017831227
0.017595422
0.017632894
0.018164385
0.018030344
0.01789024
0.017675301
0.017704805
0.017718667
0.017642645
0.01790798
0.018318826
0.018194843
0.018396607
0.018053435
0.017810473
0.017824288
0.017576778
0.01814928
0.019083187
0.017583804
0.017632617
0.017878933
0.017441595
0.01786492
0.017443165
0.017737068
0.01767392
0.0181686
0.018007683
0.017418101
0.017400682
0.017391603
0.017614076
0.017616702
0.017821623
0.017856224
0.017825406
0.017357614
0.017979307
0.018129865
0.01757915
0.017640352
0.01794896
0.01759453
0.017501405
0.017465055
0.01808903
0.017384645
0.017535206
0.017858395
0.017870396
0.017378995
0.017283453
0.017964587
0.01795905
0.01742662
0.017743211
0.017929489
0.017406315
0.017009819
0.017823948
0.017212521
0.017710017
0.01767925
0.017260518
0.017331706
0.017628107
0.017230611
0.01726377
0.017363021
0.01729721
0.01753857
0.017748691
0.017444655
0.017135218
0.017165873
0.017693175
0.017650131
0.01728795
0.017268728
0.017502535
0.017403409
0.017955206
0.017475013
0.017394703
0.017376948
0.017196665
0.017267013
0.017489593
0.017287381
0.017248776
0.017384848
0.017476829
0.017208317
0.01738345
0.017188309
0.017388042
0.017297212
0.017260559
0.017012602
0.01690861
0.01719551
0.017316166
0.017242763
0.017192706
0.017284716
0.017305953
0.016784586
0.017009228
0.016963879
0.017281374
0.017126415
0.017197113
0.017230457
0.017221868
0.0172746
0.016884783
0.017119275
0.016978342
0.017016195
0.01747609
0.01765903
0.017137663
0.017290467
0.017178874
0.01686886
0.016981324
0.01719888
0.017191257
0.016951947
0.017046874
0.017135499
0.016944615
0.016785318
0.017146219
0.017895723
0.0172782
0.016717104
0.01662463
0.016832653
0.016724553
0.016643468
0.016934957
0.016854776
0.016936172
0.016974393
0.017465
0.016980251
0.016755965
0.017140869
0.01700325
0.016849639
0.016869923
0.017062716
0.017017286
0.016794603
0.017143726
0.017407801
0.017534701
0.017271003
0.01685277
0.016829947
0.017004944
0.017204778
0.0167944
0.01666943
0.016552368
0.016865918
0.017003126
0.017155044
0.016975757
0.016483797
0.016794031
0.016659573
0.016655207
0.017018808
0.01678079
0.016691223
0.016335303
0.01727053
0.016453667
0.01658918
0.017093709
0.016577553
0.017425593
0.01655943
0.016513957
0.016534204
0.016597908
0.01688756
0.016633835
0.016609158
0.016328942
0.016875928
0.016905464
0.016877666
0.016526967
0.016696513
0.016531734
0.016822355
0.01611338
0.01629028
0.016770927
0.016662488
0.016745824
0.01643273
0.017122664
0.016523577
0.016479254
0.016483067
0.016464075
0.016605828
0.016300943
0.016794175
0.016427863
0.016662389
0.016833615
0.016178766
0.01646874
0.016203754
0.016159613
0.016707161
0.016450591
0.016852053
0.01682135
0.016682604
0.016708676
0.016540946
0.016376
0.016802778
0.016741756
0.016276272
0.016627282
0.01632926
0.016605506
0.016408384
0.016592091
0.016070718
0.016281653
0.016558073
0.016490275
0.016269786
0.016282957
0.016459353
0.016159777
0.016603997
0.016035983
0.01719892
0.016102884
0.016034078
0.01606919
0.016244087
0.016827527
0.015945869
0.016266381
0.01621305
0.016347183
0.016201783
0.016073193
0.0158262
0.015963063
0.016176308
0.016635189
0.01617765
0.016451325
0.016208148
0.016295776
0.016324043
0.016231436
0.015794422
0.01619345
0.016356977
0.016232941
0.015993362
0.016237376
0.016015729
0.01582877
0.01622969
0.015686564
0.016371837
0.015885469
0.015919121
0.016719691
0.016074639
0.016329715
0.016337857
0.016112259
0.016182221
0.016079158
0.016560158
0.01576295
0.015940916
0.015905878
0.016101899
0.015889732
0.016426513
0.015911695
0.016067201
0.01640953
0.016144408
0.01585434
0.015947899
0.015939662
0.015650624
0.016191084
0.01582923
0.015836587
0.015591307
0.015952874
0.015744356
0.015952716
0.015894352
0.016025804
0.01606281
0.015780669
0.01587636
0.01592288
0.01689416
0.015827872
0.016040293
0.015863687
0.015709003
0.015836963
0.015499491
0.015868867
0.01574456
0.015700603
0.015946805
0.015739245
0.015659347
0.015988184
0.016026674
0.015961062
0.01594436
0.016127743
0.015697192
0.015642755
0.015731689
0.015983976
0.015625559
0.01573989
0.015750727
0.015651396
0.015699541
0.015552052
0.015487447
0.015880177
0.015637165
0.015394112
0.015418065
0.016129922
0.015996411
0.0152539965
0.015792284
0.015397359
0.015208512
0.015683338
0.015638744
0.015336137
0.015494063
0.015528749
0.015459292
0.015235955
0.015477554
0.015685424
0.01566046
0.01571961
0.015457656
0.015208013
0.015853208
0.015613981
0.015218982
0.015704496
0.015601288
0.015430398
0.015299917
0.01547239
0.01553212
0.016125165
0.015234459
0.015871953
0.015204776
0.015481414
0.015654298
0.015325343
0.015116318
0.015094049
0.015318649
0.015240375
0.0151027925
0.015625127
0.015298508
0.014962218
0.015595844
0.015379042
0.01576229
0.015534189
0.015177296
0.01527543
0.0152407335
0.015206284
0.015449376
0.015025961
0.01513254
0.01611699
0.015245006
0.0151210055
0.015101507
0.014891509
0.015097039
0.01544898
0.014819717
0.015229318
0.015687056
0.015294463
0.015182862
0.015479784
0.015015624
0.014961092
0.015158708
0.015327034
0.014974425
0.015031093
0.0152194835
0.015226664
0.014825574
0.0149066895
0.015187774
0.014959072
0.015243749
0.014691954
0.015402137
0.015284411
0.015053887
0.01488052
0.014938284
0.014866245
0.015666712
0.015021672
0.015050032
0.014816734
0.015468163
0.014985506
0.015355972
0.015002529
0.015571507
0.014908798
0.01533372
0.014691065
0.015222197
0.015187675
0.015080716
0.014855534
0.014995093
0.014778688
0.014968919
0.014839984
0.01528159
0.014812963
0.015022881
0.014690405
0.015006311
0.014753162
0.014882181
0.015138785
0.015175793
0.014689393
0.014769016
0.014653777
0.014684897
0.014806537
0.014561555
0.015035615
0.014647666
0.0148587115
0.014910516
0.015117948
0.014840436
0.015025211
0.0146384975
0.014717395
0.014765186
0.01488652
0.014685169
0.014945328
0.014686012
0.014974964
0.014836658
0.014675591
0.014490997
0.0144249275
0.014987759
0.014805018
0.014814313
0.014395255
0.014873946
0.014691354
0.014645354
0.0145665975
0.014576341
0.014571422
0.014712911
0.014346514
0.01432253
0.015252482
0.014641443
0.014438147
0.015177362
0.014537052
0.014401254
0.014803691
0.014696902
0.0145700695
0.014934094
0.014584584
0.0145567525
0.014942575
0.015126971
0.0146629345
0.014539886
0.014775353
0.014811696
0.014643119
0.014565614
0.014624514
0.014884975
0.014337692
0.014488545
0.014208867
0.014480961
0.0147943795
0.014772906
0.014347902
0.014799697
0.014615387
0.014307854
0.014278333
0.0142376525
0.014754516
0.014580161
0.014595457
0.014583763
0.014619529
0.01518236
0.014595618
0.014558441
0.01414459
0.014923451
0.014485985
0.01439803
0.014968946
0.014398334
0.014345901
0.014241211
0.014430913
0.014406949
0.014379594
0.014595457
0.014478817
0.014034267
0.0141186835
0.014052492
0.014242713
0.014183221
0.014140106
0.014467552
0.014109744
0.014523356
0.014476099
0.014821782
0.014674455
0.01434867
0.014306191
0.014422466
0.01434694
0.014533438
0.014204432
0.014931647
0.014929389
0.0145467175
0.014284146
0.014150016
0.013978881
0.01425279
0.014092634
0.014029472
0.014600623
0.014555102
0.014648662
0.01396229
0.014126714
0.013871277
0.014629584
0.014187208
0.014026213
0.013919917
0.014261621
0.014219037
0.014322115
0.014051945
0.014329265
0.01442678
0.014279933
0.01396329
0.014464732
0.014569182
0.014145902
0.0139689855
0.013875693
0.0138516845
0.014093586
0.013997785
0.013934345
0.014303056
0.014083077
0.014203777
0.01466304
0.014352339
0.014432764
0.01393512
0.0141472
0.013904724
0.013773227
0.014009914
0.0139845
0.01389236
0.014305582
0.014341551
0.013824694
0.013990668
0.01391242
0.013969885
0.013923378
0.014298088
0.014286937
0.014137917
0.014052689
0.0137428185
0.013810739
0.013650057
0.013817307
0.0138487145
0.014176597
0.013936051
0.013954472
0.013708416
0.013913813
0.013575727
0.01376779
0.013790501
0.013773982
0.013594122
0.013833529
0.013862411
0.014295572
0.013621198
0.013679454
0.013931225
0.014118414
0.013934955
0.014027828
0.014102764
0.014356439
0.013813807
0.013908538
0.013683555
0.014049796
0.014329642
0.013667908
0.014320891
0.014141094
0.013910727
0.013554875
0.01386445
0.013499087
0.013888004
0.014234679
0.013675286
0.013810431
0.013908262
0.013879986
0.013762978
0.013931757
0.013679169
0.014033795
0.013817443
0.013690165
0.01384602
0.013873115
0.013718947
0.013524257
0.0136141
0.013738839
0.01349752
0.013681895
0.013782847
0.013943109
0.01356706
0.013516901
0.013709116
0.013961633
0.013753032
0.013890435
0.013850495
0.013827929
0.013875762
0.013982396
0.013882694
0.013644498
0.013888337
0.013805745
0.01339637
0.013900376
0.01400262
0.01365093
0.013724297
0.013708769
0.013442072
0.01367122
0.013651615
0.013499286
0.013541295
0.013599049
0.013823769
0.013332689
0.014072378
0.013719775
0.013414627
0.013487088
0.013717659
0.014063376
0.013639544
0.013445924
0.014021544
0.013691043
0.013481779
0.013681437
0.014518762
0.013872556
0.013639293
0.0134756
0.014023371
0.013548019
0.013352514
0.013145377
0.013644975
0.01338066
0.013730031
0.01332872
0.013562662
0.0134142
0.013788642
0.013581311
0.013232793
0.013415659
0.013932722
0.013560879
0.01381949
0.013699664
0.013269373
0.0132273305
0.013424992
0.0131839365
0.013665824
0.013302037
0.013164195
0.012985065
0.013607566
0.013234272
0.013498925
0.013359788
0.013574045
0.013136618
0.0136163095
0.013304
0.013232
0.013276074
0.013686785
0.013653178
0.01332834
0.013182754
0.013430137
0.013185456
0.013467695
0.013255757
0.013462745
0.013461768
0.01349002
0.013493944
0.013252382
0.013400674
0.013354266
0.013492918
0.013564897
0.0137076555
0.013938858
0.013310024
0.013134242
0.0129987765
0.013246338
0.013136362
0.013532932
0.013136783
0.013157008
0.013614764
0.013295044
0.013165072
0.013130511
0.013596264
0.013452949
0.01307967
0.013938038
0.013684733
0.013501505
0.013287937
0.0135850655
0.013367621
0.013310289
0.013213197
0.013723334
0.01374787
0.013771546
0.013435703
0.013226058
0.01329758
0.013404925
0.013024826
0.013116971
0.013229412
0.013026713
0.01318994
0.013221216
0.013264201
0.013322758
0.013111113
0.013668961
0.013170834
0.013071359
0.013079388
0.013202367
0.012745253
0.012955488
0.014133408
0.01307473
0.01314607
0.013131983
0.013148935
0.013220037
0.012907888
0.013178603
0.013702611
0.01309709
0.012882527
0.012973001
0.013156585
0.01282518
0.012983832
0.013053265
0.012875519
0.013169873
0.012947076
0.013722555
0.013041428
0.012845724
0.013019478
0.012843553
0.013030475
0.013178185
0.013085112
0.012828607
0.012936693
0.01268433
0.012784672
0.012908267
0.012809599
0.012866809
0.013064246
0.013059348
0.012933356
0.012821399
0.0128654055
0.012945991
0.013035644
0.012996561
0.012816272
0.012727769
0.012956148
0.012718095
0.012928447
0.013005976
0.013036877
0.013103834
0.013092276
0.0129910335
0.0132013
0.012801193
0.01359274
0.013112404
0.012899674
0.012813485
0.013154018
0.012783947
0.01284754
0.012790613
0.012627123
0.0130741615
0.013176647
0.012697752
0.012778636
0.012831533
0.012756319
0.012889563
0.012453593
0.012729416
0.012918292
0.012692185
0.01291304
0.013116358
0.012853716
0.012604317
0.0128651075
0.013144897
0.012607452
0.012678845
0.012647192
0.0130091645
0.013098354
0.012694909
0.013087126
0.013048695
0.0131009305
0.013205408
0.01288141
0.0134079475
0.012882112
0.013424238
0.012948397
0.012876081
0.012746203
0.012836214
0.0130009595
0.013016364
0.012980306
0.0135210175
0.012666217
0.01294132
0.012747636
0.012891156
0.013089681
0.013018734
0.012699658
0.0128823705
0.0128100915
0.012571941
0.012829623
0.012899417
0.012668652
0.01273126
0.013571031
0.013441301
0.012795116
0.012857531
0.012860306
0.012855533
0.012664718
0.012647302
0.012991677
0.012334872
0.012887833
0.012636908
0.012458247
0.013909568
0.012947496
0.0126284305
0.012327542
0.012419804
0.012596063
0.012424292
0.012368145
0.01237932
0.012407363
0.012429153
0.012311002
0.012604272
0.012766987
0.012463528
0.012476004
0.01272586
0.012543465
0.012563467
0.012323014
0.012805608
0.012783402
0.012553488
0.012561333
0.012610536
0.012587756
0.012728615
0.012566244
0.012213416
0.01248032
0.012539519
0.012680643
0.0125370985
0.012520237
0.012389642
0.012518438
0.012193877
0.012500603
0.012457422
0.012272072
0.012305655
0.01270178
0.012821158
0.012257097
0.012239155
0.012581182
0.012501044
0.012375397
0.012246526
0.012326705
0.01237889
0.012328833
0.012196236
0.012410778
0.012288431
0.012699955
0.012273481
0.012277345
0.012241488
0.011947375
0.0128799565
0.012542294
0.012227856
0.012285554
0.012280177
0.012321614
0.012387406
0.012395983
0.012317374
0.012262261
0.012101878
0.012378933
0.012653333
0.012372205
0.012353692
0.012298304
0.012344863
0.012159333
0.012495988
0.012410854
0.012256279
0.012236069
0.012525722
0.013068991
0.012163207
0.012298193
0.01217579
0.012268772
0.012430038
0.012063412
0.01259254
0.012270214
0.012168976
0.012106657
0.01266661
0.012510116
0.012024095
0.012018022
0.012615004
0.012166684
0.012459179
0.012657391
0.012353377
0.012443748
0.012315829
0.012166271
0.012533109
0.01235213
0.012308578
0.012042375
0.012463197
0.012231446
0.012128268
0.012342096
0.012121776
0.012405042
0.0119807385
0.01229417
0.012320323
0.011914384
0.012356617
0.012756595
0.012064016
0.012007768
0.012126257
0.012094931
0.012027103
0.012568037
0.012329066
0.012640723
0.0123626385
0.012171202
0.012208662
0.012058352
0.012725244
0.012371178
0.012276734
0.012124142
0.012577929
0.01219664
0.012238525
0.012369809
0.012259749
0.012723505
0.012409039
0.0124038635
0.012004527
0.012363713
0.0123315295
0.012210085
0.012349732
0.012227178
0.012072457
0.012688069
0.012166295
0.012039347
0.0121768685
0.012408035
0.012075235
0.012128002
0.012295894
0.01216513
0.011824474
0.012285634
0.011898886
0.012210381
0.012140925
0.012099921
0.012457591
0.012027872
0.0125317015
0.011865422
0.012248584
0.0122933695
0.012041869
0.012142612
0.012040005
0.012219004
0.0119902035
0.012381152
0.011991589
0.012146448
0.01198043
0.012360954
0.0119936
0.012551764
0.011774529
0.011901369
0.012113478
0.011599627
0.0120178
0.012365044
0.012413878
0.011957079
0.011744167
0.0119572785
0.012216402
0.012318978
0.011978537
0.012203721
0.011990215
0.012210899
0.012108007
0.012031508
0.011980357
0.011901455
0.011703251
0.011698338
0.0120841125
0.011931433
0.01203262
0.012014444
0.012039959
0.01227255
0.012318633
0.012277975
0.011792653
0.012130137
0.012361217
0.012128357
0.011970215
0.012494557
0.011994364
0.0123536205
0.011988152
0.011850879
0.011837711
0.012329491
0.012019132
0.011919543
0.011949461
0.012564224
0.011722986
0.012015588
0.012027311
0.011866357
0.012384331
0.0118182255
0.011686972
0.011883803
0.011810671
0.011766746
0.011866638
0.011773268
0.011761641
0.012152065
0.012098431
0.011788279
0.012128766
0.011557011
0.011688445
0.011605776
0.011812937
0.01159183
0.012015524
0.0116743585
0.011700388
0.011673336
0.01179368
0.011942381
0.011872374
0.011625598
0.012037188
0.011888946
0.011891918
0.011614175
0.012086011
0.012135334
0.011816705
0.011871457
0.011766469
0.01172114
0.011772843
0.012128384
0.011649765
0.011764816
0.011744378
0.011581062
0.012549033
0.011769747
0.012225777
0.011934964
0.012351516
0.011551691
0.011762021
0.011510158
0.012008856
0.011556553
0.012432266
0.011797895
0.011574497
0.011845842
0.011786313
0.011791347
0.011850058
0.0117324805
0.012069077
0.0117279785
0.0115633905
0.011900052
0.0114165265
0.011576329
0.011482484
0.011992673
0.011729346
0.011605421
0.012007814
0.011658157
0.011525057
0.011569189
0.011513021
0.011739789
0.011852317
0.011863976
0.011545038
0.011741846
0.011488251
0.011876926
0.011901319
0.01172357
0.011946043
0.011985402
0.011700957
0.012106446
0.011465604
0.011790701
0.0118269995
0.011663533
0.012078086
0.011560193
0.011922668
0.012074389
0.011621469
0.011686847
0.011631871
0.011586714
0.011528314
0.01159112
0.011552245
0.011974379
0.011658548
0.011748783
0.011483765
0.011314959
0.01168626
0.011666599
0.011590796
0.011728662
0.011846177
0.011727636
0.011453083
0.011722569
0.011643963
0.011881592
0.011302215
0.011733788
0.011657551
0.0114531685
0.011578432
0.011606612
0.011459917
0.0113410475
0.011193984
0.01131409
0.011523768
0.011658418
0.011321545
0.011593456
0.011377725
0.011666757
0.011690739
0.011351626
0.011515928
0.011737464
0.011597606
0.011465572
0.011663374
0.011776502
0.011602839
0.011501642
0.011417017
0.011387694
0.011435416
0.011433578
0.011099302
0.0111280065
0.0112825325
0.011666137
0.011556828
0.011443666
0.011432421
0.011381141
0.011441977
0.011471257
0.011293989
0.011361052
0.011450733
0.011679353
0.011523163
0.011233979
0.01139913
0.011294245
0.011160372
0.011160968
0.011545499
0.011316664
0.01130471
0.011678883
0.011170908
0.011331788
0.011165429
0.011347283
0.011303311
0.011412904
0.011352209
0.011492097
0.011669643
0.011341024
0.0111756
0.011849281
0.0116983885
0.011238273
0.011424314
0.011636118
0.011561314
0.011733621
0.011440458
0.01193036
0.011224577
0.011292836
0.0118061565
0.011542497
0.011360315
0.011854161
0.011244906
0.01117621
0.01139596
0.01142396
0.011317374
0.0115545355
0.011382373
0.011097696
0.011319294
0.011176048
0.011023081
0.0116990125
0.01163638
0.011470339
0.011450831
0.011221267
0.011445366
0.011686561
0.011427014
0.011396044
0.011385055
0.011862191
0.011329754
0.010927723
0.011555158
0.011092442
0.011417252
0.011329481
0.011372542
0.010968465
0.011185406
0.011409804
0.011324885
0.011250892
0.011533797
0.011116501
0.011299227
0.011588267
0.011154561
0.011182482
0.011529236
0.0111639565
0.011275703
0.01129806
0.01157872
0.011486349
0.0111565925
0.011274696
0.011528959
0.011478809
0.01136976
0.011522831
0.011192997
0.01139705
0.011034265
0.01147852
0.011253132
0.01123144
0.011144626
0.011275718
0.011088095
0.011443778
0.011530233
0.01125267
0.011095603
0.011279263
0.011151875
0.0112467855
0.011029475
0.010993984
0.011345178
0.010916193
0.01145472
0.01163219
0.011399537
0.011517568
0.011143198
0.011342738
0.011176774
0.011235666
0.01143763
0.011064175
0.011215716
0.010946857
0.010973995
0.011121516
0.0111081125
0.0111799445
0.01106364
0.010981173
0.011239623
0.011158586
0.011271585
0.011050086
0.010899336
0.0109793395
0.010853561
0.011190356
0.011260771
0.0109500345
0.01114306
0.011452707
0.011146881
0.01099779
0.010882655
0.011162865
0.011074265
0.011222074
0.0108307265
0.010818182
0.0109949345
0.010824071
0.011041193
0.01103318
0.010986292
0.010985383
0.011181497
0.011464705
0.0109307775
0.011464199
0.011103782
0.011065693
0.010712191
0.011033054
0.011111703
0.010953823
0.01094802
0.011109726
0.011297861
0.0111084925
0.010986236
0.011324326
0.011076165
0.011278196
0.0114686135
0.010897731
0.011060831
0.010898774
0.011065884
0.010786448
0.011201089
0.010808749
0.011088668
0.010710709
0.011084389
0.011060219
0.011176288
0.011108594
0.010765316
0.010989744
0.010738339
0.010930627
0.01074791
0.011077875
0.011035341
0.010761785
0.010970449
0.010804486
0.011151359
0.010708451
0.01076332
0.010964149
0.010831261
0.010963896
0.011328915
0.010935338
0.01096947
0.011023964
0.011034195
0.010976989
0.011159332
0.010813572
0.010800407
0.011109688
0.010835892
0.011007612
0.010831437
0.010856076
0.01106077
0.010814909
0.010901213
0.0106508015
0.011053565
0.01071871
0.010900595
0.010853328
0.01078594
0.01086722
0.011149364
0.010851113
0.0110339625
0.01084391
0.011109626
0.010941387
0.010852646
0.010751898
0.010754583
0.010786902
0.010775265
0.010735589
0.011166357
0.01074862
0.010789842
0.010991336
0.010684104
0.010945726
0.010856767
0.010592222
0.0108748395
0.011042182
0.010714783
0.010767289
0.010699191
0.010805059
0.010953938
0.011008
0.010819438
0.011215927
0.010970313
0.01073851
0.010800157
0.010904641
0.010520696
0.010528999
0.011107477
0.010868302
0.011228301
0.010857949
0.010797195
0.011440266
0.01081453
0.010799023
0.010570129
0.011005015
0.01088827
0.010538145
0.010924899
0.010648377
0.010740894
0.010967323
0.010653604
0.011257208
0.010624916
0.010631354
0.010984525
0.010742538
0.0107720615
0.010818166
0.010421263
0.010936837
0.010687146
0.01063484
0.010730499
0.010996059
0.010587767
0.010771292
0.010560986
0.010854239
0.010420434
0.010696984
0.010599225
0.010493742
0.010654188
0.01061281
0.010628572
0.010586858
0.011053076
0.010631183
0.01102787
0.010363042
0.010653718
0.010618653
0.010332177
0.010533446
0.010711419
0.01063472
0.010192068
0.010490101
0.010759679
0.01047298
0.010470635
0.010436426
0.010671394
0.010718092
0.010882325
0.011078529
0.010517511
0.010560219
0.010709657
0.010582882
0.01061463
0.010576463
0.010343536
0.010853363
0.01074789
0.010573303
0.010535349
0.0105648
0.010410897
0.010496371
0.010339842
0.01027929
0.010464796
0.0110823605
0.010743786
0.010583684
0.010576234
0.01046918
0.010436493
0.010425697
0.0103907585
0.010556067
0.010304594
0.010406149
0.0105237
0.010768426
0.01055017
0.0103678685
0.01049942
0.010525786
0.010547613
0.010406457
0.010479214
0.01053889
0.010606977
0.010720995
0.010440283
0.010577332
0.010447056
0.010476343
0.010521649
0.01075959
0.010489324
0.010806913
0.0107491
0.011017035
0.010581255
0.010514398
0.01037936
0.010636189
0.01055431
0.010427251
0.010423633
0.010798254
0.010610437
0.011137687
0.010370038
0.010464766
0.010416194
0.010457736
0.010448778
0.010603457
0.010554237
0.010264128
0.010280743
0.010745901
0.01043516
0.010684291
0.010249721
0.010475114
0.010226993
0.010520298
0.010627145
0.010508532
0.010205229
0.010367879
0.010305406
0.010707593
0.010323924
0.0102588795
0.010531309
0.010411386
0.010669377
0.010656433
0.0103484355
0.010433267
0.010750995
0.010576106
0.010284514
0.010759268
0.010586397
0.010508857
0.010602004
0.010326268
0.010490748
0.01072611
0.010480669
0.010225291
0.010656342
0.01037614
0.010392102
0.010291225
0.010821307
0.010365969
0.010331442
0.0104504805
0.010324987
0.01027986
0.010741661
0.010480141
0.010509164
0.010498187
0.0104939565
0.010770228
0.010528497
0.010378087
0.010084101
0.0102538355
0.010567651
0.010599563
0.010452909
0.010689591
0.010417316
0.01030711
0.010747632
0.010298366
0.010160158
0.010412732
0.010601578
0.010439295
0.010233388
0.010390817
0.010735118
0.010348667
0.010384694
0.010218851
0.010424921
0.010445885
0.010474452
0.010516603
0.010300091
0.010294021
0.010201263
0.010337844
0.010389524
0.010191351
0.010229942
0.010376306
0.010275445
0.010118277
0.010548637
0.010427114
0.010272618
0.010077206
0.010216793
0.010175445
0.0104579395
0.010390124
0.010328812
0.010206798
0.010427171
0.010524393
0.010143324
0.0103443675
0.010527725
0.010261529
0.010073763
0.010118538
0.010332413
0.010295919
0.010300085
0.010348978
0.010312547
0.010523721
0.010820582
0.010130659
0.010434121
0.010134671
0.010284779
0.010326767
0.009989863
0.010314164
0.010245334
0.010105155
0.0102439495
0.010287616
0.01048124
0.010251402
0.010190322
0.010234692
0.010130632
0.0102365
0.010588162
0.010192567
0.010347418
0.010113754
0.010430741
0.010221475
0.0099820485
0.01028705
0.0099941185
0.010133895
0.010322295
0.010068639
0.010027315
0.010252936
0.010334358
0.010040528
0.010197093
0.010095407
0.010147798
0.010528417
0.010311547
0.009943395
0.01005205
0.010135267
0.010009649
0.009962943
0.010094089
0.009948198
0.010002125
0.010120604
0.010041005
0.010031983
0.010001458
0.010039981
0.010136363
0.010015507
0.010218141
0.010080536
0.010149496
0.009991861
0.010162033
0.010453879
0.010246204
0.010217538
0.009951115
0.0101525625
0.010279571
0.010237424
0.010393021
0.010040741
0.010175701
0.01018909
0.010379135
0.010080456
0.010271224
0.010284197
0.0101867635
0.0099777095
0.010032992
0.010137489
0.010362674
0.010531553
0.010298443
0.010169081
0.010163761
0.010136688
0.009883325
0.0102408985
0.009966473
0.009970903
0.010025444
0.010298024
0.010186386
0.01012414
0.010344949
0.00993167
0.009934273
0.009992615
0.01020208
0.01003513
0.010209631
0.010108172
0.010112163
0.009882772
0.010054031
0.0101249395
0.010083822
0.01000503
0.009871141
0.009863586
0.009949951
0.010056208
0.010254414
0.010021677
0.009997097
0.009898707
0.009972725
0.009822695
0.010251433
0.010168027
0.009894139
0.009974392
0.009987779
0.010090097
0.010108273
0.01006602
0.009861689
0.009914113
0.009940574
0.009944312
0.010199975
0.010018488
0.009993685
0.009886053
0.010179001
0.010338533
0.010020504
0.00992144
0.009948565
0.009884416
0.009933337
0.009934245
0.009950006
0.01002039
0.009986154
0.009832999
0.009910428
0.010191616
0.010189352
0.0099948235
0.00972021
0.0099936165
0.009944283
0.01043427
0.009754311
0.010427235
0.009801261
0.009994956
0.009750426
0.009967879
0.01022696
0.009818769
0.010066855
0.009788871
0.009797105
0.009832774
0.009719845
0.009964262
0.009972747
0.009855147
0.009697847
0.009907363
0.009834477
0.010455367
0.010064165
0.009929538
0.010098987
0.01007137
0.009761675
0.010032274
0.009893485
0.010131983
0.010176211
0.009796351
0.009885733
0.009960321
0.009769226
0.0099620605
0.0097895395
0.009903172
0.010019184
0.009933361
0.009940769
0.009764415
0.009991806
0.010170541
0.009860565
0.009867427
0.009905713
0.009831427
0.009882952
0.009851987
0.009736156
0.009945627
0.009735451
0.00968185
0.009748365
0.009827449
0.0098578865
0.00986124
0.009559796
0.009911359
0.00987187
0.010507772
0.009835254
0.00985333
0.009823054
0.009934188
0.009877269
0.010414942
0.009692027
0.00979706
0.00998572
0.009760522
0.00995905
0.009904445
0.009902829
0.00970896
0.009712748
0.009705037
0.009762882
0.009857506
0.009755144
0.009815223
0.0099694
0.009810344
0.00953927
0.009663105
0.009794157
0.009756451
0.009841415
0.010027706
0.009665608
0.009822587
0.009927246
0.009791026
0.00979779
0.009749936
0.009618316
0.00955702
0.00959415
0.0097609805
0.009679268
0.0097288415
0.009776657
0.009905402
0.0096248565
0.009669318
0.010022086
0.009884685
0.00994377
0.0099645825
0.00981245
0.010124329
0.009829589
0.010058878
0.010132525
0.009651285
0.010099904
0.010218839
0.009908893
0.009815423
0.009882972
0.009857833
0.009829365
0.009924236
0.009708682
0.00964529
0.009796598
0.009808326
0.009919047
0.009585408
0.009862689
0.009730123
0.009569988
0.009729154
0.010143687
0.010088921
0.009920809
0.009631709
0.009831368
0.009654393
0.009820048
0.009681002
0.00958622
0.009763703
0.009651602
0.009930704
0.009471364
0.009784779
0.009746704
0.009917583
0.009715895
0.009867326
0.009644479
0.009484511
0.009593655
0.009588876
0.009742035
0.0096128825
0.009630203
0.009585518
0.00972328
0.009636082
0.009726719
0.009906387
0.009640396
0.0096658
0.009662903
0.009675771
0.00963495
0.009498377
0.009457084
0.009513798
0.009461666
0.009625753
0.009636674
0.009671962
0.009665348
0.009650816
0.009672064
0.009698041
0.009808384
0.009599298
0.009760324
0.009500738
0.0097396225
0.009396681
0.009600733
0.009708531
0.00972428
0.010017412
0.009614364
0.009980759
0.009697695
0.009770478
0.009424259
0.0095929345
0.009678055
0.009890811
0.009772654
0.009729756
0.00995309
0.009797954
0.009694289
0.009602995
0.009772468
0.009725005
0.009664884
0.009708103
0.009529818
0.009745975
0.009760455
0.00954336
0.0096249785
0.009895722
0.0099865105
0.009643227
0.009890556
0.009934589
0.009763844
0.00958738
0.009814314
0.009789677
0.009925856
0.009517929
0.009670846
0.009733149
0.009635462
0.009688466
0.009645614
0.009491361
0.009625254
0.0096749645
0.009468679
0.009535311
0.009636442
0.009434653
0.009569225
0.009595014
0.009640431
0.009859833
0.00963941
0.009720163
0.00991217
0.010185489
0.009473367
0.0096902475
0.00932098
0.009434399
0.009450747
0.009498365
0.009715555
0.009526377
0.009473738
0.009787635
0.010028703
0.0094680805
0.009439134
0.009566048
0.009734043
0.009736425
0.009698223
0.009545293
0.0099743325
0.009493451
0.009835399
0.009659856
0.0095968135
0.0094979685
0.009659994
0.009741775
0.009369557
0.009707983
0.009546041
0.00941605
0.009450669
0.009385891
0.009803296
0.009342173
0.009554626
0.009319728
0.009579458
0.009488014
0.009429201
0.009445593
0.009929321
0.009704306
0.009708138
0.009642077
0.009574026
0.00942832
0.009636172
0.009451987
0.009449025
0.009567171
0.009428289
0.009647214
0.009621636
0.009443009
0.009689299
0.009649792
0.009583828
0.0096926885
0.0096180765
0.009586285
0.009734137
0.009462331
0.009907418
0.009479373
0.00942509
0.009517557
0.009875498
0.0094275195
0.009348299
0.00979426
0.0094947545
0.009609626
0.00936465
0.009670528
0.009395245
0.009351638
0.009436836
0.00944525
0.009495019
0.009794272
0.009891563
0.009337539
0.009271983
0.009286508
0.009503433
0.009445008
0.009539368
0.00960156
0.009315743
0.009306315
0.0094391825
0.009549562
0.009365215
0.009254295
0.0098258
0.009359161
0.009145706
0.009254061
0.00944643
0.009349328
0.009460323
0.009530544
0.009331355
0.009388086
0.00944158
0.009395162
0.009367769
0.009517027
0.009478725
0.009360068
0.009599905
0.009238092
0.009427122
0.009444924
0.0092703635
0.00933607
0.009251745
0.009263959
0.009352911
0.009305771
0.00932968
0.009591767
0.009475392
0.009578141
0.009253521
0.009411724
0.009657642
0.009155122
0.009536974
0.009378288
0.0095582055
0.009502879
0.0091536855
0.009390954
0.009321613
0.009247364
0.00916297
0.009343336
0.0093569
0.009258916
0.00942697
0.009372326
0.009343586
0.009373178
0.009335397
0.009127234
0.009524401
0.0092758415
0.009249375
0.0091599
0.009321251
0.009350414
0.009408973
0.009355163
0.009244577
0.009012533
0.009108545
0.009600822
0.009220506
0.009645485
0.00934006
0.0092198495
0.009299683
0.009372218
0.009186844
0.00922362
0.009344427
0.009333118
0.009242432
0.00919123
0.0092115505
0.009230244
0.009227402
0.009441887
0.009213238
0.00939654
0.009619326
0.009259484
0.009169527
0.009423892
0.00947013
0.009497498
0.009336197
0.009375898
0.009154222
0.009465934
0.009354076
0.00925213
0.009264711
0.009345343
0.00903279
0.009277999
0.009250824
0.009335347
0.009395876
0.0093376925
0.009474351
0.0094207
0.009294529
0.009204541
0.009258065
0.009208616
0.009242155
0.009204075
0.009264345
0.0092390785
0.009152597
0.009082864
0.009129233
0.009738443
0.009264667
0.009483579
0.009330823
0.009157102
0.009213924
0.009059054
0.009296355
0.009257212
0.009016343
0.009251565
0.009053483
0.009265867
0.009382879
0.009392961
0.009614175
0.009138296
0.009138548
0.00947733
0.009252783
0.009379472
0.009042377
0.009034406
0.009301415
0.009122275
0.009235868
0.009322031
0.009321918
0.009517831
0.009467836
0.009483963
0.009208169
0.009196901
0.009390508
0.009174998
0.009269679
0.009889988
0.009210634
0.009425257
0.009133612
0.009254394
0.009388409
0.009199318
0.009115528
0.009303971
0.009418805
0.009344022
0.009264514
0.0091218
0.009112182
0.009127931
0.009385007
0.009076359
0.009112108
0.00956395
0.009123735
0.009253266
0.009335277
0.009254396
0.009381478
0.009194588
0.0090878345
0.009161583
0.009010315
0.009173285
0.009270124
0.009205802
0.009056298
0.009143778
0.00902289
0.009105177
0.009268819
0.009588249
0.009148319
0.009168814
0.009261099
0.009333513
0.009357744
0.009244293
0.008974766
0.009039122
0.009071705
0.009373694
0.009234903
0.009428208
0.009493536
0.009272071
0.00905898
0.009088671
0.009138972
0.009385227
0.009180271
0.009076558
0.009059202
0.009136159
0.0090250475
0.009291468
0.009177104
0.008991558
0.009192226
0.009251668
0.009011909
0.009096296
0.009088347
0.009237194
0.00935381
0.009002149
0.009096937
0.008940927
0.008871738
0.008885891
0.008952554
0.009030119
0.0091453
0.009005299
0.00897564
0.0089964755
0.009098427
0.008880288
0.009080374
0.008929534
0.009126767
0.009016204
0.008945883
0.009187806
0.009074524
0.009124887
0.009104343
0.009118059
0.009184954
0.008882745
0.00907774
0.008962196
0.0090859225
0.0089152
0.009040581
0.00912816
0.009227455
0.008821885
0.009142721
0.009106329
0.009480562
0.0090542445
0.009025265
0.009213695
0.009077495
0.009245807
0.0093331
0.009041796
0.008903179
0.009188224
0.009380994
0.009142958
0.008936855
0.008940445
0.008795773
0.00914494
0.009107124
0.009148582
0.009152196
0.00883942
0.009117843
0.009128934
0.009094228
0.00916238
0.009119655
0.009129568
0.008925567
0.008973955
0.00887853
0.008877622
0.009469951
0.008855718
0.009095928
0.009339238
0.009099812
0.009114747
0.009212415
0.00921125
0.008903902
0.009018177
0.009164371
0.009318222
0.008933366
0.009070317
0.00899844
0.009266601
0.008946272
0.009070703
0.008768818
0.008958321
0.008867496
0.008844226
0.008973304
0.008750859
0.008958566
0.008921358
0.00920274
0.008962092
0.009035037
0.00902958
0.008970908
0.009037512
0.008797366
0.008856976
0.00881125
0.010143889
0.009044221
0.009104136
0.009055885
0.009113256
0.009541373
0.009103449
0.0087214075
0.008876725
0.008964394
0.009010025
0.009031879
0.009265649
0.009068974
0.008909728
0.009173238
0.009119566
0.008900772
0.009087455
0.009128599
0.008912763
0.009079821
0.008813371
0.008771192
0.008938707
0.008941523
0.0090652155
0.008981868
0.009019837
0.008795465
0.008923414
0.0091494145
0.009017069
0.008950661
0.009038448
0.00896045
0.009259643
0.008890406
0.009033771
0.008993861
0.008972267
0.0092449915
0.0091234185
0.008995763
0.009031329
0.008951344
0.008862474
0.009040364
0.009154776
0.008801073
0.008945678
0.008873177
0.008754204
0.008844073
0.008928124
0.00889526
0.008779265
0.008781656
0.009153134
0.009092416
0.009067773
0.008894713
0.008868604
0.008879052
0.009208037
0.009292152
0.008814283
0.008954212
0.009118935
0.008799829
0.009236957
0.008784311
0.008912511
0.008998613
0.009044997
0.008932179
0.008737733
0.0089944
0.008908516
0.0087325815
0.008710182
0.008762835
0.008900804
0.008886689
0.008709004
0.008799736
0.008660977
0.00886716
0.008955543
0.008846339
0.008844837
0.009053709
0.00889757
0.008618187
0.009069673
0.008861813
0.008890441
0.008839771
0.00883837
0.008820267
0.008907594
0.008692459
0.008759671
0.00909944
0.008762883
0.008707891
0.008948847
0.008715692
0.008956496
0.008951518
0.009138046
0.008615701
0.008893985
0.009038417
0.008704248
0.00899681
0.00871619
0.008900756
0.008721335
0.008649036
0.008643056
0.008842697
0.00886012
0.008969022
0.008760224
0.009069844
0.008755907
0.008693089
0.008808045
0.008830454
0.008728715
0.0089560645
0.008726904
0.009018534
0.008657988
0.008785362
0.008880215
0.009081431
0.009097164
0.008943431
0.008668423
0.008778401
0.008879042
0.008833032
0.00867682
0.008851197
0.008923164
0.008874163
0.008715496
0.008813581
0.00887101
0.008802463
0.008709968
0.008669795
0.008836947
0.008880976
0.00886943
0.009050757
0.008647176
0.008925613
0.008817877
0.008679283
0.008974504
0.008866433
0.008856249
0.008577721
0.00869423
0.008819822
0.009318095
0.008770415
0.00897113
0.009446765
0.008841093
0.00874832
0.009092052
0.008746697
0.009102634
0.008556597
0.008680239
0.008791931
0.008796362
0.0087976
0.008608549
0.008611804
0.008963823
0.008661999
0.008656425
0.008672324
0.008920949
0.008912337
0.008799127
0.008664706
0.008773218
0.008879815
0.008825998
0.008669703
0.008926967
0.008776309
0.008747348
0.009280111
0.008635678
0.008700121
0.008640428
0.008623512
0.008608569
0.008703489
0.008628382
0.008723612
0.008747817
0.008705494
0.008629204
0.008733318
0.009130706
0.00875409
0.008935782
0.0089247
0.008627357
0.008669322
0.008873953
0.0087996
0.008788084
0.0085667595
0.008704732
0.008604327
0.008716288
0.008671468
0.008893673
0.00883581
0.008588109
0.008544296
0.009109244
0.0088681495
0.008765587
0.008753391
0.008624444
0.008945709
0.00902764
0.008670181
0.008895622
0.009007681
0.008728531
0.008897748
0.008786906
0.008690564
0.008889994
0.008552742
0.008803583
0.008657984
0.008671299
0.00855582
0.008580817
0.0085611325
0.008970721
0.008413263
0.008645957
0.0085772425
0.008544291
0.008765639
0.009082623
0.008788467
0.008694837
0.008557466
0.0087235635
0.009007533
0.008489182
0.008801889
0.008687481
0.008671545
0.009377217
0.008911341
0.008458934
0.008710993
0.008555756
0.0086577665
0.008759726
0.008742802
0.0086603165
0.00854408
0.008865557
0.0087753
0.008753372
0.0086562885
0.008845849
0.008601981
0.008709714
0.008559557
0.008979903
0.008681882
0.008730368
0.008348739
0.008617894
0.008471959
0.008352053
0.008614872
0.008683152
0.0085157445
0.008553739
0.008742258
0.008608114
0.0086297775
0.008550108
0.008373817
0.008729654
0.008585854
0.00874584
0.00872889
0.008549909
0.008640086
0.008625433
0.008854699
0.00861291
0.008645068
0.008586635
0.008721797
0.00901612
0.00852574
0.008510943
0.008684015
0.008684475
0.008802224
0.009140098
0.008643967
0.00862435
0.008804395
0.008698983
0.008724638
0.008917631
0.008574777
0.008798161
0.008584746
0.008652278
0.008662005
0.00855763
0.008927986
0.008673811
0.008564776
0.008683391
0.008508306
0.008426905
0.008787434
0.009163397
0.008538489
0.008820085
0.00871817
0.008619227
0.008426468
0.0087115215
0.008733394
0.0085721705
0.008397302
0.008511774
0.008546987
0.008518121
0.008635992
0.008582294
0.008391653
0.00860152
0.008655506
0.008690529
0.008613832
0.008730789
0.008643494
0.008789631
0.008554528
0.008462684
0.008503739
0.008687802
0.0084799575
0.008514578
0.0085356245
0.0085995
0.008467991
0.008554421
0.008658731
0.008721018
0.0085864365
0.008586955
0.008612119
0.009038616
0.008571353
0.008750105
0.008668461
0.008590836
0.008560015
0.00844272
0.008423355
0.008735228
0.008547695
0.008579003
0.008423373
0.008647392
0.008538804
0.00851832
0.008640481
0.008586807
0.008760085
0.008512125
0.008444055
0.008463902
0.008344017
0.0087731145
0.008419931
0.008519636
0.008678895
0.008746394
0.008615274
0.008454769
0.00854185
0.008569824
0.008461446
0.008765735
0.008473221
0.00851625
0.008863794
0.008673616
0.008504135
0.008447047
0.008619607
0.008397102
0.008621315
0.0089176195
0.008943008
0.008515711
0.008461453
0.00888121
0.008640177
0.008912267
0.008333914
0.008678311
0.008317879
0.0085360315
0.008540759
0.008624815
0.008790048
0.008403101
0.008393431
0.008420256
0.008505635
0.008390109
0.008580366
0.008506209
0.008387732
0.008603193
0.00842234
0.008535262
0.008488418
0.008570477
0.0086312955
0.008730381
0.008365602
0.008564831
0.008506548
0.00846956
0.0085274605
0.008434785
0.008557054
0.008467259
0.008412308
0.008434697
0.008648897
0.008522077
0.008491089
0.008559295
0.008662354
0.008694243
0.008560848
0.008609303
0.008707102
0.0086419005
0.008518047
0.008608989
0.008422797
0.008562518
0.00869064
0.0084776785
0.008555755
0.008743588
0.008679086
0.008432702
0.008917616
0.008646737
0.008526804
0.008421717
0.00872457
0.008411669
0.008850854
0.008625016
0.008755766
0.00820267
0.008581766
0.008316796
0.008699708
0.008507805
0.008505928
0.008319655
0.008492008
0.008553818
0.008420148
0.008270063
0.008418454
0.008605765
0.0083802035
0.0084278565
0.008319267
0.008788593
0.008384842
0.008643828
0.008584206
0.008584434
0.008588187
0.008346003
0.008630525
0.008614153
0.008456844
0.008348363
0.008872112
0.008518877
0.008843377
0.008381156
0.008410845
0.008380421
0.008349535
0.008414604
0.008389064
0.008317615
0.008173702
0.008618818
0.008161645
0.008381236
0.008313552
0.008255189
0.008340822
0.008401192
0.008457105
0.008335755
0.008390807
0.008587596
0.008470256
0.008370362
0.008337516
0.008652292
0.008413439
0.008261386
0.008364914
0.008554153
0.008282104
0.008669328
0.008352331
0.008338487
0.008439249
0.00839607
0.0084204385
0.008344534
0.008155279
0.00839738
0.008576848
0.0083989445
0.008554366
0.00827809
0.008195535
0.008275944
0.008397341
0.0084876735
0.0083609065
0.0084329415
0.00822574
0.008279094
0.008243755
0.008292861
0.008238294
0.008434944
0.00851482
0.008183828
0.008195253
0.008477309
0.008341332
0.008518171
0.00850932
0.0083399
0.008337538
0.008514574
0.0083004795
0.008264151
0.008511531
0.00818424
0.008269919
0.008334309
0.008464895
0.008290287
0.008509961
0.008233115
0.008566822
0.008679447
0.008360973
0.008292508
0.008426073
0.008166335
0.008267277
0.00825025
0.008429381
0.008190175
0.008381212
0.008499788
0.008468802
0.008483061
0.008339639
0.008347691
0.0081507955
0.008340942
0.008282354
0.008297659
0.008556704
0.008446396
0.008262357
0.008461587
0.008225069
0.008438093
0.0084363995
0.008528768
0.008329945
0.008134021
0.008177039
0.008241714
0.008276762
0.008363295
0.008372406
0.008290586
0.008415783
0.008314876
0.008253195
0.008217948
0.0082142735
0.008385452
0.00839232
0.008392903
0.008319111
0.008303933
0.008397501
0.008166366
0.008134917
0.008211943
0.008220537
0.008413443
0.008325166
0.008253674
0.008306783
0.008276727
0.0082513
0.008304125
0.008497124
0.008213845
0.008378317
0.008212302
0.008277828
0.008210344
0.008384863
0.00816827
0.00827381
0.0082139475
0.008539724
0.008168672
0.008257922
0.008519235
0.00849412
0.0081820525
0.008145281
0.008516206
0.008204459
0.008355462
0.008229536
0.008270484
0.008502749
0.008187901
0.008326082
0.008398622
0.008118759
0.008124608
0.008575105
0.008203386
0.008079894
0.008360753
0.008126629
0.008188812
0.008152539
0.008167695
0.00820178
0.008101393
0.008690904
0.008218508
0.0082619265
0.008007051
0.008314054
0.008275963
0.008106156
0.008301364
0.008186816
0.008179033
0.008356202
0.008267909
0.0083553735
0.008141272
0.008653208
0.008290361
0.008302304
0.008124169
0.0081162015
0.008266104
0.008271538
0.008402141
0.008191776
0.008514591
0.008288681
0.008387051
0.008269135
0.008844717
0.00853992
0.008131029
0.008196797
0.008180715
0.008349143
0.008298337
0.008074246
0.008432948
0.008434636
0.00835716
0.008035444
0.008144476
0.008323158
0.0083835
0.0081937555
0.00840264
0.008081883
0.008252425
0.0083692605
0.008445412
0.008371012
0.008171878
0.00871611
0.008119747
0.008010615
0.008182594
0.008169951
0.008051372
0.00811746
0.008456219
0.008219426
0.00871087
0.008128872
0.008128996
0.008326597
0.008141559
0.008185089
0.008110752
0.008161326
0.008202737
0.00807904
0.00824703
0.00804889
0.008237426
0.008401252
0.008248746
0.008172177
0.008179222
0.008231726
0.008299612
0.008174741
0.008163412
0.008186417
0.008229512
0.007994878
0.0083304625
0.008281787
0.007935231
0.008146047
0.008206771
0.008095181
0.008220191
0.008336557
0.008335575
0.0080821
0.008205891
0.008212271
0.008398994
0.00816388
0.008223447
0.008419816
0.008436683
0.007897331
0.008239591
0.008098167
0.008115812
0.0083603505
0.008156483
0.008169448
0.008134724
0.008273279
0.008175737
0.008002765
0.008141604
0.008137598
0.008040606
0.008177573
0.007949058
0.008192272
0.0081229415
0.008254039
0.008046378
0.008146991
0.00800061
0.008505694
0.008234347
0.008006898
0.008068153
0.008011494
0.008617778
0.008116254
0.008414743
0.008139304
0.008068951
0.0084131425
0.008262945
0.008092957
0.008197977
0.008140829
0.008493119
0.008217177
0.008055712
0.008120573
0.008295772
0.0079534445
0.008278926
0.008154304
0.00806978
0.008172966
0.00794602
0.008225556
0.008044462
0.008126285
0.008146678
0.008410129
0.008005479
0.008384369
0.00814859
0.0082123475
0.008393705
0.008200907
0.008302597
0.008218718
0.00839903
0.0079853395
0.008148611
0.008293553
0.008107791
0.008187596
0.008053096
0.0080368975
0.008088559
0.008329276
0.008136073
0.00802546
0.008140077
0.008217323
0.008086765
0.008160384
0.008002808
0.007949906
0.008296138
0.008093312
0.008086989
0.008270304
0.008620816
0.0082706325
0.008126599
0.008112046
0.008094575
0.008008888
0.007940923
0.0080559775
0.008003276
0.007930517
0.007953153
0.008237638
0.008425156
0.007950175
0.007944081
0.007976662
0.008032321
0.008000493
0.007945548
0.008269333
0.007977292
0.008297479
0.007831173
0.008087987
0.008222391
0.008068806
0.008022765
0.007976201
0.008213668
0.007934422
0.008095379
0.007923216
0.0081878565
0.00825318
0.007951709
0.007819155
0.008194582
0.008355018
0.008282588
0.008225501
0.008173362
0.007981497
0.00809419
0.008047999
0.008074535
0.008136829
0.007992589
0.008519465
0.008553035
0.008378081
0.007991093
0.008578091
0.008033764
0.008042431
0.008248781
0.008345709
0.00806316
0.008137328
0.007993465
0.008018745
0.008090148
0.007969646
0.0079107005
0.008037548
0.008144747
0.008011069
0.008002703
0.008026333
0.007957747
0.007954375
0.007986992
0.008144803
0.007933813
0.007942823
0.00806535
0.007998169
0.007964321
0.008153761
0.007894405
0.008079393
0.0080393
0.0080130985
0.007920873
0.008053571
0.00793911
0.008177734
0.007884405
0.007917247
0.008022708
0.007979286
0.007960222
0.008104369
0.008329984
0.0083893435
0.007878183
0.008145249
0.007896553
0.0079004485
0.007833111
0.007946422
0.008077607
0.0077188667
0.007916018
0.007997982
0.0077992487
0.007865962
0.007736546
0.008030644
0.007832462
0.008015339
0.007845419
0.0079954965
0.007911678
0.007963215
0.00799695
0.007938114
0.007934206
0.008037869
0.008000003
0.0077738888
0.0078020142
0.008065976
0.008177643
0.007984231
0.007903813
0.007923813
0.007991863
0.00799476
0.007910268
0.007850484
0.0077111716
0.008064172
0.0077825007
0.0079667745
0.007975436
0.007961863
0.008059161
0.007903093
0.0079843635
0.008114815
0.008052347
0.007827552
0.008042073
0.007829988
0.00771174
0.007789827
0.007969621
0.007987224
0.0079857
0.007918781
0.0078611
0.007942539
0.008129141
0.007999146
0.008244675
0.008087452
0.00801474
0.007712301
0.008042633
0.0077583133
0.007925807
0.008044711
0.007849418
0.007969058
0.0079253595
0.008247001
0.0078073554
0.007950087
0.007790057
0.007983299
0.007977222
0.0085567655
0.008081481
0.007973103
0.00786093
0.0078097554
0.0079295505
0.008056625
0.008084317
0.007922694
0.007985875
0.007934328
0.007836427
0.008005464
0.008169252
0.007881774
0.007967229
0.007982686
0.007809188
0.007916997
0.008118971
0.008030938
0.007967393
0.008116058
0.007924486
0.0079748025
0.008180883
0.007743714
0.007984246
0.0078497995
0.008080335
0.0077465563
0.0078994725
0.007936104
0.008084582
0.007801371
0.00784213
0.007900901
0.007865298
0.0077927792
0.0080418065
0.007851606
0.0078087403
0.007916141
0.0079535665
0.007943345
0.007825649
0.007846333
0.0078028548
0.0080267005
0.007856339
0.007776777
0.007941132
0.007760051
0.008117614
0.008098192
0.00789965
0.007827063
0.007945975
0.0077655343
0.007866906
0.0080085
0.0076801153
0.007954749
0.008098164
0.007891335
0.007897902
0.0079435175
0.008047585
0.007911196
0.007658594
0.007847512
0.007839528
0.00778684
0.008000129
0.00803141
0.007871953
0.007741139
0.00785277
0.007886772
0.007813907
0.007901328
0.0079747075
0.0076963133
0.0077992575
0.0077748788
0.00798971
0.007764357
0.0078237625
0.008012479
0.0080380235
0.0077145244
0.007717286
0.008039751
0.007894418
0.0077422624
0.0076854085
0.007763217
0.007931189
0.007890977
0.007848783
0.007905516
0.0077326074
0.007875582
0.00800969
0.0076376265
0.007862233
0.007928491
0.007790228
0.0077995593
0.0076402845
0.007753996
0.008000119
0.0077293366
0.007856399
0.0077151633
0.007901094
0.007891223
0.007813779
0.007953815
0.007944885
0.0077923853
0.007995475
0.0076658614
0.007854125
0.007939578
0.00783585
0.007814716
0.0078567825
0.0077254656
0.008068478
0.007879797
0.007877961
0.007875347
0.007978936
0.008024173
0.007911582
0.007711097
0.0077734357
0.007788152
0.007797881
0.0076422826
0.0077574886
0.0077035762
0.0076291896
0.007817192
0.007906755
0.007811614
0.00789721
0.007785947
0.007859418
0.007958514
0.0077864313
0.0077501573
0.0076756976
0.0076388326
0.0077521787
0.007708371
0.007714536
0.007865095
0.007680155
0.0076729874
0.0077785486
0.0077513577
0.007992263
0.007876363
0.007942874
0.007844866
0.007954581
0.0077159596
0.007867239
0.007814448
0.00770413
0.0077010863
0.008046624
0.007693214
0.007898099
0.007843466
0.008098657
0.007663749
0.007819308
0.007872716
0.007736859
0.0077930116
0.0077469973
0.007700594
0.007778315
0.0077987392
0.0078897765
0.007976315
0.007575048
0.007585362
0.007822102
0.0077142697
0.0076988144
0.007926697
0.007917997
0.007830194
0.0079151485
0.007668057
0.007861375
0.0077970447
0.0076546604
0.0077544777
0.0078028245
0.0077473796
0.007573803
0.0075523728
0.007848034
0.007667982
0.007770946
0.007690258
0.00753626
0.007938654
0.007901178
0.0075322688
0.007699047
0.007585503
0.007705803
0.007800028
0.008005013
0.0075363503
0.00773459
0.0076607293
0.0076602423
0.007736759
0.0077871345
0.007710135
0.007675306
0.0077627795
0.0076692845
0.0077122836
0.007763752
0.0077414773
0.008014343
0.00777728
0.0076751392
0.007623851
0.0078098937
0.007728182
0.007892313
0.007712787
0.0075338082
0.007844537
0.007549792
0.0076364833
0.007922348
0.0075028106
0.0075863167
0.0077155815
0.007936182
0.007677981
0.0075605763
0.0077946745
0.0076691695
0.0077804974
0.007656019
0.0077054193
0.007940028
0.007711018
0.007674692
0.007854472
0.007721047
0.0076236557
0.0076886276
0.0076647983
0.0076921782
0.007776706
0.007822576
0.0077348077
0.007859102
0.007903622
0.007636212
0.007808022
0.0076771607
0.007913065
0.007480714
0.0075579663
0.007919964
0.007719188
0.007480858
0.007550873
0.007863119
0.00783631
0.007871331
0.007880965
0.0078067887
0.0075895954
0.0075402064
0.007622939
0.007572735
0.008097091
0.00801316
0.0075403606
0.007601411
0.007746366
0.007911015
0.007930529
0.008093002
0.0076081124
0.0076473695
0.0077502797
0.007957959
0.007587273
0.00782133
0.0076900683
0.0075420346
0.007815738
0.00757654
0.007657044
0.007687983
0.007759965
0.007683411
0.0078022173
0.0077064363
0.007617858
0.007568217
0.007840435
0.0077127195
0.0077268765
0.0075957607
0.007631477
0.0077404105
0.0076659103
0.007621009
0.0077039036
0.007485731
0.00772647
0.00764169
0.0077006086
0.0078092935
0.00764929
0.0075510745
0.007469188
0.0074328105
0.0076535223
0.0077287406
0.0077574584
0.0076679084
0.007583311
0.007781729
0.0076062186
0.007855445
0.0075860745
0.0075538135
0.0076779868
0.0077724257
0.0075430833
0.00764423
0.007700578
0.007668651
0.0077637793
0.0076297466
0.007577633
0.007560017
0.0077023716
0.007761201
0.007799887
0.0077273105
0.0076508815
0.007627883
0.0074766474
0.0076372414
0.007959768
0.0075714844
0.007609693
0.0076234452
0.0075017684
0.007627765
0.0073963553
0.007458996
0.0075761657
0.0076599563
0.007817534
0.0074738045
0.0075612566
0.007485366
0.007561406
0.0075961817
0.0075253164
0.007565968
0.0075342557
0.007767891
0.0074908086
0.007649534
0.007461094
0.0076342886
0.007442367
0.007829098
0.007491263
0.007719007
0.007743704
0.0078015896
0.0076900413
0.007684628
0.00744249
0.007547518
0.007604237
0.007543714
0.007465564
0.0075672716
0.0076327114
0.00764644
0.007528779
0.007608448
0.007659849
0.007755103
0.0076783854
0.00741691
0.0074788714
0.0075894007
0.007723321
0.00767175
0.0077124266
0.007918969
0.0075053875
0.00762574
0.0078028077
0.0074538854
0.007593456
0.007652781
0.007394231
0.0075597903
0.007915434
0.007556414
0.0077801603
0.0076277237
0.0076579456
0.007506279
0.007517884
0.0075146784
0.007675178
0.007572937
0.007336616
0.007491814
0.007865299
0.00756746
0.007458699
0.007480563
0.0074425847
0.007630324
0.008088857
0.0077444506
0.007828976
0.007902219
0.0077006896
0.0074795005
0.0074904095
0.0076636793
0.00757709
0.0077500525
0.007720376
0.007538426
0.007391766
0.0076283244
0.0073856134
0.0076463693
0.0076958113
0.0075615197
0.007579817
0.007612534
0.007681136
0.007502495
0.007480277
0.0074866433
0.007600422
0.00783914
0.007459605
0.007616267
0.00754503
0.0074492698
0.007489986
0.0075917337
0.0074853864
0.0075599444
0.007657325
0.0077028703
0.007479017
0.007628685
0.00763974
0.0073478282
0.007489742
0.007464065
0.0074462136
0.007631362
0.007447089
0.0075997403
0.007454016
0.0075110137
0.007494461
0.007562431
0.007402851
0.007485992
0.007551642
0.00769709
0.0073325555
0.007426972
0.008108236
0.0074719545
0.007835508
0.0074612815
0.007378339
0.007670718
0.0076163337
0.0075954767
0.007455778
0.0076908134
0.0074224994
0.0075004427
0.007452234
0.0074808267
0.007633686
0.0077143107
0.0074954787
0.0074431137
0.007459962
0.0076075993
0.007521001
0.007492728
0.007761183
0.007492609
0.007384617
0.0073991707
0.007344295
0.007554016
0.007501272
0.0076954262
0.007597942
0.0074823233
0.007678749
0.0074514714
0.0074560586
0.007681774
0.00764727
0.00745763
0.0074091046
0.0074091875
0.0075516496
0.0074844873
0.007380973
0.0072925566
0.007452368
0.00761021
0.0074276705
0.0074458765
0.00754801
0.007481982
0.007537371
0.0074325264
0.0074696927
0.007465288
0.00756547
0.0074068606
0.0076363995
0.0076005077
0.0073071
0.0074102944
0.0073904055
0.0072920662
0.0077395434
0.007496862
0.0075851223
0.007413541
0.0075310366
0.0075099333
0.0075084395
0.0077287485
0.0074683283
0.0074544637
0.0075828554
0.007610543
0.0075780503
0.0076446403
0.007581571
0.00755363
0.007508598
0.007438982
0.0074040443
0.0075206277
0.007356195
0.0075892177
0.007562465
0.0074231406
0.007621581
0.0075796694
0.007653257
0.0073675117
0.0074703433
0.0076042702
0.0074070194
0.0072259856
0.007439787
0.007611451
0.0074445484
0.0074252356
0.0074034594
0.007484159
0.0073567596
0.0073640435
0.007349972
0.007713665
0.0074447864
0.0074805394
0.0074172043
0.0076789255
0.0073888907
0.007497549
0.0072725737
0.0073537016
0.00736847
0.0074311513
0.007549983
0.0075166333
0.0077260463
0.007390268
0.0078095347
0.007595229
0.0075016157
0.0075936597
0.0073403693
0.0075075743
0.007385191
0.0073105707
0.0074929544
0.007396128
0.007360522
0.0073476695
0.0072817462
0.00754129
0.00757955
0.007483742
0.0076423767
0.0073386985
0.0075516403
0.0076696184
0.0073592826
0.0075538433
0.007369154
0.007649871
0.0076663415
0.0073278435
0.007473807
0.0073960116
0.0074604405
0.0076061347
0.007431709
0.0075687254
0.0076696067
0.0072845216
0.0076415087
0.0072922115
0.0076586674
0.0074102054
0.0075421734
0.0073538986
0.0073196273
0.007632203
0.007319131
0.0072804084
0.0074843704
0.0073905936
0.007388993
0.0073013967
0.0073761865
0.007425473
0.007627453
0.0072960346
0.007396496
0.0075506982
0.0073124217
0.0073881857
0.0075331307
0.0074319644
0.0074407496
0.007411145
0.007462415