
0.6061513
0.61249113
0.67121863
0.607779
0.56189966
0.5398286
0.525295
0.5350037
0.539037
0.5169095
0.5211821
0.49943963
0.4894191
0.50001043
0.5018556
0.4770868
0.4917286
0.4882216
0.48487532
0.47822005
0.4808733
0.47785926
0.4692977
0.47989234
0.47364083
0.46651646
0.46754372
0.46932447
0.47047567
0.46351096
0.45962912
0.47586152
0.4675163
0.46620342
0.46361795
0.45674592
0.46570042
0.44890133
0.4459617
0.45261714
0.45088145
0.44862136
0.46264106
0.43904477
0.43758073
0.41986632
0.42272675
0.4258642
0.42720464
0.4279746
0.42984235
0.41145754
0.4153905
0.41645136
0.4282389
0.4182774
0.4296198
0.40828714
0.40254688
0.39978254
0.39880514
0.41097036
0.39970434
0.4183884
0.4023446
0.4013014
0.401672
0.38529673
0.40742666
0.39245272
0.38100293
0.40068957
0.38484418
0.38758978
0.39481837
0.38392437
0.37960333
0.38624364
0.37590346
0.38078466
0.3743262
0.37613338
0.3722411
0.3794052
0.3666869
0.37366673
0.37789634
0.3838435
0.360398
0.36898088
0.37253982
0.36290932
0.3776821
0.35632592
0.35160905
0.3614489
0.35371265
0.35994995
0.35192618
0.35363564
0.34704912
0.34678525
0.34946275
0.35420677
0.35099354
0.34545752
0.34584764
0.345285
0.33964124
0.350548
0.35471463
0.33678207
0.33703354
0.33467042
0.33591917
0.3395898
0.32925454
0.32869387
0.3368768
0.32647797
0.33198217
0.33486256
0.3371894
0.3239618
0.32376918
0.32760674
0.32582098
0.3259867
0.3214436
0.32405883
0.32919803
0.33313462
0.3251542
0.3214871
0.32615238
0.32495546
0.3217181
0.32304123
0.31786206
0.3215059
0.3163324
0.3126341
0.31605747
0.3120153
0.31835493
0.32378936
0.3091776
0.30990177
0.30759326
0.3046639
0.30553156
0.30690026
0.30770394
0.3147451
0.31102392
0.30896646
0.32931563
0.30681834
0.3077206
0.32128206
0.31166786
0.31214583
0.31108728
0.3142618
0.3017814
0.30393833
0.30264965
0.29293028
0.3033403
0.30153304
0.29208645
0.2982362
0.30033445
0.2931653
0.29445806
0.2926844
0.29774714
0.2989944
0.29037267
0.29234555
0.28394637
0.30851117
0.28887528
0.28759962
0.29067641
0.29916725
0.28990567
0.2915593
0.28866762
0.28854722
0.28553188
0.29035276
0.29051962
0.28649965
0.28834245
0.28624436
0.2821431
0.2822898
0.28266945
0.27961016
0.27490515
0.28141406
0.2794305
0.27638692
0.2823893
0.27828628
0.278869
0.28512585
0.27856007
0.276592
0.27249852
0.27462006
0.28806502
0.2728329
0.27244
0.27681658
0.27196774
0.2682626
0.26813528
0.26899517
0.2680135
0.26882374
0.28126723
0.26357013
0.27195045
0.26261675
0.26854464
0.27709812
0.26269236
0.2710799
0.26753232
0.26619202
0.26504543
0.26170793
0.26503378
0.2593122
0.26253697
0.26030788
0.26383492
0.26141062
0.26062003
0.25906903
0.2575582
0.25598592
0.26027894
0.25737152
0.2521946
0.26612446
0.25628766
0.24910548
0.25088638
0.24955443
0.2576541
0.24734862
0.2509207
0.25333327
0.25543582
0.25181177
0.25163987
0.25156868
0.2510483
0.25482297
0.24706413
0.24801804
0.25129068
0.24431162
0.24937907
0.25066477
0.2458787
0.24493137
0.24746132
0.24948657
0.25321823
0.24973015
0.25929305
0.24997443
0.24621764
0.24321002
0.24783564
0.24479972
0.2530663
0.24433616
0.2382981
0.25088406
0.23832732
0.24258704
0.24296542
0.2430637
0.2443695
0.2403923
0.24132462
0.23946162
0.23718469
0.24296084
0.24912015
0.24247134
0.24958222
0.24068771
0.24108535
0.23681557
0.2386189
0.2416074
0.24292058
0.2345976
0.23712318
0.23773561
0.23626685
0.23319083
0.23848651
0.23813799
0.23376752
0.23518127
0.23867643
0.23382111
0.23394117
0.23130625
0.23047169
0.23368347
0.23371479
0.23901251
0.23095958
0.23275757
0.23634708
0.23360437
0.23726107
0.23519899
0.23567589
0.23428385
0.23092169
0.23060116
0.2320172
0.22983868
0.23584913
0.22747342
0.2287643
0.22364244
0.22705665
0.23115698
0.24113655
0.22306673
0.23661213
0.22283426
0.23161727
0.22845842
0.2280425
0.22564442
0.22224204
0.23103814
0.22694255
0.22145304
0.22042228
0.22400932
0.22029197
0.22751002
0.22225289
0.21829692
0.22192168
0.23330799
0.21970777
0.2237968
0.22008948
0.22388521
0.21731506
0.21971568
0.21786542
0.21991532
0.21421996
0.22303328
0.22165059
0.21732506
0.21642761
0.21496098
0.2156967
0.21637742
0.21369796
0.21918252
0.20998818
0.21530928
0.21728735
0.21323292
0.21429944
0.21524929
0.21309137
0.22478005
0.2155482
0.214188
0.21642523
0.21533263
0.21330819
0.21767087
0.21399623
0.21896645
0.21348286
0.21373194
0.21063079
0.21158738
0.21169168
0.21155517
0.210165
0.20972592
0.20806131
0.21191321
0.20871359
0.21793665
0.21129236
0.2116406
0.21277103
0.21116342
0.20995711
0.20836896
0.21061276
0.21115614
0.2095151
0.20449771
0.21053773
0.21167225
0.20721014
0.20663501
0.20430556
0.20689762
0.20630687
0.20484601
0.20415367
0.20508912
0.20523301
0.20660411
0.20815943
0.20405161
0.20287807
0.2083494
0.20594634
0.206076
0.20653057
0.20441416
0.20151912
0.20250362
0.19883567
0.20157044
0.19903933
0.1998267
0.20591085
0.20274873
0.20257582
0.19952005
0.19949622
0.20041533
0.19756275
0.20063196
0.20712906
0.20025757
0.19778597
0.19987334
0.19709538
0.19866541
0.19674255
0.19701524
0.20072977
0.19855379
0.1967121
0.19913363
0.19630927
0.1952957
0.2010391
0.19890477
0.19391528
0.19659531
0.20529148
0.19472213
0.1944497
0.19624725
0.19667144
0.1948587
0.19779684
0.19612232
0.19616662
0.19323726
0.19456427
0.1953721
0.19966376
0.19761798
0.1938511
0.19474898
0.1909313
0.19588391
0.19701706
0.1903822
0.19327332
0.19183823
0.19249989
0.19123422
0.19430402
0.1932693
0.19390829
0.19275005
0.19105066
0.1904174
0.19193701
0.18759169
0.18811788
0.18745394
0.19147232
0.18960288
0.1912871
0.19154572
0.18718095
0.19107464
0.19199999
0.1857109
0.18903822
0.1911864
0.18716164
0.18679614
0.1919218
0.1859508
0.18619305
0.18647957
0.18553674
0.187669
0.18597326
0.1876453
0.19040914
0.19145584
0.1914075
0.18932523
0.19184916
0.19024402
0.18964939
0.18732478
0.18864343
0.1923707
0.18861066
0.19497526
0.1875123
0.18411086
0.18692094
0.18288738
0.18504447
0.1886454
0.18806191
0.18410593
0.18753317
0.1844183
0.18769102
0.18174016
0.19224116
0.18611345
0.18306245
0.18655048
0.18469927
0.1870633
0.1802573
0.18305285
0.18583202
0.18747056
0.18845129
0.18598697
0.1829468
0.18483834
0.18505025
0.18368082
0.18215838
0.18655
0.18019962
0.18407919
0.18100843
0.18435802
0.18205404
0.17878813
0.1838026
0.18347846
0.18209997
0.17899637
0.1785119
0.18143158
0.17993395
0.18299036
0.1799385
0.18379505
0.1865636
0.18373732
0.1844332
0.18575889
0.18752067
0.18020666
0.18211176
0.18207452
0.17716387
0.17807227
0.18183735
0.17844667
0.17906608
0.17894456
0.17721301
0.17814428
0.17718717
0.17926876
0.17742042
0.17700985
0.17559196
0.17579934
0.17438038
0.17859586
0.17446028
0.17570461
0.17909873
0.18089215
0.17726022
0.17359559
0.17935176
0.17265747
0.1765145
0.1841694
0.17426373
0.18010935
0.17895027
0.18225668
0.17499219
0.17961179
0.17524321
0.1734043
0.17535672
0.17523241
0.17321242
0.17161605
0.18183063
0.17546982
0.17192368
0.1799301
0.17255796
0.17378014
0.1747242
0.17785162
0.17370598
0.17320901
0.1736581
0.17131378
0.16992055
0.17256117
0.17512025
0.1687109
0.17465796
0.17019247
0.1690412
0.18586244
0.17938186
0.16862349
0.17068984
0.16745436
0.16885103
0.17123428
0.17304781
0.17357202
0.17041662
0.1689638
0.16757926
0.16775863
0.16901267
0.17038706
0.17415032
0.16721033
0.17163128
0.17196882
0.16769384
0.16728543
0.16946626
0.16811563
0.1658556
0.16761728
0.16559392
0.16634102
0.17050663
0.16764712
0.16744694
0.17178398
0.17701584
0.16647895
0.16723911
0.1662502
0.16798699
0.16531366
0.16501659
0.16735588
0.16304319
0.16597301
0.16556562
0.17108224
0.16554272
0.16869108
0.1659368
0.16513379
0.16518775
0.16576162
0.16583993
0.16506067
0.16486177
0.16931239
0.16789633
0.16172583
0.1623902
0.16727227
0.16458613
0.16590485
0.1641185
0.16777207
0.16531454
0.16450976
0.16466348
0.16465877
0.16092497
0.16913511
0.16592026
0.16656438
0.1649548
0.1659623
0.16155621
0.16167554
0.16274686
0.16056047
0.16640346
0.16257286
0.16201738
0.16445503
0.16255301
0.16051184
0.16064677
0.16662183
0.15989046
0.16436534
0.16447353
0.16461465
0.16335653
0.16231722
0.16074716
0.16567805
0.15931906
0.15961574
0.16124511
0.16357183
0.16043033
0.16300921
0.16262238
0.16264196
0.15658869
0.16171621
0.16214997
0.15915933
0.15703347
0.15874058
0.1593134
0.15787153
0.16566971
0.15871598
0.15939838
0.16010992
0.1592466
0.1582097
0.16217689
0.16344883
0.16383405
0.15961961
0.16567467
0.16159043
0.15975289
0.16212338
0.15843193
0.15560049
0.16300304
0.16252054
0.15838401
0.15955332
0.16173568
0.16092956
0.1615401
0.15838365
0.15695257
0.1561988
0.15796232
0.15825112
0.157497
0.15921909
0.15593722
0.1596517
0.15837322
0.16029644
0.15547712
0.15636547
0.1603844
0.15672152
0.1564644
0.15925026
0.1570472
0.15719794
0.15559287
0.15561926
0.15789829
0.15681387
0.15749112
0.15561974
0.15540512
0.15647009
0.15989909
0.15882923
0.15522933
0.15742426
0.15702891
0.15508379
0.15425147
0.15724306
0.1571342
0.15294597
0.1560998
0.15658826
0.15625286
0.15702444
0.1566507
0.15889204
0.15982604
0.1613368
0.15659897
0.15616363
0.1551909
0.15486768
0.15234089
0.15652494
0.15879567
0.15905708
0.1581625
0.1603753
0.16083504
0.1577051
0.15285066
0.1551624
0.15237872
0.15770271
0.15435983
0.15874101
0.15220189
0.15730979
0.15576926
0.15168953
0.15246908
0.15469973
0.15606062
0.15367635
0.15571731
0.15304655
0.15110782
0.15574455
0.15576813
0.15032034
0.15221487
0.1566579
0.15093982
0.15505621
0.1537025
0.15594764
0.15607192
0.1526192
0.15625322
0.1530786
0.15578279
0.15207241
0.15067558
0.14813149
0.15089135
0.14911717
0.15172009
0.15207776
0.15194735
0.15300995
0.15538341
0.15281291
0.15098704
0.15099946
0.14852223
0.14864272
0.15403096
0.14848636
0.14995642
0.14957796
0.15349443
0.15642677
0.15360396
0.15319131
0.15277795
0.15890844
0.15150449
0.15043595
0.15142208
0.151877
0.14982691
0.14818478
0.15119466
0.15360528
0.1518704
0.14910306
0.14892168
0.14795904
0.14698032
0.14897259
0.15252939
0.14863744
0.15106793
0.15194783
0.14807521
0.14887413
0.15024191
0.1501309
0.15198861
0.14891653
0.14924309
0.15068613
0.14836822
0.14956604
0.14695077
0.15179622
0.14556149
0.14787956
0.14720191
0.15010533
0.15336289
0.1510333
0.14453837
0.1473756
0.14587177
0.14923395
0.15170164
0.14426261
0.15076987
0.15479535
0.14497335
0.14530334
0.14441828
0.14653102
0.14540817
0.14599581
0.14569171
0.1440881
0.14679538
0.14698668
0.14315426
0.14709027
0.1488989
0.14488831
0.14272949
0.1429219
0.1474345
0.14584038
0.14703605
0.14387204
0.14198142
0.14303364
0.14591426
0.14645168
0.14409013
0.14494236
0.15214555
0.14336453
0.14307575
0.14086828
0.14416973
0.14371811
0.14789173
0.14557678
0.14454457
0.14411275
0.14700627
0.14480184
0.14473708
0.14311571
0.14540033
0.14609343
0.14487262
0.1428063
0.1463457
0.146356
0.1444564
0.14367129
0.14339712
0.14419197
0.14116777
0.14810692
0.14584452
0.14545456
0.14556628
0.1448206
0.14385983
0.14378607
0.14361793
0.1430874
0.14080727
0.14130387
0.140868
0.14525557
0.14529486
0.14256662
0.14172532
0.14243342
0.1406083
0.14183165
0.14014372
0.14180763
0.14219218
0.14301388
0.14191909
0.14134225
0.14447267
0.1404615
0.14224805
0.14222386
0.13940048
0.14180927
0.14356759
0.14132923
0.14307013
0.14227583
0.13993031
0.14636137
0.14552818
0.14591245
0.14661326
0.14218396
0.1421601
0.14315805
0.14109519
0.14805156
0.14061688
0.14089704
0.14243598
0.14251582
0.14429669
0.13915709
0.1392861
0.1436566
0.14077792
0.14096902
0.14052519
0.14351778
0.14184935
0.13912013
0.14400643
0.14318661
0.1384542
0.14018819
0.1402055
0.13922843
0.14194697
0.14669086
0.14312953
0.13989995
0.13880628
0.13950513
0.14162894
0.14125898
0.14088336
0.13991635
0.13930608
0.13895835
0.14246072
0.14073685
0.13697858
0.14207695
0.14324823
0.13910437
0.14355822
0.14237031
0.14121225
0.14166497
0.14036143
0.14154099
0.14061506
0.14254434
0.14277433
0.13756531
0.14288163
0.1387887
0.14128427
0.14209902
0.14542785
0.13595384
0.14483614
0.13922769
0.14168136
0.14046854
0.14091288
0.13845626
0.13769452
0.13898446
0.13984668
0.14152557
0.13738911
0.13906084
0.13558784
0.13765961
0.14236094
0.1389667
0.13719916
0.13743106
0.1392184
0.1386539
0.13805498
0.1388876
0.13577166
0.13775209
0.14066577
0.13962798
0.13651599
0.14241712
0.13810483
0.1376139
0.13632509
0.13682613
0.13686514
0.13687804
0.13643725
0.13643193
0.14008063
0.13861355
0.13960284
0.1349669
0.13610442
0.13614407
0.1397456
0.13730912
0.1372745
0.13797908
0.1422243
0.137089
0.14042534
0.13626046
0.13787353
0.13548297
0.13427655
0.13742273
0.13414621
0.13763309
0.14114326
0.13426174
0.14073727
0.13839923
0.13208666
0.13775972
0.13798825
0.13453469
0.13453336
0.13671829
0.13876492
0.13262826
0.13286962
0.13432783
0.13615902
0.13621265
0.1342353
0.13462527
0.13359329
0.13325465
0.13810301
0.13489433
0.13547693
0.13482042
0.13178295
0.13319638
0.13772637
0.13321637
0.13319309
0.1388571
0.13432269
0.13435602
0.13740313
0.13392556
0.13732746
0.13245028
0.13514571
0.13371904
0.13695629
0.13583128
0.13468848
0.13362704
0.13164775
0.13467242
0.13337505
0.13564353
0.13819794
0.13238528
0.13239612
0.13277525
0.1337996
0.13144886
0.13470623
0.13314909
0.13392542
0.13473475
0.13107601
0.13476351
0.13063991
0.13265128
0.13502692
0.13337755
0.13273609
0.13187613
0.13096187
0.1318865
0.13692519
0.1349732
0.13409293
0.13058637
0.13157442
0.13239782
0.13461478
0.13186565
0.13738921
0.13484871
0.13251211
0.13214885
0.1326574
0.1311891
0.1315912
0.13259447
0.13075705
0.13149817
0.13069762
0.13322738
0.13202022
0.13548337
0.13237213
0.13427831
0.13459924
0.12985434
0.13254152
0.13070507
0.12886356
0.13084362
0.13174339
0.13141891
0.12875447
0.13030827
0.13090064
0.13019294
0.12969787
0.131985
0.13252373
0.13420606
0.13009413
0.13100903
0.13248338
0.13305804
0.13351117
0.13086821
0.12911062
0.12893137
0.13196373
0.13160756
0.13122289
0.13448116
0.12996979
0.13110183
0.1318192
0.1305431
0.13178425
0.1307268
0.13042933
0.13092026
0.13153741
0.1302892
0.12779371
0.13165139
0.13241139
0.12931794
0.1284882
0.13282841
0.12807825
0.12854321
0.13045244
0.12873855
0.12853754
0.13192604
0.12896986
0.12873597
0.12800415
0.1284759
0.12993988
0.12921073
0.1303499
0.12831932
0.12841293
0.1294947
0.12842198
0.12944803
0.1270696
0.12904267
0.13237184
0.12905656
0.12853757
0.12950425
0.12827526
0.13180496
0.12773144
0.12853536
0.12949242
0.12648104
0.13105215
0.12896034
0.1286387
0.13042474
0.12641446
0.12669483
0.13103576
0.12746613
0.13040988
0.12990601
0.12861659
0.12720534
0.12847129
0.129509
0.12555034
0.12802969
0.12714936
0.12960406
0.12576433
0.12941232
0.1255255
0.12736587
0.12944517
0.1275351
0.13212934
0.12562576
0.12859811
0.12684947
0.12575673
0.1258784
0.1274102
0.12644722
0.12472287
0.12753738
0.12948744
0.12839209
0.12592462
0.13045071
0.12879375
0.1280025
0.12741558
0.12869944
0.12583373
0.12604013
0.12779027
0.12815784
0.12835997
0.13027844
0.1276188
0.12666975
0.1265547
0.12522003
0.1306104
0.12544663
0.12457037
0.12906355
0.12721533
0.124010414
0.12634163
0.13029695
0.12721685
0.12456201
0.12579252
0.12954418
0.12562436
0.12967695
0.12781292
0.12617946
0.12573464
0.12684114
0.12641096
0.12885655
0.12568708
0.12788597
0.12872171
0.12851429
0.12303269
0.12350136
0.12649658
0.12726061
0.12634273
0.12491082
0.12811625
0.12662593
0.12338739
0.1238551
0.1250018
0.12733813
0.12321758
0.12410539
0.12744893
0.124755576
0.124658205
0.124858655
0.12349287
0.12660661
0.1258138
0.124647394
0.12595809
0.12500975
0.12438715
0.12257453
0.12378221
0.12674926
0.12699294
0.124318734
0.12482611
0.12423193
0.12648879
0.12834808
0.124043435
0.12715638
0.123495884
0.12732227
0.124300055
0.121928185
0.12605995
0.123420775
0.12555951
0.12448634
0.12941964
0.12587176
0.1246359
0.124270186
0.123676464
0.12703088
0.12162843
0.12954019
0.12611875
0.12562527
0.12457571
0.12456918
0.12556931
0.1222761
0.12573668
0.12294755
0.12293449
0.12217825
0.12421863
0.12545668
0.121149
0.124418564
0.12175587
0.12567459
0.123208895
0.12425166
0.123291165
0.12290232
0.124283694
0.12403081
0.12507929
0.12757023
0.1206481
0.12198673
0.123913705
0.12180208
0.123348564
0.12181432
0.1242558
0.12025838
0.124805786
0.12330199
0.12212632
0.121826276
0.12185232
0.12294124
0.12238368
0.12349368
0.12247649
0.12646158
0.12387315
0.12738192
0.121779315
0.12210053
0.12254672
0.12119065
0.12198271
0.1238712
0.12172003
0.12191544
0.12491074
0.11995862
0.1225089
0.12417874
0.12238662
0.12305398
0.12435116
0.12607948
0.121064425
0.11892764
0.119609766
0.1223585
0.12261633
0.12164679
0.11859953
0.12261204
0.12252139
0.12317359
0.124655604
0.120407976
0.11931059
0.12016917
0.12046805
0.12182087
0.12217662
0.124206044
0.11887348
0.12215611
0.124880984
0.11987006
0.11973639
0.119842365
0.124549374
0.12206796
0.11975712
0.123041004
0.1202956
0.121945426
0.12254436
0.12000252
0.1210557
0.120418556
0.12186047
0.122155935
0.12082718
0.118116274
0.120331734
0.12097642
0.12000203
0.11917844
0.122403726
0.11948626
0.12024974
0.11728935
0.12294241
0.119033255
0.12116816
0.11916988
0.121251084
0.12089756
0.123904884
0.12199272
0.11835565
0.12020457
0.11850651
0.119249985
0.12002122
0.11858527
0.11960475
0.12399003
0.121304445
0.11768153
0.11814944
0.11927186
0.11762092
0.12335442
0.1213048
0.11952989
0.119383015
0.11940132
0.12208454
0.11980429
0.119615465
0.12327676
0.11856026
0.117701985
0.12148549
0.11895821
0.12155276
0.12309657
0.11898591
0.11605079
0.117043965
0.1176814
0.120968185
0.117441885
0.11543621
0.118795484
0.11947725
0.1201063
0.119838186
0.11981589
0.12037325
0.119486265
0.1200036
0.11955858
0.12040243
0.12081557
0.11653177
0.11903111
0.118705146
0.11795913
0.11893976
0.11851606
0.11740971
0.11696805
0.120712616
0.11726155
0.11620897
0.12043352
0.120199025
0.11990446
0.12326151
0.12359673
0.11753626
0.11992969
0.117035
0.122329906
0.11796227
0.11831081
0.117556505
0.1218054
0.120562695
0.116396286
0.11936901
0.12039976
0.116840556
0.119301066
0.117548525
0.11755928
0.11948553
0.118648
0.117519975
0.12057133
0.11919156
0.11950238
0.116562024
0.120487496
0.118080005
0.118262984
0.117666565
0.11742084
0.11728722
0.118807025
0.11587619
0.117252916
0.11990531
0.11967215
0.12105364
0.12043683
0.118005596
0.121008985
0.12092546
0.12168369
0.116542906
0.116797164
0.124011114
0.1212387
0.11625405
0.1190139
0.11796616
0.12277613
0.11801276
0.1188428
0.11951264
0.117431395
0.120147854
0.11982048
0.120163865
0.11881521
0.11468818
0.12160127
0.12151022
0.12151058
0.1196627
0.11770016
0.11950518
0.11855547
0.120234415
0.117460676
0.117927775
0.117021374
0.11715503
0.12490965
0.118119314
0.1139964
0.11814652
0.115235545
0.11808184
0.11666432
0.11509524
0.11625858
0.11674705
0.11749468
0.114165895
0.115723215
0.11516612
0.11652739
0.1158632
0.11432006
0.1157143
0.11666864
0.1169974
0.12071525
0.116491765
0.11830317
0.114268534
0.12035691
0.11822873
0.11901536
0.11616096
0.11797931
0.113996476
0.117324255
0.11681896
0.116170205
0.1141474
0.1153519
0.114844784
0.118225604
0.11532728
0.11428695
0.114307255
0.117871724
0.11491839
0.112843536
0.1171869
0.11324079
0.1166559
0.113988414
0.116393045
0.11319505
0.112759806
0.11580799
0.113965645
0.11659669
0.11788199
0.114366874
0.11402228
0.11328276
0.115919605
0.114212885
0.11296044
0.1155762
0.11781238
0.11543831
0.11172347
0.11163152
0.11449083
0.114283085
0.118687175
0.117855944
0.11687969
0.11438904
0.11433431
0.11522522
0.11541399
0.11780942
0.11274173
0.11610123
0.11488469
0.1119454
0.112166375
0.11484786
0.11349223
0.11445162
0.118596286
0.11626266
0.113721535
0.112112455
0.1139721
0.11387573
0.11466043
0.114113875
0.11447209
0.11249445
0.114364475
0.11331686
0.11441984
0.11172724
0.113965735
0.111804366
0.110309094
0.112681456
0.11096463
0.11490272
0.11180557
0.11309712
0.11450204
0.11373163
0.1125274
0.11418562
0.11257318
0.11362845
0.11390766
0.11681758
0.11294258
0.114152566
0.113147795
0.11200638
0.11378581
0.11283231
0.11240156
0.11396932
0.11267239
0.111258976
0.11387287
0.11183612
0.11395339
0.112731256
0.11188262
0.11581371
0.11208077
0.11233986
0.11169953
0.114315115
0.11116529
0.11377779
0.11265708
0.11203083
0.110597916
0.113303035
0.11188368
0.1155824
0.11110835
0.112988085
0.11050422
0.11005202
0.110763334
0.111887746
0.1125531
0.11340728
0.110178016
0.10980254
0.10921036
0.10954957
0.1130628
0.108548455
0.108766794
0.114427805
0.10990085
0.11064393
0.11243911
0.11071845
0.11137177
0.1120708
0.11084663
0.11197968
0.111582436
0.113259144
0.10935777
0.11308035
0.111366436
0.11109493
0.10711798
0.11182592
0.11016306
0.10947579
0.110018246
0.10835499
0.11239798
0.11002789
0.10846025
0.108486556
0.11179664
0.107633665
0.11007857
0.112259
0.11264804
0.108619
0.10974807
0.10884407
0.110408194
0.10998279
0.10988631
0.11183969
0.110495046
0.11134994
0.10934052
0.10908479
0.107358344
0.11137094
0.11086279
0.109408714
0.11025876
0.11014609
0.10985109
0.1135328
0.10872062
0.111527346
0.10941904
0.110000335
0.11017351
0.11240134
0.10705938
0.10950151
0.1109375
0.11051928
0.11438938
0.10854153
0.11207928
0.11149318
0.1076975
0.10953414
0.11311517
0.10796545
0.10900187
0.10728298
0.10949718
0.1083637
0.11174955
0.11001604
0.1117474
0.107606284
0.10698427
0.10872407
0.108919434
0.11021789
0.10866251
0.10965089
0.11059422
0.10852752
0.10845678
0.112451866
0.109042734
0.11035573
0.10724671
0.10716405
0.10808988
0.10682309
0.107010484
0.11156271
0.11170239
0.11169228
0.11117165
0.10905425
0.10849705
0.10834496
0.110972665
0.11411474
0.11310262
0.115883306
0.11229637
0.111384496
0.111638844
0.11205022
0.109042935
0.1093765
0.11282947
0.109234095
0.108798906
0.10768144
0.10873771
0.10904717
0.11271206
0.11103689
0.112805456
0.109793656
0.109890096
0.1087634
0.1089657
0.10807378
0.1094244
0.10902805
0.10895248
0.10860075
0.10852685
0.1082772
0.109020285
0.108784616
0.10805146
0.11192008
0.10747276
0.109579094
0.10713808
0.107152596
0.111994125
0.107056126
0.10679882
0.10801467
0.10850147
0.10557044
0.11354484
0.10872648
0.11023293
0.10877484
0.10907736
0.10966885
0.10749637
0.10820151
0.10745878
0.11131786
0.10810165
0.10692471
0.106050394
0.10615271
0.110152006
0.10596535
0.10452452
0.10679836
0.10559712
0.10810027
0.106622845
0.10838499
0.10579908
0.10412157
0.10452713
0.10361191
0.10780668
0.1058097
0.106339246
0.10822364
0.108759165
0.107962996
0.10731257
0.10567305
0.10465791
0.10653768
0.108101726
0.108579054
0.106432125
0.104218006
0.106281
0.105564445
0.105937876
0.1074212
0.10581836
0.1080021
0.104333326
0.10408315
0.108142175
0.109591834
0.106066525
0.1072499
0.10781821
0.10851556
0.10532185
0.105292976
0.10506166
0.10506557
0.10603188
0.10526461
0.10996469
0.10508417
0.10553414
0.104956605
0.10586327
0.10637713
0.10604362
0.10950061
0.10659706
0.1068241
0.107442036
0.108636014
0.10722808
0.10459875
0.10671846
0.10807524
0.10565081
0.10857347
0.10509088
0.105855286
0.10715833
0.104097724
0.10483686
0.10438445
0.10396361
0.10751909
0.10786938
0.10486903
0.10720283
0.10679075
0.102042906
0.10393677
0.1057926
0.10540652
0.10605086
0.104312405
0.10476201
0.10663498
0.10234328
0.10399236
0.105546005
0.10428108
0.10755255
0.10258667
0.10244393
0.10499302
0.10570632