20 196.64 -0.25 196.38 0.1 19 75 0.42 0.0 
40 193.69 -0.4 193.3 0.149 39 172 0.86 0.01 
60 191.01 -0.72 190.29 0.215 59 282 1.29 0.01 
80 188.04 -1.06 186.98 0.262 78 407 1.71 0.02 
100 186.62 -1.52 185.1 0.305 98 520 2.15 0.03 
120 184.48 -1.71 182.77 0.353 116 652 2.54 0.03 
140 183.64 -1.89 181.75 0.381 135 765 2.96 0.04 
160 181.99 -1.99 180.0 0.416 154 889 3.38 0.04 
180 179.89 -1.86 178.03 0.439 173 982 3.79 0.05 
200 177.16 -1.72 175.44 0.479 192 1092 4.21 0.05 
220 175.84 -1.81 174.02 0.499 209 1240 4.58 0.06 
240 173.36 -1.84 171.52 0.525 228 1380 5.0 0.07 
260 171.56 -1.95 169.62 0.545 246 1498 5.39 0.07 
280 170.1 -2.01 168.09 0.559 266 1656 5.83 0.08 
300 168.97 -2.0 166.97 0.586 281 1784 6.16 0.09 
320 167.43 -2.04 165.4 0.601 297 1938 6.51 0.1 
340 166.0 -1.97 164.03 0.619 316 2074 6.93 0.1 
360 164.27 -1.98 162.29 0.633 334 2252 7.32 0.11 
380 163.22 -1.95 161.27 0.645 350 2427 7.68 0.12 
400 162.08 -1.93 160.15 0.656 368 2596 8.07 0.13 
420 160.35 -1.8 158.55 0.669 386 2762 8.46 0.14 
440 158.51 -1.77 156.74 0.677 404 2932 8.86 0.15 
460 157.51 -1.66 155.85 0.688 421 3133 9.23 0.16 
480 156.47 -1.72 154.75 0.695 438 3311 9.61 0.16 
500 154.87 -1.55 153.32 0.705 457 3468 10.02 0.17 
520 153.7 -1.45 152.25 0.712 476 3667 10.44 0.18 
540 152.6 -1.38 151.22 0.723 489 3865 10.72 0.19 
560 151.34 -1.08 150.26 0.731 506 4043 11.1 0.2 
580 149.69 -1.01 148.68 0.742 522 4212 11.45 0.21 
600 148.58 -0.94 147.65 0.747 538 4407 11.8 0.22 
620 147.59 -0.9 146.69 0.753 555 4590 12.17 0.23 
640 146.59 -0.85 145.74 0.762 568 4780 12.46 0.24 
660 145.07 -0.72 144.35 0.764 585 4991 12.83 0.25 
680 143.7 -0.57 143.14 0.771 602 5199 13.2 0.26 
700 144.02 -0.5 143.52 0.775 618 5408 13.55 0.27 
720 142.79 -0.36 142.43 0.778 633 5617 13.88 0.28 
740 141.82 -0.15 141.67 0.785 649 5833 14.23 0.29 
760 141.14 -0.13 141.01 0.786 663 6058 14.54 0.3 
780 140.22 0.0 140.22 0.791 678 6231 14.87 0.31 
800 139.35 0.11 139.45 0.793 691 6462 15.15 0.32 
820 138.11 0.31 138.42 0.799 707 6674 15.5 0.33 
840 137.09 0.39 137.48 0.803 724 6879 15.88 0.34 
860 136.56 0.56 137.12 0.805 735 7118 16.12 0.35 
880 135.94 0.72 136.66 0.805 750 7360 16.45 0.37 
900 134.69 0.96 135.65 0.812 766 7581 16.8 0.38 
920 133.72 1.14 134.86 0.811 781 7780 17.13 0.39 
940 132.84 1.21 134.05 0.813 797 8001 17.48 0.4 
960 132.51 1.4 133.91 0.818 812 8241 17.81 0.41 
980 131.9 1.56 133.46 0.824 826 8436 18.11 0.42 
1000 130.4 1.72 132.13 0.827 840 8656 18.42 0.43 
1020 130.19 1.87 132.06 0.827 853 8897 18.71 0.44 
1040 129.56 2.09 131.65 0.831 867 9095 19.01 0.45 
1060 129.02 2.36 131.37 0.834 884 9337 19.39 0.46 
1080 127.74 2.58 130.32 0.836 900 9554 19.74 0.48 
1100 126.62 2.74 129.37 0.837 912 9780 20.0 0.49 
1120 125.79 2.8 128.59 0.839 928 10005 20.35 0.5 
1140 126.0 2.9 128.9 0.84 942 10194 20.66 0.51 
1160 124.78 3.2 127.98 0.844 956 10406 20.96 0.52 
1180 123.97 3.33 127.3 0.847 970 10649 21.27 0.53 
1200 123.37 3.44 126.8 0.846 980 10876 21.49 0.54 
1220 123.04 3.61 126.65 0.849 995 11083 21.82 0.55 
1240 122.22 3.87 126.09 0.851 1012 11307 22.19 0.56 
1260 121.16 4.09 125.25 0.851 1028 11525 22.54 0.57 
1280 119.95 4.34 124.29 0.853 1044 11757 22.89 0.58 
1300 119.41 4.6 124.01 0.854 1057 11984 23.18 0.6 
1320 119.13 4.86 123.99 0.858 1071 12200 23.49 0.61 
1340 118.48 5.04 123.52 0.86 1082 12442 23.73 0.62 
1360 117.87 5.34 123.21 0.859 1101 12662 24.14 0.63 
1380 116.73 5.6 122.33 0.862 1113 12909 24.41 0.64 
1400 116.83 5.74 122.57 0.862 1127 13161 24.71 0.65 
1420 115.56 5.87 121.43 0.863 1140 13412 25.0 0.67 
1440 115.02 6.1 121.12 0.865 1156 13652 25.35 0.68 
1460 114.71 6.33 121.04 0.868 1172 13881 25.7 0.69 
1480 113.72 6.5 120.22 0.869 1188 14146 26.05 0.7 
1500 113.2 6.77 119.97 0.869 1203 14390 26.38 0.72 
1520 112.52 7.02 119.54 0.871 1220 14610 26.75 0.73 
1540 111.89 7.22 119.11 0.871 1234 14868 27.06 0.74 
1560 111.12 7.44 118.56 0.873 1250 15093 27.41 0.75 
1580 110.09 7.72 117.82 0.874 1262 15338 27.68 0.76 
1600 109.66 8.0 117.67 0.875 1278 15566 28.03 0.77 
1620 109.05 8.16 117.21 0.876 1290 15823 28.29 0.79 
1640 109.17 8.41 117.58 0.876 1301 16067 28.53 0.8 
1660 108.66 8.66 117.33 0.878 1314 16305 28.82 0.81 
1680 107.28 8.95 116.23 0.879 1330 16583 29.17 0.82 
1700 107.22 9.15 116.37 0.878 1348 16844 29.56 0.84 
1720 106.67 9.36 116.03 0.88 1357 17061 29.76 0.85 
1740 105.8 9.61 115.41 0.881 1371 17298 30.07 0.86 
1760 105.27 9.83 115.1 0.881 1384 17533 30.35 0.87 
1780 104.81 10.0 114.81 0.883 1397 17760 30.64 0.88 
1800 104.22 10.25 114.48 0.884 1410 18034 30.92 0.9 
1820 103.81 10.46 114.27 0.886 1424 18258 31.23 0.91 
1840 103.03 10.65 113.68 0.887 1435 18509 31.47 0.92 
1860 102.63 10.94 113.57 0.887 1446 18739 31.71 0.93 
1880 101.67 11.17 112.85 0.888 1456 18986 31.93 0.94 
1900 101.01 11.33 112.34 0.888 1469 19213 32.21 0.96 
1920 101.04 11.52 112.56 0.888 1482 19468 32.5 0.97 
1940 100.47 11.74 112.21 0.89 1492 19715 32.72 0.98 
1960 100.22 11.98 112.2 0.889 1505 19968 33.0 0.99 
1980 99.77 12.19 111.96 0.888 1516 20198 33.25 1.0 
2000 98.96 12.49 111.44 0.89 1526 20396 33.46 1.01 
2020 98.4 12.76 111.16 0.892 1540 20660 33.77 1.03 
2040 97.78 13.04 110.82 0.891 1555 20900 34.1 1.04 
2060 96.78 13.28 110.06 0.892 1568 21155 34.39 1.05 
2080 96.82 13.53 110.35 0.893 1580 21398 34.65 1.06 
2100 95.8 13.77 109.57 0.895 1594 21655 34.96 1.08 
2120 95.61 14.05 109.66 0.895 1607 21896 35.24 1.09 
2140 94.79 14.3 109.09 0.896 1618 22143 35.48 1.1 
2160 94.4 14.58 108.98 0.896 1633 22416 35.81 1.11 
2180 93.86 14.84 108.69 0.896 1643 22650 36.03 1.13 
2200 93.45 15.08 108.53 0.898 1657 22893 36.34 1.14 
2220 93.17 15.3 108.47 0.898 1670 23099 36.62 1.15 
2240 93.14 15.5 108.64 0.898 1685 23361 36.95 1.16 
2260 92.59 15.7 108.29 0.899 1696 23619 37.19 1.17 
2280 92.24 15.96 108.19 0.9 1702 23890 37.32 1.19 
