
0.23772271
0.22591555
0.22445595
0.22359294
0.21002154
0.21201873
0.20157775
0.19510618
0.18915442
0.19464105
0.20030247
0.18095775
0.18905434
0.18222953
0.17872699
0.17846352
0.18140182
0.17836192
0.18085717
0.1842074
0.18617226
0.18107054
0.18532905
0.18172072
0.18223049
0.18391305
0.17877907
0.17642798
0.17054076
0.1713353
0.16600262
0.16685063
0.16632187
0.16801253
0.16884162
0.17096105
0.16154948
0.16524597
0.16543685
0.16834743
0.1734605
0.16580454
0.16401772
0.16746153
0.16084702
0.16291504
0.16095947
0.1599845
0.16178879
0.15760301
0.16356428
0.16617234
0.15572552
0.15323581
0.1588384
0.16036531
0.15602632
0.15235332
0.15434904
0.15176378
0.15648799
0.15566976
0.15550247
0.15652981
0.1488395
0.15585269
0.15052053
0.15100841
0.14648205
0.14688912
0.14651357
0.14664905
0.14588863
0.1445162
0.14764029
0.14510407
0.14588274
0.14833196
0.14746456
0.14628428
0.1429255
0.14494838
0.14319238
0.14632957
0.14262412
0.14267969
0.1398185
0.14151245
0.15459152
0.13763298
0.14079753
0.13742995
0.14045757
0.1412543
0.13991643
0.13952444
0.14307204
0.13585338
0.140002
0.13738343
0.1361004
0.13866971
0.1350875
0.13301347
0.13365506
0.13481545
0.13307652
0.13421544
0.1345432
0.13014431
0.12911795
0.13166064
0.12819813
0.12921287
0.12775274
0.13093619
0.12799773
0.12782419
0.12958936
0.12946571
0.12819284
0.12799655
0.12779835
0.13152967
0.12402283
0.12425795
0.12355727
0.12275705
0.122338496
0.124968484
0.1241135
0.12403022
0.12241627
0.12244291
0.12481159
0.12183144
0.12250663
0.12255121
0.12134796
0.12343851
0.11870311
0.12191127
0.1202753
0.11873708
0.12204283
0.11930344
0.11952042
0.12033741
0.115837395
0.11499075
0.11598576
0.11544164
0.11891497
0.117687635
0.11483535
0.11683201
0.112518646
0.11363239
0.11591428
0.11681941
0.11676113
0.11587429
0.11277893
0.1128421
0.112213165
0.116140075
0.117777415
0.116316006
0.11462279
0.11303483
0.1156231
0.11038416
0.1126241
0.11478458
0.113450795
0.11255582
0.114770845
0.1115307
0.12231698
0.11220353
0.11085853
0.10937753
0.10752398
0.11089249
0.10893629
0.11122278
0.11354497
0.11653469
0.11414096
0.11254485
0.11225553
0.11229726
0.11051677
0.10880437
0.10739879
0.10828143
0.107577346
0.10548509
0.10921049
0.10994115
0.10777159
0.103816055
0.107018605
0.10605032
0.10441095
0.10619775
0.10567235
0.104080305
0.10461023
0.10381184
0.10773222
0.104848444
0.102795035
0.10477893
0.10136478
0.10234262
0.10539703
0.10285263
0.10254916
0.09974453
0.10525588
0.1003039
0.10265352
0.10188272
0.1002002
0.10059085
0.100130774
0.09791067
0.099765316
0.09809284
0.098147616
0.097811095
0.098518506
0.097770095
0.09762502
0.0972813
0.09825104
0.098464675
0.10038893
0.09895212
0.099028245
0.102722324
0.098268926
0.09653091
0.096931055
0.094877444
0.09710117
0.097192355
0.09751464
0.09511002
0.09433917
0.098329395
0.09454365
0.09558339
0.0952227
0.09507099
0.09419577
0.097537115
0.09724713
0.09358662
0.094397396
0.095004514
0.09412931
0.09344805
0.092831105
0.0946199
0.09607149
0.09245677
0.09216561
0.092737
0.09038216
0.09044789
0.092070244
0.0941659
0.09361546
0.094356894
0.09279499
0.089898646
0.0902155
0.09077162
0.09254748
0.08814081
0.09153293
0.09111601
0.0899225
0.089613
0.09043159
0.09215071
0.08905805
0.09234103
0.09078581
0.08974826
0.09077488
0.090436436
0.08836905
0.08799361
0.08936807
0.092027344
0.08600225
0.08978258
0.08967288
0.08747281
0.08879873
0.08879223
0.0890242
0.087696366
0.08721588
0.08605373
0.08708448
0.08684871
0.08568656
0.08600036
0.086166725
0.088952966
0.08461486
0.086943746
0.084636405
0.086576656
0.08751399
0.08345103
0.08596566
0.09226596
0.08628525
0.08377822
0.08587304
0.08446126
0.08858564
0.08514849
0.08601577
0.086195216
0.08281379
0.08453957
0.08601943
0.08402082
0.08577395
0.084483266
0.0844467
0.08346368
0.087244466
0.08400894
0.08280935
0.0827805
0.0812128
0.08308255
0.08065751
0.08189431
0.08034218
0.0808618
0.0828875
0.08154273
0.08161491
0.08004672
0.081228085
0.081582956
0.079493105
0.08180516
0.080552794
0.07969526
0.079304494
0.079714976
0.0808635
0.08031177
0.08025994
0.080279134
0.079957455
0.08126383
0.07901454
0.08093715
0.07976326
0.077044375
0.07789206
0.07779321
0.07907738
0.07859816
0.07769373
0.07759485
0.0774033
0.08059317
0.07693932
0.08128753
0.07783067
0.0790532
0.07796293
0.077149466
0.07648122
0.07655839
0.07838584
0.07641249
0.076491654
0.07735056
0.07558327
0.076712474
0.075405166
0.07852291
0.076460786
0.07435186
0.07998018
0.076365836
0.07491893
0.07627087
0.07756856
0.07450919
0.07833521
0.07413702
0.07450702
0.0741014
0.076971054
0.076027304
0.07506996
0.07659732
0.075222656
0.07572278
0.073853366
0.074467495
0.07524344
0.07423944
0.07478698
0.07450983
0.07396387
0.07519646
0.07501377
0.07500713
0.07645011
0.0734757
0.07624952
0.07495576
0.07403525
0.07281906
0.073193975
0.07242757
0.072949044
0.072191454
0.07402598
0.07303006
0.07224589
0.07287692
0.07232353
0.07593479
0.072794884
0.07245339
0.071252815
0.07114974
0.072085164
0.07195264
0.07174839
0.07552164
0.073080026
0.070999816
0.07233295
0.07256429
0.071489386
0.07062404
0.072070695
0.07019011
0.07148057
0.06992608
0.07306776
0.06968839
0.07296476
0.07109344
0.07036324
0.06953368
0.070592724
0.06978733
0.07062583
0.06946361
0.07204973
0.0706109
0.06905236
0.06990068
0.07051782
0.06965015
0.07186384
0.0690141
0.0707266
0.06779477
0.06917179
0.07125578
0.0686059
0.0708684
0.072604045
0.07106135
0.069536716
0.07129299
0.07119399
0.06993817
0.06968187
0.07090179
0.06813917
0.06949428
0.07005575
0.06856224
0.06966823
0.068865746
0.07001637
0.067815185
0.067424916
0.06773345
0.06793901
0.06769192
0.068502046
0.067814946
0.06692941
0.067028165
0.067660995
0.06811109
0.06766988
0.06703093
0.06838025
0.065827474
0.06917904
0.06600116
0.066216454
0.06728788
0.067980215
0.065511934
0.06762478
0.06551841
0.065259725
0.065931864
0.06631776
0.06680629
0.065935396
0.067684814
0.0667914
0.0678085
0.06765021
0.065204434
0.064288884
0.06822181
0.065239064
0.06531501
0.065427855
0.06475591
0.06697158
0.065672636
0.065901384
0.06462588
0.06518781
0.067150235
0.06583831
0.065839306
0.06504975
0.063477464
0.06636985
0.06400778
0.06402029
0.063494034
0.0638319
0.06505785
0.064989835
0.063770376
0.063726395
0.06430199
0.0641443
0.063605614
0.0637867
0.06391214
0.0637388
0.065742835
0.064357474
0.06474537
0.06418025
0.06359544
0.06415457
0.06406178
0.06483874
0.06312871
0.06417155
0.062845185
0.06219419
0.062296912
0.06134789
0.061185755
0.06290999
0.062049057
0.062787786
0.062274124
0.06157733
0.062061615
0.06189061
0.06336514
0.06331663
0.061634954
0.062462874
0.06060807
0.059780333
0.062004123
0.059579447
0.06246776
0.06404994
0.060543187
0.061056167
0.06189601
0.06106457
0.060605064
0.06064248
0.060778778
0.058950596
0.0598345
0.06072855
0.061853945
0.061145294
0.061193615
0.0605981
0.060308855
0.060823027
0.06274513
0.060814206
0.0610383
0.061791435
0.06012949
0.060146894
0.061191816
0.061771482
0.06001378
0.061455213
0.061632212
0.06260333
0.060420156
0.060181294
0.06037168
0.060835175
0.059203662
0.060954135
0.060140427
0.060528312
0.060083643
0.05931823
0.05970045
0.059910014
0.060437076
0.060920727
0.059621993
0.059225064
0.059623204
0.05961947
0.059305053
0.05854084
0.059403457
0.058768064
0.059201952
0.060528036
0.060509074
0.061106253
0.059604563
0.05844333
0.058942527
0.06033863
0.059420098
0.059781592
0.058427915
0.058620423
0.059061427
0.058520943
0.05870034
0.057852805
0.057522226
0.058727294
0.057921316
0.057469215
0.057249643
0.057268582
0.057055626
0.059055526
0.058634497
0.057971843
0.05616178
0.056666475
0.0569515
0.057795037
0.05876951
0.057489377
0.057999853
0.057399318
0.057008658
0.056308806
0.056747813
0.057821635
0.057801954
0.05786104
0.058924027
0.056851886
0.05652146
0.05662019
0.055973373
0.05725909
0.057441283
0.05556499
0.057191197
0.05735176
0.056854866
0.05608705
0.056635406
0.056925114
0.05836115
0.05781668
0.057587262
0.057180945
0.057214644
0.057770588
0.05593399
0.05682402
0.055428125
0.05687614
0.056127634
0.055179246
0.05644568
0.056341354
0.055319566
0.055938385
0.055733718
0.05637428
0.056104396
0.05485728
0.054619264
0.055717237
0.05443023
0.054012056
0.057094246
0.055002693
0.054053623
0.05545481
0.055322647
0.05463262
0.0541866
0.054295737
0.05491141
0.0537565
0.054583717
0.054189257
0.054090254
0.054188415
0.054566715
0.05582442
0.055210046
0.053402096
0.054760147
0.053924765
0.054232825
0.05455117
0.054377854
0.05471691
0.054424662
0.05457159
0.053907804
0.05541857
0.053527247
0.05324835
0.05324658
0.054698348
0.05438946
0.053162944
0.05401365
0.05431572
0.053885315
0.052444085
0.05338397
0.053860497
0.053345088
0.053980988
0.054441854
0.05409613
0.055273946
0.053003754
0.05311897
0.054001078
0.05390802
0.05386698
0.054158792
0.054695737
0.053186193
0.053527392
0.05325139
0.05333697
0.053961597
0.052831452
0.052378234
0.05324942
0.05220383
0.052191846
0.05298784
0.051961977
0.05275108
0.052388687
0.052199103
0.05368984
0.05176286
0.05331211
0.052694105
0.05278683
0.05198861
0.052139062
0.052546322
0.05167136
0.0545704
0.05174255
0.05252115
0.052623965
0.05410372
0.05206824
0.051590517
0.05219777
0.053176526
0.05318193
0.053826082
0.05160811
0.05207108
0.05233628
0.05193257
0.05238268
0.051180113
0.051854495
0.053421766
0.052242126
0.05180706
0.050928917
0.051928665
0.05107841
0.051270794
0.052265115
0.052061163
0.050734054
0.051351648
0.052397035
0.050919153
0.051658195
0.05122913
0.051439572
0.051872004
0.051103637
0.051022734
0.050860614
0.05117928
0.051220175
0.05087997
0.050986554
0.05046468
0.050746527
0.050771117
0.05039783
0.049822345
0.049927413
0.0513276
0.050121672
0.050563116
0.050536457
0.050791122
0.05027985
0.049856976
0.049425445
0.05087007
0.050553724
0.049444817
0.050579082
0.050829917
0.05217756
0.05110131
0.050460864
0.05149048
0.04987658
0.0504089
0.04953271
0.051170025
0.049984302
0.049591348
0.053175204
0.050916344
0.05054415
0.050407313
0.050432835
0.05061245
0.049510114
0.050166987
0.049894635
0.05116599
0.04899178
0.04959562
0.04930856
0.051151406
0.050800033
0.049812
0.05162999
0.050152827
0.050856255
0.05032984
0.04859405
0.04886882
0.048670143
0.05110926
0.050101183
0.050306857
0.04872835
0.049156837
0.048099194
0.049127303
0.04918497
0.04856078
0.049583483
0.04993608
0.048447456
0.049473766
0.049024224
0.048615165
0.04917485
0.048397716
0.05090476
0.04979986
0.04930743
0.04833359
0.050167505
0.049557634
0.0508988
0.04931362
0.049162894
0.049830023
0.050122276
0.048953783
0.048604507
0.048307296
0.048151866
0.048212826
0.050694946
0.04802738
0.048469864
0.049713057
0.048781704
0.050303195
0.050155167
0.048484493
0.050951004
0.05018924
0.048633236
0.0484937
0.048912268
0.047618363
0.05022828
0.04847062
0.048503313
0.04718144
0.04863713
0.049123824
0.048475172
0.047244664
0.04696628
0.050387233
0.048180576
0.04846778
0.048621025
0.048106227
0.047762047
0.047322065
0.047928434
0.047754798
0.048437342
0.047372345
0.04694441
0.048165828
0.04834353
0.047461454
0.048422117
0.047741927
0.047603846
0.04743121
0.04704038
0.0475472
0.04684101
0.04824658
0.047243986
0.046850625
0.047264326
0.047157716
0.047674593
0.04669259
0.04768023
0.047238633
0.046569195
0.048915423
0.046845693
0.047296382
0.048681658
0.047194507
0.04752089
0.047890894
0.048272073
0.047099467
0.046882376
0.04780088
0.047757357
0.04713808
0.047425903
0.046973784
0.046381023
0.0468109
0.046204153
0.046792485
0.046476983
0.04637324
0.045253027
0.04629963
0.046147425
0.047192305
0.04620247
0.04552509
0.045943934
0.046397503
0.044996884
0.04626336
0.045669813
0.04647585
0.04853653
0.046366703
0.046374325
0.04592264
0.046469532
0.045888785
0.047415752
0.04614901
0.04665486
0.046236612
0.045795675
0.04631953
0.046912104
0.045806333
0.046549592
0.046623573
0.046503264
0.045836717
0.046448532
0.04668774
0.045777295
0.0457127
0.045211762
0.046165347
0.046834238
0.045519453
0.04590282
0.04802976
0.046420053
0.044795442
0.04585841
0.04771537
0.044969484
0.046648223
0.045325052
0.046252113
0.046435904
0.046568323
0.046389684
0.046335045
0.046244774
0.047288053
0.04618361
0.047447108
0.045271426
0.045609426
0.04505609
0.04516981
0.045584977
0.045955945
0.04535806
0.04489992
0.04491441
0.045010123
0.044877257
0.048977256
0.045525428
0.045170195
0.044479225
0.046750546
0.045305815
0.045241278
0.045132015
0.045236833
0.04571585
0.046180107
0.044647157
0.044252843
0.04480129
0.04749692
0.04377401
0.04586392
0.044551432
0.04392611
0.045577466
0.043670285
0.04446199
0.044505436
0.04468257
0.0447101
0.044218205
0.04457337
0.044706214
0.043685246
0.044708245
0.044439282
0.044973876
0.04367207
0.043438137
0.04394183
0.04410698
0.04406994
0.044571437
0.043765403
0.044288635
0.043758295
0.04435843
0.044141818
0.04349953
0.04428935
0.043692835
0.044112455
0.04283612
0.04391519
0.043347538
0.043870956
0.04397075
0.045070753
0.04430216
0.04401735
0.04320545
0.04390053
0.044683337
0.043764688
0.043282777
0.04326726
0.04323293
0.04393794
0.044454332
0.043548185
0.043309238
0.04377003
0.043949697
0.044328995
0.044524815
0.044277813
0.04544889
0.04446082
0.04397495
0.04428212
0.04393789
0.044435684
0.044354953
0.043481845
0.043885294
0.044340815
0.04371321
0.043763984
0.044267423
0.044629432
0.043788735
0.043337483
0.044678774
0.04346334
0.04265684
0.04431728
0.043735683
0.044153728
0.044854827
0.042925417
0.042470653
0.044398814
0.044305027
0.04391466
0.04312079
0.04267877
0.042512354
0.042793643
0.043452535
0.04374228
0.042940408
0.042580828
0.042077612
0.04352844
0.044041853
0.042551674
0.042854924
0.04255782
0.042821832
0.04255915
0.042448428
0.042450894
0.04384328
0.043650515
0.042893484
0.04240852
0.041479345
0.042451117
0.041917518
0.04257265
0.042442627
0.04380587
0.042414147
0.042019274
0.042113606
0.040899538
0.04285433
0.042266987
0.043067724
0.041857455
0.042947743
0.042095955
0.041775033
0.041970186
0.04248632
0.042201918
0.041915514
0.04287862
0.043141052
0.04143758
0.04203613
0.04179082
0.041735042
0.04223839
0.041534025
0.041706696
0.042677026
0.041954853
0.04267717
0.04065565
0.041962888
0.041557655
0.04068611
0.043206245
0.04311999
0.041702125
0.04030994
0.042509712
0.04131711
0.04124712
0.043554824
0.042374436
0.041792136
0.04180575
0.041654002
0.04175632
0.041614167
0.04111506
0.041784823
0.042304453
0.041083314
0.040656336
0.041502118
0.04136609
0.040445063
0.04159031
0.041051082
0.04041556
0.0414323
0.04166775
0.040658098
0.04114993
0.0405141
0.04077248
0.04258206
0.042883113
0.040746115
0.041157994
0.0422331
0.041180227
0.042428587
0.041716162
0.040972393
0.041166533
0.040299006
0.04084081
0.04219057
0.042294584
0.04132959
0.04136393
0.03962735
0.0418887
0.039647818
0.041655004
0.042666387
0.042472456
0.041721422
0.041933794
0.041543484
0.040477104
0.04129151
0.04050045
0.041959897
0.040543005
0.041564632
0.041277207
0.041658483
0.041683007
0.040737603
0.040859427
0.04070248
0.04058248
0.041480515
0.040055558
0.03942969
0.041188367
0.040810306
0.040991154
0.04033202
0.04040164
0.04087604
0.04180589
0.04068892
0.03947492
0.039818842
0.039808284
0.040930603
0.040750742
0.04023877
0.039960887
0.03999871
0.040312063
0.04243048
0.040369626
0.04053393
0.040428873
0.040829584
0.040530812
0.041247956
0.039788913
0.04035404
0.040255092
0.03998143
0.04032449
0.040099006
0.039484367
0.040252667
0.04056484
0.041237336
0.040148754
0.039871987
0.03926278
0.039577845
0.03970099
0.040136427
0.0398636
0.039068952
0.040212598
0.039200373
0.039882295
0.039789252
0.040771637
0.03939045
0.039259154
0.040344376
0.039709058
0.040702935
0.039125714
0.04014611
0.039668016
0.0397148
0.03953446
0.040031474
0.040354073
0.039691556
0.040334016
0.03966278
0.039278425
0.041095614
0.039947327
0.039947294
0.039608218
0.041417316
0.03944485
0.039815493
0.03988659
0.04036208
0.03956438
0.039298493
0.039511893
0.039053597
0.038862824
0.039592035
0.038688418
0.03976168
0.038971364
0.040166758
0.038508993
0.03970203
0.039204683
0.039240822
0.03897498
0.03879522
0.038417134
0.039227698
0.03902802
0.04043165
0.038498316
0.039589055
0.0388515
0.039367802
0.03859709
0.03862979
0.03897965
0.03864703
0.0396602
0.03825455
0.038246233
0.037917487
0.038668185
0.039341614
0.038172904
0.037790377
0.038524557
0.038590137
0.039631274
0.039273966
0.03924666
0.039324395
0.039285257
0.038455587
0.0398924
0.03882984
0.039127793
0.038569883
0.037972186
0.03766261
0.038737193
0.03848294
0.037829697
0.03834223
0.040619224
0.037820164
0.038596835
0.038631238
0.038980108
0.037806693
0.03915718
0.037474576
0.03806648
0.037613753
0.038691867
0.03751966
0.03878775
0.039034396
0.038672924
0.039204586
0.03852918
0.039887067
0.039212696
0.03851077
0.039559882
0.038302146
0.03844282
0.038724408
0.038061447
0.03854883
0.037222948
0.038821224
0.03843392
0.037730727
0.03797698
0.038708355
0.038972724
0.03888085
0.037917696
0.038059376
0.038495824
0.038735285
0.03795275
0.037983324
0.0383191
0.037583444
0.03826057
0.037875313
0.038223762
0.037718233
0.037939787
0.039132465
0.039179128
0.03812829
0.037352283
0.038773686
0.038888365
0.0372751
0.038486794
0.037120625
0.039427843
0.03794597
0.037754726
0.037845593
0.03694378
0.03804446
0.03755663
0.037321214
0.038297243
0.038005445
0.037859943
0.03687998
0.03713722
0.037399054
0.037849974
0.037113164
0.038087692
0.036459498
0.03831013
0.0376352
0.037195746
0.03814971
0.037382662
0.037677478
0.036728766
0.037764743
0.03841975
0.03981442
0.036704134
0.036751267
0.036998704
0.03717264
0.038482193
0.037889544
0.036673844
0.03893074
0.037018046
0.037735775
0.039079
0.03714897
0.037561487
0.03817868
0.037090782
0.037473906
0.037595462
0.03792847
0.038167514
0.03635032
0.036826868
0.03842201
0.037293404
0.03670854
0.036556534
0.037096553
0.03709155
0.036540173
0.038227
0.037673034
0.03692564
0.037357107
0.03642773
0.036908966
0.037253544
0.036918808
0.036474377
0.03819504
0.03626804
0.037119422
0.0362435
0.036723204
0.036825735
0.036453057
0.036722217
0.037419386
0.036973886
0.036742684
0.03684875
0.037123658
0.037971545
0.036840558
0.036984432
0.037137996
0.03629093
0.03714154
0.036441926
0.0358542
0.03796259
0.03609501
0.036172193
0.037265852
0.036354955
0.03654767
0.036559556
0.03552108
0.035934653
0.03731749
0.036153
0.036011692
0.036702596
0.037792526
0.037073262
0.036256257
0.037080545
0.03610407
0.036601987
0.03678703
0.037560247
0.036360256
0.036809936
0.037133303
0.036280043
0.036237776
0.036594357
0.03802326
0.036613874
0.03574287
0.035898905
0.036833815
0.03575043
0.036887575
0.036672506
0.03621934
0.03555678
0.036213405
0.03618413
0.036115758
0.036104295
0.03538587
0.035385393
0.036037277
0.035536397
0.035907134
0.035660066
0.035823405
0.0361966
0.03609196
0.035978135
0.035985872
0.037408646
0.037448063
0.03636511
0.036501635
0.0376324
0.03583319
0.035928536
0.035633978
0.035966173
0.035458677
0.03604202
0.03525149
0.03553739
0.034839664
0.036264278
0.035293683
0.0353055
0.03482793
0.035724487
0.036423862
0.03507335
0.03511402
0.035984788
0.035484098
0.03602584
0.035097826
0.035305295
0.036250275
0.035871353
0.035715085
0.036936603
0.037033375
0.035954375
0.035894115
0.036651883
0.035183884
0.035295587
0.036846448
0.035413817
0.034610145
0.03534942
0.035463013
0.035662174
0.03502017
0.034593977
0.036570687
0.034861404
0.035451654
0.035657868
0.03560149
0.03480253
0.03537686
0.03589913
0.03568199
0.036179427
0.035267044
0.034960747
0.035977364
0.03552709
0.03569671
0.03601857
0.03534289
0.035877526
0.034472592
0.034702867
0.03417987
0.03543479
0.03579469
0.03518902
0.03475914
0.0348197
0.035958555
0.03516818
0.034667663
0.036082234
0.035117023
0.03569833
0.035607893
0.034460172
0.03504427
0.035041776
0.035975117
0.036492966
0.03511698
0.035384405
0.03481356
0.03493454
0.03619263
0.035464536
0.035180904
0.035316702
0.03470805
0.035033222
0.034303736
0.034597073
0.03557575
0.03436083
0.034784496
0.035743006
0.035402328
0.03470812
0.03420569
0.035905052
0.035089273
0.035604548
0.035501305
0.035432175
0.036098566
0.03659372
0.035184152
0.035525776
0.0343226
0.03477794
0.035208706
0.034821846
0.035835817
0.034451596
0.034841973
0.034867704
0.034110915
0.034868907
0.035046004
0.036358476
0.03572496
0.034525093
0.03472758
0.034730367
0.034928218
0.0350008
0.03429823
0.034907084
0.03562349
0.03576247
0.035240717
0.034178708
0.034503445
0.034723654
0.035165183
0.035855968
0.03451811
0.03642214
0.034366563
0.035368685
0.034463763
0.035179537
0.03408722
0.035124592
0.034099128
0.03384725
0.034252297
0.03505187
0.03547915
0.036004283
0.034572523
0.03597061
0.03450355
0.034576748
0.034852155
0.035803005
0.034722466
0.036030147
0.035749856
0.035180107
0.03409005
0.034371417
0.03438516
0.034454234
0.034449685
0.03443021
0.03438318
0.034140944
0.035054512
0.034567837
0.034653965
0.03425243
0.035000484
0.03422414
0.034215517
0.034379497
0.03451859
0.034828033
0.034476273
0.034012698
0.034084417
0.034746997
0.03471856
0.03505628
0.034144383
0.033634692
0.0339968
0.033633564
0.033831645
0.033914328
0.034201123
0.034875322
0.034347773
0.034518573
0.03415476
0.035731733
0.036210727
0.033605956
0.034521613
0.034483552
0.034690462
0.033291675
0.03259803
0.034817934
0.033777628
0.033065047
0.033867218
0.033666816
0.033644196
0.033785604
0.033647615
0.033562854
0.034306925
0.03418422
0.033458557
0.033637967
0.03399744
0.0338847
0.033812147
0.03389108
0.03395746
0.034320157
0.035057124
0.034069795
0.034677885
0.03421235
0.035362422
0.034151837
0.033027917
0.033766396
0.0352923
0.035011984
0.034031875
0.034099475
0.034123525
0.034132525
0.034955215
0.033311985
0.034726184
0.03361737
0.033244852
0.03402365
0.033985797
0.03438708
0.033943295
0.03311287
0.03593197
0.03427101
0.03587513
0.033309434
0.034126855
0.034665354
0.034539018
0.03374058
0.03450445
0.033843238
0.033179466
0.033418007
0.03477587
0.033287186
0.034696404
0.034020882
0.03357926
0.03376093
0.03370173
0.033029415
0.0336443
0.033454955
0.03438786
0.033083998
0.034041353
0.034120515
0.034294527
0.033468463
0.033780977
0.0338187
0.034013946
0.03317918
0.03310714
0.033441592
0.03375668
0.03356526
0.033387594
0.035125673
0.033477616
0.03397015
0.033357177
0.03321865
0.03354613
0.033384465
0.033690993
0.033045564
0.033637706
0.03361366
0.03376107
0.03344038
0.033435374
0.032536745
0.033286687
0.034101747
0.03385345
0.033499133
0.033397693
0.03332902
0.033127114
0.034256153
0.033437237
0.033026263
0.034249734
0.033771046
0.03390087
0.03323068
0.034027327
0.03485639
0.033021536
0.034113728
0.033356413
0.03261443
0.033261377
0.033467993
0.032642663
0.033108495
0.033394445
0.03350381
0.036648255
0.033368815
0.033418316
0.03339822
0.033082787
0.033672374
0.03322216
0.033161294
0.033598464
0.03316915
0.03269617
0.032929845
0.033892997
0.032488097
0.034353588
0.032551188
0.032573108
0.032504234
0.03261087
0.03243665
0.03445218
0.03283865
0.03226836
0.033013035
0.03297243
0.033235636
0.032682862
0.032524563
0.033275444
0.032019217
0.03251117
0.032304045
0.03205719
0.032911506
0.033467777
0.03366474
0.032899313
0.033169113
0.033437822
0.033409912
0.03335249
0.0323391
0.03214388
0.032602012
0.033327162
0.032449715
0.032897826
0.032594606
0.033100273
0.03240307
0.03212995
0.03385924
0.033023905
0.03246897
0.03299773
0.033519316
0.03224093
0.032580473
0.032217205
0.032778725
0.03298928
0.0340442
0.03224401
0.033387084
0.031767588
0.03231245
0.032157287
0.03252686
0.03254641
0.032439888
0.033025295
0.03214642
0.03291138
0.03301509
0.03194678
0.032351952
0.031647753
0.03310829
0.03254496
0.03301577
0.032614954
0.03162816
0.032190934
0.031873796
0.032334253
0.033378042
0.031734485
0.03150278
0.032411903
0.033587288
0.03255461
0.03194735
0.032562163
0.03330719
0.032346226
0.032438654
0.032497667
0.03234183
0.03268036
0.03136409
0.031684306
0.03329663
0.031840857
0.032468185
0.03202702
0.031977035
0.031931248
0.03163809
0.033277888
0.03230022
0.031525426
0.032378107
0.032239992
0.032349925
0.032470338
0.032555226
0.03214517
0.032813843
0.0325718
0.032246597
0.032947745
0.032369684
0.0329386
0.032909814
0.0316377
0.032345247
0.03269592
0.031657968
0.032680884
0.032417703
0.032058388
0.03286095
0.03290005
0.032666054
0.032827597
0.033172976
0.032462377
0.03278746
0.032262843
0.032893043
0.03254599
0.033071224
0.031913344
0.03310265
0.031391688
0.03165301
0.031123964
0.031814802
0.031697344
0.03172239
0.03112378
0.032293968
0.032294177
0.031747635
0.03131009
0.031979468
0.031759124
0.03136212
0.031421877
0.031779565
0.03184942
0.031443696
0.031554013
0.032484107
0.03144326
0.03125492
0.031071741
0.031495154
0.0318367
0.031118141
0.031932674
0.03197764
0.032041896
0.031676628
0.031169562
0.031126788
0.03239313
0.031717498
0.032090515
0.03147692
0.031512443
0.030885544
0.031557046
0.03181738
0.03235063
0.032275062
0.031242948
0.030651273
0.032177873
0.030728636
0.031415112
0.03095494
0.032240123
0.031377304
0.03181867
0.0321516
0.032921664
0.031861287
0.032152046
0.031511042
0.031008465
0.03171742
0.030964905
0.0320558
0.03230516
0.03135781
0.031178359
0.03115465
0.032038935
0.032263532
0.031726588
0.031536974
0.032198273
0.032319468
0.031881053
0.031179195
0.030834408
0.032630023
0.032212075
0.0309352
0.030959139
0.031152848
0.031445883
0.031825535
0.031782452
0.031526852
0.031666942
0.0312669
0.031138076
0.03204285
0.03175583
0.03170653
0.030703459
0.031555634
0.032963622
0.0316834
0.03209749
0.032184754
0.030678961
0.032064497
0.030739162
0.030938236
0.031244338
0.031159984
0.03066831
0.031166397
0.031640522
0.03148925
0.030713707
0.031028293
0.03163852
0.03095281
0.03145263
0.031367414
0.031180426
0.030457178
0.030585947
0.031035803
0.031727497
0.03155675
0.03153086
0.031849734
0.031931344
0.031945426
0.030995682
0.03087424
0.030530827
0.03057395
0.031114072
0.03095426
0.031353284
0.03146165
0.03163172
0.03091847
0.031404976
0.030646794
0.031307522
0.031142686
0.030633828
0.030618418
0.030755378
0.03213529
0.030261006
0.030902805
0.030391645
0.030490346
0.03042472
0.030211553
0.031295642
0.031037295
0.032051116
0.030704828
0.030846043
0.030929323
0.031651765
0.030776812
0.031675156
0.030935077
0.031361993
0.031351235
0.030601118
0.030974207
0.03068801
0.031511996
0.03077697
0.030707603
0.03115395
0.030371828
0.031235846
0.030791111
0.031681497
0.031690612
0.031411152
0.031058965
0.031154556
0.030471513
0.03081949
0.032050963
0.030954361
0.030901175
0.030974448
0.030329214
0.031495713
0.031944215
0.030909698
0.03116765
0.03018873
0.03080706
0.030505946
0.03146699
0.031584702
0.031214116
0.03228608
0.030139139
0.030626446
0.030591557
0.03109657