20 357.34 0.23 357.57 0.086 19 33 0.08 0.0 
40 352.87 0.45 353.31 0.156 39 82 0.16 0.0 
60 350.18 0.62 350.81 0.235 59 132 0.24 0.0 
80 348.62 0.62 349.24 0.303 79 179 0.32 0.0 
100 345.95 0.64 346.59 0.359 99 232 0.4 0.0 
120 343.1 0.76 343.86 0.431 119 281 0.49 0.0 
140 338.31 0.76 339.07 0.477 138 336 0.56 0.0 
160 337.93 0.78 338.71 0.511 158 389 0.64 0.0 
180 336.12 0.97 337.09 0.536 172 447 0.7 0.0 
200 334.63 1.11 335.74 0.56 190 505 0.77 0.0 
220 332.12 1.1 333.22 0.581 208 575 0.85 0.01 
240 329.38 1.23 330.6 0.609 227 639 0.93 0.01 
260 327.17 1.33 328.5 0.63 245 706 1.0 0.01 
280 324.73 1.38 326.12 0.653 263 773 1.07 0.01 
300 325.11 1.38 326.49 0.664 280 844 1.14 0.01 
320 323.1 1.61 324.71 0.682 298 912 1.21 0.01 
340 321.75 1.78 323.53 0.689 314 966 1.28 0.01 
360 319.87 1.94 321.81 0.704 329 1034 1.34 0.01 
380 319.51 2.0 321.51 0.713 345 1116 1.41 0.01 
400 316.83 2.26 319.09 0.722 364 1201 1.48 0.01 
420 315.48 2.24 317.72 0.736 382 1271 1.56 0.01 
440 314.7 2.35 317.05 0.742 398 1349 1.62 0.01 
460 312.15 2.44 314.59 0.755 415 1440 1.69 0.01 
480 311.87 2.58 314.45 0.76 432 1517 1.76 0.01 
500 309.96 2.61 312.57 0.77 450 1591 1.83 0.01 
520 309.14 2.63 311.77 0.778 468 1680 1.91 0.02 
540 309.79 2.69 312.48 0.78 483 1753 1.97 0.02 
560 307.08 2.81 309.89 0.79 502 1832 2.05 0.02 
580 305.41 2.74 308.15 0.793 513 1948 2.09 0.02 
600 305.86 2.81 308.68 0.799 528 2049 2.15 0.02 
620 304.75 2.78 307.53 0.802 543 2148 2.21 0.02 
640 304.19 2.88 307.07 0.808 557 2236 2.27 0.02 
660 302.28 3.04 305.32 0.812 569 2346 2.32 0.02 
680 301.66 3.16 304.82 0.813 582 2441 2.37 0.02 
700 301.09 3.02 304.11 0.816 595 2542 2.43 0.02 
720 299.86 3.25 303.11 0.824 609 2641 2.48 0.02 
740 299.86 3.3 303.16 0.829 624 2732 2.54 0.03 
760 298.58 3.38 301.96 0.831 640 2830 2.61 0.03 
780 296.41 3.51 299.92 0.836 656 2920 2.67 0.03 
800 295.53 3.59 299.11 0.841 672 3004 2.74 0.03 
820 295.34 3.68 299.02 0.842 686 3105 2.8 0.03 
840 293.84 3.76 297.6 0.848 703 3196 2.87 0.03 
860 292.38 3.81 296.19 0.85 721 3301 2.94 0.03 
880 291.92 3.89 295.82 0.852 738 3408 3.01 0.03 
900 291.8 4.02 295.82 0.858 756 3493 3.08 0.03 
920 290.42 4.13 294.55 0.86 771 3605 3.14 0.03 
940 290.37 4.21 294.59 0.864 786 3720 3.2 0.03 
960 288.84 4.35 293.19 0.868 798 3831 3.25 0.04 
980 288.01 4.56 292.56 0.871 812 3948 3.31 0.04 
1000 287.88 4.65 292.53 0.872 825 4056 3.36 0.04 
1020 285.67 4.76 290.43 0.873 838 4161 3.42 0.04 
1040 284.92 4.89 289.81 0.876 856 4287 3.49 0.04 
1060 284.76 4.78 289.54 0.877 868 4387 3.54 0.04 
1080 283.91 4.92 288.83 0.88 883 4489 3.6 0.04 
1100 282.26 5.0 287.26 0.882 899 4621 3.66 0.04 
1120 281.01 5.1 286.11 0.886 916 4754 3.73 0.04 
1140 279.81 5.14 284.95 0.888 931 4868 3.8 0.04 
1160 278.63 5.37 284.0 0.89 948 4968 3.86 0.05 
1180 278.17 5.43 283.6 0.892 962 5087 3.92 0.05 
1200 277.81 5.68 283.49 0.893 976 5198 3.98 0.05 
1220 276.79 5.71 282.5 0.895 990 5327 4.04 0.05 
1240 275.65 5.81 281.46 0.897 1001 5455 4.08 0.05 
1260 275.78 5.82 281.6 0.897 1019 5566 4.15 0.05 
1280 274.85 5.98 280.83 0.899 1030 5710 4.2 0.05 
1300 274.34 6.1 280.45 0.9 1047 5818 4.27 0.05 
