
0.28010398
0.24051347
0.255617
0.24265389
0.24393553
0.24078272
0.27257803
0.25453815
0.23616704
0.25259352
0.24595703
0.22840708
0.22330569
0.2264243
0.21732086
0.21576174
0.2243282
0.22972913
0.22411513
0.22398385
0.22769322
0.21195869
0.21493265
0.21014053
0.21852528
0.21702532
0.20609802
0.21225889
0.20856956
0.20554495
0.20797509
0.20034012
0.20374177
0.20232181
0.20407723
0.2119691
0.2048539
0.20060201
0.19945815
0.20462082
0.20588844
0.2185733
0.20447929
0.2031421
0.19906303
0.1925664
0.19467172
0.19329506
0.19183841
0.19198212
0.19626057
0.18937543
0.18882102
0.1870568
0.1883467
0.20426127
0.20130493
0.18809456
0.18569972
0.18620843
0.1837987
0.18264377
0.18592319
0.1750779
0.177051
0.17823704
0.17705558
0.18871866
0.17940493
0.1772292
0.18716447
0.17514202
0.17395477
0.168982
0.17526777
0.17433295
0.16841134
0.16671088
0.16202788
0.16398363
0.16818054
0.16211571
0.16658936
0.16517271
0.15897177
0.16030224
0.15876824
0.15832256
0.16084158
0.16125923
0.16261333
0.17516205
0.16436274
0.16078451
0.1576679
0.15681168
0.15420367
0.1488631
0.15657817
0.15085185
0.14977853
0.15015036
0.14544898
0.1411967
0.14313659
0.14152183
0.14414638
0.14297949
0.14544082
0.13733009
0.135672
0.13768438
0.13881215
0.14010566
0.14279775
0.14135334
0.14296983
0.14021583
0.13592955
0.13795759
0.13563581
0.13478486
0.13659345
0.13750605
0.13507478
0.13913651
0.13292174
0.13888538
0.13202913
0.1335041
0.13226762
0.13162853
0.1375241
0.1302223
0.13555034
0.13356332
0.1286198
0.13137947
0.13285974
0.13153338
0.13109015
0.12880209
0.12695193
0.12814413
0.12771344
0.12492612
0.12728994
0.12805738
0.12569503
0.12476542
0.12624566
0.12842844
0.12916961
0.12831786
0.12659997
0.12839128
0.12717617
0.13015273
0.13106194
0.124608174
0.12366647
0.12592421
0.12669611
0.12047266
0.12439306
0.12433487
0.12135782
0.12129561
0.121546425
0.1225361
0.11849969
0.121782
0.12104902
0.119339794
0.11876773
0.1226265
0.121862166
0.11834899
0.116153084
0.11756751
0.1155338
0.116440274
0.11943928
0.12912121
0.1174002
0.11663001
0.117652826
0.11769883
0.118968315
0.11733332
0.119322516
0.114937045
0.11775513
0.115240976
0.11727389
0.11362901
0.11757225
0.11731349
0.115440905
0.113838725
0.11497211
0.1118979
0.11214132
0.11316688
0.115320936
0.11232176
0.11335504
0.11140559
0.11355127
0.11368087
0.11240157
0.111318335
0.11261718
0.10940589
0.10878633
0.10900126
0.1064466
0.11029294
0.108161196
0.10890109
0.10707452
0.1078162
0.105750956
0.10616581
0.10931605
0.10660988
0.10895191
0.10770095
0.103982076
0.10720293
0.10600265
0.104807384
0.10465008
0.10586436
0.10474395
0.10554183
0.105151325
0.10392669
0.10280016
0.10343481
0.107180305
0.10504611
0.104177184
0.10352639
0.103569664
0.102179304
0.10316535
0.10179918
0.10257476
0.103394926
0.103964746
0.099411525
0.10134386
0.10339086
0.099086784
0.098613024
0.101817004
0.10288916
0.10061487
0.100923784
0.09889581
0.09900932
0.09809983
0.09943093
0.102473825
0.10029572
0.10028433
0.0983654
0.100858524
0.09733443
0.097725265
0.09973348
0.10211814
0.09758359
0.097393006
0.09602103
0.09952128
0.09976681
0.096923225
0.09829326
0.09649122
0.09590124
0.09838216
0.096190676
0.09852326
0.09900936
0.095669255
0.0972656
0.09555177
0.09252999
0.09472966
0.093318716
0.09310244
0.09530873
0.093469135
0.09328059
0.09486903
0.093662426
0.0970306
0.09134703
0.089503646
0.09186633
0.09215427
0.097791865
0.0940049
0.09943783
0.09049116
0.09097733
0.09090084
0.09069254
0.09063253
0.08875162
0.089317046
0.08949682
0.09039385
0.09162845
0.090120286
0.09148109
0.08920153
0.08896016
0.09004047
0.08870229
0.08894994
0.08688592
0.08848774
0.08923502
0.0887739
0.08638891
0.08896939
0.09077076
0.0879686
0.09066956
0.08683988
0.08617404
0.09053229
0.08588227
0.08821339
0.08740043
0.08684883
0.086744346
0.08858936
0.087358065
0.086733855
0.086182095
0.08546918
0.08785559
0.085340805
0.0849816
0.08672433
0.085660465
0.08438375
0.08549205
0.08688686
0.08495398
0.08790253
0.085159585
0.08447811
0.08460167
0.0855312
0.08328586
0.08529342
0.08357451
0.08501296
0.083317965
0.083287574
0.082856044
0.083555065
0.08174579
0.08502346
0.0837388
0.08059752
0.081509985
0.08257371
0.079978295
0.083393395
0.081478894
0.086608835
0.08139417
0.079900056
0.082388245
0.08249969
0.08179748
0.08052467
0.081828564
0.0801805
0.08069939
0.080694735
0.08376808
0.0842532
0.08184074
0.08118806
0.0806746
0.08190481
0.079250455
0.08074005
0.0814967
0.07850984
0.080374725
0.07914122
0.07973123
0.077644624
0.07895313
0.07820119
0.0804284
0.07946313
0.07843642
0.07767855
0.07743936
0.08167471
0.07943366
0.07876947
0.07714465
0.07810168
0.07865726
0.0775633
0.07622435
0.07594348
0.07783886
0.07774403
0.074893735
0.076670446
0.07512666
0.07638782
0.07758321
0.07956835
0.07511968
0.07572006
0.07482098
0.07829054
0.07893776
0.07591749
0.07668288
0.07814103
0.07469085
0.082017995
0.07856642
0.07917496
0.07689533
0.07643319
0.07781095
0.0774329
0.07584414
0.07577861
0.07501497
0.07696098
0.07803329
0.07742116
0.07486433
0.07464525
0.07608521
0.07477252
0.07461479
0.074768506
0.074434355
0.076408945
0.07403273
0.07332785
0.07520514
0.07390761
0.0741548
0.07294486
0.071968034
0.07305058
0.07426337
0.07402012
0.07437187
0.0729864
0.07338261
0.07158226
0.07368341
0.07204379
0.074303746
0.07282623
0.07344891
0.07178608
0.07409085
0.07495356
0.07372265
0.07228645
0.07627843
0.071150936
0.071272254
0.07215992
0.07278545
0.071598895
0.0719786
0.07158357
0.07211563
0.071706705
0.07240668
0.07210923
0.07146668
0.07042634
0.06998457
0.0722842
0.06892689
0.07042607
0.07120981
0.07072097
0.070872165
0.07099646
0.067936845
0.07461342
0.06878014
0.070693865
0.06816933
0.07012457
0.06971349
0.07086131
0.07027415
0.06961305
0.06981867
0.0678814
0.07022008
0.07002683
0.06901512
0.06990502
0.068951026
0.06978646
0.06670448
0.07025134
0.071407035
0.06716372
0.068724446
0.06810787
0.06706227
0.068066604
0.067225404
0.06839503
0.06938305
0.07024657
0.069155574
0.06911206
0.0662565
0.06799925
0.06981453
0.066671595
0.073172785
0.06830463
0.0676717
0.06834174
0.0658725
0.067118265
0.06841915
0.065203816
0.065682136
0.06630637
0.06529029
0.06643453
0.069948494
0.06493005
0.0648083
0.06488092
0.06601649
0.06544902
0.06365933
0.06664469
0.06502332
0.064400226
0.06602279
0.064922266
0.06443277
0.066119574
0.064356916
0.06485199
0.065169536
0.06437996
0.06415382
0.06342403
0.065186456
0.06527733
0.063299954
0.06459577
0.06338116
0.06410649
0.064188145
0.06297475
0.063964404
0.06306815
0.064523146
0.06330027
0.062793724
0.064418316
0.06421061
0.06443642
0.0624971
0.06307553
0.06296904
0.06415506
0.06452834
0.061633658
0.06176001
0.06201835
0.06262106
0.06301768
0.06363638
0.062840424
0.06273588
0.062919945
0.062253125
0.061801616
0.061104693
0.062392324
0.0628455
0.0651561
0.062508486
0.063362435
0.062380783
0.063046135
0.06247807
0.06364401
0.06272125
0.06283095
0.065190256
0.06258405
0.060793728
0.06337641
0.06230473
0.060779434
0.0624526
0.063381374
0.060057133
0.06134258
0.06005569
0.06145767
0.060441934
0.060326237
0.061262432
0.061945174
0.060133766
0.0616581
0.060882658
0.060350396
0.061651316
0.061492283
0.062349074
0.060352497
0.061834592
0.061857425
0.060078178
0.06178346
0.05961618
0.061293248
0.05988162
0.05897756
0.058886472
0.061016522
0.058399938
0.05869097
0.058164824
0.059850395
0.060649484
0.062099125
0.06026579
0.058716323
0.06110965
0.058464766
0.059344422
0.058637276
0.0581356
0.057632964
0.05846472
0.05828164
0.0627442
0.059243903
0.05864315
0.057722814
0.060109332
0.05771295
0.057806794
0.05854314
0.058139466
0.0577641
0.057379443
0.05761039
0.05750125
0.058452696
0.05686639
0.057438742
0.05934582
0.05648304
0.05826591
0.057733834
0.058129635
0.057214424
0.056958277
0.057084754
0.058319382
0.058172215
0.057328563
0.056670107
0.05659122
0.056235526
0.055917963
0.055724755
0.058029514
0.056606874
0.05672054
0.05587217
0.055364553
0.05724355
0.05632954
0.05759124
0.05696892
0.05741691
0.05966826
0.05636638
0.05786746
0.0551849
0.056904644
0.056842007
0.0542122
0.05589123
0.05465664
0.056732494
0.05491665
0.055369243
0.056428947
0.05694912
0.05557096
0.056248736
0.05613961
0.05568928
0.057032995
0.05516359
0.056035355
0.05547749
0.05531944
0.055048462
0.055581857
0.056158256
0.05551256
0.056066435
0.055680543
0.056262594
0.057484332
0.055796806
0.056095343
0.056243934
0.05407715
0.054828323
0.05436852
0.055455994
0.05314072
0.05427288
0.054536592
0.053389236
0.056500226
0.053410307
0.052476875
0.055107918
0.05481041
0.054226942
0.05500658
0.05316987
0.054634277
0.053381264
0.05479842
0.053243406
0.05424008
0.053810168
0.053291958
0.05305553
0.05384374
0.054606024
0.052962497
0.054795664
0.05374958
0.052949063
0.055058464
0.053347126
0.05364942
0.054731537
0.05515696
0.053189125
0.052350488
0.05409549
0.056563415
0.05204978
0.052852552
0.054015644
0.050878383
0.05373292
0.053534146
0.052539714
0.052325077
0.052624248
0.05387685
0.051912304
0.051983688
0.052074242
0.052262876
0.051650245
0.051471468
0.051762473
0.052240666
0.052997928
0.054534715
0.05326697
0.053285424
0.051873956
0.051488146
0.052117743
0.053110205
0.051988214
0.05179115
0.052434865
0.05134036
0.050493117
0.05083833
0.050858375
0.05320459
0.052601643
0.050625507
0.050238498
0.050785013
0.051912162
0.05131774
0.051009037
0.051416483
0.051470365
0.050739065
0.05098926
0.051745933
0.049970187
0.0508706
0.05116203
0.05135219
0.05204359
0.05212093
0.05174636
0.051141616
0.05022334
0.050985955
0.050728187
0.050417777
0.05013069
0.05085156
0.05152272
0.052097697
0.051994573
0.052477337
0.051549803
0.05161197
0.051192917
0.049318865
0.050715376
0.05180554
0.05073143
0.049996436
0.050416745
0.050370306
0.05123981
0.050486818
0.05079806
0.050676547
0.04934809
0.050218955
0.050939642
0.050877865
0.049343962
0.049764294
0.050497532
0.051025864
0.04891605
0.04960099
0.05018455
0.050001778
0.048963048
0.051037148
0.05130156
0.048863
0.051198866
0.05030924
0.049489256
0.04853353
0.04884337
0.0488308
0.048164606
0.049145807
0.051600732
0.051944423
0.04893488
0.050174836
0.048674356
0.04955652
0.048625875
0.04872865
0.052281156
0.049659807
0.048388697
0.04871766
0.049293958
0.04965448
0.049369406
0.048469927
0.049438722
0.04905805
0.047848538
0.050355416
0.048185132
0.04944146
0.048302397
0.04743149
0.048834383
0.048533205
0.04852684
0.04826568
0.047719482
0.047945656
0.04811428
0.046901308
0.0477527
0.04794524
0.04711735
0.049564715
0.04716071
0.047260467
0.050155852
0.047469545
0.04717208
0.047002144
0.04766358
0.047039453
0.046988744
0.046961665
0.048605066
0.04738947
0.0484877
0.048246793
0.04832632
0.047182232
0.047585286
0.0482562
0.04657366
0.045971222
0.046772927
0.046415254
0.04645118
0.047299583
0.048415203
0.046737276
0.048322987
0.04721339
0.047385033
0.048474103
0.04580295
0.04605472
0.0466265
0.04620937
0.046471562
0.045864467
0.047822293
0.04591227
0.0467416
0.04713119
0.04639087
0.04682888
0.04587547
0.045105897
0.045208536
0.045956094
0.04613772
0.04678603
0.046185922
0.04829128
0.048037607
0.044115886
0.045486163
0.04628977
0.046830557
0.04570679
0.045358382
0.04481624
0.045114294
0.046654817
0.0460723
0.04946004
0.045029234
0.044272255
0.045329813
0.044501677
0.045898452
0.046103552
0.047125347
0.044013172
0.04430822
0.0454916
0.04697396
0.045497812
0.045175835
0.04592066
0.04417963
0.044527847
0.046518832
0.046113707
0.04468093
0.044562582
0.045355495
0.045709927
0.045919906
0.044939216
0.04526006
0.04649472
0.04508498
0.045503844
0.046025027
0.04563814
0.044306517
0.04501293
0.04352715
0.04586417
0.044249278
0.04357427
0.04302419
0.044353765
0.04424203
0.043210696
0.0441395
0.043589268
0.04405452
0.043258943
0.043800525
0.043743763
0.043589264
0.043750115
0.043143928
0.044342972
0.044847768
0.04441434
0.044030476
0.043645263
0.044987265
0.045311663
0.04359381
0.043922223
0.043731123
0.043619253
0.043113545
0.04317916
0.043189637
0.043886047
0.04452941
0.043908916
0.042791117
0.044240672
0.04322351
0.04397575
0.042141274
0.04360894
0.043818906
0.043783568
0.042558935
0.043848578
0.044088356
0.043824006
0.04416782
0.043861654
0.04351505
0.043171883
0.043231487
0.043248612
0.04294968
0.042510808
0.043944445
0.04331743
0.0424846
0.043447305
0.04246263
0.043111593
0.044842977
0.043165844
0.043987937
0.044879444
0.0432844
0.042241506
0.042446997
0.042492617
0.042208422
0.043575227
0.0425657
0.04294137
0.042408913
0.041853245
0.043566886
0.042578988
0.041766137
0.041012697
0.04177215
0.04124685
0.041529894
0.04322908
0.04216321
0.0430853
0.042441227
0.041734483
0.041920617
0.042515755
0.042427815
0.040568724
0.04272456
0.041164644
0.04161912
0.04118432
0.04126271
0.041501738
0.04083224
0.04139619
0.042819157
0.041587133
0.040875442
0.041957203
0.04182989
0.041299928
0.04344275
0.041597847
0.041620273
0.041079856
0.042225853
0.042653512
0.042877436
0.04096868
0.041555822
0.040558334
0.040715493
0.04161487
0.040211607
0.04076345
0.042774588
0.040207326
0.040734887
0.042025954
0.04180338
0.040211026
0.03995204
0.042144842
0.040599182
0.04044519
0.040161066
0.040009998
0.040936757
0.041106284
0.040738996
0.039509162
0.041141957
0.04059342
0.04176984
0.04045015
0.04016393
0.040471453
0.040338628
0.040318027
0.042813554
0.04089911
0.041118138
0.041216575
0.0403576
0.041794647
0.04041899
0.040512025
0.040690526
0.04025152
0.03977832
0.039682582
0.04073831
0.0398758
0.039861128
0.04006099
0.04166263
0.039602406
0.040123757
0.040591285
0.041940793
0.040610656
0.039481446
0.039786763
0.040587373
0.039350014
0.039910026
0.03954498
0.040371798
0.039863903
0.038449626
0.040472716
0.038917504
0.039557572
0.039519478
0.04090006
0.039636135
0.039540254
0.040423058
0.03929794
0.041800156
0.040529326
0.040391084
0.039640296
0.038534664
0.04087141
0.03870171
0.039664514
0.039738193
0.03988863
0.039824877
0.03869713
0.03950313
0.03946552
0.040167682
0.038634736
0.04165087
0.0413579
0.041009232
0.03904855
0.038898025
0.039469004
0.038455125
0.038441297
0.04053325
0.038746282
0.039680608
0.03885296
0.04020317
0.03899816
0.03771079
0.040671676
0.039054554
0.03889865
0.03848316
0.038227662
0.038544606
0.03853507
0.038985536
0.038902447
0.038248174
0.038725127
0.03835681
0.03865414
0.03870153
0.03770238
0.039360724
0.039754733
0.037598662
0.038073897
0.038661566
0.037381493
0.03772912
0.03913233
0.037990827
0.037924625
0.03820479
0.037325736
0.03795022
0.038004562
0.037857592
0.039516464
0.03717286
0.0382707
0.03821101
0.037555154
0.03878749
0.037614338
0.038305942
0.03758569
0.037736982
0.039125647
0.03891596
0.038142826
0.038119294
0.038169462
0.03838602
0.038153023
0.03906399
0.03781509
0.037904814
0.038302887
0.037271652
0.03844885
0.03720637
0.037437472
0.03787813
0.03837479
0.037876997
0.03767759
0.03738784
0.03748337
0.037811767
0.037572
0.03778916
0.038343776
0.037803717
0.037411876
0.036880314
0.037973586
0.037490778
0.037054647
0.03884421
0.037174474
0.03696338
0.03853181
0.037226412