20 358.08 0.37 358.45 0.082 19 28 0.08 0.0 
40 354.77 0.92 355.69 0.148 39 65 0.16 0.0 
60 353.88 1.02 354.9 0.181 59 104 0.24 0.0 
80 353.18 0.82 354.0 0.276 79 151 0.32 0.0 
100 351.5 1.11 352.62 0.33 99 186 0.4 0.0 
120 349.35 1.61 350.97 0.386 118 222 0.48 0.0 
140 347.34 2.0 349.34 0.445 138 264 0.56 0.0 
160 345.62 2.1 347.72 0.475 158 308 0.64 0.0 
180 343.44 2.46 345.9 0.513 176 352 0.72 0.0 
200 341.16 2.72 343.87 0.547 194 396 0.79 0.0 
220 339.84 2.69 342.54 0.572 212 442 0.86 0.0 
240 337.17 2.69 339.86 0.601 231 487 0.94 0.0 
260 336.55 2.95 339.51 0.612 249 529 1.02 0.0 
280 335.61 3.03 338.64 0.627 267 573 1.09 0.01 
300 334.07 3.09 337.16 0.642 285 625 1.16 0.01 
320 333.25 3.15 336.4 0.652 302 678 1.23 0.01 
340 332.43 3.28 335.72 0.663 318 729 1.3 0.01 
360 330.89 3.42 334.31 0.679 337 773 1.37 0.01 
380 330.1 3.65 333.75 0.688 354 825 1.44 0.01 
400 329.37 3.74 333.11 0.701 373 879 1.52 0.01 
420 330.79 3.97 334.76 0.715 390 929 1.59 0.01 
440 329.22 4.06 333.28 0.724 406 982 1.66 0.01 
460 327.21 4.24 331.46 0.731 423 1046 1.72 0.01 
480 325.03 4.44 329.47 0.741 438 1103 1.79 0.01 
500 324.66 4.39 329.05 0.747 454 1163 1.85 0.01 
520 322.34 4.55 326.89 0.75 471 1221 1.92 0.01 
540 321.27 4.66 325.93 0.76 489 1277 1.99 0.01 
560 319.85 4.75 324.6 0.765 504 1335 2.05 0.01 
580 319.29 4.79 324.09 0.771 514 1407 2.1 0.01 
600 318.7 4.89 323.59 0.778 531 1481 2.16 0.01 
620 316.92 5.0 321.92 0.783 544 1545 2.22 0.01 
640 316.7 5.01 321.71 0.789 557 1609 2.27 0.01 
660 317.07 5.07 322.14 0.792 573 1663 2.34 0.02 
680 314.75 5.06 319.81 0.797 589 1722 2.4 0.02 
700 313.46 5.09 318.56 0.8 605 1781 2.47 0.02 
720 313.55 5.16 318.71 0.806 623 1845 2.54 0.02 
740 312.21 5.3 317.51 0.811 638 1915 2.6 0.02 
760 312.07 5.36 317.42 0.817 654 1966 2.67 0.02 
780 311.02 5.36 316.38 0.82 670 2033 2.73 0.02 
800 309.17 5.44 314.61 0.822 683 2093 2.78 0.02 
820 308.95 5.47 314.42 0.825 697 2160 2.84 0.02 
840 308.21 5.59 313.8 0.83 714 2216 2.91 0.02 
860 308.85 5.55 314.4 0.832 728 2274 2.97 0.02 
880 308.49 5.57 314.06 0.835 745 2334 3.04 0.02 
900 307.4 5.64 313.04 0.837 761 2411 3.1 0.02 
920 307.24 5.68 312.93 0.84 776 2470 3.16 0.02 
940 306.74 5.72 312.45 0.843 790 2543 3.22 0.02 
960 305.61 5.86 311.46 0.846 807 2615 3.29 0.02 
980 304.06 5.91 309.97 0.849 825 2684 3.36 0.02 
1000 303.62 5.9 309.52 0.853 841 2758 3.43 0.03 
1020 303.48 5.95 309.43 0.856 857 2824 3.49 0.03 
1040 302.54 6.01 308.55 0.857 872 2898 3.55 0.03 
1060 302.72 6.16 308.88 0.86 884 2963 3.6 0.03 
1080 302.37 6.15 308.52 0.863 897 3030 3.66 0.03 
1100 302.45 6.17 308.62 0.864 910 3114 3.71 0.03 
1120 302.09 6.19 308.28 0.867 924 3187 3.77 0.03 
1140 300.63 6.33 306.97 0.868 940 3280 3.83 0.03 
1160 300.39 6.39 306.78 0.868 952 3339 3.88 0.03 
1180 300.76 6.37 307.12 0.873 967 3426 3.94 0.03 
1200 300.03 6.4 306.44 0.876 979 3505 3.99 0.03 
1220 300.39 6.51 306.91 0.877 996 3584 4.06 0.03 
1240 299.43 6.56 305.98 0.879 1011 3669 4.12 0.03 
1260 298.46 6.82 305.28 0.879 1029 3734 4.19 0.03 
1280 296.33 6.9 303.23 0.88 1042 3816 4.25 0.04 
1300 297.73 6.87 304.6 0.883 1053 3887 4.29 0.04 
1320 296.96 6.93 303.89 0.885 1068 3953 4.35 0.04 
1340 296.46 7.01 303.47 0.886 1077 4031 4.39 0.04 
1360 296.03 7.1 303.12 0.887 1092 4100 4.45 0.04 
1380 295.67 7.1 302.77 0.888 1107 4177 4.51 0.04 
1400 293.95 7.22 301.17 0.889 1121 4270 4.57 0.04 
1420 293.74 7.16 300.9 0.891 1132 4361 4.61 0.04 
1440 293.26 7.34 300.6 0.893 1143 4439 4.66 0.04 
1460 291.59 7.47 299.05 0.895 1158 4524 4.72 0.04 
1480 291.21 7.48 298.69 0.895 1174 4612 4.79 0.04 
1500 290.84 7.62 298.46 0.897 1187 4683 4.84 0.04 
1520 290.59 7.54 298.13 0.897 1205 4762 4.91 0.04 
1540 289.52 7.69 297.21 0.897 1222 4844 4.98 0.04 
1560 288.6 7.7 296.3 0.899 1234 4940 5.03 0.05 
1580 288.55 7.78 296.34 0.901 1249 5016 5.09 0.05 
