
0.69541144
0.6984936
0.7355191
0.6783426
0.6264809
0.6229687
0.5804643
0.5830272
0.61113006
0.58994466
0.5901133
0.5691638
0.54627043
0.56884557
0.5644016
0.5555792
0.56511265
0.54712224
0.5410247
0.5425912
0.5302767
0.53637016
0.54246545
0.52353114
0.5193334
0.5373611
0.5437465
0.52156436
0.5338294
0.52339363
0.5212544
0.5218835
0.5135467
0.5275654
0.50163746
0.50002605
0.5004383
0.5010067
0.48848328
0.4815731
0.47870037
0.4725939
0.4845917
0.47773588
0.50695086
0.4816342
0.4916976
0.47413182
0.47967836
0.48654765
0.48946765
0.48928523
0.47339687
0.48900124
0.4683692
0.4833958
0.4764674
0.4733912
0.46152428
0.46837944
0.45910582
0.463715
0.46051887
0.46434966
0.4534153
0.4634449
0.46459934
0.4479495
0.45832452
0.45228162
0.46415582
0.42573828
0.4328215
0.44332886
0.4505791
0.43904838
0.4312821
0.43991253
0.41292277
0.4227373
0.42367578
0.42012945
0.42070428
0.41725916
0.42575082
0.41028827
0.4297305
0.41585538
0.41561317
0.40681168
0.41716403
0.41922805
0.41012785
0.4110521
0.4074849
0.41111425
0.4031155
0.3978791
0.4019722
0.39152724
0.39467105
0.3949632
0.3946481
0.38740346
0.38011608
0.37989104
0.39443564
0.3946895
0.3863048
0.40391833
0.38262978
0.3873786
0.383973
0.3843498
0.37197617
0.38847274
0.3753592
0.37659243
0.37183166
0.373322
0.38236943
0.37674487
0.383358
0.38060072
0.372261
0.37933943
0.37094888
0.372346
0.37495318
0.36234212
0.36150825
0.35982576
0.37013772
0.3656076
0.36248934
0.3635128
0.35543966
0.35467392
0.35465637
0.36414722
0.36068717
0.35715407
0.36069706
0.35488704
0.35761622
0.3568458
0.35537875
0.35241634
0.35378414
0.35506985
0.35280287
0.35463488
0.35327312
0.35154432
0.35021675
0.35055122
0.35211205
0.34916383
0.35093668
0.3442088
0.3407738
0.3512703
0.35417646
0.35830086
0.34680218
0.34932688
0.34783676
0.34983012
0.36054108
0.34444436
0.35087225
0.3337425
0.33421025
0.33013976
0.33035773
0.3395897
0.33540228
0.3290501
0.3275992
0.3318742
0.3282929
0.34419027
0.3330995
0.3287578
0.3213742
0.32655174
0.32707363
0.3351886
0.32636848
0.3242653
0.3206432
0.32383627
0.33361927
0.3203208
0.31947815
0.31922156
0.33387628
0.31201434
0.320154
0.31677362
0.32283857
0.32033145
0.31869924
0.31834984
0.32377708
0.31930354
0.31034213
0.3119318
0.31565914
0.31275934
0.3065248
0.31098056
0.32052228
0.30759034
0.3146385
0.3116756
0.31182668
0.3086188
0.3154292
0.3100471
0.31107876
0.30456802
0.30561474
0.3100865
0.30771008
0.30451435
0.3013119
0.30635723
0.3079561
0.295769
0.305737
0.31253502
0.29623425
0.30270854
0.3036185
0.29684514
0.29967022
0.29801023
0.30827785
0.29631227
0.30662
0.29582182
0.29616302
0.30040458
0.29452667
0.3051717
0.29288095
0.29562297
0.3014006
0.29834688
0.2880176
0.3007861
0.29067966
0.28975838
0.29135758
0.29258004
0.29091412
0.29433766
0.29460526
0.29144055
0.2943438
0.29634714
0.2916238
0.28257743
0.28833956
0.28522915
0.2939396
0.2845062
0.2945059
0.2903835
0.29221722
0.28440726
0.2932581
0.29301247
0.30905107
0.2838922
0.28826413
0.28327224
0.28456345
0.27866614
0.28424412
0.28292575
0.28031203
0.28017443
0.2764301
0.27321258
0.29320747
0.27692455
0.28925353
0.27824587
0.28705254
0.27993673
0.27597696
0.27185228
0.27351484
0.28185064
0.2713521
0.27026594
0.26942742
0.27484825
0.27689564
0.28253508
0.27853593
0.2695026
0.28058204
0.27026898
0.28041518
0.26982787
0.27224112
0.2760403
0.26435447
0.27338138
0.26889157
0.2718891
0.27113524
0.27054888
0.2695112
0.2729465
0.2723267
0.26222575
0.2703746
0.28310233
0.26429704
0.26639202
0.25874138
0.26432854
0.26021656
0.26727906
0.2611503
0.255326
0.26151013
0.26341462
0.26665583
0.25981995
0.27052078
0.26950565
0.2610604
0.2622608
0.26118335
0.2598684
0.2571161
0.25973025
0.25307682
0.26209292
0.26160616
0.25509673
0.25893518
0.2574782
0.26667696
0.26124424
0.26395452
0.25309432
0.2617729
0.26315385
0.2581858
0.26127723
0.2544343
0.25795835
0.26254168
0.25174344
0.25483504
0.25776437
0.25380778
0.25267497
0.25330183
0.2586716
0.262561
0.26030675
0.25640705
0.2557223
0.25204316
0.250671
0.25091094
0.2556153
0.256674
0.25478116
0.25190824
0.25013623
0.2526257
0.2519697
0.24922754
0.2477864
0.24755833
0.24893266
0.24869584
0.25005183
0.24903823
0.24577957
0.24715611
0.24674433
0.24068595
0.24373458
0.24697
0.24620838
0.24679813
0.24771258
0.24643499
0.24386092
0.24711886
0.2475827
0.24890035
0.24988393
0.24305567
0.24876986
0.24684352
0.24823484
0.23974112
0.24088757
0.23840842
0.23657472
0.24675554
0.25099328
0.24418527
0.24168444
0.23284994
0.24752593
0.24503645
0.23809625
0.24852453
0.24672194
0.23419693
0.23915704
0.23758093
0.2358254
0.23903157
0.23890844
0.2372323
0.24058723
0.23843516
0.2420382
0.24186209
0.23935455
0.23756094
0.23721679
0.23752001
0.23920082
0.23717354
0.2449004
0.2344291
0.23838069
0.23825713
0.23475876
0.22873802
0.24361575
0.23078223
0.23189369
0.23688847
0.23673424
0.23221727
0.24656168
0.2355434
0.23278269
0.23010203
0.23311621
0.23885526
0.2379926
0.22721782
0.23371065
0.2405256
0.23315378
0.22914903
0.22772333
0.22922336
0.2339951
0.23194273
0.23705234
0.23144332
0.227491
0.23099676
0.22966588
0.23008391
0.22920842
0.2249997
0.23339519
0.22320594
0.22630137
0.22887352
0.23219144
0.23330757
0.23636933
0.23184828
0.22302036
0.22867538
0.22742598
0.2275517
0.22803454
0.2275479
0.22552228
0.22449347
0.23066795
0.22524695
0.22713411
0.22254233
0.23032238
0.22121118
0.22414374
0.22467695
0.22693956
0.22856699
0.22011867
0.22196008
0.22392981
0.224871
0.22782226
0.23299238
0.22565188
0.22293237
0.22281247
0.22072609
0.22041811
0.21948063
0.22383854
0.22223938
0.21809882
0.2222992
0.2146376
0.21915355
0.21831752
0.21585336
0.21918549
0.21836331
0.22198108
0.22218567
0.22548456
0.2199757
0.22240134
0.22142296
0.21674624
0.2255886
0.22430076
0.21898796
0.22034203
0.21727784
0.22215068
0.21785694
0.21633126
0.22824672
0.2186719
0.2181306
0.2204654
0.21945706
0.22034521
0.21590988
0.21899372
0.21808414
0.21406195
0.21814425
0.21466953
0.2153223
0.21132031
0.21216808
0.21502833
0.218562
0.21486649
0.21259837
0.21299443
0.21213768
0.21018939
0.21186055
0.21823967
0.21279836
0.21440822
0.21434383
0.21808365
0.2144121
0.21157295
0.21289356
0.21069638
0.21257462
0.21878906
0.2132883
0.21019234
0.2175778
0.21511301
0.22213234
0.21386114
0.21129538
0.20884734
0.2103949
0.21431005
0.21345203
0.21134669
0.20802267
0.20866108
0.2063538
0.21364887
0.207454
0.21114002
0.21388932
0.20669073
0.20903622
0.21085292
0.20861019
0.2171413
0.20771927
0.21254846
0.2115511
0.21095167
0.20761928
0.2086315
0.20940794
0.20405276
0.20767969
0.2093652
0.20617259
0.21045561
0.20817994
0.21184775
0.20332333
0.20339155
0.20383464
0.208002
0.20510995
0.20911488
0.20347351
0.20668848
0.21115582
0.20865767
0.20469765
0.20232174
0.20871456
0.20343354
0.20584685
0.20278731
0.20378746
0.20310968
0.20623931
0.2052695
0.20751801
0.20858747
0.21317784
0.20176154
0.20071663
0.21184555
0.2055404
0.20492356
0.21054761
0.20788138
0.20882793
0.19958182
0.2033551
0.197993
0.2032748
0.20386837
0.19686086
0.20032734
0.19692789
0.20025106
0.19648686
0.19918986
0.20078851
0.20721965
0.19845526
0.19946688
0.2032968
0.19871695
0.19730268
0.20357588
0.19848154
0.19789764
0.19974966
0.2000547
0.19960913
0.20053534
0.20087625
0.19777465
0.19942668
0.19342476
0.20035186
0.1961929
0.19813386
0.20343089
0.19549991
0.19997321
0.21211992
0.19765837
0.20067781
0.1996884
0.19928625
0.19424981
0.19810387
0.201841
0.19944361
0.20176841
0.20018545
0.19527708
0.19887833
0.19579531
0.19775978
0.20478569
0.19867775
0.20840378
0.20606822
0.20047902
0.19985445
0.19571595
0.1969861
0.19796224
0.20080338
0.19439442
0.19849843
0.20286308
0.19177175
0.1941272
0.19490862
0.19412503
0.1985077
0.19604728
0.19684884
0.19145904
0.19391368
0.19146413
0.19520693
0.1941702
0.1935615
0.19473527
0.19110768
0.19993971
0.1970244
0.19574267
0.19621216
0.20067078
0.18997724
0.19193934
0.19241822
0.19374868
0.19363327
0.19587085
0.19199829
0.19038358
0.19924514
0.19896051
0.19413652
0.19676945
0.19174713
0.19156304
0.19194722
0.19399369
0.19441001
0.18758586
0.19587612
0.1951191
0.19351882
0.19375983
0.19867969
0.18903741
0.19231437
0.19044787
0.19206448
0.1904585
0.19192688
0.18819216
0.19359191
0.19324166
0.19090128
0.19037004
0.19313598
0.19133647
0.19324073
0.19227844
0.19222382
0.19316487
0.19691126
0.19621785
0.19262254
0.19411992
0.19398417
0.19175433
0.19104019
0.19128105
0.19100957
0.18983132
0.19040109
0.18719454
0.19332404
0.18987668
0.18863517
0.18987693
0.19129962
0.18910588
0.19157182
0.19420426
0.18616277
0.19088122
0.19094035
0.18544959
0.18641189
0.19116864
0.18588343
0.18899414
0.18770006
0.18746115
0.18449268
0.18622884
0.19016682
0.19153169
0.18579116
0.19635363
0.18937199
0.1862875
0.18312186
0.19084057
0.18896902
0.18749253
0.1876412
0.18835507
0.18592674
0.18664977
0.18615401
0.19037928
0.19957224
0.18711406
0.18354478
0.1844574
0.18391797
0.185892
0.18700902
0.18743299
0.18146406
0.18498978
0.18652305
0.18758161
0.18150543
0.18372867
0.18982036
0.18389668
0.18770324
0.1837596
0.18256354
0.19471782
0.19018324
0.18893357
0.188793
0.18616703
0.18362108
0.18874097
0.18319298
0.18323705
0.18207894
0.18442692
0.18505025
0.18280311
0.18269883
0.1859366
0.18237582
0.18374412
0.18215178
0.18383661
0.18514192
0.19216298
0.18089715
0.18138808
0.18438844
0.18247044
0.18593
0.18615839
0.18468592
0.18226066
0.18600889
0.18396626
0.1883208
0.19219097
0.18118973
0.18068528
0.18600586
0.18280043
0.1835373
0.18882285
0.17997278
0.18138644
0.18424268
0.18313827
0.18312299
0.1793668
0.18202187
0.18173204
0.17843363
0.17816703
0.18287392
0.18147205
0.18079358
0.17745516
0.17849207
0.18010412
0.18115498
0.17834988
0.17552757
0.18482003
0.18383166
0.18123086
0.1824037
0.18004416
0.1777994
0.1766687
0.18083252
0.18453598
0.17837653
0.17607619
0.18228935
0.17898548
0.17712827
0.18247521
0.17743571
0.17779647
0.17757826
0.17837638
0.18178403
0.17444858
0.17934917
0.17893279
0.17878218
0.1824204
0.17602393
0.17510727
0.18113159
0.17448899
0.18103324
0.1823517
0.17960282
0.17929211
0.17926815
0.17525144
0.17962101
0.18269159
0.1806903
0.17838661
0.17880277
0.1759205
0.17717153
0.17799014
0.17764567
0.17767324
0.17943573
0.17706436
0.1751217
0.17900853
0.17810571
0.1792131
0.17963277
0.17811951
0.17500359
0.17713599
0.17666748
0.181606
0.18025526
0.1767365
0.18046425
0.17697369
0.1804851
0.17799592
0.17827919
0.17509922
0.17946042
0.17383166
0.17626126
0.17724237
0.17721854
0.17611563
0.18037018
0.17586863
0.17752156
0.17596824
0.17969784
0.17702489
0.17355232
0.17504218
0.17410985
0.17600304
0.17857547
0.1766838
0.17212133
0.17417304
0.17509486
0.17736687
0.17357291
0.17125267
0.17724885
0.1829882
0.17563827
0.17443188
0.1771195
0.17520955
0.17344035
0.1768758
0.17430519
0.1817045
0.18166521
0.17707555
0.17412865
0.17718403
0.17259456
0.17914708
0.17547041
0.17616165
0.17583045
0.1781454
0.17632058
0.17794596
0.17546088
0.17310973
0.17667507
0.17466702
0.176918
0.17418522
0.17594777
0.16973671
0.1778474
0.17490564
0.17214279
0.17160912
0.17446278
0.17338794
0.17279749
0.17691192
0.17177427
0.1758159
0.1771664
0.1733453
0.1753662
0.16756064
0.17191334
0.17330998
0.17784473
0.17245156
0.17545256
0.17051014
0.1708414
0.17424852
0.17435516
0.17310953
0.1721589
0.16897497
0.1713071
0.17212088
0.1726766
0.17047505
0.17401314
0.17014329
0.16829136
0.1724574
0.17037603
0.16709247
0.17100014
0.16747707
0.16748674
0.16509373
0.17073803
0.1689651
0.16679549
0.16528283
0.17471549
0.16916388
0.16974314
0.17076007
0.17001213
0.17609946
0.1676004
0.16997117
0.17092775
0.17409323
0.17030129
0.16707386
0.1728182
0.16817544
0.17059192
0.16854587
0.16601776
0.17047332
0.17061506
0.1706463
0.16886023
0.1694668
0.16984482
0.17323737
0.17111611
0.16942865
0.1691286
0.16799885
0.16979055
0.16607435
0.17041358
0.17112455
0.16659307
0.17278507
0.16763686
0.17177515
0.16748223
0.17214401
0.17228256
0.17053229
0.16880633
0.165331
0.16671112
0.16946693
0.16764213
0.17120013
0.16714786
0.16475627
0.1731993
0.16908206
0.16608296
0.16706711
0.16642886
0.17086403
0.1699553
0.16760449
0.16894226
0.16704339
0.16611366
0.16964963
0.16556482
0.16598825
0.16820386
0.16703478
0.16829273
0.16652805
0.16697285
0.16454671
0.16743156
0.16655217
0.1654587
0.16906835
0.17138107
0.16719413
0.16793646
0.16476485
0.16550763
0.16465116
0.16336551
0.16703807
0.1647007
0.16636375
0.1682555
0.16383295
0.16580799
0.1737813
0.16664599
0.16401795
0.16371758
0.16179177
0.16978844
0.16673695
0.16412038
0.1647585
0.17192185
0.16367827
0.17193648
0.16910493
0.16388412
0.16176385
0.16366832
0.16154318
0.16717243
0.1613471
0.16449276
0.16376483
0.16446756
0.16159697
0.16434018
0.1695871
0.16686597
0.16426423
0.16794738
0.169663
0.16553555
0.16653945
0.16563413
0.16774939
0.1667118
0.16629875
0.16654512
0.1688503
0.1661928
0.16336131
0.16686761
0.1682494
0.170399
0.16133653
0.17071898
0.16579314
0.16988857
0.16103631
0.16279963
0.16534336
0.16337276
0.16424316
0.16006464
0.16237274
0.1619591
0.16150339
0.16326508
0.16758832
0.160287
0.15869252
0.16348377
0.16331902
0.1612152
0.1630405
0.1626199
0.16249952
0.1603395
0.15975688
0.16023795
0.16153887
0.162403
0.16014503
0.16188967
0.16056964
0.16646954
0.15855905
0.16236785
0.16204876
0.16222748
0.1620196
0.16563234
0.16196083
0.17108436
0.16541606
0.16034684
0.15948224
0.165454
0.16392434
0.16262123
0.16258636
0.15903325
0.1641791
0.15859617
0.16190577
0.16090998
0.15851288
0.15981945
0.16250163
0.1623633
0.16310932
0.15672004
0.15788259
0.15916164
0.1601305
0.158661
0.16639948
0.1618069
0.15960978
0.16181451
0.15769517
0.15973286
0.16253139
0.1596733
0.16283762
0.16256936
0.15981932
0.15969369
0.15910879
0.15763693
0.17004219
0.15951666
0.15950875
0.16090916
0.15889311
0.15689239
0.16158268
0.15822054
0.16153975
0.1595673
0.1598233
0.15951984
0.16036102
0.16204026
0.16312166
0.16032411
0.15661106
0.15874277
0.15691851
0.15643556
0.15912916
0.15989593
0.15765804
0.15871602
0.16322638
0.15741728
0.16006716
0.15836784
0.15923944
0.15839466
0.15661944
0.15699685
0.15988949
0.1600524
0.15766956
0.15779884
0.1625388
0.15667684
0.15836997
0.15755996
0.15835626
0.15732476
0.15767245
0.15955491
0.15614638
0.1569981
0.15787306
0.16114503
0.15840288
0.16378504
0.15440549
0.15661725
0.16155355
0.16125068
0.15782908
0.15729158
0.15794908
0.15997556
0.15397498
0.15582848
0.15880522
0.15472962
0.15385199
0.15672764
0.15785459
0.16188496
0.15747364
0.1550166
0.15455431
0.15932974
0.1580923
0.16223596
0.15298751
0.15088993
0.156737
0.15551731
0.16012497
0.16210075
0.15519282
0.15609013
0.15598157
0.15547208
0.155589
0.1555449
0.15541796
0.16151226
0.16133358
0.1564583
0.1544991
0.15473357
0.15420915
0.15839472
0.15687172
0.15275197
0.15569563
0.15439285
0.15244222
0.1550395
0.15321952
0.15449803
0.15582713
0.1557137
0.15612547
0.15672067
0.15536234
0.15488426
0.15620854
0.1553581
0.15205832
0.15611196
0.15587942
0.15350239
0.15752034
0.16243781
0.1558459
0.15354645
0.15653338
0.15578654
0.15269788
0.15282857
0.1530326
0.1518405
0.15763389
0.1537135
0.15460767
0.15095218
0.1569216
0.15785529
0.15351288
0.15427749
0.15458316
0.15098311
0.15422784
0.1549956
0.15559146
0.15815786
0.15249342
0.15300642
0.15574923
0.15185344
0.1517741
0.15347172
0.15563653
0.15770754
0.15758142
0.15318297
0.15558338
0.15481248
0.15619543
0.15828037
0.15513675
0.15094276
0.15253171
0.15340154
0.15067397
0.1550661
0.1516758
0.15350606
0.1524558
0.14987694
0.15456395
0.1520937
0.15315817
0.15656887
0.15676105
0.15530595
0.15625907
0.15263623
0.15019824
0.15189274
0.15456744
0.15609081
0.15333529
0.1537487
0.15630753
0.15457702
0.1547556
0.15313488
0.15338957
0.15126595
0.15503277
0.15329376
0.15343331
0.1552931
0.15602511
0.15296681
0.15329777
0.15346417
0.15189318
0.15900125
0.1544275
0.15480693
0.15356338
0.14998949
0.15372428
0.15076871
0.14760363
0.15145023
0.14984542
0.15636723
0.15883902
0.14772974
0.15169878
0.15031137
0.15436833
0.15345272
0.15392332
0.15080047
0.1497282
0.14896753
0.14789572
0.15171824
0.15363775
0.15209354
0.15155433
0.1491264
0.14969017
0.1505952
0.15123133
0.15897271
0.15551217
0.14973383
0.1521829
0.15034838
0.15525958
0.15421164
0.15036064
0.14913465
0.14855354
0.14972143
0.14939839
0.15076657
0.14902233
0.15068522
0.15577622
0.14785428
0.14829978
0.14970037
0.15299453
0.15295482
0.1488132
0.1483936
0.15128535
0.1518578
0.14986664
0.14977258
0.14863704
0.15148309
0.15215918
0.15257114
0.14826144
0.1489975
0.14935195
0.14810196
0.15127647
0.15648213
0.15487285
0.15000585
0.15029398
0.15299787
0.15044616
0.15295464
0.14870788
0.15269138
0.15196317
0.15201409
0.14968869
0.15242952
0.15180743
0.15096396
0.14719386
0.14871442
0.14988686
0.152863
0.15136957
0.15318076
0.14989531
0.15016526
0.15056364
0.15056142
0.14992674
0.15274754
0.14904276
0.15202099
0.15117683
0.15392758
0.15426427
0.14867254
0.14806928
0.14935498
0.15018715
0.15245195
0.15059206
0.14797047
0.14833313
0.15519878
0.14961313
0.14718087
0.14991121
0.14961694
0.14971267
0.14974938
0.15262799
0.14786845
0.15017962
0.15024987
0.15267076
0.14825477
0.14711256
0.1470504
0.14612392
0.1506408
0.15266019
0.14559792
0.14616117
0.1486716
0.1468035
0.14727572
0.15571879
0.14868918
0.14391975
0.15204816
0.14876021
0.15174195
0.14408708
0.1447544
0.14667395
0.1453088
0.14571089
0.14762534
0.14348006
0.15061955
0.1433694
0.14743526
0.14539345
0.15000294
0.14671208
0.14658906
0.14298166
0.14756867
0.14630449
0.14277633
0.14617987
0.14322005
0.14621384
0.14459766
0.14917266
0.14229117
0.14399604
0.14538091
0.1434232
0.14295997
0.14289534
0.14120582
0.14847423
0.14354306
0.14764895
0.1445966
0.1438999
0.14485113
0.14330734
0.14500463
0.14399838
0.14637685
0.1429007
0.14301315
0.14500453
0.14675726
0.15051855
0.14504303
0.14360487
0.14519522
0.14570065
0.14634769
0.14933649
0.14457917
0.1459014
0.14364333
0.143319
0.1459012
0.14451526
0.14518353
0.144245
0.14575116
0.14449319
0.14407967
0.14637089
0.14978199
0.14277808
0.14353451
0.14424823
0.1454937
0.1412071
0.14326638
0.14286391
0.14887452
0.14787965
0.14569311
0.1470162
0.14156221
0.14275676
0.14351591
0.1411536
0.14493735
0.141908
0.14098547
0.14317541
0.14192212
0.14540179
0.14148319
0.14658087
0.14004016
0.1470315
0.14352377
0.14397487
0.14118922
0.14061859
0.14380018
0.14581084
0.14297517
0.14805117
0.14340538
0.14523451
0.14219883
0.1444757
0.1440796
0.14499883
0.14435102
0.14475195
0.14081603
0.14199449
0.14541957
0.14000764
0.14277245
0.14094375
0.14327887
0.14251852
0.14046523
0.1419897
0.13967635
0.1424063
0.14699553
0.14438477
0.14300384
0.14431116
0.14067602
0.14102393
0.14147677
0.1430558
0.14068694
0.14522284
0.13981313
0.1425352
0.14330646
0.13864426
0.14086637
0.13992597
0.1418363
0.14171116
0.14792377
0.14451416
0.14259326
0.14260525
0.14156766
0.1418521
0.14421503
0.14382286
0.14509171
0.14176545
0.14221658
0.13948506
0.14228208
0.13991047
0.1430189
0.14297658
0.14359343
0.14468344
0.14374724
0.14059561
0.14227495
0.14078675
0.14375083
0.14463067
0.14125068
0.14135388
0.1462497
0.14197288
0.14131704
0.14078681
0.14329681
0.1429836
0.14131328
0.14431833
0.14389813
0.14562893
0.14239614
0.14223744
0.14476831
0.14671047
0.1421776
0.13995343
0.1411026
0.13966735
0.14151606
0.14042038
0.13865265
0.14136866
0.14003466
0.1394949
0.14455363
0.14350542
0.14137042
0.1404
0.13775316
0.14372127
0.13938943
0.13900156
0.13982807
0.14417666
0.14099056
0.13983563
0.14711942
0.13994128
0.14105049
0.14043456
0.14160362
0.1477422
0.1428492
0.14107709
0.14117041
0.14307001
0.13950333
0.13904956
0.1426444
0.14039887
0.1387433
0.14898019
0.13946384
0.1402485
0.14000759
0.14075793
0.13637143
0.14695299
0.13721189
0.13834763
0.14083984
0.14022467
0.13850605
0.13897204
0.13838373
0.14016229
0.13909936
0.1442594
0.13939318
0.13911007
0.14537928
0.13773945
0.13510537
0.13738164
0.13873865
0.14650796
0.14295582
0.13889152
0.13706785
0.13930686
0.13974223
0.13672444
0.1415829
0.13960312
0.1370864
0.1366112
0.1413467
0.1369134
0.13708465
0.13605343
0.13974701
0.13557647
0.13940938
0.13886422
0.14457183
0.1421976
0.13985568
0.13860331
0.14193144
0.13991074
0.13995007
0.13966265
0.14037223
0.13887174
0.13911298
0.1383266
0.13717239
0.13684046
0.13682741
0.14212604
0.13861746
0.1410079
0.13917449
0.14355224
0.13644026
0.13839659
0.13439462
0.138915
0.13534388
0.13845596
0.13634582
0.13451003
0.13747363
0.13804053
0.13815744
0.13719673
0.14274277
0.13930973
0.13815968
0.13912098
0.13434441
0.14116144
0.1387927
0.13886838
0.13325348
0.13814764
0.13673788
0.1340098
0.13481833
0.13882087
0.13666257
0.13653873
0.1346375
0.13851021
0.13682754
0.13755247
0.13565125
0.13916838
0.13833757
0.13475645
0.13724734
0.13556562
0.13979602
0.13537432
0.13716823
0.13494897
0.13524204
0.13772568
0.13551782
0.13680033
0.13744581
0.1368241
0.138676
0.13833566
0.14023826
0.13989842
0.13576373
0.13905302
0.1392078
0.13802794
0.14413334
0.13415964
0.13824505
0.13867041
0.13612424
0.13415615
0.13315119
0.1414894
0.134698
0.13551089
0.13584517
0.13621373
0.13791975
0.138451
0.13523445
0.13712867
0.13754985
0.13338657
0.13803345
0.13728173
0.13643898
0.13544525
0.13416874
0.13632962
0.13594988
0.13255809
0.13546841
0.13309714
0.13514392
0.1337808
0.132123
0.13518834
0.13709012
0.13488604
0.13285658
0.1365412
0.13428444
0.13932945
0.13579975
0.14137755
0.13069789
0.13297074
0.13183366
0.13343908
0.13589339
0.13218433
0.13785304
0.13477941
0.13291392
0.13362305
0.13568906
0.13143954
0.1335103
0.13287549
0.13489124
0.13356002
0.13185014
0.1342168
0.13101332
0.1366488
0.13636802
0.13321243
0.13635466
0.13611092
0.13204844
0.13274203
0.13241339
0.13377991
0.13136202
0.13352886
0.13173884
0.1308218
0.13266376
0.1337182
0.13632494
0.13158211
0.1340835
0.13413472
0.13213098
0.13214533
0.13614972
0.13126595
0.13158467
0.13717125
0.13337243
0.13140246
0.13600376
0.13391605
0.13226683
0.13089272
0.13168226
0.13264051
0.13222897
0.1364676
0.1365487
0.13463254
0.13190094
0.13316092
0.13118143
0.13544126
0.13174278
0.13106723
0.12822975
0.13293572
0.13326493
0.13153495
0.13479908
0.131939
0.13215865
0.12885457
0.13088343
0.13103296
0.1334707
0.13049346
0.13383064
0.13489662
0.13063897
0.13209938
0.13143103
0.13262558
0.13064943
0.13333568
0.13177085
0.13369751
0.12994331
0.13184464
0.13043484
0.13385452
0.13444075
0.13070379
0.13358907
0.13111846
0.13120128
0.13162397
0.13015279
0.12976465
0.13067898
0.13184386
0.1332314
0.13491608
0.130058
0.13656895
0.13594131
0.13381408
0.1314801
0.13181213
0.13276091
0.1317378
0.12877697
0.13125616
0.13205285
0.13234577
0.1351069
0.13063538
0.13218829
0.13565814
0.13059387
0.13263696
0.13274503
0.12900499
0.12976763
0.12722659
0.13064662
0.12873402
0.13380967
0.1307212
0.1317165
0.13266745
0.12890156
0.12768276
0.12945531
0.12715524
0.129502
0.12995318
0.12564376
0.12996264
0.13237606
0.12715065
0.1313489
0.13125972
0.12740326
0.13246998
0.13167511
0.12707302
0.13629708
0.13046572
0.12704544
0.13251345
0.13443568
0.12566416
0.12852828
0.12929238
0.12793432
0.13127193
0.13519874
0.12858002
0.13129239
0.12877691
0.12883674
0.13097917
0.13219374
0.13154276
0.12829107
0.1329381
0.12856196
0.12851442
0.12949456
0.12891303
0.12836847
0.1275018
0.12984744
0.1277117
0.12775639
0.12771614
0.1326381
0.12821719
0.1271216
0.12775986
0.12859961
0.1286207
0.12920143
0.12668277
0.12888089
0.12890641
0.13055107
0.12675478
0.12846981
0.12666458
0.12875254
0.1298639
0.12849255
0.13129604
0.1298869
0.12953338
0.127384
0.12865588
0.12751411
0.12704392
0.13417098
0.12887746
0.13120268
0.12952168
0.1318589
0.12735452
0.12733336
0.1285237
0.13134901
0.12612547
0.12956282
0.12921259
0.12827525
0.12556227
0.12949672
0.12579687
0.12711915
0.12597674
0.1254776
0.12560135
0.12777197
0.12668349
0.12466769
0.12774405
0.13087004
0.12518756
0.1268597
0.12837678
0.12630783
0.1260052
0.12610853
0.126564
0.12682463
0.12564716
0.12501314
0.12658542
0.12535855
0.1243994
0.12648551
0.12525402
0.12700993
0.12531422
0.12583764
0.12726142
0.13030367
0.12637399
0.12298855
0.12538503
0.1267798
0.12794629
0.12294919
0.12653756
0.12462141
0.12764616
0.1248222
0.12493076
0.12350509
0.123084486
0.12317852
0.12759705
0.12494357
0.12379367
0.12634681
0.1273308
0.12290627
0.12500186
0.12612395
0.12509608
0.12784338
0.12535508
0.12440098
0.1276048
0.12699778