
0.6875892
0.6933745
0.696472
0.7199431
0.6332785
0.60706764
0.59192926
0.6033841
0.59171516
0.5671968
0.5975096
0.5755739
0.5541111
0.57417756
0.57400024
0.57095903
0.56161964
0.5663692
0.5850549
0.54435825
0.5486115
0.555592
0.54371125
0.53440535
0.54833525
0.5466047
0.55645144
0.5268391
0.5297237
0.52357614
0.52086335
0.52947134
0.5147995
0.5177643
0.5184601
0.5342811
0.51163375
0.50268686
0.5220099
0.50079286
0.5192231
0.5068294
0.5055481
0.4935607
0.47648537
0.48066255
0.49726063
0.47911263
0.48283124
0.49081767
0.46715823
0.4840396
0.47563672
0.469426
0.47587532
0.47555873
0.48770335
0.4701438
0.47965777
0.46057647
0.4668124
0.45625824
0.46059301
0.45611584
0.4569072
0.44174805
0.45595428
0.4453448
0.4584161
0.4439816
0.45095605
0.45315439
0.45300633
0.4379277
0.44664195
0.4476487
0.43315655
0.45076704
0.42959473
0.43463585
0.44512913
0.43511432
0.43841058
0.42966515
0.44123524
0.42582947
0.42843345
0.4295158
0.42989793
0.4125054
0.4186988
0.41238213
0.4111002
0.41512448
0.4183688
0.4134849
0.42056227
0.4057929
0.413684
0.40607473
0.40323693
0.39848152
0.39801404
0.40707874
0.40862915
0.38775814
0.38804638
0.39595306
0.39067638
0.38490024
0.38865247
0.3973722
0.37963507
0.3789219
0.38083178
0.3865993
0.38181534
0.3898172
0.38063905
0.38142747
0.38734236
0.36914235
0.37704933
0.37102297
0.3951836
0.381907
0.3824848
0.37321523
0.38664535
0.39508778
0.36936012
0.36495614
0.369537
0.3661334
0.3755864
0.36678785
0.36422372
0.37243682
0.36385226
0.35773942
0.36667585
0.37045038
0.3637825
0.35721803
0.38081905
0.3675887
0.3639797
0.3675736
0.3625134
0.3628945
0.35496
0.36230704
0.35842738
0.35572183
0.3568576
0.35152298
0.35652095
0.3473683
0.348507
0.34737477
0.34147036
0.349787
0.34232506
0.36428237
0.3421296
0.3349294
0.34271678
0.3576464
0.34801894
0.33855605
0.3487608
0.34916463
0.33427125
0.33966094
0.34968874
0.3434633
0.34185424
0.3360811
0.35388687
0.3322557
0.33799058
0.32950467
0.3249025
0.33201152
0.3259672
0.33760265
0.3306403
0.32430977
0.331483
0.32587284
0.3288784
0.32712597
0.32142276
0.32636255
0.3217474
0.32159087
0.3228626
0.31866047
0.3217338
0.33070716
0.33272433
0.3195993
0.32004824
0.31604597
0.31089115
0.32692984
0.3163577
0.31343016
0.31551448
0.31867653
0.3173166
0.31421924
0.3219114
0.31707948
0.3140082
0.3070856
0.31290382
0.30602488
0.3085667
0.315446
0.31287464
0.3102271
0.31922206
0.31143844
0.31238747
0.30191338
0.30535603
0.3101708
0.30448425
0.30445424
0.3016242
0.3116191
0.31505677
0.30180237
0.30277315
0.32980525
0.30618495
0.31567395
0.30052176
0.3201365
0.30718315
0.31484416
0.29978743
0.3048779
0.30648556
0.2992562
0.31427622
0.29651532
0.30415416
0.31215003
0.3098839
0.30549842
0.30010667
0.30022225
0.29812077
0.29875126
0.29332176
0.29242265
0.29954183