
0.49067542
0.4934578
0.4880373
0.47856393
0.45613232
0.4611522
0.44393212
0.44820803
0.43179628
0.4242933
0.43688986
0.4144786
0.41950855
0.4061342
0.4134709
0.4081801
0.4146457
0.3981618
0.3989813
0.42785642
0.41816553
0.44498104
0.41635817
0.42823857
0.4227847
0.39629754
0.39074972
0.39618522
0.38663146
0.4044149
0.40939736
0.38917655
0.4052975
0.39707696
0.40621048
0.39761937
0.3976386
0.3861106
0.3926732
0.4049978
0.40749535
0.39792034
0.3949601
0.3945814
0.38525304
0.4058909
0.38149038
0.3876406
0.39247575
0.37747598
0.37246776
0.37559253
0.37288547
0.3778598
0.3772686
0.38370758
0.3742401
0.37867808
0.38017946
0.36320865
0.37607762
0.37228987
0.3658589
0.3716098
0.36621508
0.35725385
0.36854652
0.36875957
0.37676165
0.3934395
0.3739783
0.36345944
0.36203307
0.36817792
0.36451054
0.36995175
0.35584566
0.3569986
0.35783538
0.35886827
0.35405624
0.35707313
0.3496831
0.35156602
0.35356995
0.35530588
0.3627741
0.34956092
0.34212732
0.33907235
0.34953907
0.34398067
0.3520591
0.3432021
0.34318316
0.34510747
0.3497834
0.33222386
0.34228197
0.34986737
0.36232722
0.358117
0.3463298
0.34588054
0.33645305
0.33774
0.33410704
0.3394636
0.34713185
0.3416457
0.344434
0.34427968
0.33776894
0.34385505
0.3323763
0.33102942
0.32494354
0.32654443
0.33034325
0.33142692
0.3200294
0.32652557
0.33114344
0.32402104
0.3373605
0.33773556
0.3256361
0.33082256
0.33024722
0.32815993
0.32679304
0.33629945
0.3291157
0.33890876
0.3312094
0.3212628
0.33416864
0.33211136
0.33691755
0.33024588
0.33878908
0.32150716
0.3341903
0.31408617
0.31776184
0.31546092
0.32467344
0.31682223
0.31295857
0.30765298
0.30327806
0.31034634
0.31825313
0.31160113
0.30739194
0.31446812
0.30785337
0.30703315
0.31528604
0.3175303
0.3090155
0.30443615
0.30858392
0.30485836
0.30519134
0.30360505
0.3021321
0.2979045
0.2990116
0.30460793
0.29644534
0.294963
0.29995131
0.30523586
0.30736646
0.29948017
0.29581863
0.29775238
0.29504636
0.2999779
0.29336807
0.3003782
0.2912143
0.28805745
0.2954593
0.2879644
0.29348043
0.2883471
0.29085997
0.29349765
0.3001646
0.29403126
0.2896443
0.2868101
0.29354486
0.28964671
0.301543
0.28833273
0.2890494
0.28420827
0.2879355
0.28968588
0.29340538
0.291369
0.2850262
0.28406948
0.2885383
0.28047097
0.2853394
0.27732372
0.28838167
0.27904618
0.27605537
0.29071698
0.2881403
0.28889805
0.29096904
0.29115978
0.28530756
0.28261027
0.2760176
0.2731063
0.27845922
0.28489286
0.2877718
0.28346276
0.27819702
0.2751153
0.2823776
0.27877548
0.27920184
0.28290462
0.2768392
0.28059113
0.2820791
0.28452396
0.28389874
0.27699104
0.27571237
0.27287778
0.28412843
0.27489844
0.27410007
0.2812981
0.28313482
0.27691698
0.27597463
0.27611926
0.27559593
0.2799283
0.27918077
0.27037138
0.26980135
0.28128517
0.26997286
0.2776546
0.2696077
0.2723732
0.26705587
0.26878554
0.26671234
0.26875865
0.27620253
0.265649
0.26878673
0.26896968
0.2712157
0.2712497
0.26921073
0.27286014
0.28430933
0.26516077
0.27764305
0.26486376
0.27077875
0.26889434
0.26503202
0.26420903
0.26876265
0.26171863
0.2677193
0.27202114
0.26401907
0.26366332
0.2660969
0.25834504
0.25932467
0.26733202
0.2631817
0.25611538
0.2743419
0.26121488
0.26389602
0.26244527
0.26431364
0.26793417
0.25646293
0.25835177
0.26150352
0.2605152
0.26361507
0.25963083
0.2601806
0.26258633
0.2623577
0.2620647
0.25770622
0.26106384
0.26207012
0.2555783
0.2684771
0.26147413
0.25601265
0.26179075
0.26416805
0.25776514
0.26279795
0.25362802
0.25900155
0.25246108
0.25335634
0.2518139
0.2567527
0.25717857
0.2507006
0.25157914
0.25793526
0.25545102
0.25567934
0.25473717
0.2598278
0.25679305
0.2580088
0.2533262
0.26700732
0.2518613
0.25848743
0.25092277
0.25082034
0.24966548
0.24807629
0.25113386
0.25315604
0.2559233
0.25764763
0.261912
0.26283365
0.2583914
0.257943
0.250113
0.24795619
0.2521672
0.24536286
0.25140652
0.24904658
0.24791545
0.24734508
0.25353396
0.24274588
0.24432407
0.2443783
0.24748375
0.24311823
0.24677591
0.24309503
0.24533704
0.24527356
0.24660411
0.24276707
0.23892891
0.24411777
0.2442786
0.23816562
0.24863392
0.24485056
0.2524439
0.24404678
0.23855147
0.23578586
0.23860651
0.24755286
0.23906823
0.23995961
0.2442617
0.25053057
0.24616122
0.24508914
0.24130894
0.24217208
0.24744393
0.24845108
0.25315166
0.2480509
0.24887824
0.23411001
0.23766525
0.2359233
0.23591936
0.23726751
0.23598798
0.2347729
0.2382751
0.2319799
0.23436587
0.23403497
0.23505287
0.2351047
0.22890104
0.23378527
0.23485434
0.2362511
0.23229069
0.22958279
0.23611563
0.24098773
0.23191313
0.23003046
0.23196901
0.23514034
0.23090814
0.22874954
0.2275222
0.23026812
0.22717382
0.23360671
0.22996522
0.23124059
0.23899572
0.23106198
0.23515601
0.23127007
0.22917873
0.22865555
0.22475933
0.23132387
0.22835019
0.22760311
0.22901319
0.22953229
0.2279241
0.23001419
0.23029038
0.23199686
0.23075636
0.23495278
0.22756176
0.22698046
0.2292867
0.22942348
0.22480154
0.22991186
0.22439237
0.22727028
0.22894885
0.22567792
0.22698566
0.22609255
0.22397316
0.2222668
0.22957276
0.22178845
0.23081598
0.22424857
0.22420126
0.22392218
0.22302778
0.22115861
0.22106698
0.22182183
0.22212379
0.22115912
0.22442053
0.223096
0.22447222
0.22560096
0.2214485
0.21949841
0.21716467
0.22316803
0.22987883
0.22410986
0.2193323
0.2217824
0.22060485
0.23009093
0.21716434
0.2183418
0.2199287
0.21500415
0.21730441
0.21946828
0.21882926
0.21564493
0.22167732
0.2147776
0.21549483
0.22362588
0.22223489
0.21713369
0.2176886
0.20957616
0.21076727
0.21321581
0.21279724
0.21179329
0.21062142
0.2112377
0.21027064
0.22579847
0.21129902
0.22057728
0.21014294
0.21742035
0.21581945
0.2097079
0.21119906
0.21410285
0.21679494
0.21078947
0.21115619
0.21136346
0.21420462
0.21186404
0.21370308
0.21120417
0.20987771
0.21209902
0.21313852
0.21121188
0.21323165
0.21064179
0.20884003
0.20899631
0.21256606
0.21004489
0.21185113
0.20871219
0.21350689
0.2081004
0.20843473
0.20991097
0.21172132
0.20995486
0.20811468
0.20833585
0.20951289
0.20825143
0.21032341
0.21169803
0.21342057
0.20917508
0.20758931
0.20761384
0.20607296
0.21198642
0.21018736
0.20757549
0.20717517
0.21366096
0.20493081
0.20576389
0.20673311
0.20836788
0.20707108
0.21075584
0.20817697
0.20698379
0.20676185
0.20465395
0.2030647
0.20573843
0.20539941
0.20500742
0.2081874
0.20620206
0.2023218
0.20567785
0.20173866
0.20241857
0.20195794
0.20228916
0.20645645
0.20544627
0.20717992
0.20327613
0.20319164
0.2016905
0.20350723
0.20598637
0.20880985
0.21346553
0.20440684
0.20522358
0.20203023
0.20743553
0.20136619
0.20181368
0.20324066
0.20680974
0.20314448
0.20463282
0.21616092
0.20667058
0.2043301
0.20210539
0.20229447
0.20462452
0.2074596
0.19727695
0.20203741
0.20160834
0.20108446
0.20667253
0.1998466
0.19773273
0.19871211
0.20390604
0.20318148
0.19962262
0.20487185
0.2037608
0.20062499
0.2009025
0.19752967
0.20059276
0.19974062
0.1975366
0.20688476
0.20547016
0.20075673
0.20194958
0.20087068
0.20556904
0.19896077
0.20168158
0.2005088
0.20016137
0.19521695
0.19680709
0.20270623
0.1959302
0.19548702
0.19724092
0.20275557
0.19519472
0.19677389
0.20386954
0.19900207
0.20287658
0.19890812
0.19805422
0.19333585
0.1946052
0.19768885
0.19892575
0.19824784
0.19755271
0.19638781
0.19528955
0.19623834
0.19433913
0.19571045
0.19454026
0.19833648
0.20533106
0.19538933
0.19846445
0.19989346
0.20101938
0.19306
0.19498953
0.19984387
0.19648938
0.19093315
0.1945444
0.19769388
0.19782189
0.19347465
0.19601993
0.1936425
0.19370162
0.19872561
0.19777612
0.1950453
0.20115496
0.19516121
0.19345812
0.19408728
0.1969999
0.19665602
0.19564775
0.19324122
0.1908614
0.19479583
0.19296758
0.19189426
0.18853052
0.19212826
0.19018406
0.18970476
0.1888351
0.190774
0.18697903
0.1869884
0.19163492
0.18641804
0.1878308
0.18738191
0.18675892
0.18873262
0.18805332
0.19365323
0.19120839
0.18727395
0.18737632
0.18722697
0.18856868
0.1862176
0.18652295
0.1848554
0.18680687
0.18934856
0.18546851
0.18643883
0.18633811
0.18574597
0.19016886
0.18855487
0.19102588
0.18661354
0.18667892
0.18727194
0.18613403
0.19029139
0.18426427
0.19003752
0.1905795
0.1869156
0.18558995
0.18608384
0.18882944
0.18848683
0.18916334
0.18686984
0.19230229
0.1844679
0.18868247
0.18646905
0.18579945
0.18495111
0.18537328
0.18395573
0.18731476
0.18654294
0.18757589
0.18754996
0.18922122
0.18671036
0.18845388
0.18850972
0.18503691
0.18556556
0.18545082
0.18565208
0.18788151
0.18944821
0.18861088
0.18688762
0.193772
0.18402426
0.18443598
0.18775263
0.18651241
0.18783835
0.1940455
0.1915634
0.19489117
0.1899017
0.19195193
0.18740883
0.19136648
0.19116083
0.1867506
0.18441992
0.18389364
0.19130905
0.18437484
0.18617742
0.18261005
0.18348089
0.18410544
0.18315613
0.18618101
0.18326424
0.18707107
0.19024134
0.17784375
0.18296543
0.18596783
0.1844989
0.18016897
0.1793436
0.17984803
0.18598275
0.18113895
0.18200946
0.17944103
0.17985174
0.18334295
0.17900687
0.18144946
0.18470587
0.18184483
0.18220836
0.17961106
0.17811795
0.17817956
0.18139982
0.18009798
0.18374006
0.18606453
0.1822205
0.18180257
0.18266748
0.18046485
0.18103644
0.18269701
0.18001266
0.17890574
0.18486089
0.17935145
0.17890677
0.18261307
0.18273522
0.18414904
0.18211661
0.18066302
0.18070528
0.18341792
0.1798729
0.18422139
0.17996176
0.17735118
0.17784256
0.18567412
0.17797625
0.1806061
0.17923601
0.18077706
0.17729034
0.17632475
0.17533526
0.17951678
0.1764158
0.17386313
0.18507583
0.17561398
0.17630397
0.18142559
0.17936122
0.17556721
0.17657597
0.1781943
0.17936814
0.17397454
0.17640083
0.17430352
0.1750365
0.17721798
0.18488732
0.17153536
0.17536467
0.17292978
0.17892027
0.17640762
0.17362085
0.17793244
0.17470218
0.17327748
0.17188793
0.1779782
0.17615305
0.17368603
0.17182033
0.17695223
0.17044662
0.1757093
0.17477565
0.17452481
0.16994187
0.174868
0.17220919
0.16918845
0.18116552
0.1709367
0.17227669
0.17325702
0.17886089
0.17223439
0.17219096
0.17259437
0.17459884
0.17153768
0.16907816
0.17301711
0.1713754
0.17183729
0.16794346
0.17841196
0.17324238
0.17142285
0.168312
0.16918667
0.16982146
0.17260337
0.1724922
0.17169167
0.1734847
0.17267294
0.17054343
0.1720359
0.16794257
0.17085382
0.17228079
0.17090492
0.17080832
0.16938488
0.17102419
0.17567508
0.16985649
0.17004324
0.17150234
0.18017045
0.1692355
0.17329554
0.16527635
0.16562097
0.16894673
0.16901252
0.17080906
0.1668003
0.16923566
0.17096813
0.16502601
0.16899654
0.17024161
0.1678418
0.16943516
0.16783477
0.16993667
0.16920547
0.16943686
0.16864915
0.16980952
0.16758458
0.16798773
0.168335
0.16916284
0.16896072
0.1660199
0.16641916
0.1682061
0.16767637
0.16577081
0.1686681
0.16598387
0.16697475
0.16576417
0.162315
0.16572879
0.16929562
0.16773346
0.16734518
0.16262558
0.1659403
0.16614646
0.16447961
0.16385108
0.16888422
0.16646872
0.16499592
0.16368257
0.16780747
0.16791417
0.16115774
0.16253859
0.1644657
0.16391072
0.16485785
0.16514975
0.16601354
0.16664992
0.16641782
0.16531771
0.16799822
0.16595641
0.16575994
0.16618967
0.16674514
0.16561763
0.1660499
0.16592956
0.16542412
0.16740382
0.1655896
0.16360237
0.16350555
0.16296978
0.16228811
0.16480513
0.16392803
0.1640542
0.16202144
0.16361327
0.16222359
0.16453584
0.16390137
0.16499773
0.16727883
0.16079235
0.16787764
0.16543807
0.16426305
0.16442509
0.16256411
0.16047159
0.1622934
0.1659322
0.16284332
0.16607065
0.16250901
0.16225049
0.16497529
0.1618638
0.1598004
0.16117337
0.16286407
0.16558157
0.1616001
0.16390118
0.16152988
0.1637977
0.16349368
0.16751309
0.15990396
0.16411428
0.16271652
0.15948191
0.1613028
0.1645496
0.15847075
0.15894535
0.16155875
0.16180025
0.16387372
0.16264597
0.16283679
0.1629204
0.16408908
0.15846163
0.16061789
0.16422151
0.1684159
0.16094646
0.15768005
0.16091497
0.15841731
0.16740255
0.1618926
0.15741946
0.16075882
0.1581287
0.15834478
0.1595378
0.16048238
0.15658359
0.15794383
0.16106413
0.15815939
0.15787698
0.16468063
0.16025138
0.15942664
0.1595079
0.15956762
0.15712172
0.15817404
0.15888284
0.15631934
0.15824914
0.15893812
0.15654707
0.16237055
0.1625342
0.15692036
0.15794155
0.15548503
0.15603006
0.16283461
0.15739892
0.15936999
0.15633744
0.15649496
0.15719761
0.15542799
0.1543217
0.15617034
0.15706849
0.15708825
0.15754855
0.15790068
0.15514311
0.15443496
0.15747632
0.15390132
0.15441938
0.15593591
0.15713613
0.15964791
0.15321499
0.15935478
0.15343384
0.15457033
0.15792987
0.15543334
0.16078441
0.15443245
0.15630668
0.15340503
0.1539547
0.1568599
0.15560678
0.15561633
0.1577137
0.15332322
0.1537079
0.15671073
0.1538566
0.15340388
0.15170577
0.1535095
0.15592016
0.15255384
0.15039219
0.1522245
0.15408196
0.15201424
0.1508291
0.15351146
0.15364395
0.15471654
0.15455078
0.15147868
0.14984779
0.15558535
0.15132067
0.15536861
0.15315899
0.15034285
0.15469156
0.15276855
0.15156017
0.15352467
0.15090486
0.15255149
0.15657923
0.153384
0.15350527
0.1516576
0.15137011
0.14975986
0.15068698
0.15467022
0.15121211
0.14829089
0.15379964
0.15174575
0.15504543
0.15185058
0.15029785
0.1541115
0.15133815
0.15111782
0.15152504
0.15153907
0.15675317
0.1510308
0.15133785
0.15177347
0.14864969
0.15093753
0.15107681
0.1553057
0.15295511
0.15195987
0.15176114
0.15042372
0.15436871
0.15460481
0.1513698
0.15145393
0.150725
0.15315522
0.15341604
0.1519119
0.14939871
0.1501633
0.1483524
0.15427001
0.15346868
0.15272675
0.15126812
0.15039991
0.15029362
0.15079358
0.14925827
0.14766933
0.15368852
0.15006025
0.15018086
0.15123405
0.14759679
0.14967752
0.14671017
0.1509212
0.14811428
0.15501423
0.1492464
0.15066673
0.15008499
0.15310684
0.1559161
0.14883868
0.14928031
0.14665183
0.15025789
0.14835276
0.15101524
0.14982297
0.14681855
0.15117256
0.1457415
0.14773673
0.1506246
0.14887327
0.15198582
0.14750625
0.14945966
0.15181018
0.14595509
0.15063082
0.14718243
0.14801842
0.14876156
0.14640282
0.14939418
0.14670502
0.15170278
0.14641015
0.1487207
0.14982446
0.14910106
0.14952816
0.14802572
0.14667736
0.15013656
0.14816834
0.14781587
0.15056585
0.14960437
0.1487605
0.14809416
0.14564468
0.14758971
0.14890063
0.14424063
0.14729515
0.14648466
0.14662209
0.14738588
0.14683278
0.1459812
0.14538603
0.14866775
0.14758232
0.14940497
0.1478485
0.14833732
0.14501773
0.14379747
0.14695388
0.14665726
0.14615713
0.14753331
0.14365733
0.14478183
0.14362729
0.14807613
0.1470747
0.14699338
0.149477
0.1456718
0.14470355
0.14503793
0.14455314
0.1437562
0.1450916
0.14337745
0.1460118
0.1490387
0.14645837
0.14461674
0.14634351
0.14591178
0.1422022
0.1441814
0.1413406
0.14534414
0.14227752
0.14665608
0.14573678
0.14769721
0.14334291
0.14278795
0.14914519
0.14325924
0.14395544
0.14217387
0.14307924
0.1491689
0.14189322
0.14773786
0.14373401
0.14784403
0.15001908
0.1442367
0.1459651
0.1447015
0.14330961
0.14053714
0.14261387
0.14395727
0.1444054
0.14528403
0.14373665
0.14333928
0.1419936
0.14130189
0.1423869
0.14354408
0.14291543
0.1418463
0.1424105
0.14503628
0.14176251
0.14116207
0.14150634
0.14238401
0.14334422
0.14308245
0.1455924
0.14170507
0.14454465
0.14383869
0.14341919
0.14142586
0.14128672
0.14459105
0.140648
0.14175765
0.14760108
0.14378424
0.14256255
0.14197454
0.14735697
0.13854316
0.13880062
0.14346296
0.14025538
0.14070639
0.14082615
0.1437577
0.14126432
0.14326125
0.14464612
0.1434233
0.14388803
0.14414653
0.14083079
0.14425321
0.14270823
0.1423392
0.14771087
0.14662088
0.14351021
0.1411172
0.14369142
0.14192367
0.14019638
0.14188395
0.14377779
0.13949923
0.1390107
0.13983175
0.14583094
0.13959588
0.14124514
0.14330938
0.14397423
0.14214392
0.14169669
0.1406748
0.13746887
0.1411654
0.1431039
0.13831642
0.13861936
0.13753177
0.14138913
0.13964519
0.14202595
0.14125395
0.14014156
0.14029177
0.13965854
0.1432676
0.14100562
0.14164467
0.14162476
0.14063564
0.1412242
0.13985835
0.14211161
0.14147907
0.14612126
0.14407197
0.14091031
0.13827492
0.14151244
0.13874201
0.14104529
0.1413536
0.14116053
0.13959861
0.14206451
0.14380777
0.14075409
0.14176928
0.14035043
0.13844562
0.14163594
0.138914
0.13785732
0.14640264
0.13881303
0.14226814
0.13622275
0.13935523
0.13578898
0.13658337
0.13664961
0.13954283
0.13847815
0.13792524
0.14493906
0.13865611
0.1371049
0.13702954
0.13891314
0.13768315
0.14130786
0.13489608
0.13736938
0.13962692
0.13929202
0.1363027
0.13557804
0.13750115
0.14571346
0.13655946
0.13670284
0.13619933
0.13522236
0.13853496
0.13796638
0.1360493
0.1370961
0.13858564
0.13545088
0.13721466
0.13705595
0.13279682
0.13616115
0.13632335
0.13743679
0.13652839
0.1397157
0.13603757
0.13462827
0.13697596
0.13406144
0.1352536
0.13682553
0.13684702
0.13451129
0.13746627
0.13630223
0.13593918
0.13541803
0.13477966
0.13600545
0.1367596
0.13400741
0.13791604
0.1361211
0.13639845
0.13825785
0.13624533
0.1339656
0.13386829
0.13466267
0.13406228
0.13453332
0.13810354
0.13367978
0.13368647
0.13456249
0.13681994
0.13723488
0.13638608
0.1346682
0.13593297
0.1346791
0.13363008
0.14151141
0.13419162
0.13453548
0.13676484
0.13301791
0.13639243
0.13380395
0.13545284
0.13371322
0.1378092
0.13597222
0.13322835
0.13225575
0.13426182
0.13549718
0.13299643
0.13675362
0.13440728
0.1341417
0.13700329
0.13268767
0.13428906
0.14023155
0.1357027
0.1324237
0.13585699
0.13210842
0.13250928
0.13350488
0.13187185
0.13298735
0.13151275
0.13473721
0.13383125
0.1327615
0.1336394
0.13428971
0.13368766
0.13578862
0.13145865
0.13429561
0.1330328
0.13362442
0.13337044
0.1338784
0.13542773
0.13200119
0.13256794
0.13686457
0.13889872
0.13478522
0.13418166
0.13768648
0.13302857
0.13140786
0.13180926
0.13266437
0.13336797
0.13270526
0.13224404
0.13391204
0.13522272
0.13632333
0.13157922
0.13514407
0.13613717
0.1348921
0.13297276
0.13297302
0.1333298
0.13292594
0.13267045
0.13322274
0.13253535
0.13721898
0.12967582
0.13254666
0.13131343
0.13396928
0.13511835
0.13286877
0.13249008
0.13183756
0.13415617
0.13231221
0.13269828
0.13296773
0.1327349
0.13663767
0.13049072
0.1327751
0.13082866
0.13539292
0.13036104
0.1324686
0.12916963
0.1365933
0.13624407
0.13360435
0.13158546
0.1338212
0.13206707
0.13055895
0.13088387
0.1305089
0.13275832
0.12920041
0.1299165
0.13254629
0.13232462
0.13284731
0.13161366
0.13245994
0.13028157
0.12953153
0.1343931
0.13301799
0.13348114
0.1331658
0.13382779
0.13662398
0.13198799
0.13509704
0.13236046
0.13157806
0.13001834
0.1310499
0.13404708
0.13003683
0.13252755
0.13086757
0.13200319
0.13263075
0.13449164
0.12902084
0.13115655
0.12930636
0.13167615
0.13629979
0.1325121
0.13304566
0.1296967
0.13108556
0.1311871
0.13185577
0.13376783
0.12938035
0.13275655
0.13213237
0.12946066
0.13253121
0.13093418
0.13504583
0.12765141
0.13085908
0.1318754
0.12907688
0.13002652
0.12935773
0.12989742
0.13136758
0.1322884
0.1336594
0.13054878
0.13313401
0.13390489
0.13259505
0.12767199
0.13006651
0.12975988
0.13017096
0.12889853
0.12963441
0.13152029
0.13001315
0.12953779
0.13118239
0.13016172
0.13057677
0.12878709
0.13008085
0.12868474
0.12825929
0.13088688
0.12802649
0.1269346
0.1280184
0.12641713
0.12686338
0.13099128
0.12832291
0.13176002
0.12996326
0.12603159
0.12696257
0.1301246
0.12637119
0.12792152
0.12764107
0.12766986
0.12707764
0.12751059
0.12519705
0.13353057
0.12905969
0.12790002
0.12574632
0.12551366
0.12502238
0.124773234
0.12699117
0.12676097
0.12752043
0.12974916
0.13002083
0.12558421
0.1258686
0.12885551
0.13037756
0.12544326
0.12458274
0.124962725
0.12491359
0.12676325
0.12769128
0.12850173
0.12661389
0.12765366
0.12610744
0.12887885
0.12547435
0.12675412
0.1261372
0.12744899
0.13206013
0.12750494
0.12625432
0.1299556
0.12625577
0.12592237
0.12696123
0.12679318
0.12570857
0.127084
0.12584919
0.1257475
0.12819853
0.13013107
0.12640995
0.13034505
0.1288026
0.13041233
0.1265122
0.1289357
0.12498857
0.12534603
0.12535545
0.12610395
0.125637
0.12503077
0.12694657
0.12683675
0.12884058
0.12499812
0.124499895
0.1267546
0.12645864
0.12812145
0.124298744
0.12449448
0.12526768
0.12610476
0.12637712
0.12750544
0.12487529
0.12580411
0.12524422
0.12451163
0.12539124
0.12745199
0.12616734
0.124403216
0.12609586
0.12760696
0.123616815
0.1305843
0.12508228
0.127225
0.12825094
0.12629747
0.12608744
0.12556273
0.12566565
0.122392476
0.12454976
0.1275633
0.13075088
0.1273395
0.12726313
0.1246348
0.12646662
0.12570047
0.12691079
0.12631688
0.12301068
0.124845676
0.12294419
0.12391661
0.12903318
0.12406769
0.1279476
0.12594138
0.12409484
0.12610367
0.12168058
0.12373019
0.12590629
0.12280579
0.12688842
0.12611924
0.1276931
0.12707624
0.12623236
0.12586017
0.124476016
0.12535064
0.12807125
0.12467207
0.12523054
0.12328179
0.12699868
0.12755851
0.12534557
0.124969676
0.12489339
0.12498075
0.123235665
0.12577939
0.12562132
0.124685526
0.12641594
0.12438261
0.12617475
0.122723155
0.12521525
0.12483515
0.124734394
0.12714306
0.12452298
0.12980808
0.124413274
0.12341976
0.12779705
0.12367109
0.12512173
0.12421915
0.123291865
0.12603834
0.12636271
0.12456295
0.12307475
0.12424802
0.12709872
0.12252782
0.1226078
0.12641914
0.122420624
0.124671206
0.12196267
0.12407308
0.12495279
0.12456386
0.12547255
0.124539755
0.121730335
0.12297252
0.12230195
0.12315649
0.1242954
0.121251315
0.12123621
0.12102944
0.12171033
0.123732686
0.12211746
0.12209031
0.1211454
0.12057211
0.12262224
0.12357089
0.12061572
0.12183422
0.12370155
0.12357199
0.12014493
0.12471917
0.12332909
0.121325426
0.12344923
0.121595204
0.12195889
0.12512235
0.12143001
0.12369606
0.12089348
0.120308675
0.122088425
0.122996666
0.12352848
0.1206108
0.12093031
0.12215226
0.121908404
0.12556295
0.12384861
0.12347036
0.12333807
0.123703435
0.12417927
0.12335995
0.124505274
0.11945818
0.12244922
0.120650604
0.12197017
0.122357935
0.124277145
0.11917657
0.12188112
0.12323195
0.12118585
0.12300338
0.12236869
0.12262862
0.12119471
0.120149866
0.12330428
0.12103675
0.12547891
0.122978166
0.12355981
0.12159566
0.122853115
0.121612616
0.121256955
0.123849414
0.12290612
0.12465749
0.12130565
0.120991185
0.12104101
0.12052116
0.12498077
0.12252856
0.12340794
0.12006917
0.12150032
0.118538395
0.12444634
0.12222621
0.12082029
0.12060257
0.12030137
0.1205701
0.11931227
0.1204678
0.11903644
0.119109534
0.120256275
0.12194103
0.11956395
0.12289188
0.12196158
0.120353036
0.1190762
0.121090665
0.1216065
0.11786912
0.11843124
0.12131792
0.12035756
0.12155974
0.11963596
0.119074576
0.119766966
0.12249268
0.12176785
0.1199959
0.118957445
0.118400596
0.1201372
0.12000984
0.12057271
0.11844383
0.11853393
0.12085408
0.119815364
0.12056427
0.11940566
0.11900442
0.11883244
0.11865255
0.122654974
0.11659289
0.12119217
0.12061894
0.11845382
0.11884015
0.120042644
0.119601585
0.11739828
0.1184641
0.1178205
0.12121119
0.12078556
0.120713286
0.12111608
0.11954169
0.119790256
0.11894905
0.11903704
0.11751222
0.12241444
0.12277766
0.121528074
0.12281334
0.12060167
0.1182709
0.11899243
0.1182575
0.11845563
0.118892245
0.11831182
0.12099588
0.116323054
0.11979731
0.11870068
0.1198504
0.11970565
0.11921718
0.12045773
0.11893061
0.1199379
0.11749004
0.121133514
0.118872866
0.11979834
0.12061791
0.11844736
0.118101254
0.119980626
0.12070184
0.120223135
0.117529705
0.11910101
0.117019765
0.11583536
0.11776703
0.11768561
0.1171124
0.118624784
0.11955677
0.118047826
0.119420074
0.12173961
0.123613335
0.11686875
0.11897756
0.120843634
0.12066374
0.11872687
0.117963664
0.12058866
0.11735396
0.117926866
0.11994706
0.11836105
0.117241256
0.11936848
0.11803421
0.120365806
0.11622829
0.11864794
0.119480245
0.119205035
0.1174878
0.11874148
0.11998004
0.12136379
0.12254927
0.11761381
0.11976452
0.11637497
0.118538976
0.11810646
0.11908426
0.11578109
0.11740068
0.11585877
0.11786662
0.118899934
0.11693971
0.120538555
0.11828717
0.11718052
0.11757808
0.120235674
0.11681903
0.11730622
0.11562547
0.11592925
0.11645924
0.11693144
0.11722923
0.12344994
0.120702334
0.11875996
0.117411986
0.11590434
0.11634814
0.11713132
0.11698703
0.11757666
0.11832114
0.11701627
0.115977004
0.1154108
0.1158284
0.11669534
0.11719287
0.11671055
0.116607346
0.116040654
0.11697013
0.11530428
0.11727301
0.11699425
0.114534155
0.11584362
0.11703353
0.11436791
0.11693864
0.11901161
0.115774125
0.11575857
0.11500949
0.11363635
0.11435767
0.115851805
0.115589194
0.1182793
0.115597464
0.11599954
0.11507155
0.11385676
0.11514974
0.115471736
0.11811316
0.11441861
0.116447695
0.116962664
0.11549381
0.115918495
0.11510649
0.11665578
0.11821753
0.11357413
0.11795257
0.11723264
0.11495107
0.115345195
0.115394495
0.11562962
0.115618266
0.11360451
0.11592532
0.11406637
0.11466051
0.114914
0.11643341
0.11836656
0.11390637
0.115170605
0.11451856
0.11808577
0.114174865
0.11437834
0.11674182
0.11455308
0.11454551
0.114865825
0.11594994
0.11336096
0.114198744
0.11600401
0.1137424
0.11473888
0.11222827
0.116414845
0.1132154
0.113974445
0.1202651
0.114475034
0.11299089
0.116162315
0.11383623
0.11303716
0.112996146
0.113896094
0.112761036
0.11388238
0.115241066
0.1143488
0.113777876
0.113327935
0.113109976
0.11435571
0.11805063
0.11222749
0.11723517
0.11601338
0.11375917
0.11276022
0.11284342
0.11273174
0.11661994
0.11504252
0.11128602
0.112503126
0.11258031
0.11229129
0.11289507
0.11512389
0.11457287
0.11299799
0.11272736
0.11348694
0.11169012
0.112816304
0.11316394
0.112834744
0.11312511
0.1124566
0.1114245
0.11212007
0.11011094
0.112634964
0.11167121
0.11099447
0.11369266
0.11248048
0.11330145
0.11060681
0.112155505
0.11740324
0.113804825
0.111323155
0.11408603
0.11194884
0.11129464
0.11129044
0.11361289
0.11385869
0.11177316
0.12009288
0.11641262
0.11325962
0.11476434
0.11319415
0.11365398
0.11250221
0.115536734
0.1149232
0.114776246
0.11314073
0.111951455
0.11218377
0.110460296
0.1152454
0.11278231
0.11533355
0.11130496
0.112479925
0.113950945
0.11620219
0.11293331
0.11595762
0.11464124
0.116358824
0.11511449
0.111259125
0.11289783
0.113639355
0.11327702
0.11310675
0.11188269
0.11237543
0.1153164
0.11272808
0.11349277
0.11177295
0.111491166
0.11312155
0.11196949
0.11106469
0.11279633
0.11100959
0.11214126
0.11239725
0.11504013
0.11205596
0.111450285
0.11442551
0.11242052
0.11069872
0.112748034
0.11128824
0.11708369
0.11355117
0.11156015
0.11150023
0.116120644
0.11164761
0.11252931
0.11342904
0.11053501
0.10996049
0.110450774
0.112586804
0.11313979
0.11283699
0.11122192
0.11238314
0.11121109
0.11183107
0.109526195
0.11243293
0.11374671
0.11037758
0.11098964
0.11275986
0.110351644
0.11126444
0.112504974
0.10893118
0.11126087
0.11107726
0.111657806
0.11122756
0.11249899
0.110328786
0.11162752
0.11030411
0.10952213
0.11096484
0.11080427
0.1108514
0.10937323
0.111595355
0.112128906
0.11266834
0.113766186
0.11171016
0.11087208
0.1115449
0.109509915
0.11223441
0.11063017
0.112084724
0.111592434
0.114431985
0.11252179
0.11252678
0.11412268
0.11308898
0.111298434
0.10893569
0.1116988
0.11048449
0.10942324
0.11081359
0.11072014
0.1106963
0.11397088
0.10962612
0.11005524
0.11385251
0.113503605
0.11075517
0.11213415
0.11025685
0.11013686
0.111276224
0.10947624
0.11176328
0.11533811
0.10786089
0.11117034
0.110758714
0.11112954
0.110081576
0.11236125
0.10893182
0.11145512
0.112148866
0.10858294
0.111207664
0.1105292
0.109435774
0.11033384
0.10803744
0.111056454
0.112434104
0.10983099
0.10896849
0.10998197
0.11390456
0.11148392
0.108709306
0.11187969
0.1112811
0.10838804
0.11138611
0.11417813
0.11029601
0.11275368
0.10795079
0.10899362
0.10940094
0.109123394
0.10766328
0.1100489
0.11177858
0.109957725
0.10978728
0.11111527
0.10944382
0.11057048
0.114733495
0.10861124
0.109387
0.108225204
0.10906243
0.10891873
0.11051043
0.10840302
0.109248556
0.10923125
0.10756685
0.10877427
0.10857303
0.11129477
0.11081202
0.11045144
0.10908853
0.10963525
0.109977365
0.109111786
0.11181901
0.11170491
0.10836556
0.108561724
0.107595675
0.10712192
0.10917505
0.11129104
0.110701606
0.107692696
0.10938024
0.10936959
0.11228214
0.110012665
0.109793395
0.11128636
0.11543063
0.11143418
0.1102652
0.109688364
0.11000251
0.10973581
0.10822229
0.108267196
0.11041269
0.110640235
0.10834763
0.11200238
0.10887681
0.108205944
0.10961263
0.10706591
0.107002884
0.10879349
0.108065784
0.10826912
0.110537
0.10873793
0.10997819
0.108933575
0.107863866
0.10709971
0.10641558
0.10751466
0.109801374
0.10951225
0.11140429
0.110161625
0.11010183
0.10711488
0.10741295
0.11026836
0.1055286
0.106220506
0.11112229
0.10750928
0.110279195
0.10757883
0.10956637
0.10811058
0.108401775
0.108184725
0.10717719
0.10787164
0.10864736
0.107850745
0.10649056
0.10863825
0.110029794
0.11242418
0.107241
0.10843836
0.10600122
0.105949774
0.10894911
0.107241176
0.10631385
0.10788473
0.11153202
0.10704952
0.10607679
0.10646714
0.105889566
0.10819871
0.10798448
0.106336504
0.10768014
0.1074574
0.10612759
0.10746355
0.105787225
0.10773641
0.10710692
0.10953109
0.10756604
0.10490723
0.10663217
0.11080459
0.10805752
0.107601725
0.10731976
0.10775626
0.1073233
0.108958945
0.108484596
0.10921498
0.10804791
0.10714163
0.10800891
0.105611585
0.10755701
0.108295046
0.105697975
0.10647752
0.10519141
0.10645805
0.105794124
0.10724486
0.1047592
0.10775532
0.1060156
0.11454158
0.106075235
0.1067808
0.10413766
0.10713997
0.10549659
0.10758387
0.10379656
0.10691821
0.10758343
0.1062608
0.1071562
0.1056296
0.10950728
0.10676801
0.1065715
0.106289744
0.10602016
0.105951145
0.10468535
0.10635829
0.105619274
0.10446225
0.109253995
0.10652178
0.10567436
0.10453265
0.10449079
0.104696386
0.1068441
0.1084145
0.10498765
0.10770354
0.10675716
0.10512974
0.10762103
0.10461565
0.1076448
0.10815652
0.10691729
0.10668811
0.10606087
0.10733209
0.104553774
0.104733616
0.10795443
0.1054154
0.10674012
0.1054926
0.10572154
0.10407205
0.10419303
0.10374629
0.10375602
0.10610513
0.105612546
0.108143725
0.10557383
0.104687355
0.105820216
0.10517239
0.105107546
0.10384851
0.105806574
0.105171576
0.105414
0.10615576
0.10585029
0.10575956
0.10563496
0.10737285
0.10770226
0.10617801
0.10786566
0.10320454
0.10530722
0.10938648
0.10755824
0.10394453
0.10482907
0.11055204
0.10454569
0.10825188
0.10639309
0.10596417
0.10933364
0.10500408
0.10387554
0.10462054
0.10328581
0.10571264
0.103787094
0.108746774
0.103972316
0.104091175
0.10451978
0.1037073
0.106054336
0.104932465
0.108571544
0.10694883
0.10607663
0.10401936
0.10469364
0.104285486
0.10457134
0.105709605
0.10403144
0.104199514
0.10687018
0.10756183
0.104481824
0.10419944
0.105063446
0.103832066
0.10266572
0.104213804
0.10399678
0.105272226
0.10922838
0.10610025
0.10826579
0.10797827
0.10328018
0.10602029
0.10580634
0.10652158
0.10545316
0.10545204
0.10608258
0.10793657
0.10605861
0.10616853
0.10651909
0.10401417
0.10879908
0.10546663
0.10515403
0.105430245
0.10421704
0.1054484
0.10301264
0.10517752
0.10338315
0.11377478
0.10451247
0.10629693
0.10429555
0.10516612
0.106958486
0.10409987
0.10360593
0.104457095
0.104177
0.10507721
0.10414416
0.10438335
0.10438045
0.10490849
0.10358365
0.10425562
0.10769261
0.10488539
0.104725674
0.105351225
0.104822345
0.10510997
0.104132034
0.10479568
0.103869066
0.102970265
0.10557747
0.103328824
0.10225598
0.103696555
0.102094725
0.10536755
0.10238906
0.10537251
0.10427661
0.10343763
0.10483611
0.103507325
0.103174224
0.10746177
0.10264635
0.10373367
0.10364798
0.10525668
0.103636645
0.10254531
0.10236466
0.10430369
0.10377583
0.10260452
0.10216411
0.1022501
0.102005616
0.10321432
0.103029825
0.10760494
0.10569342
0.10346323
0.101978414
0.10327763
0.10335043
0.10361323
0.10432862
0.10392791
0.10327593
0.105277814
0.10370445
0.10289219
0.10460122
0.10593326
0.101799674
0.102876715
0.10336209
0.10604443
0.103599876
0.10167276
0.10746701
0.102393776
0.10594059
0.10343939
0.10544826
0.1049822
0.10831212
0.104548685
0.104452744
0.10583481
0.10116996
0.103968605
0.105873674
0.10444863
0.10260902
0.10309962
0.10423888
0.10447785
0.1026552
0.1038973
0.10161483
0.10615712
0.10194375
0.101287656
0.1011225
0.1012023
0.10080724
0.10444638
0.10311602
0.10249815
0.10481254
0.10134783
0.10189569
0.10575617
0.10176645
0.10328756
0.10200809
0.1017125
0.10082438
0.10186743
0.102854066
0.103178315
0.10054667
0.10253057
0.10247402
0.10149011
0.10307462
0.10573764
0.10081565
0.10298893
0.10317543
0.10442588
0.101833686
0.10268663
0.10211795
0.106684096
0.10601842
0.10388853
0.10196061
0.103117764
0.10098331
0.10289738
0.10367663
0.100135975
0.101042025
0.10221218
0.10134283
0.10251659
0.10291564
0.10438501
0.10106619
0.10603014
0.10273535
0.10379808
0.103186205
0.10578542
0.10228748
0.103067845
0.101947814
0.10220053
0.103026085
0.10380723
0.10163554
0.10327083
0.1055796
0.1026509
0.10199791
0.10503058
0.102670625
0.103871986
0.101595
0.104615904
0.10271487
0.101645336
0.10162764
0.106556
0.10014981
0.10196342
0.102454595
0.10222343
0.1024477
0.10340301
0.10423701
0.101774104
0.10169753
0.10368942
0.10130942
0.10441947
0.10324022
0.10256117
0.10114939
0.099934064
0.102499545
0.102179654
0.101529345
0.10212752
0.10278989
0.10308994
0.10377932
0.10396925
0.10239143
0.10247533
0.10272099
0.10096481
0.10563075
0.10323121
0.10083533
0.099517606
0.101767026
0.10023347
0.105204426
0.10157579
0.10112255
0.10239225
0.10029498
0.09935647
0.1023535
0.10224724
0.10109446
0.102497384
0.10186694
0.10117852
0.100306675
0.10281537
0.10156419
0.10247695
0.10200208
0.09964723
0.10094798
0.102055795
0.10215269
0.10123443
0.10053854
0.09920761
0.10457294
0.10147568
0.103735834
0.1033402
0.10109954
0.10219545
0.10139233
0.10245815
0.10193753
0.102144904
0.10142574
0.103168175
0.102768354
0.10460001
0.103866875
0.102467954
0.102921955
0.106426276
0.10180148
0.1015684
0.10372447
0.10064662
0.10286407
0.10094244
0.10058674
0.104071334
0.104282744
0.10561832
0.101491295
0.10165163
0.10636854
0.10356572
0.10260862
0.099992186
0.10101408
0.100284696
0.10141898
0.09825931
0.101521015
0.10004318
0.10248815
0.10195364
0.10240811
0.10126365
0.1007477
0.10118269
0.10175257
0.10166947
0.10245692
0.10117585
0.10301432
0.101793855
0.102879964
0.10233806
0.10252913
0.10166886
0.09961022
0.10174295
0.099637166
0.10126545
0.10082202
0.101537876
0.10078666
0.09910205
0.10182155
0.09948066
0.10055483
0.100184366
0.10093699
0.099761315
0.09792159
0.10238461
0.09985794
0.10117447
0.09942461
0.10019793
0.10146751
0.10420212
0.10117592
0.10264441
0.10008717
0.09835352
0.09972053
0.09993449
0.100550376
0.101016976
0.10006449
0.10120752
0.10347847
0.1002828
0.099440105
0.10278707
0.10032975
0.100418404
0.10077523
0.101399325
0.09984762
0.1026435
0.103501774
0.10422589
0.10285654
0.10054058
0.1019727
0.101891585
0.10237405
0.10154623
0.1034401
0.10283553
0.10206102
0.10201089
0.102841705
0.1003111
0.10292657
0.09985553
0.09996924
0.1003774
0.10191314
0.10135383
0.0986675
0.09898633
0.09797122
0.10065733
0.10111541
0.10483232
0.098914556
0.10044947
0.10133582
0.10053652
0.09920479
0.09786014
0.099100955
0.10115773
0.101126276
0.09905263
0.101567805
0.0978778
0.09885344
0.10041094
0.10076853
0.09980767
0.097871296
0.09833047
0.09658341
0.10059044
0.09887383
0.103334695
0.10056458
0.0997666
0.09860703
0.09715958
0.09864673
0.09718829
0.097301446
0.10072234
0.09966712
0.099262126
0.098421
0.10174639
0.09704365
0.097413175
0.09931549
0.100032955
0.09743372
0.097768985
0.10299913
0.102848426
0.097931854
0.099931836
0.09748755
0.09885704
0.099751346
0.10095589
0.10214658
0.09868982
0.099247724
0.101195656
0.10032192
0.100725316
0.09837007
0.09883377
0.09970691
0.10179634
0.09865689
0.099528894
0.10032974
0.09864972
0.09875337
0.10059995
0.098077156
0.099292785
0.1004561
0.09941796
0.097248
0.09921742
0.09957036
0.10181697
0.101365365
0.097855784
0.099192634
0.10034965
0.09813205
0.10084323
0.09880974
0.09695403
0.09722994
0.09746377
0.098489836
0.097241506
0.09707469
0.097930945
0.101764366
0.09741514
0.09690194
0.09864825
0.099350736
0.10015257
0.09880784
0.101594694
0.098217234
0.0992637
0.09717107
0.096488416
0.09954736
0.09689196
0.098529816
0.09924592
0.09802176
0.09820833
0.09934469
0.099210046
0.09932143
0.09882844
0.10008541
0.09740465
0.0961268
0.099988684
0.09770677
0.098140344
0.096777104
0.09640826
0.100352734
0.09733995
0.099887125
0.098048605
0.09940027
0.09766613
0.09809426
0.098613836
0.09660034
0.099937744
0.09875396
0.09750658
0.09706172
0.09684873
0.09807504
0.099617794
0.09792384
0.0977212
0.09887554
0.09588057
0.098151125
0.09797216
0.09657474
0.09799768
0.09751714
0.10621128
0.097517684
0.09734138
0.095720835
0.0953218
0.09903454
0.09768219
0.09769006
0.09843501
0.10017098
0.096789315
0.09790134
0.097436406
0.09714804
0.098522425
0.09667603
0.09848667
0.097623445
0.097452424
0.09699993
0.09649794
0.09779666
0.09745728
0.096314356
0.09907526
0.09746651
0.0973628
0.09637314
0.09604473
0.09489194
0.09944056
0.09837397
0.09885395
0.09772144
0.09475455
0.097981416
0.09617322
0.09730339
0.09553866
0.0971389
0.10008172
0.09708237
0.099450424
0.097362265
0.099614896
0.096618235
0.09794098
0.09793457
0.096703894
0.097333886
0.09678344
0.096362315
0.099615045
0.097472146
0.09609819
0.097476184
0.09975186
0.09623677
0.09652578
0.09935355
0.0974163
0.09869575
0.098963596
0.097984836
0.09692961
0.099400066
0.09802049
0.09874129
0.095626794
0.09592845
0.0974259
0.0994422
0.09680473
0.09874705
0.09774555
0.09666941
0.09869133
0.09716687
0.101855434
0.09896696
0.098038875
0.09678911
0.09868065
0.096878156
0.09605094
0.09732789
0.098310724
0.09568655
0.09684323
0.09598019
0.09592756
0.09753933
0.097134136
0.09755378
0.095732786
0.09734861
0.09659106
0.097490944
0.096753195
0.09691379
0.10114952
0.09565855
0.096900165
0.09774064
0.09657398
0.09759523
0.09625787
0.0963927
0.096498184
0.09597652
0.09915072
0.096395224
0.09531264
0.09652364
0.0977007
0.09721891
0.09649918
0.09515594
0.09689272
0.10391195
0.09861825
0.09592625
0.09637322
0.09482016
0.096058466
0.09555753
0.09607756
0.09750351
0.09794026
0.09596136
0.09583528
0.09649207
0.098959126
0.095712185
0.100362964
0.09743644
0.09683185
0.095232636
0.09636309
0.094718486
0.09709774
0.094960585
0.09969149
0.0976698
0.09531164
0.09621773
0.096699476
0.09760808
0.09790226
0.096895024
0.095987156
0.09635863
0.0947481
0.096661575
0.09614077
0.09537756
0.09590374
0.096783414
0.09497351
0.09701158
0.09698072
0.09718179
0.09695855
0.09829576
0.1005183
0.09640638
0.09776909
0.098924555
0.0966161
0.095923916
0.09840504
0.09885221
0.09699005
0.09754399
0.09873693
0.09899716
0.09873192
0.095613755
0.0970613
0.09860289
0.096204646
0.094576746
0.0951227
0.09842665
0.09486534
0.09850266
0.09704135
0.09947897
0.0968843
0.101178244
0.09859526
0.099615484
0.09533627
0.0962871
0.09619875
0.09811962
0.096598715
0.09822481
0.09748934
0.09666117
0.09574994
0.09571259
0.09765097
0.09756478
0.098831505
0.095225446
0.09477056
0.09757781
0.098565675
0.097515956
0.094925456
0.09658464
0.09592889
0.095300406
0.09724864
0.09747661
0.09750659
0.096944794
0.0962508
0.099436514
0.09761924
0.09745646
0.09784017
0.095272794
0.09674571
0.0944506
0.09951779
0.09462753
0.09498778
0.097543135
0.09559774
0.09836811
0.09344809
0.09836534
0.09701793
0.09621337
0.09716442
0.09734135
0.09480874
0.095475025
0.09452802
0.0966164
0.09625163
0.09578494
0.09577589
0.095699966
0.09580521
0.09901793
0.09487724
0.0966408
0.098291725
0.0967122
0.09596413
0.09569914
0.09597032
0.097896054
0.09407205
0.101233646
0.09511537
0.0953972
0.09417336
0.09539143
0.094701625
0.09617698
0.09615169
0.09711174
0.09576518
0.09655397
0.09510044
0.09563838
0.095349655
0.09834031
0.09546794
0.09493291
0.097083986
0.09532213
0.093782835
0.097281225
0.09833113
0.093193814
0.09511331
0.09728075
0.093113
0.093051955
0.09545698
0.09339548
0.09775044
0.09534599
0.09388629
0.09648633
0.094360866
0.09559774
0.09415539
0.094853945
0.09564683
0.09468042
0.09545235
0.09531728
0.095073365
0.094330944
0.09459329
0.0946239
0.09809255
0.095242314
0.094311275
0.09884333
0.09459322
0.09620404
0.0938962
0.0927627
0.093789585
0.09359896
0.09515136
0.09282761
0.09419319
0.09375694
0.096108645
0.09419269
0.0932431
0.09453127
0.094501495
0.094209075
0.09290643
0.0953072
0.09509659
0.09449883
0.094680585
0.094242774
0.09604566
0.09618474
0.09482122
0.09476981
0.093407154
0.09415789
0.09664313
0.09480347
0.09765832
0.09406202
0.093159825
0.094990484
0.0938114
0.09477167
0.09577562
0.09294942
0.09388075
0.0934309
0.09314148
0.09432476
0.0962703
0.093052864
0.09545938
0.097978674
0.09627593
0.09854085
0.09428096
0.09321814
0.0945419
0.092829116
0.09386473
0.0945529
0.09507974
0.093524
0.092180505
0.09189579
0.09306114
0.09328076
0.09305749
0.09533267
0.09345341
0.092847556
0.09349841
0.096918434
0.09495636
0.096614346
0.0927979
0.093368866
0.091771975
0.093754955
0.092992276
0.09690731
0.096482866
0.09429324
0.09718115
0.097382285
0.09715032
0.09171623
0.09505805
0.09202369
0.09350866
0.091417015
0.09330168
0.09849666
0.09623873
0.09533737
0.09132238
0.094410665
0.09849524
0.09302365
0.09635182
0.093660384
0.092576325
0.09437731
0.09536606
0.09375768
0.100688465
0.096941866
0.09353924
0.09458139
0.093176804
0.09340865
0.094033025
0.09266044
0.09239276
0.0917675
0.09409236
0.096734054
0.09491623
0.09251764
0.09589856
0.09311524
0.09217788
0.09490937
0.09179453
0.09390786
0.09539315
0.09236791
0.09393732
0.09244252
0.092884764
0.09443217
0.09172975
0.0924064
0.09361731
0.093501985
0.09146631
0.0940435
0.09127717
0.09452738
0.09409886
0.09298051
0.09238842
0.093674995
0.09300066
0.09365986
0.09621358
0.09426914
0.092048764
0.09432021
0.093036
0.09251201
0.09364474
0.09292351
0.092905685
0.09209673
0.09519613
0.09566694
0.09298523
0.09405568
0.0928454
0.09362071
0.09463264
0.09180513
0.09513603
0.093808256
0.09294306
0.09146742
0.09450487
0.095582716
0.09909769
0.09335069
0.09341684
0.094468646
0.093088455
0.09193723
0.091737024
0.09339272
0.09309497
0.09338963
0.09017633
0.092289254
0.093857996
0.09068206
0.09184882
0.091847755
0.0923519
0.093073286
0.09256803
0.09103574
0.094850674
0.09456433
0.09222405
0.092724115
0.09170552
0.09164991
0.09184859
0.09447887
0.09455027
0.09356895
0.09210836
0.09698741
0.092556186
0.09169326
0.09163835
0.09429524
0.092674956
0.0936312
0.09350591
0.093788646
0.09393991
0.09237078
0.091824956
0.09020847
0.0911441
0.09080697
0.09223815
0.09216503
0.09051971
0.09039451
0.0914802
0.093274385
0.09190923
0.09144974
0.09068986
0.091726094
0.09196093
0.091476
0.09157143
0.090657696
0.09287071
0.09104036
0.09040983
0.09072364
0.09191279
0.09278723
0.09101872
0.093271345
0.09490201
0.09222068
0.095196426
0.09719176
0.09408765
0.095647275
0.09088642
0.0932585
0.091344565
0.093486935
0.09143887
0.0919342
0.09044643
0.09103461
0.091283426
0.08984476
0.092208534
0.08965129
0.0909912
0.09134684
0.09148364
0.090773664
0.09206705
0.09249012
0.09277603
0.08974984
0.092913084
0.09277205
0.09249278
0.09187047
0.091058485
0.09046124
0.09275421
0.09134701
0.09540146
0.09312401
0.09042765
0.08987562
0.09050993
0.09064749
0.09409222
0.09175452
0.09112756
0.09078128
0.09173748
0.09156617
0.09031879
0.0907545
0.0907522
0.0932588
0.09308371
0.09257132
0.09203194
0.093832344
0.0922461
0.09581835
0.09069306
0.09094724
0.09165799
0.089609884
0.09151619
0.092274435
0.09081571
0.09159209
0.090855345
0.09204306
0.091637835
0.090951815
0.09102055
0.092350304
0.09267976
0.09053547
0.091199204
0.089627765
0.08911993
0.09045675
0.08944504
0.091231145
0.09292881
0.09129971
0.09344895
0.09241238
0.09189818
0.08938912
0.091820225
0.0912937
0.09146076
0.090676434
0.09113631
0.09086626
0.09020609
0.08962311
0.09132533
0.09233522
0.090235606
0.090069614
0.09013562
0.09127071
0.08920995
0.091214836
0.09253662
0.09240321
0.092397965
0.09121977
0.092398494
0.089840144
0.09007325
0.092634976
0.09066129
0.0913684
0.09148247
0.09197181
0.090957
0.089814834
0.09172417
0.09139698
0.09179632
0.09059094
0.09006946
0.09188656
0.08913353
0.09205471
0.0926813
0.08998016
0.0897731
0.09104321
0.091723606
0.08933216
0.09218018
0.09244183
0.08928043
0.093196265
0.09039004
0.09185605
0.091726325
0.0913226
0.09315583
0.092526965
0.092828676
0.09083793
0.0904981
0.09137576
0.08976691
0.08964057
0.09016183
0.09215821
0.09026447
0.09152222
0.09103375
0.09031669
0.089131415
0.089002244
0.09222227
0.09083094
0.0913028
0.089348465
0.090051346
0.08949442
0.09017408
0.09219587
0.0930599
0.09070783
0.09092913
0.09006723
0.090329595
0.09055547
0.0918803
0.08987306
0.09239619
0.09247649
0.09045526
0.08947654
0.08948558
0.08923496
0.089330025
0.09109083
0.089403376
0.09237394
0.09211802
0.0891808
0.091181524
0.08980652
0.09096574
0.09005068
0.09079526
0.09140049
0.08894487
0.09042099
0.089753255
0.09233043
0.08823906
0.09185227
0.08955006
0.08842407
0.08938361
0.09144017
0.0907669
0.09008447
0.091817915
0.09041019
0.088838354
0.09026203
0.09037206
0.090846136
0.088171124
0.08920775
0.08857256
0.08919034
0.09013043
0.08847202
0.08959445
0.0892019
0.089673094
0.0909961
0.08930283
0.08869802
0.08905022
0.088456556
0.0892459
0.08955614
0.08814403
0.08936487
0.09019579
0.09026005
0.088442765
0.09128963
0.09407877
0.09223393
0.09029354
0.08996334
0.089098595
0.09007241
0.08933489
0.088900246
0.08815638
0.09013485
0.091160215
0.090035304
0.08826698
0.08953294
0.09043887
0.09106331
0.08863957
0.08764581
0.08994058
0.09171228
0.09274784
0.089712776
0.08921695
0.08844545
0.08983645
0.090312645
0.08842183
0.09063111
0.090264514
0.0888929
0.08986259
0.0921986
0.091637954
0.09028448
0.08774424
0.08876918
0.08871491
0.09012016
0.089913845
0.08795061
0.09055093
0.08972728
0.08831024
0.09103458
0.08996693
0.087474786
0.09107806
0.08802011
0.089188345
0.08808242
0.08948638
0.089335136
0.089984
0.088437885
0.087946616
0.09103717
0.09059587
0.08943116
0.08869408
0.08720819
0.087896675
0.089389026
0.089883134
0.08955522
0.09032829
0.08855657
0.08782794
0.0879764
0.08599403
0.0901883
0.09036791
0.089371584
0.09095061
0.08920555
0.08870593
0.089254476
0.08781564
0.08853592
0.08823863
0.090157054
0.087686226
0.086523525
0.088162795
0.088931754
0.088863544
0.08889682
0.08996502
0.0930288
0.08861479
0.08822686
0.0910159
0.089607656
0.08957702
0.090059586
0.088991106
0.09004285
0.09113517
0.08938023
0.08756826
0.091012396
0.089711495
0.08996214
0.087812915
0.08936892
0.08784817
0.08865476
0.08954901
0.0873927
0.08751717
0.08785213
0.0895416
0.089363396
0.08777525
0.08802154
0.08934196
0.089215726
0.09053601
0.087821685
0.08780419
0.08918819
0.08749093
0.0887111
0.08820492
0.08717818
0.089199506
0.088022515
0.089308515
0.0884755
0.08917357
0.088250905
0.08991696
0.08770931
0.088047214
0.088857114
0.088589735
0.08975548
0.08912691
0.0887323
0.08868176
0.08926296
0.0873363
0.08849925
0.08989066
0.08793987
0.09013688
0.08843285
0.087920435
0.09048751
0.089829475
0.08951579
0.08943869
0.08853497
0.089417666
0.090686664
0.08977747
0.08927513
0.09022921
0.09057449
0.08864337
0.08797625
0.08970968
0.08796618
0.08893578
0.08953136
0.08924149
0.08936348
0.089125074
0.08979287
0.08882114
0.08920457
0.091029435
0.08902016
0.08915057
0.08900982
0.090603635
0.08635417
0.09132047
0.0882479
0.08606907
0.08627683
0.08842374
0.08869811
0.08693335
0.0889073
0.08919053
0.08814892
0.08969467
0.089384854
0.08914787
0.08808353
0.086803816
0.088258035
0.08901198
0.08921635
0.091503106
0.08817027
0.09059631
0.087859236
0.08707052
0.09134634
0.0874082
0.088745505
0.08835966
0.08839548
0.08773599
0.08912114
0.08941418
0.088278174
0.088638894
0.088609114
0.09056434
0.08803353
0.08987146
0.08756065
0.08790786
0.08964627
0.08834326
0.08959706
0.08764401
0.08771957
0.0886641
0.088589
0.08933568
0.086465545
0.08739422
0.087744646
0.087446526
0.08904084
0.087846726
0.08724137
0.086293414
0.08859229
0.086018495
0.08498981
0.08805895
0.08603345
0.08836519
0.08784663
0.08871501
0.087648325
0.087146446
0.08534293
0.086540595
0.08890726
0.091548756
0.08682569
0.087279625
0.08699847
0.08851823
0.08829623
0.086513
0.08796579
0.08916308
0.08690885
0.08796396
0.088060744
0.086787075
0.089495674
0.0881597
0.08712629
0.08700075
0.08779761
0.08717942
0.08629214
0.08655608
0.0873902
0.08783801
0.088958584
0.08925762
0.0874111
0.087832265
0.08724663
0.09017983
0.08885304
0.086602904
0.08989764
0.087159894
0.08784473
0.0877434
0.088434085
0.08855361
0.086918876
0.08822261
0.08741141
0.08729516
0.08840861
0.09038237
0.08568614
0.089399144
0.085631646
0.08639472
0.08662735
0.086352855
0.08953848
0.085779436
0.08751975
0.0867956
0.08668847
0.08660538
0.088561274
0.08782132
0.08650771
0.08470019
0.08607313
0.09088887
0.0872199
0.089513764
0.08759242
0.08828701
0.08643056
0.08766309
0.086483926
0.089159995
0.08627358
0.08848113
0.0873613
0.0880462
0.08774744
0.08767275
0.08643816
0.08747819
0.08713322
0.0874931
0.08751335
0.08606593
0.08532625
0.08541527
0.08567031
0.087539025
0.08546042
0.08593087
0.08539338
0.086718254
0.08688007
0.08705671
0.0875523
0.08523498
0.08650481
0.0851599
0.08683784
0.08722413
0.09050424
0.08734887
0.089882895
0.087614365
0.086735025
0.085866
0.08565223
0.08768693
0.086506106
0.08837457
0.08642841
0.08580974
0.08673346
0.08589375
0.09073395
0.087084964
0.08634666
0.085429795
0.09009263
0.08696567
0.08417233
0.08708035
0.08742659
0.089294724
0.08625179
0.08669832
0.08681868
0.08420683
0.08489828
0.086692005
0.087936625
0.08638153
0.087249584
0.0891925
0.08590216
0.088033624
0.08987082
0.08664956
0.08641714
0.084717266
0.08573671
0.08603065
0.08638975
0.08866066
0.08466109
0.08505285
0.08475946
0.084617876
0.08587145
0.08516668
0.08527677
0.08674337
0.08688288
0.08849413
0.084703445
0.08522106
0.08431633
0.08636068
0.08610135
0.085936196
0.08556919
0.0872021
0.08472837
0.08440734
0.08636254
0.08669429
0.086726
0.085784376
0.08488824
0.08648225
0.08777273
0.08529396
0.0851066
0.084306106
0.085915774
0.08470876
0.08548546
0.08513651
0.0844566
0.087839745
0.08632961
0.086280316
0.085192546
0.08674171
0.084927194
0.08582791
0.08575571
0.08472113
0.086441256
0.08566276
0.084695965
0.08578512
0.086341426
0.087520614
0.08566978
0.08531342
0.08696029
0.08548987
0.084627666
0.08758991
0.08560616
0.08483546
0.08453814
0.08622384
0.0862644
0.08483063
0.08596304
0.084396966
0.08614918
0.08566442
0.08656496
0.08601027
0.08393502
0.08480512
0.08725636
0.08394665
0.08685981
0.085840985
0.08747366
0.085734
0.086278684
0.08492434
0.08623608
0.08483339
0.0872115
0.08393589
0.086619236
0.084937505
0.087180585
0.08415847
0.08651588
0.08493695
0.085575126
0.08421106
0.08695146
0.08617932
0.08433099
0.08390603
0.085520886
0.08729562
0.08785407
0.08458635
0.08475806
0.08919625
0.08525491
0.086762704
0.08677933
0.08600227
0.084804
0.086121365
0.08557266
0.08571354
0.090703465
0.08438004
0.08685321
0.086394385
0.08495236
0.08437569
0.08494417
0.08514415
0.0852125
0.08567918
0.08444397
0.08597661
0.08545729
0.084346905
0.08958633
0.08545308
0.08472131
0.08482896
0.08583711
0.0872744
0.08352687
0.08440025
0.087045595
0.085932046
0.0828929
0.08572873
0.085803516
0.087413356
0.0855376
0.084799536
0.0838857
0.084679194
0.08485041
0.08450853
0.08561533
0.08419436
0.083802104
0.08571148
0.083778694
0.08621533
0.08463701
0.086977676
0.08348349
0.08530076
0.08555506
0.0868568
0.08590447
0.08581167
0.084808744
0.08770132
0.0865887
0.086114
0.08585923
0.08568536
0.08536647
0.08503906
0.0849897
0.08492025
0.08458618
0.08473022
0.08534511
0.08591572
0.08412475
0.08350323
0.08386201
0.087035514
0.08377247
0.0859026
0.08651796
0.084200665
0.08435488
0.08424183
0.08315195
0.08402782
0.08586435
0.08389866
0.08428992
0.08506894
0.08380131
0.08362858
0.083727166
0.08562622
0.08707938
0.085882664
0.08523479
0.08324902
0.08366747
0.08444138
0.08459221
0.08713196
0.08500555
0.08646564
0.085753545
0.08762196
0.083590075
0.08499981
0.082713455
0.08329254
0.088241026
0.084314
0.0863154
0.08550897
0.08352571
0.085785314
0.08335169
0.0858443
0.08465149
0.083834365
0.085621156
0.08342416
0.085688174
0.08367772
0.08452238
0.08763487
0.08408894
0.08383381
0.0841303
0.088420175
0.08532353
0.084259525
0.08393286
0.08519356
0.08453543
0.08217497
0.084742166
0.08576453
0.08549301
0.08411183
0.08264106
0.08408566
0.08437807
0.08506559
0.08288733
0.08431511
0.08438003
0.08391242
0.08744803
0.085922614
0.0840932
0.08510413
0.08350889
0.086451545
0.08286674
0.0844007
0.084223
0.086102314
0.08479922
0.08439534
0.08614292
0.08451806
0.08315181
0.08327376
0.08378383
0.0842292
0.08417719
0.084999494
0.08490614
0.08435792
0.08299127
0.084522955
0.08419574
0.083209135
0.083984956
0.082700774
0.08478772
0.085856035
0.0838738
0.08366466
0.083973326
0.084310904
0.08532811
0.08358656
0.0856042
0.08405014
0.08440287
0.08508968
0.083854474
0.08336426
0.083709165
0.08559911
0.086365856
0.08393647
0.085032776
0.082520746
0.083116084
0.08268921
0.08408842
0.083095305
0.08840152
0.084162354
0.08453406
0.083461754
0.08486158
0.08412944
0.084937066
0.08514418
0.08535524
0.084855035
0.08376779
0.08348993
0.086848065
0.08595455
0.08369794
0.08501995
0.08429106
0.084679976
0.08449639
0.08576539
0.083360195
0.0841934
0.08512752
0.08567837
0.085659616
0.08447763
0.08343726
0.08526412
0.08464688
0.08760405
0.08417026
0.08511885
0.0830088
0.08374418
0.082750775
0.08415936
0.085617974
0.08530143
0.083328664
0.08339348
0.0839174
0.08356372
0.08590463
0.08471278
0.08432186
0.086019866
0.084211
0.08301764
0.08417361
0.08520063
0.08597736
0.08430073
0.08547652
0.084057674
0.08299407
0.08457022
0.08304865
0.085116744
0.08395823
0.08326357
0.08474222
0.08267099
0.083856866
0.0835296
0.08323132
0.082931265
0.08385543
0.081702046
0.083782434
0.08080164
0.08178667
0.08455743
0.081821464
0.084092535
0.083183885
0.08057634
0.0825182
0.08406372
0.08403197
0.08228015
0.0850005
0.08330288
0.081232645
0.08398942
0.08195167
0.08386785
0.08286315
0.08342944
0.08228344
0.08227687
0.0866304
0.08291338
0.081709884
0.082897216
0.0829352
0.08387278
0.08262235
0.08310516
0.084929585
0.082672246
0.08461125
0.08301019
0.083382405
0.08338138
0.08171275
0.082892984
0.08114041
0.082617894
0.08389791
0.08229735
0.08470958
0.08167997
0.08326086
0.08269179
0.084816605
0.08179654
0.08409608
0.0822437
0.08507062
0.08231654
0.08631091
0.0837588
0.08410738
0.081759974
0.084250495
0.082292326
0.08303436
0.083409846
0.08459406
0.08349867
0.084508464
0.081534654
0.08270846
0.082687475
0.08274371
0.082619764
0.08211102
0.08406839
0.0829847
0.08311256
0.08283925
0.082744904
0.08723047
0.08471386
0.084666885
0.08450416
0.0832744
0.082186155
0.08226644
0.08262342
0.08399136
0.08239523
0.083289824
0.083966665
0.082578346
0.0816726
0.08276249
0.08399874
0.0826588
0.08285613
0.08341617
0.08393515
0.08254208
0.08487024
0.08539448
0.083277546
0.083050326
0.08169067
0.083506785
0.08204717
0.087537915
0.08372133
0.08442065
0.08166558
0.08211815
0.082687266
0.082229815
0.08329303
0.08255006
0.08234799
0.082141675
0.08195874
0.08210421
0.08400346
0.083069704
0.08222466
0.08248717
0.08239123
0.08237153
0.08182232
0.083336554
0.08191031
0.083473444
0.08094956
0.08058357
0.08181077
0.080585346
0.08193246
0.08157708
0.082827255
0.081954986
0.08339305
0.08248295
0.08272342
0.083350606
0.08267643
0.08121382
0.08143573
0.08221312
0.08236386
0.08199365
0.081332244
0.08157878
0.08373821
0.082061835
0.08204585
0.080585904
0.08230043
0.081311405
0.081443295
0.08326126
0.08351581
0.08181713
0.082300626
0.08253219
0.08225439
0.08053919
0.08085387
0.082760856
0.08388939
0.08128501
0.0815307
0.08254582
0.08226329
0.08332208
0.08059233
0.08273407
0.08140888
0.082333036
0.0814214
0.081844434
0.079853244
0.08100005
0.080637686
0.08205485
0.08145231
0.081229344
0.082717806
0.080813244
0.08263278
0.08180022
0.08117722
0.08105966
0.08025941
0.08160856
0.08069076
0.08107596
0.081768624
0.08101291
0.08391036
0.08265094
0.08041558
0.08211834
0.08261622
0.084529586
0.083902545
0.081370935
0.08095927
0.081371665
0.08217589
0.082174
0.08221404
0.08228487
0.081921495
0.082899235
0.08114057
0.0828799
0.08378295
0.08248979
0.08177074
0.08025985
0.082792066
0.08249887
0.0813184
0.0858381
0.0819745
0.082656614
0.08345311
0.08341881
0.08102377
0.08288734
0.08195257
0.08136592
0.08492131
0.08230635
0.082621716
0.08195912
0.081738904
0.08137205
0.08229024
0.08270203
0.082750835
0.083719574
0.08292756
0.08474213
0.08401863
0.08177303
0.08418382
0.08404147
0.082389265
0.082144745
0.08230815
0.08268938
0.08328879
0.08212055
0.08338276
0.083080284
0.081980646
0.082728125
0.080695756
0.083086565
0.08355558
0.08367375
0.08342241
0.083042756
0.08180116
0.08516735
0.082154185
0.08040145
0.08168773
0.084585585
0.08086297
0.08087762
0.08136435
0.08334707
0.082231
0.08417065
0.08177115
0.084058344
0.08028517
0.082652345
0.08284065
0.08057038
0.080589525
0.081045456
0.08567013
0.08233883
0.08102258
0.08452158
0.07958772
0.08073634
0.08083029
0.08072998
0.08090503
0.08224746
0.082132794
0.08029985
0.080474235
0.08190458
0.08430203
0.08184738
0.08106202
0.081567965
0.080485106
0.08146677
0.08163021
0.08171836
0.08191943
0.08246533
0.08284514
0.08072739
0.0811256
0.08161961
0.08175026
0.08228006
0.0818271
0.0821172
0.08041873
0.08073943
0.08030695
0.08125726
0.08149467
0.08485809
0.08292368
0.081969894
0.08035744
0.08379733
0.08170322
0.083175376
0.08169285
0.08191591
0.08354787
0.08065269
0.081153184
0.080127284
0.08023168
0.08099345
0.08041465
0.081635185
0.08152507
0.08184771
0.083919294
0.08263263
0.08159841
0.08064787
0.08363607
0.08138539
0.08281255
0.079604775
0.0818982
0.083319984
0.08159785
0.080713585
0.081761695
0.08195909
0.081389055
0.08531109
0.08145569
0.081393726
0.08395061
0.080222584
0.08206047
0.081271954
0.079821885
0.08391684
0.08503006
0.07962265
0.08071452
0.08349113
0.08178322
0.08026579
0.0823766
0.083894245
0.08015896
0.07999805
0.0810889
0.081476405
0.07966101
0.08017453
0.08020953
0.08011072
0.08198994
0.08312139
0.08102612
0.082294986
0.08079645
0.082013376
0.08020457
0.079836644
0.0806614
0.08053125
0.080154695
0.08056953
0.07907632
0.080257244
0.08201485
0.08079575
0.083154775
0.081482925
0.079313
0.0798496
0.08220591
0.08089393
0.08217261
0.081238106
0.08199172
0.079316124
0.07918681
0.08268939
0.07987932
0.08032271
0.08485141
0.080411054
0.080740556
0.0805925
0.08104888
0.07952206
0.08002718
0.081445225
0.080473945
0.08012173
0.08307265
0.08064554
0.08285159
0.08154204
0.08348052
0.0797626
0.08191452
0.08025216
0.08371184
0.08200803
0.08620091
0.0816892
0.080956526
0.08019136
0.08170917
0.08057539
0.07985794
0.081591755
0.08116468
0.08032301
0.081951946
0.08050978
0.08217183
0.07978198
0.0849027
0.083306976
0.08128695
0.08141145
0.08156995
0.08107035
0.08137324
0.081397556
0.08182851
0.08602295
0.082513675
0.08106695
0.08204839
0.08237742
0.08212383
0.081518315
0.08116451
0.082408525
0.08077221
0.081313945
0.08141247
0.079409115
0.08175063
0.08043384
0.08245652
0.080395915
0.0819148
0.080358535
0.08232717
0.080242984
0.08261041
0.08107181
0.07990563
0.0811372
0.08204321
0.08213651
0.0822126
0.082480624
0.08237537
0.080561444
0.08414964
0.08698257
0.083724305
0.08066101
0.079776324
0.081413314
0.08200558
0.08070652
0.082252495
0.081580475
0.08347765
0.08049129
0.0811955
0.07922719
0.08000427
0.08324405
0.07935364
0.08031563
0.081533484
0.08148592
0.07885546
0.08303639
0.08238402
0.07980523
0.08124245
0.08073562
0.08051895
0.079042435
0.08060029
0.08119577
0.08108158
0.080989204
0.08038345
0.07974862
0.08081888
0.08107158
0.08257598
0.079877615
0.08123749
0.08003421
0.07987413
0.07817387
0.079868145
0.08033213
0.079045326
0.08043894