20 196.75 -0.05 196.7 0.089 19 52 0.42 0.0 
40 195.13 -0.47 194.67 0.145 39 129 0.86 0.01 
60 193.15 -0.89 192.26 0.199 59 213 1.29 0.01 
80 192.31 -1.06 191.25 0.238 79 288 1.73 0.01 
100 190.5 -1.39 189.11 0.295 96 376 2.11 0.02 
120 189.47 -1.63 187.84 0.322 114 473 2.5 0.02 
140 187.95 -1.86 186.1 0.357 133 558 2.92 0.03 
160 186.5 -2.09 184.42 0.385 153 656 3.36 0.03 
180 185.37 -2.3 183.07 0.412 173 758 3.79 0.04 
200 183.57 -2.4 181.16 0.431 189 852 4.14 0.04 
220 181.77 -2.4 179.37 0.456 204 945 4.47 0.05 
240 180.28 -2.67 177.61 0.48 223 1044 4.89 0.05 
260 178.77 -2.76 176.0 0.505 242 1144 5.31 0.06 
280 177.08 -3.0 174.07 0.524 260 1243 5.7 0.06 
300 176.18 -3.21 172.97 0.547 276 1357 6.05 0.07 
320 174.99 -3.37 171.62 0.563 295 1456 6.47 0.07 
340 174.76 -3.52 171.23 0.58 314 1585 6.89 0.08 
360 173.69 -3.66 170.02 0.587 331 1706 7.26 0.08 
380 172.86 -3.76 169.1 0.604 347 1818 7.61 0.09 
400 171.87 -3.89 167.98 0.62 364 1937 7.98 0.1 
420 170.77 -3.92 166.84 0.633 379 2063 8.31 0.1 
440 170.43 -4.03 166.4 0.645 397 2177 8.71 0.11 
460 169.18 -4.12 165.07 0.654 413 2323 9.06 0.12 
480 168.32 -4.0 164.32 0.667 430 2439 9.43 0.12 
500 166.9 -3.97 162.93 0.675 449 2571 9.85 0.13 
520 165.75 -3.99 161.76 0.686 467 2706 10.24 0.13 
540 164.55 -3.94 160.61 0.698 485 2837 10.64 0.14 
560 163.47 -3.91 159.56 0.704 503 2979 11.03 0.15 
580 162.71 -3.91 158.8 0.715 516 3116 11.32 0.15 
600 160.55 -3.91 156.64 0.717 532 3270 11.67 0.16 
620 159.46 -3.92 155.54 0.729 550 3422 12.06 0.17 
640 159.33 -3.95 155.38 0.734 565 3560 12.39 0.18 
660 158.35 -4.0 154.35 0.736 581 3715 12.74 0.18 
680 157.33 -3.97 153.36 0.745 600 3856 13.16 0.19 
700 156.31 -4.04 152.27 0.753 614 4014 13.46 0.2 
720 155.9 -4.13 151.77 0.755 629 4179 13.79 0.21 
740 155.11 -4.01 151.11 0.759 644 4336 14.12 0.22 
760 154.54 -4.06 150.48 0.765 657 4499 14.41 0.22 
780 153.58 -3.96 149.62 0.768 671 4674 14.71 0.23 
800 152.3 -4.02 148.28 0.768 686 4844 15.04 0.24 
820 152.36 -4.12 148.24 0.779 704 4993 15.44 0.25 
840 151.33 -4.12 147.21 0.784 717 5138 15.72 0.26 
860 150.56 -4.07 146.5 0.787 728 5322 15.96 0.26 
880 149.4 -4.05 145.35 0.79 744 5484 16.32 0.27 
900 148.51 -4.01 144.5 0.793 757 5663 16.6 0.28 
920 147.93 -3.98 143.95 0.797 771 5821 16.91 0.29 
940 147.26 -3.98 143.29 0.8 790 5982 17.32 0.3 
960 147.15 -3.92 143.23 0.803 806 6155 17.68 0.31 
980 146.38 -3.81 142.58 0.805 816 6343 17.89 0.32 
1000 146.18 -3.84 142.34 0.807 828 6505 18.16 0.32 
1020 145.34 -3.84 141.5 0.812 843 6681 18.49 0.33 
1040 144.95 -3.86 141.09 0.812 857 6866 18.79 0.34 
1060 144.92 -3.84 141.08 0.814 870 7036 19.08 0.35 
1080 143.64 -3.8 139.84 0.817 889 7220 19.5 0.36 
1100 142.86 -3.8 139.06 0.819 900 7368 19.74 0.37 
1120 142.25 -3.72 138.53 0.82 915 7547 20.07 0.38 
1140 142.57 -3.64 138.93 0.825 930 7727 20.39 0.38 
1160 141.57 -3.59 137.99 0.826 944 7907 20.7 0.39 
1180 140.95 -3.49 137.46 0.829 959 8114 21.03 0.4 
1200 140.21 -3.38 136.83 0.831 971 8282 21.29 0.41 
1220 139.98 -3.2 136.79 0.834 986 8447 21.62 0.42 
1240 139.64 -3.1 136.54 0.836 1000 8600 21.93 0.43 
1260 139.18 -3.08 136.09 0.838 1014 8813 22.24 0.44 
1280 138.58 -3.02 135.57 0.839 1027 8966 22.52 0.45 
1300 137.66 -2.9 134.77 0.841 1039 9137 22.79 0.45 
1320 137.93 -2.79 135.14 0.843 1057 9315 23.18 0.46 
1340 137.63 -2.82 134.8 0.844 1069 9508 23.44 0.47 
1360 137.31 -2.76 134.55 0.846 1082 9691 23.73 0.48 
1380 136.72 -2.64 134.08 0.848 1098 9865 24.08 0.49 
1400 136.25 -2.65 133.6 0.849 1110 10079 24.34 0.5 
1420 135.51 -2.57 132.94 0.85 1121 10268 24.58 0.51 
1440 134.73 -2.54 132.19 0.852 1138 10431 24.96 0.52 
1460 133.67 -2.44 131.23 0.853 1148 10614 25.18 0.53 
1480 133.59 -2.46 131.13 0.855 1163 10804 25.5 0.54 
1500 133.11 -2.38 130.73 0.856 1176 11014 25.79 0.55 
1520 132.68 -2.28 130.4 0.858 1190 11185 26.1 0.56 
1540 132.74 -2.18 130.56 0.858 1202 11380 26.36 0.57 
1560 132.38 -2.06 130.32 0.859 1218 11556 26.71 0.57 
1580 131.28 -1.91 129.36 0.861 1229 11761 26.95 0.58 
1600 130.66 -1.93 128.73 0.86 1238 11957 27.15 0.59 
1620 130.57 -1.9 128.67 0.862 1251 12159 27.43 0.6 
1640 130.64 -1.79 128.86 0.863 1263 12342 27.7 0.61 
1660 130.24 -1.64 128.59 0.864 1276 12535 27.98 0.62 
1680 129.59 -1.53 128.06 0.867 1287 12739 28.22 0.63 
1700 129.34 -1.48 127.87 0.866 1300 12947 28.51 0.64 
1720 128.25 -1.3 126.95 0.866 1312 13134 28.77 0.65 
1740 128.17 -1.18 126.99 0.868 1328 13316 29.12 0.66 
1760 127.97 -1.04 126.93 0.87 1340 13507 29.39 0.67 
1780 127.89 -0.94 126.94 0.869 1352 13730 29.65 0.68 
1800 127.8 -0.84 126.96 0.87 1364 13911 29.91 0.69 
1820 127.05 -0.75 126.29 0.871 1372 14097 30.09 0.7 
1840 126.68 -0.67 126.02 0.871 1385 14308 30.37 0.71 
1860 125.92 -0.51 125.41 0.874 1395 14533 30.59 0.72 
1880 125.4 -0.33 125.07 0.873 1405 14715 30.81 0.73 
1900 125.58 -0.26 125.33 0.875 1414 14897 31.01 0.74 
1920 125.04 -0.04 125.0 0.874 1432 15070 31.4 0.75 
1940 124.63 0.02 124.64 0.874 1446 15253 31.71 0.76 
1960 124.06 0.12 124.17 0.877 1457 15460 31.95 0.77 
1980 123.65 0.22 123.88 0.876 1471 15659 32.26 0.78 
2000 122.57 0.43 123.0 0.879 1481 15830 32.48 0.79 
2020 122.97 0.55 123.52 0.88 1493 16020 32.74 0.8 
2040 121.96 0.65 122.61 0.882 1507 16221 33.05 0.81 
2060 121.32 0.84 122.16 0.882 1519 16387 33.31 0.81 
2080 121.3 0.86 122.16 0.88 1528 16586 33.51 0.82 
2100 120.68 0.96 121.64 0.883 1543 16797 33.84 0.84 
2120 120.71 1.15 121.86 0.884 1553 16982 34.06 0.84 
2140 120.24 1.34 121.57 0.882 1562 17167 34.25 0.85 
2160 119.74 1.44 121.18 0.884 1574 17351 34.52 0.86 
2180 119.48 1.58 121.06 0.885 1586 17544 34.78 0.87 
2200 119.31 1.67 120.98 0.884 1597 17763 35.02 0.88 
2220 119.04 1.77 120.81 0.886 1607 17963 35.24 0.89 
2240 118.08 1.95 120.03 0.887 1619 18146 35.5 0.9 
2260 118.19 2.01 120.2 0.889 1630 18349 35.75 0.91 
2280 117.65 2.21 119.86 0.89 1642 18564 36.01 0.92 
2300 117.16 2.3 119.46 0.891 1651 18768 36.21 0.93 
2320 116.91 2.31 119.22 0.89 1665 18982 36.51 0.94 
2340 116.32 2.47 118.79 0.891 1677 19171 36.78 0.95 
2360 116.78 2.66 119.44 0.891 1690 19358 37.06 0.96 
2380 115.88 2.78 118.67 0.892 1696 19579 37.19 0.97 
2400 115.11 2.91 118.01 0.891 1707 19772 37.43 0.98 
2420 115.13 3.04 118.17 0.892 1716 19972 37.63 0.99 
2440 115.01 3.09 118.1 0.893 1730 20179 37.94 1.0 
2460 114.57 3.22 117.79 0.895 1744 20362 38.25 1.01 
2480 114.45 3.36 117.81 0.895 1754 20578 38.46 1.02 
2500 113.81 3.5 117.3 0.895 1768 20778 38.77 1.03 
2520 113.17 3.6 116.78 0.896 1776 20995 38.95 1.04 
2540 113.48 3.72 117.19 0.896 1788 21198 39.21 1.05 
2560 113.03 3.78 116.81 0.896 1801 21397 39.5 1.06 
2580 112.33 3.99 116.32 0.897 1814 21592 39.78 1.07 
2600 112.14 4.06 116.2 0.898 1823 21801 39.98 1.08 
2620 112.07 4.15 116.22 0.898 1833 21984 40.2 1.09 
2640 111.79 4.24 116.04 0.899 1843 22185 40.42 1.1 
2660 111.54 4.39 115.93 0.899 1853 22377 40.64 1.11 
2680 111.14 4.53 115.68 0.9 1864 22557 40.88 1.12 
