
0.11839713
0.10434111
0.09851886
0.09677461
0.10010586
0.09631726
0.103774145
0.10120544
0.096601434
0.0929424
0.09778978
0.084357314
0.090164274
0.084532574
0.086738236
0.08732941
0.09011476
0.08384078
0.08316018
0.08049349
0.08341301
0.08046041
0.08008188
0.07814856
0.07793829
0.07948086
0.08045841
0.080440626
0.07939176
0.07861012
0.07670261
0.07741668
0.0765914
0.07606317
0.07575303
0.076205835
0.07443132
0.072489
0.074696735
0.07233537
0.0737857
0.073303744
0.07303542
0.07188244
0.07501098
0.073498435
0.07492003
0.073145255
0.07519211
0.07364975
0.072462864
0.074152485
0.07487344
0.07421079
0.07143134
0.07340688
0.07148087
0.073840655
0.07107482
0.07082906
0.07568539
0.07191606
0.069642596
0.07126847
0.071192205
0.07248716
0.06809637
0.06822681
0.07066603
0.073283814
0.06923218
0.068086535
0.066955045
0.06837133
0.06824496
0.06712025
0.06762121
0.06792751
0.06573075
0.06641253
0.06757948
0.06578557
0.064559996
0.06760645
0.06747932
0.06559103
0.06441677
0.06511305
0.06458728
0.06378594
0.065836616
0.06600948
0.064528294
0.06501445
0.06568327
0.06477502
0.064545274
0.064559296
0.06442265
0.06391886
0.06422774
0.066014595
0.065411955
0.06257801
0.061742645
0.06354898
0.06076842
0.06058514
0.061194856
0.06346025
0.061475895
0.06366272
0.059771348
0.059029493
0.059565708
0.060222063
0.060486976
0.0587853
0.06073252
0.05953272
0.059198383
0.06000402
0.05963114
0.05851529
0.05905951
0.06008144
0.058842592
0.058927998
0.059355605
0.059667345
0.059894048
0.057872653
0.05796876
0.05724646
0.05714078
0.056799535
0.055565894
0.05675964
0.057411097
0.05779547
0.05664029
0.057670403
0.056758776
0.05572145
0.055737823
0.054770477
0.055464674
0.055283215
0.054885954
0.05626905
0.055485364
0.05495099
0.05549149
0.05511273
0.055232055
0.055775452
0.054200124
0.054902256
0.057599384
0.055009175
0.053959325
0.054738283
0.053762063
0.054558676
0.054056007
0.054150548
0.054737873
0.053667516
0.055006295
0.053313237
0.054707088
0.05339475
0.052939348
0.05413752
0.05334247
0.054314848
0.052761417
0.053020954
0.05333289
0.05219436
0.051137477
0.053350396
0.052714545
0.05216075
0.051560335
0.05322978
0.051739298
0.05172668
0.052144013
0.052479062
0.052323066
0.053822037
0.052452944
0.05322301
0.05008232
0.053300966
0.05098018
0.051404122
0.051100563
0.0510841
0.051540427
0.05170304
0.052012507
0.05063038
0.049425576
0.05105484
0.050789524
0.053238753
0.049911104
0.050524976
0.051449068
0.049835697
0.049903695
0.050692435
0.05040686
0.04875473
0.049647227
0.0493962
0.049773045
0.04883301
0.047182195
0.04944566
0.048598137
0.048331793
0.051327612
0.048440143
0.048740383
0.048362408
0.050874602
0.049083326
0.047089633
0.047601756
0.04684643
0.04643312
0.04775794
0.046698187
0.046773545
0.047356978
0.047955535
0.04597825
0.04616067
0.046393346
0.046608217
0.04619948
0.04709125
0.04660548
0.046936344
0.047007993
0.046018314
0.047236536
0.046169665
0.045251526
0.046233837
0.046245232
0.04709436
0.04565056
0.045196675
0.04550441
0.0452198
0.046850488
0.045518547
0.04451674
0.044386577
0.046348594
0.045505002
0.044774074
0.044786423
0.045464247
0.043627556
0.044560157
0.045269176
0.044608966
0.044773743
0.04346454
0.043073095
0.04240455
0.042947806
0.044102732
0.043096468
0.043259516
0.044903222
0.04170478
0.042963926
0.044027988
0.042935483
0.043562908
0.042258065
0.042509813
0.041642003
0.042092945
0.04183943
0.043312244
0.041664306
0.04400414
0.041111853
0.04226482
0.042838372
0.041759115
0.043548696
0.041737426
0.041905057
0.042246103
0.04202899
0.04187703
0.04252971
0.041261956
0.04155069
0.04174443
0.041262086
0.04147961
0.040552277
0.040262606
0.04084771
0.041111592
0.041739445
0.04243728
0.040811624
0.041020054
0.040283408
0.04149807
0.040715903
0.04024366
0.04047331
0.039917093
0.041066747
0.039737515
0.040363032
0.039953645
0.03944104
0.040980168
0.041056726
0.039711203
0.039968144
0.041041937
0.039484676
0.039675165
0.03992618
0.040049184
0.039881684
0.04142521
0.03970589
0.03888963
0.04083135
0.039793056
0.039235324
0.039873224
0.040243667
0.04076953
0.03965038
0.039797194
0.03895898
0.03905929
0.038518455
0.037869405
0.03834315
0.039132025
0.038284417
0.040204313
0.037843704
0.038272142
0.038514335
0.03927802
0.038194846
0.038123004
0.03817163
0.03817341
0.038014896
0.038876962
0.038136717
0.03912079
0.039239928
0.037992842
0.03973473
0.037952155
0.037491832
0.03660043
0.037974976
0.037199564
0.03680007
0.037058275
0.037349347
0.036880802
0.036876976
0.036982384
0.036975987
0.0364916
0.03786354
0.03628922
0.03682016
0.03737927
0.03676892
0.036575254
0.036864266
0.035896096
0.035886787
0.03522704
0.037106544
0.03675427
0.03574865
0.035426743
0.035794467
0.036888696
0.036236275
0.035735045
0.036532573
0.03661781
0.035329893
0.035658948
0.035973597
0.035732947
0.03573403
0.034816355
0.034962956
0.037667252
0.034954786
0.034770455
0.035155788
0.03625717
0.03514645
0.035599325
0.03577227
0.03441761
0.035829533
0.034043644
0.03525805
0.03435313
0.03564979
0.035437442
0.034897853
0.03489026
0.03482249
0.03513756
0.03568808
0.034742303
0.035353456
0.034631517
0.034514703
0.034906857
0.034908127
0.034683753
0.03454129
0.034419432
0.03478276
0.034453705
0.03413792
0.0351989
0.034336817
0.034383792
0.034080036
0.03368919
0.03292773
0.03441093
0.033193734
0.03450877
0.033364303
0.033318073
0.03375367
0.033631366
0.034356598
0.032565735
0.03385012
0.0329947
0.033318046
0.0340122
0.032605443
0.034246758
0.033670012
0.03267249
0.034062307
0.032382723
0.03350167
0.033550568
0.033726417
0.034684654
0.0326373
0.032942675
0.033211898
0.03264768
0.033436295
0.03219657
0.03278811
0.031844813
0.03207417
0.031560827
0.032635827
0.032193877
0.031726927
0.03228315
0.0322122
0.032432083
0.032840837
0.03363572
0.031792108
0.03141352
0.03191814
0.03197155
0.031437747
0.032129694
0.03181138
0.031498335
0.032062273
0.032293607
0.031270344
0.03187866
0.03115158
0.0324858
0.032239843
0.032191735
0.030947024
0.031384736
0.031898722
0.031048143
0.03265974
0.03091079
0.031199984
0.031044697
0.03247255
0.03227842
0.031731293
0.032143313
0.031439215
0.031253476
0.030562958
0.031541485
0.032047167
0.031921804
0.03125151
0.031091759
0.03120617
0.031564146
0.031366084
0.030533725
0.03088672
0.030913314
0.031153908
0.031229232
0.031453293
0.03119701
0.031059762
0.030577965
0.03065534
0.030095926
0.030432064
0.030527174
0.030449465
0.029979214
0.030135512
0.03006199
0.029986437
0.029848833
0.030500202
0.02985443
0.030062208
0.030182073
0.029412255
0.029977404
0.029667957
0.029959338
0.030482592
0.029435694
0.030574877
0.029191956
0.029715376
0.029726565
0.029862983
0.029268695
0.030088035
0.029833676
0.029030599
0.029926626
0.029160034
0.029445918
0.030254766
0.03041339
0.029360551
0.029711228
0.02927195
0.029345676
0.029365022
0.029176503
0.029616194
0.029188635
0.029219087
0.02936865
0.029538482
0.029095678
0.029406566
0.029436009
0.028778449
0.029734977
0.029837616
0.029302869
0.029543655
0.029149741
0.029859312
0.02841657
0.029190814
0.029208241
0.028649895
0.028518157
0.02952481
0.029362092
0.029057825
0.028864278
0.028581735
0.029453332
0.02842828
0.030385649
0.02942079
0.028381169
0.028457146
0.027977293
0.028160827
0.028343948
0.028783506
0.028715733
0.028679073
0.028004626
0.028290197
0.027753022
0.028123245
0.02789524
0.029081423
0.028150883
0.02768299
0.027790435
0.029308971
0.02794704
0.02812434
0.02813163
0.027542427
0.028076513
0.027337225
0.02755632
0.027584245
0.02832731
0.027241101
0.027486952
0.02795858
0.026847359
0.02719797
0.026831238
0.026874395
0.027254984
0.02760388
0.027040005
0.027422804
0.027067622
0.027429953
0.027687108
0.028240351
0.027370077
0.027997252
0.028078543
0.02781358
0.026697457
0.026514104
0.026645401
0.02727812
0.027008858
0.02692044
0.02658455
0.027386518
0.027495665
0.026936255
0.026649887
0.026435489
0.026131274
0.027194282
0.027276857
0.02694729
0.027789064
0.026660213
0.026188683
0.02617271
0.026815206
0.026965365
0.025996925
0.026336716
0.026953133
0.026246015
0.026142156
0.026015751
0.025987051
0.027157644
0.026412863
0.0269107
0.02661178
0.026029283
0.026776401
0.026486611
0.025595427
0.026169302
0.025653083
0.025808461
0.025708657
0.026309736
0.02595971
0.025945354
0.025843576
0.026010515
0.02548811
0.025752215
0.025920084
0.025750225
0.025988672
0.026111605
0.02546183
0.026615115
0.026467508
0.025624355
0.026038965
0.02577627
0.026039409
0.026529439
0.025384326
0.025997108
0.028958738
0.025334073
0.025247859
0.02549761
0.02545416
0.025946617
0.025349047
0.02640729
0.025379024
0.025278013
0.025283238
0.02572244
0.025789326
0.024870079
0.025153033
0.025624504
0.024755329
0.025337303
0.025849305
0.025124768
0.025051693
0.02597337
0.025363814
0.026369574
0.025355715
0.025075153
0.025232352
0.024932899
0.0251676
0.024792302
0.025776044
0.02590889
0.025095673
0.025284251
0.025036931
0.02552899
0.024484672
0.024968958
0.024459343
0.024689835
0.02546134
0.02470697
0.024907498
0.025469074
0.025022358
0.025146918
0.024584904
0.025030227
0.025520364
0.024420656
0.024962945
0.024901086
0.025514541
0.02490636
0.024516642
0.025013521
0.025601853
0.02454539
0.02449848
0.024677888
0.024383167
0.024301676
0.024695732
0.025091652
0.02533019
0.024589255
0.02464847
0.02509282
0.024990978
0.024863347
0.024312224
0.024098657
0.024743916
0.02426106
0.024476174
0.024191977
0.024466557
0.023924166
0.024471074
0.024629984
0.025127744
0.024874339
0.024274724
0.02374841
0.025161935
0.025950387
0.02403954
0.023878787
0.023521425
0.024535235
0.023740422
0.023770586
0.024122627
0.024181481
0.024396779
0.023766413
0.023515351
0.024539247
0.0240589
0.023675976
0.023597023
0.0238813
0.023625836
0.023511183
0.023799285
0.024003146
0.023457274
0.023279367
0.024185112
0.023524672
0.02397097
0.024045227
0.024210691
0.02428171
0.023371063
0.023855101
0.023533422
0.024066908
0.023542449
0.023707516
0.023276843
0.023656469
0.023944609
0.02339163
0.022733374
0.023104602
0.023052325
0.022869281
0.023113443
0.023207888
0.022754002
0.023039691
0.023490993
0.023288222
0.022607865
0.024326298
0.02327748
0.023428276
0.022523133
0.02305627
0.022387842
0.022714172
0.02282327
0.022762356
0.023010401
0.023339543
0.022612201
0.023090117
0.022765353
0.022385173
0.023090536
0.022656644
0.022488058
0.022486635
0.022834506
0.02249269
0.022196325
0.02284947
0.022538504
0.02251149
0.022250175
0.02203239
0.021709135
0.022940293
0.022766927
0.022657594
0.022128608
0.022213083
0.022360375
0.022173502
0.022287
0.022733627
0.022805464
0.023140583
0.022609614
0.022753973
0.022300782
0.022391949
0.02218645
0.021858005
0.022165615
0.022001358
0.022472575
0.021899888
0.022061585
0.021877296
0.021982875
0.022321641
0.022237673
0.021989813
0.022183336
0.022330187
0.022114273
0.02228851
0.022062182
0.022028225
0.021922912
0.02175109
0.021531649
0.022266312
0.022032833
0.021634452
0.022781245
0.022301968
0.021741075
0.022238968
0.021774266
0.021973189
0.022265876
0.022295173
0.022471065
0.02164641
0.021156792
0.022033712
0.022117078
0.021635829
0.022002004
0.021343682
0.022523753
0.021700487
0.021996384
0.021998357
0.021667782
0.021834357
0.021978082
0.021345526
0.0213567
0.021589115
0.021934904
0.020998798
0.022045773
0.021369986
0.021208122
0.021470401
0.021511937
0.021495935
0.020985538
0.021805694
0.0213267
0.021601371
0.021443775
0.021246972
0.021759944
0.021463942
0.021381129
0.020826194
0.02178503
0.021437425
0.021821147
0.02130885
0.021246696
0.021266568
0.021350004
0.021914186
0.021341741
0.021365847
0.02142555
0.021657517
0.02126881
0.021230485
0.020729164
0.02118495
0.021915574
0.02085371
0.021187963
0.021354906
0.021205606
0.021916728
0.021872677
0.02116317
0.021662505
0.020962592
0.020704608
0.020931097
0.020915268
0.020923255
0.020720214
0.021004677
0.02114006
0.020619469
0.021933252
0.021443095
0.020931965
0.021118464
0.020771548
0.02110123
0.020944824
0.020543387
0.020827133
0.020318927
0.02071877
0.020894887
0.021627614
0.020898376
0.020731624
0.021090802
0.020949924
0.022128172
0.021423088
0.020595226
0.020608982
0.021018887
0.02054684
0.020618802
0.020794641
0.021193722
0.02077779
0.02053692
0.021039985
0.0206635
0.022328539
0.020977253
0.02091863
0.020514049
0.020741297
0.020264965
0.020512022
0.02023674
0.02094649
0.020243991
0.020609496
0.020382106
0.019743437
0.02066013
0.020809432
0.020264622
0.020867357
0.020131925
0.020843089
0.02031639
0.020076098
0.02029716
0.020263538
0.020664055
0.02023738
0.02005153
0.020352779
0.020625291
0.020618413
0.020454414
0.020301107
0.020399673
0.020355778
0.02005537
0.020483807
0.019849997
0.020155428
0.019993654
0.020249
0.02007407
0.019833552
0.019942265
0.02056969
0.020059504
0.020329665
0.019959113
0.020654075
0.020287575
0.020028083
0.019886026
0.019763008
0.019864185
0.02010746
0.020442516
0.020501181
0.020117767
0.0198489
0.019965716
0.019689873
0.020073915
0.020080835
0.019641053
0.020723907
0.019537643
0.019579189
0.019829385
0.019822733
0.019730275
0.020098327
0.019798381
0.019996734
0.019569315
0.019681294
0.019855652
0.020069906
0.020492733
0.020432556
0.020030651
0.019626385
0.01969674
0.01963153
0.019880079
0.019675838
0.020076426
0.019962113
0.020196332
0.01939594
0.020022742
0.020075845
0.019875182
0.020022001
0.0191286
0.020018985
0.019750085
0.020803174
0.01984321
0.019051392
0.019833438
0.019937696
0.01981402
0.020057669
0.019405251
0.020687412
0.020078499
0.020179003
0.020002147
0.019243581
0.019467752
0.019811153
0.019925337
0.019173814
0.019202828
0.019717842
0.01960951
0.019102078
0.019592572
0.019141028
0.019144498
0.019504376
0.020084366
0.019391779
0.01954994
0.019200087
0.019511247
0.018767117
0.01930891
0.01876359
0.019993978
0.018968001
0.019954652
0.019109977
0.019123806
0.01892003
0.019321859
0.019072257
0.01894955
0.019307507
0.018877324
0.019816449
0.019248022
0.018755205
0.019477196
0.018708665
0.019291298
0.01887855
0.01895662
0.018912904
0.019162258
0.019251276
0.018969087
0.01932234
0.019232355
0.01926902
0.018732807
0.019145133
0.01955016
0.019183507
0.019537842
0.019317983
0.019275416
0.019732833
0.019180737
0.01903107
0.020049611
0.019331612
0.018696964
0.019015895
0.01880791
0.019254243
0.018936807
0.019658113
0.019290747
0.018949274
0.018979657
0.018664736
0.01886462
0.019305265
0.018771844
0.018956466
0.019155351
0.019297026
0.01884756
0.019174779
0.019166248
0.018450595
0.018858029
0.019864133
0.018813265
0.018782422
0.018910613
0.01906301
0.018518567
0.018674592
0.018474102
0.018671002
0.018505806
0.018715804
0.018636514
0.018845053
0.019374833
0.018115776
0.018630577
0.018415933
0.019288164
0.018734228
0.01914284
0.018875787
0.018660733
0.019079393
0.018113242
0.018812459
0.018642578
0.018927053
0.018537175
0.018438539
0.01812024
0.01862002
0.018757328
0.018983671
0.018796604
0.018892992
0.018305974
0.018638039
0.018344318
0.018768243
0.018801881
0.018229991
0.018686874
0.018331042
0.018548721
0.018245222
0.018325653
0.017945323
0.018997759
0.01820236
0.018025005
0.01875011
0.019060904
0.01857872
0.019005187
0.018947383
0.018088559
0.019029668
0.01847725
0.018355206
0.018945161
0.018662952
0.017930003
0.018084448
0.018959843
0.01893886
0.018709676
0.018569175
0.0179483
0.019154208
0.018359726
0.01949732
0.01862744
0.018664444
0.01837301
0.01821708
0.01834499
0.018123675
0.01882708
0.018069724
0.018473236
0.017872348
0.018377239
0.01853682
0.017999535
0.018312098
0.018539794
0.017956918
0.019119207
0.017945522
0.018278755
0.018232219
0.017895864
0.018461633
0.018094389
0.018126866
0.018082535
0.018182317
0.018070811
0.017858222
0.017938867
0.018329818
0.018088857
0.018038344
0.017969253
0.018286726
0.018036548
0.018081473
0.018639922
0.018388275
0.017882112
0.018265683
0.018085817
0.01816349
0.017992888
0.018563943
0.018112442
0.017785521
0.018107329
0.018369857
0.018191349
0.017814713
0.018106708
0.017879754
0.017595965
0.017879587
0.018240623
0.018033963
0.018305173
0.018129578
0.01845583
0.018465107
0.01800304
0.017908752
0.01786629
0.017640132
0.017904807
0.018848125
0.017922979
0.017695276
0.017816294
0.01749467
0.018717803
0.017848946
0.017715553
0.017656796
0.017703751
0.017488193
0.017973483
0.01792029
0.018689612
0.017932082
0.017150508
0.017558932
0.017603923
0.017696483
0.017648783
0.017620958
0.017654102
0.017379986
0.017618483
0.017655475
0.017654194
0.017268661
0.017147837
0.017912535
0.017568732
0.017746111
0.017529652
0.017320147
0.017573427
0.017469086
0.01742476
0.01780178
0.017311823
0.017497374
0.01762288
0.01748902
0.017821012
0.01759267
0.017483868
0.017699853
0.017567098
0.018261733
0.017157257
0.017603528
0.017623791
0.017399296
0.017255513
0.017732587
0.017196469
0.017468909
0.017524028
0.017414348
0.017896125
0.017394548
0.017927162
0.016977012
0.01704432
0.017718902
0.018240843
0.017994404
0.017399171
0.0175032
0.017654449
0.017199913
0.017439088
0.017243829
0.017065914
0.018399727
0.017360913
0.01716689
0.017208135
0.016980015
0.017470472
0.017372692
0.01710492
0.01720374
0.017044451
0.017151749
0.018001754
0.016861321
0.017037988
0.017030511
0.017100725
0.017906792
0.017349595
0.01706514
0.01758222
0.017067045
0.017156966
0.017441446
0.016905213
0.017361728
0.016748905
0.016813679
0.017082594
0.01679725
0.017357972
0.016982352
0.016710026
0.017418377
0.017218051
0.01720309
0.016910339
0.017455444
0.016744614
0.017132532
0.017077483
0.016398268
0.016794214
0.016882291
0.016715296
0.016887423
0.017008876
0.017051976
0.016457308
0.016816247
0.017173205
0.017186426
0.016723398
0.01691694
0.016949607
0.01699592
0.01701522
0.017085234
0.01638301
0.016804148
0.016785903
0.01697112
0.016999995
0.016966429
0.016883992
0.0169697
0.01674234
0.016926408
0.016779065
0.017010856
0.01690561
0.016527379
0.016707642
0.017503481
0.016720887
0.016661508
0.016675826
0.016928775
0.01691822
0.017284717
0.01694165
0.016615918
0.016703092
0.017258793
0.016442202
0.016981961
0.016501414
0.017146695
0.016548863
0.01659304
0.016812375
0.016558526
0.016548991
0.016301764
0.016610164
0.016279655
0.016748458
0.01644383
0.016656265
0.016928582
0.016316788
0.017067514
0.016324239
0.016579613
0.016985299
0.016874567
0.017027063
0.01659344
0.016457422
0.016558899
0.016904537
0.016272835
0.018177547
0.016483469
0.01631266
0.016582437
0.0166479
0.01610877
0.016583927
0.016398938
0.016654236
0.016725434
0.016350338
0.01696514
0.016591163
0.017508652
0.016166048
0.016636265
0.016765084
0.017119326
0.016355887
0.016927974
0.016167728
0.016573254
0.016349465
0.017321562
0.016264154
0.016812459
0.016863795
0.016676294
0.017106168
0.016381023
0.01686951
0.01611221
0.016416125
0.016003193
0.016576413
0.01706108
0.016399875
0.016579019
0.016203698
0.017064983
0.016464962
0.016446454
0.016371936
0.01604196
0.016495695
0.016510315
0.01706869
0.016522883
0.016325159
0.016232403
0.016688684
0.01627537
0.017063366
0.016519055
0.016370445
0.016208502
0.01607203
0.016528185
0.016072866
0.01632925
0.015964333
0.016202297
0.016345767
0.015841147
0.016157197
0.016594183
0.016792636
0.016587099
0.017057823
0.016452389
0.01606544
0.016707795
0.016222011
0.016180247
0.016700858
0.01595746
0.016064918
0.01614577
0.016126247
0.01587123
0.016402643
0.016121037
0.016086863
0.015963312
0.01593864
0.01601926
0.016334148
0.016738445
0.016140942
0.01637446
0.016473994
0.0166704
0.016018536
0.016157493
0.015939394
0.01622044
0.016304858
0.016056936
0.016086476
0.015661016
0.016070925
0.015904365
0.015762806
0.015717756
0.016569113
0.016134465
0.016115135
0.016307587
0.015681675
0.016340397
0.015687363
0.016298821
0.01594744
0.016314669
0.015863635
0.016363075
0.016281044
0.015781445
0.015978225
0.015772447
0.01627587
0.0156293
0.015691923
0.015717678
0.015941637
0.015882235
0.015680762
0.015672486
0.016372265
0.016028656
0.016184732
0.015915751
0.015881527
0.015757648
0.01594912
0.015834311
0.015686762
0.015926568
0.015879061
0.01567603
0.015865501
0.015541057
0.015286395
0.015666604
0.015519885
0.016156677
0.015668485
0.015878119
0.015678762
0.01593136
0.01567245
0.015898481
0.01564288
0.015767338
0.01542986
0.015997618
0.015505641
0.015577876
0.015765242
0.015916632
0.016021363
0.015806187
0.015652223
0.01572446
0.01547107
0.015437956
0.015661309
0.015372293
0.015706297
0.015410759
0.015443783
0.015562727
0.015427296
0.01587032
0.016125156
0.015474498
0.015746813
0.015968256
0.01593962
0.015555684
0.015363421
0.016579757
0.015587607
0.015286897
0.015975557
0.015614395
0.014989623
0.015792524
0.015598904
0.016313167
0.015754702
0.01633949
0.016179975
0.015390297
0.015448708
0.015941538
0.01537399
0.015854442
0.015660765
0.016250426
0.015249749
0.015156107
0.016423676
0.016001107
0.015457459
0.015856773
0.015296419
0.015330846
0.015461131
0.015593903
0.015409635
0.015644522
0.015690865
0.015312664
0.015810963
0.01554059
0.015619983
0.015621679
0.0152583
0.015613593
0.015421313
0.015762964
0.015573233
0.015417962
0.015960682
0.015096452
0.015080707
0.015451535
0.01534142
0.015273385
0.015113885
0.015528908
0.015479345
0.015123512
0.015428096
0.015277892
0.015888121
0.015246714
0.015384441
0.0152389025
0.015771445
0.0155656785
0.015399665
0.015519707
0.01584225
0.0154933445
0.015491829
0.015688546
0.01546933
0.0156602
0.015232861
0.015620824
0.015367123
0.015242588
0.015584845
0.015055242
0.015315211
0.015292048
0.015624073
0.015209964
0.015037902
0.015451817
0.014844768
0.015410595
0.015011244
0.015366684
0.015420374
0.0154253645
0.015147705
0.015536122
0.015122893
0.015227094
0.015370552
0.015107883
0.015050681
0.01537645
0.015019685
0.015093345
0.01548465
0.015215591
0.015063184
0.015356567
0.014905181
0.015338092
0.015028637
0.015673937
0.014840744
0.015702285
0.015187766
0.015064652
0.014933526
0.0148610165
0.014980398
0.014784772
0.015102188
0.015240149
0.015247873
0.014959523
0.015031894
0.015103155
0.0149600115
0.015296462
0.0148347495
0.014851385
0.0147024235
0.015174352
0.015246861
0.015342711
0.014818137
0.01524942
0.015263511
0.014686867
0.015688647
0.015113687
0.0148675125
0.01502458
0.01490994
0.014574754
0.015082005
0.014626432
0.014930282
0.014757501
0.01481656
0.01459395
0.015146227
0.0148855895
0.014922506
0.014728791
0.014635919
0.0150286285
0.015213111
0.015330289
0.014877677
0.015168548
0.014999637
0.0147094
0.014637651
0.0149710765
0.0151681835
0.015381381
0.014984445
0.014869942
0.014924271
0.015462631
0.014966738
0.015132482
0.015241039
0.014900185
0.014959257
0.014858558
0.014966166
0.01506154
0.014922898
0.015297646
0.015078666
0.014693608
0.014902832
0.01525204
0.015126457
0.014858671
0.014710922
0.014406374
0.01504729
0.014709508
0.015574367
0.014484426
0.014402369
0.014806974
0.014804113
0.014794234
0.0151765635
0.014572712
0.0147368815
0.015083965
0.014928298
0.014927236
0.0146910595
0.014429638
0.014788727
0.015368149
0.014874654
0.014894653
0.014982894
0.014811296
0.014906232
0.014516433
0.01533458
0.015450148
0.014598177
0.014656576
0.014426014
0.015038836
0.014688835
0.01460862
0.0147554055
0.014591596
0.015041026
0.014817752
0.014857617
0.014874166
0.015217497
0.015267266
0.014587568
0.014838587
0.014589407
0.014375156
0.014512913
0.015458037
0.014877259
0.0149235325
0.014447372
0.014405956
0.014497616
0.014504097
0.014584903
0.014169513
0.01443671
0.014429604
0.014375091
0.014812851
0.015051766
0.014601403
0.0149108
0.0144001385
0.014601175
0.014717881
0.014674917
0.015276146
0.014472195
0.014225846
0.014441047
0.014523006
0.014195396
0.014455372
0.014329458
0.014335472
0.014389588
0.0147474585
0.014517444
0.014354997
0.014105976
0.014512694
0.0146096535
0.014715966
0.014200625
0.014564236
0.0143681895
0.014631624
0.014377088
0.014460729
0.014729644
0.014548731
0.014808719
0.014639794
0.014448376
0.014363631
0.015094417
0.01439512
0.014491912
0.014654592
0.014329835
0.014423152
0.014301548
0.0146441925
0.014087356
0.014198837
0.014023162
0.014400883
0.014329973
0.0143442685
0.01441297
0.014103801
0.014335005
0.0141431
0.014500598
0.014594731
0.014166365
0.0142638
0.014712584
0.014023276
0.014489661
0.013999061
0.01466421
0.01448362
0.014629876
0.0144646615
0.014349107
0.015097053
0.014069093
0.014522615
0.013995319
0.014310713
0.01428126
0.014694523
0.013617658
0.014199687
0.014135648
0.014354105
0.014100815
0.014427633
0.014280264
0.014391756
0.013901471
0.014169534
0.013894491
0.013910751
0.014381677
0.014208282
0.0144770965
0.014665295
0.014180848
0.014421105
0.014297093
0.014346125
0.014717305
0.014288516
0.014229516
0.014875974
0.014164526
0.014278812
0.014047508
0.014166324
0.014153022
0.01439534
0.014558591
0.014359956
0.014285024
0.01369679
0.0138424365
0.014041709
0.014010076
0.013848649
0.01402711
0.013799929
0.014718105
0.014117156
0.0136670405
0.014357107
0.01461816
0.014302682
0.013953709
0.014111759
0.013975239
0.01388054
0.014364181
0.013757852
0.014109164
0.013809443
0.014129088
0.0141368
0.013872052
0.013981557
0.014340214
0.014421675
0.013992943
0.014266589
0.013809951
0.014201525
0.013995397
0.013946766
0.014141424
0.01360562
0.013740158
0.014112387
0.013712659
0.014214915
0.014171922
0.013842795
0.014154605
0.01404593
0.013866597
0.014017605
0.013842319
0.013778697
0.014136865
0.014192646
0.013875319
0.013819913
0.014430058
0.013827227
0.013726991
0.014516091
0.013743353
0.014243367
0.013862953
0.013621439
0.013680503
0.0139576
0.013866038
0.013743652
0.014050005
0.013836981
0.014228577
0.014077833
0.014089923
0.013984897
0.014255883
0.014084568
0.013985026
0.013825227
0.013843773
0.013871827
0.014118265
0.013778002
0.013784961
0.014032393
0.013989023
0.013747726
0.013859896
0.01424973
0.013719586
0.0138943475
0.014183605
0.01423996
0.013970981
0.014109058
0.013809811
0.013761932
0.01369865
0.014035046
0.013817891
0.013816551
0.013977171
0.014004467
0.014703617
0.013616165
0.0137138935
0.0141211795
0.013703585
0.013849234
0.013777893
0.013829878
0.013451264
0.013793267
0.014010201
0.0137209315
0.013734123
0.014241755
0.014394186
0.014209096
0.013831939
0.013915349
0.013747717
0.013864997
0.0137176
0.013837263
0.014018004
0.013880386
0.014114567
0.01451356
0.013708367
0.013871874
0.0139410775
0.01403101
0.013628135
0.01348819
0.0132782
0.013723145
0.013354939
0.013435623
0.013791255
0.01373385
0.013442498
0.014204442
0.013611229
0.013851455
0.0143461125
0.014290435
0.014003723
0.013630666
0.013765618
0.01363285
0.013841377
0.013884971
0.013870959
0.013837573
0.014293379
0.013401534
0.013861179
0.014419227
0.014223348
0.013423218
0.013450013
0.013628315
0.013955645
0.013520336
0.013545257
0.013679177
0.014202067
0.0137724485
0.0137795
0.01358491
0.0134304
0.013708475
0.013639535
0.013702766
0.013478117
0.013662454
0.013772488
0.013811463
0.013919011
0.013854566
0.013439389
0.013447759
0.013343317
0.013822261
0.014250269
0.013561664
0.0137358345
0.013979991
0.013892378
0.013917534
0.013535371
0.013521662
0.013399617
0.013538902
0.013663823
0.013878345
0.013282253
0.013649619
0.013879067
0.013407679
0.013848156
0.013654729
0.013742484
0.013445926
0.013888038
0.013596541
0.013730549
0.013797529
0.013313806
0.013417033
0.013127827
0.013584697
0.013312757
0.013739289
0.013481075
0.013777724
0.013639383
0.013812375
0.0137779005
0.013436942
0.013052315
0.013180744
0.01397091
0.013713611
0.01320966
0.013451991
0.013917601
0.013640727
0.013526461
0.013179398
0.013498228
0.013350568
0.013416795
0.013385649
0.013495549
0.014065707
0.013239432
0.013399416
0.013306136
0.013681655
0.013590833
0.013653287
0.013858182
0.013476851
0.013159091
0.013362901
0.013360834
0.013700877
0.013246442
0.0132978875
0.013326115
0.013360898
0.013592502
0.013261933
0.0136017855
0.012998573
0.013508438
0.013590657
0.013660028
0.013372264
0.013274303
0.013297496
0.0135129
0.01364064
0.01291172
0.013325375
0.013618772
0.0132521605
0.013321002
0.013325977
0.013102434
0.0135864755
0.0133644845
0.013224926
0.0133851515
0.01372792
0.013334612
0.013590107
0.013276194
0.013457224
0.0132351965
0.013634265
0.013376301
0.012943978
0.013350743
0.013174874
0.013717106
0.014626404
0.013261475
0.013298024
0.012927172
0.013510789
0.013049814
0.013320859
0.013357342
0.013069957
0.013219833
0.013173162
0.013331201
0.013512718
0.013181018
0.01338896
0.013313722
0.013367263
0.013403684
0.013156727
0.013741795
0.013061711
0.013463313
0.013289926
0.013240311
0.013542716
0.013734733
0.013421992
0.013113602
0.013227229
0.013163399
0.013125005
0.014076784
0.013718002
0.013126959
0.013240801
0.013145903
0.01309264
0.012944612
0.013004276
0.013048642
0.013135286
0.013090113
0.013387555
0.013451207
0.013035307
0.013176595
0.013128088
0.012825536
0.013455585
0.012879509
0.013290342
0.012722198
0.012981734
0.01309793
0.013210848
0.0129743535
0.013293043
0.013369231
0.0129627
0.0128369965
0.013333018
0.013206212
0.013340365
0.013370299
0.013463283
0.013341378
0.012959596
0.012753061
0.013006279
0.013280755
0.013068321
0.012974872
0.013222252
0.013567139
0.013353676
0.012987581
0.0128367515
0.012987602
0.013461142
0.012887534
0.012854417
0.013432239
0.013544503
0.013247718
0.013486206
0.013502195
0.013100188
0.012791546
0.012998135
0.013379777
0.012677758
0.013203274
0.012948085
0.013217528
0.013000719
0.013225195
0.013085972
0.012874413
0.013087833
0.013573429
0.013247281
0.012825522
0.012845673
0.012737681
0.012721935
0.0130552575
0.012871962
0.013322028
0.012744359
0.013043772
0.012957836
0.013487142
0.012701374
0.012600733
0.013262708
0.012845821
0.0126441885
0.013191607
0.01262899
0.013035479
0.01307135
0.012985699
0.013068012
0.01279469
0.013018257
0.012895901
0.013106112
0.012811289
0.012906439
0.013237409
0.013351369
0.012818324
0.012826934
0.012848256
0.013348022
0.01294296
0.013142006
0.012927078
0.012902122
0.012921141
0.013545368
0.0125885755
0.012789644
0.012659349
0.012624244
0.012735047
0.012899088
0.012687374
0.013525859
0.013153535
0.012925971
0.013052936
0.012565487
0.013130499
0.01266881
0.013057947
0.012992004
0.013022333
0.013056107
0.0129513685
0.012995561
0.012866678
0.012830387
0.012930178
0.013396788
0.012622802
0.012716546
0.012581168
0.012752766
0.013048581
0.012831597
0.012784251
0.013033959
0.013192494
0.012799334
0.012779978
0.013013806
0.012756981
0.013028249
0.0126834605
0.012963155
0.0130450465
0.01292425
0.012566854
0.012599515
0.012820138
0.01289002
0.0133061735
0.012776476
0.012912501
0.012770872
0.013030742
0.012993811
0.013010128
0.012714707
0.012488169
0.012864076
0.01286389
0.012724807
0.013436414
0.01290485
0.012764085
0.013243833
0.012408451
0.012711071
0.012862778
0.0124100875
0.012931645
0.012314043
0.01327941
0.012524276
0.012782342
0.012696501
0.012210185
0.012658832
0.012689192
0.012757692
0.012331469
0.012406468
0.012383461
0.012790497
0.012601512
0.012493579
0.012941845
0.01297681
0.013053086
0.012813911
0.012659595
0.012586893
0.012626778
0.012417238
0.013004045
0.0126427775
0.012518033
0.012665536
0.012354705
0.012543713
0.012585094
0.012437625
0.012782378
0.012763532
0.012904092
0.012877156
0.012554375
0.012451944
0.012296523
0.012803065
0.012653061
0.012277639
0.01238521
0.012262255
0.012578659
0.012478406
0.012355714
0.012331188
0.012627577
0.012551818
0.012898592
0.012302749
0.012432543
0.012136632
0.012204109
0.012564812
0.012342727
0.012692037
0.012232352
0.0125156585
0.012494533
0.012534338
0.0123597
0.012779913
0.0124558965
0.01280866
0.012448175
0.012865688
0.012978259
0.012633771
0.012630696
0.012529547
0.012796802
0.012562214
0.012395849
0.0122512765
0.012310994
0.012259436
0.0126117505
0.012179261
0.012838608
0.012280628
0.012554668
0.011998298
0.01227985
0.012956294
0.012635669
0.012861479
0.012517659
0.012471083
0.012615146
0.0126104895
0.012210824
0.012805693
0.012539738
0.012328406
0.012285825
0.012457189
0.012224182
0.01243497
0.012415257
0.0126193315
0.012493839
0.012808374
0.01224757
0.0127094
0.012418349
0.012755245
0.0128054535
0.01293187
0.012643374
0.012560765
0.012724656
0.012267866
0.012625273
0.012337826
0.012280345
0.012195176
0.013080947
0.012277641
0.0120438645
0.012403568
0.012619545
0.012370507
0.012410714
0.012207176
0.012207395
0.012374294
0.012171664
0.012175569
0.0120631475