
0.023220496
0.021437176
0.020241413
0.019909991
0.020174468
0.019051911
0.018379219
0.018651417
0.018101422
0.017876955
0.017260427
0.017067198
0.01645616
0.01727801
0.016475162
0.016075777
0.01610445
0.01591959
0.015139963
0.015730686
0.015269698
0.015264396
0.014984954
0.015041071
0.014751592
0.014849115
0.015534426
0.014962887
0.015445361
0.014697871
0.014646856
0.014303363
0.01488094
0.014085222
0.015436477
0.013927192
0.013708243
0.013926678
0.013452702
0.013721241
0.013375493
0.013853006
0.013351659
0.013771726
0.014093257
0.013669308
0.013796689
0.013497778
0.013521403
0.013283277
0.013301247
0.013781323
0.013149877
0.013188455
0.012838059
0.01289164
0.012905167
0.012866905
0.0122962715
0.012770048
0.012376298
0.012375653
0.01229344
0.0122265965
0.012259627
0.012303768
0.012675792
0.012274173
0.01245032
0.012401666
0.0126034655
0.012323459
0.01259378
0.012056962
0.012766288
0.012430735
0.011912623
0.012327646
0.01194548
0.012313707
0.0119435815
0.01160189
0.011821192
0.012248775
0.011564622
0.0113593275
0.0116015775
0.011659995
0.011632563
0.01172255
0.011670973
0.011635609
0.01156655
0.01206021
0.011882525
0.011378892
0.0115041975
0.011179876
0.011310602
0.011464694
0.011197037
0.011155629
0.011456781
0.011318081
0.011298114
0.011164341
0.011275459
0.011691369
0.011602835
0.011344622
0.011007297
0.010959989
0.011173816
0.010828694
0.010939936
0.011255156
0.011297115
0.011134506
0.010951326
0.010957118
0.010980672
0.0106595075
0.010765468
0.010867116
0.010963052
0.010703703
0.010815067
0.011142529
0.010736997
0.010461268
0.010898795
0.01133586
0.010781123
0.011096127
0.010690624
0.010665274
0.010793751
0.010808371
0.010815095
0.0104924245
0.010488604
0.010386046
0.01068525
0.010616007
0.010601828
0.010555522
0.010306458
0.010497828
0.010560237
0.010089775
0.010205828
0.010082002
0.01019181
0.010433956
0.010181255
0.01029102
0.010305469
0.00998676
0.010122206
0.010197455
0.0101161
0.010032759
0.0099780755
0.010781022
0.01000898
0.010172714
0.009970952
0.009925641
0.010165793
0.009920377
0.009746818
0.009996501
0.0101754125
0.009781299
0.009706685
0.009895148
0.009867429
0.00966795
0.009762914
0.010318498
0.009944639
0.009431224
0.009685517
0.009755355
0.009708197
0.009544966
0.00962578
0.009711048
0.009754661
0.009864966
0.009844315
0.009621912
0.009621973
0.009646041
0.009688289
0.009568561
0.009639886
0.009730899
0.010148915
0.009213168
0.009542556
0.009446875
0.009520136
0.009359343
0.009582761
0.00940297
0.0093819555
0.009313006
0.009439179
0.009369857
0.009146126
0.009145843
0.0093425205
0.009379115
0.009870816
0.009230328
0.009699257
0.009284671
0.009162059
0.008968485
0.009057515
0.009432217
0.009075351
0.00920241
0.009540005
0.009217326
0.00963203
0.008999785
0.008995128
0.009252265
0.009032857
0.008992264
0.009074406
0.009273292
0.009010134
0.009509877
0.008953017
0.0092758285
0.009082222
0.009371131
0.008878254
0.0089845415
0.009268936
0.009174747
0.0090240715
0.008928674
0.00914167
0.008725968
0.008850172
0.008997256
0.008912269
0.008909232
0.008948652
0.008838769
0.009081071
0.008873661
0.009113094
0.008776528
0.008882352
0.008854069
0.008920008
0.00875748
0.008867596
0.008763657
0.008884113
0.0087879
0.009036866
0.008788032
0.008808977
0.009132967
0.009294676
0.008589752
0.008644481
0.0085195415
0.009127927
0.008692423
0.0104300035
0.008731687
0.008736354
0.008617662
0.008684918
0.008551901
0.00845208
0.008739235
0.008494701
0.008637641
0.008309847
0.008693575
0.008557578
0.008543022
0.00857093
0.008484927
0.008344606
0.00853603
0.00848677
0.008631738
0.008335246
0.008437914
0.008370506
0.008446524
0.008185028
0.008103158
0.008660724
0.008240836
0.008272069
0.00854152
0.008493089
0.008988839
0.008287894
0.008671273
0.008257437
0.008487662
0.0081522735
0.008556303
0.008356654
0.008305871
0.008308506
0.008429166
0.008332065
0.00810687
0.008312382
0.008276035
0.008389963
0.008212008
0.008079271
0.007985493
0.008116877
0.008044067
0.00806743
0.0083667915
0.008191732
0.008072955
0.008169104
0.008092306
0.00847192
0.008112086
0.0079528345
0.008087466
0.008001746
0.008019615
0.007892959
0.0080335755
0.007891919
0.007863014
0.008100741
0.007890446
0.007887941
0.007833185
0.0077173733
0.0077971364
0.007813991
0.0077875066
0.007748745
0.007917998
0.007900453
0.007861383
0.007675018
0.0076338965
0.007867635
0.008080338
0.007811661
0.007839639
0.0080364095
0.007884717
0.008094286
0.007757331
0.0082688145
0.0077295518
0.0077821626
0.007900717
0.007576043
0.007510663
0.007710421
0.0077056093
0.0075212764
0.0078824125
0.0076676444
0.0077439523
0.0073774564
0.007663486
0.007643048
0.007531416
0.0074529643
0.0074751014
0.007914243
0.007816712
0.0074851136
0.0074755624
0.007540467
0.007644354
0.0076117744
0.0074001877
0.0076452955
0.007374644
0.007661641
0.0075792125
0.007489134
0.007407935
0.007312545
0.0076133753
0.0075618317
0.0074174134
0.007361659
0.007804809
0.007602996
0.0075528068
0.0075742328
0.0074298307
0.007253533
0.0073307413
0.0072990237
0.007366557
0.007244324
0.007032418
0.007183314
0.007168489
0.0071360446
0.0071321926
0.007116439
0.007344019
0.007326714
0.007412454
0.007460819
0.0073305424
0.0070717894
0.00711373
0.007069277
0.0071290988
0.007110067
0.0070789605
0.006905871
0.0071657877
0.0069599734
0.0069950903
0.0072763194
0.0071060723
0.0069904197
0.0068735266
0.007166819
0.0068209223
0.006798001
0.006876473
0.006993398
0.0069474527
0.0069490396
0.0069317752
0.0069867102
0.0069281785
0.0070302603
0.007050255
0.006944115
0.0072359866
0.007065409
0.00682061
0.006861479
0.0068936255
0.0067752353
0.006869449
0.006901677
0.006845518
0.007031997
0.006854291
0.0067660827
0.006682899
0.0067561646
0.0068381093
0.0068149487
0.0066597993
0.00685008
0.006887429
0.0069180503
0.006970223
0.0067873313
0.006814342
0.0067293276
0.006697571
0.006860598
0.0069830273
0.006740256
0.006755565
0.006556805
0.0065710386
0.0067823846
0.006567397
0.006691632
0.00704082
0.006497568
0.0066958643
0.0066242265
0.0067658164
0.0067544426
0.0066048787
0.0065090684
0.0068017268
0.006663601
0.0066236705
0.0066622025
0.0068021105
0.0065303924
0.0065502976
0.0064058877
0.0066268784
0.0066359835
0.006669421
0.006756679
0.006754001
0.0065026083
0.006693027
0.006665054
0.006759305
0.006524712
0.006389063
0.0065444126
0.0065031345
0.006384092
0.0064663123
0.006405416
0.0064120735
0.006292473
0.006444011
0.006551236
0.00657448
0.006497003
0.0065107606
0.006305876
0.0063785454
0.0064589772
0.006295813
0.0064031365
0.0063130404
0.0063039204
0.006310524
0.0062913313
0.0062046708
0.0062100044
0.0063352617
0.006389277
0.0060992655
0.0062265457
0.0062637776
0.0062705134
0.006282395
0.0065400973
0.0061886343
0.006437927
0.006239994
0.006413541
0.0064902417
0.006401403
0.006383286
0.0062380186
0.0062077497
0.006461859
0.006189809
0.0062804325
0.0062917536
0.0062071485
0.006209321
0.0061977003
0.0063886456
0.0060913125
0.0063146483
0.006098444
0.0063445787
0.0060818554
0.006116101
0.0062520183
0.00612802
0.0064108823
0.006084819
0.0061931233
0.0060113273
0.0059600314
0.0062364805
0.0060540205
0.0063740755
0.0062069246
0.006219302
0.0060903337
0.0060310503
0.0060402374
0.0061511435
0.006027406
0.006191789
0.006090179
0.006223529
0.0060393694
0.0061076684
0.0061144764
0.006119845
0.006031725
0.0059709297
0.0059629064
0.00609059
0.005954049
0.006014297
0.00612311
0.0060488917
0.006044226
0.0058541833
0.0059937383
0.006141176
0.0059742783
0.005867996
0.0061937096
0.0057852436
0.0058326544
0.005904957
0.0058797156
0.0058110054
0.0059859054
0.006175414
0.0061161923
0.005900373
0.005887339
0.005844083
0.0058283433
0.0058679413
0.0059092673
0.0059842155
0.0058435677
0.0059831706
0.0057828724
0.0057612867
0.0059459684
0.0057517933
0.005800758
0.0056665833
0.005814182
0.005935357
0.005901448
0.005764506
0.0059462087
0.005961133
0.0058980132
0.005692681
0.0057341605
0.005846749
0.0057790014
0.0057963985
0.005639018
0.0057262583
0.00577559
0.0057777567
0.005799498
0.0055629225
0.005590723
0.005655967
0.0056121154
0.0057944586
0.005532606
0.005655074
0.005582712
0.0056768083
0.005644031
0.0055763097
0.0056156134
0.0056717284
0.0056420593
0.0056760525
0.005512958
0.005569995
0.0057376465
0.005530098
0.005646308
0.0057264683
0.005612467
0.0055450574
0.0055561992
0.0056032604
0.0054458263
0.005459829
0.005580083
0.0054106005
0.005561975
0.0055127037
0.0055463733
0.005499361
0.005668613
0.005639036
0.0055887294
0.005546708
0.0055550598
0.00569275
0.0055097337
0.005568573
0.0054495707
0.0054430817
0.0054794876
0.0054169106
0.005421728
0.005491414
0.0055373055
0.0053982744
0.0055987183
0.0054421914
0.0054211714
0.005394759
0.0053903065
0.005433441
0.0053703054
0.005484477
0.005337845
0.0053906
0.0054939366
0.005351034
0.00540575
0.0053586503
0.005185991
0.0053319074
0.0053259875
0.00523514
0.0053784074
0.005233148
0.005320373
0.005430165
0.0053305947
0.005258511
0.005337671
0.0052456963
0.005344653
0.005221115
0.0052703447
0.0052322242
0.0053940862
0.00534875
0.0052451356
0.005323563
0.005581794
0.0055226786
0.0052983463
0.005287474
0.0054411464
0.0053517646
0.005163116
0.0053700726
0.005225023
0.005242557
0.0055673635
0.0053910613
0.0052335467
0.005183831
0.005246602
0.00512138
0.0055404822
0.0052907337
0.0053089825
0.0054261545
0.0052251457
0.0051665753
0.005193659
0.0052591865
0.0050929803
0.0051934696
0.0051012905
0.0052433233
0.005416219
0.005246124
0.0054857708
0.005139952
0.0053263595
0.0051362556
0.005226633
0.005150987
0.005177551
0.0051274
0.00524668
0.005252487
0.0051779263
0.00502397
0.005341473
0.0052438425
0.0052118595
0.005249876
0.0051548155
0.0052149766
0.0050905906
0.005184024
0.0051348284
0.005015313
0.005302434
0.005236839
0.005027981
0.0050884564
0.005266489
0.0051466166
0.0050329133
0.004938176
0.0051248735
0.0051289396
0.005058936
0.0049428735
0.0049850796
0.005262248
0.005255781
0.005091522
0.0049849916
0.0053376015
0.0050766147
0.0050881566
0.004988609
0.005036178
0.0049443324
0.0050521474
0.005138975
0.005082428
0.0051230122
0.00517011
0.005047813
0.0049535222
0.005324294
0.00496407
0.0050663054
0.0049946033
0.0049713636
0.0050055967
0.004939953
0.0050270255
0.004932708
0.0050791493
0.005218716
0.004968615
0.004965001
0.004905257
0.004987955
0.005040475
0.0050362977
0.0049021975
0.00505431
0.0049727038
0.0049093217
0.004910207
0.0049347505
0.0050001717
0.0048966953
0.0051554246
0.0048492197
0.004945164
0.0049455217
0.005047767
0.0050722267
0.004934304
0.004786972
0.0047307573
0.0049444814
0.004960571
0.0049535665
0.004757942
0.004894546
0.004925068
0.0049848487
0.004850925
0.004927826
0.0048610605
0.0049523334
0.0048590763
0.0047547813
0.004829596
0.004799242
0.004924267
0.004804224
0.0048220954
0.0050470955
0.0048126443
0.0049569025
0.004798378
0.004802829
0.004726517
0.0047047334
0.004769115
0.0048327693
0.0047765034
0.0049937028
0.0048807114
0.0047501684
0.004804015
0.004857977
0.0048759854
0.004760913
0.004817105
0.004760525
0.0049451147
0.004871138
0.0047833063
0.004829476
0.004808835
0.0047886
0.0047573084
0.004820041
0.0047334987
0.0048944983
0.0049689407
0.004823014
0.004724864
0.0047240476
0.004588945
0.0047094785
0.004735017
0.0046975324
0.004862345
0.00473948
0.004812006
0.0047804783
0.0046411124
0.0046988227
0.004749822
0.004723689
0.004669284
0.0047572316
0.0046923393
0.0048483717
0.0046370486
0.004777924
0.004655706
0.0046701846
0.004600313
0.0046386165
0.0046674004
0.0046303626
0.0045084916
0.0045827907
0.0047500697
0.004628243
0.0047723553
0.004695438
0.004739379
0.0047151316
0.00493902
0.004495232
0.0045422623
0.0045793094
0.0044367397
0.0044645197
0.0045079384
0.0044774828
0.0046163313
0.004601116
0.0045199953
0.004528166
0.0045929956
0.004586283
0.004607014
0.0045027426
0.004604207
0.0046885367
0.0045334906
0.0047097444
0.004508916
0.0045474954
0.0045071105
0.00444858
0.0045216
0.004407942
0.0045435033
0.0045043565
0.0044498574
0.0045124046
0.004469781
0.0045030233
0.0045179487
0.004567285
0.004594519
0.004441336
0.0044495994
0.0044570887
0.0044617984
0.004379645
0.004396412
0.0045361076
0.0045273006
0.0044306293
0.004356147
0.004656998
0.0045458362
0.0044893418
0.0044211308
0.004406699
0.0045556403
0.0045101275
0.004562965
0.004509885
0.004544917
0.0043853247
0.004557879
0.0043742354
0.004404884
0.004483563
0.0043650274
0.004481398
0.004440436
0.0043777875
0.0045791715
0.0044433284
0.0043687033
0.004377381
0.0045583565
0.004426893
0.0046444368
0.004432228
0.0044079414
0.0044481
0.0043609655
0.004311153
0.004396386
0.004333036
0.0043860157
0.0042750016
0.0043890444
0.00445338
0.0042919167
0.004208077
0.004347949
0.0043432745
0.0043487735
0.0043228325
0.0042444533
0.004301892
0.0044947024
0.004313678
0.0043474752
0.0042469595
0.004187565
0.0042922446
0.0043107355
0.0042278655
0.0042459005
0.00421753
0.004226633
0.00423625
0.004325113
0.004298123
0.0042801416
0.0043471605
0.004353886
0.004329105
0.004299906
0.0042794934
0.004212941
0.004228074
0.0041751894
0.0041386094
0.00447142
0.0042693103
0.004414384
0.0042415173
0.004225441
0.004153626
0.004195618
0.004341545
0.0043571256
0.004307986
0.0041455976
0.004159107
0.0041526626
0.0041206405
0.0043104673
0.0042538475
0.004167004
0.0042855754
0.004157536
0.004268274
0.0043248334
0.004285196
0.0043188315
0.004185343
0.0040904693
0.004254928
0.004146061
0.0042348877
0.0042186514
0.004161841
0.004217411
0.004159647
0.0041267336
0.0041424613
0.004341564
0.0041498146
0.0041943537
0.004153057
0.0040540155
0.0042294683
0.0041077724
0.004123573
0.004167605
0.0040940675
0.004203476
0.0042536976
0.0042134607
0.004137012
0.004214537
0.004044791
0.004141303
0.004212063
0.0041906475
0.004191794
0.004050864
0.004060247
0.004162872
0.004216319
0.0041512707
0.0041266284
0.004256436
0.004177496
0.0041611483
0.004115297
0.0041202395
0.004075109
0.0040700403
0.004192582
0.004247129
0.004054203
0.004111642
0.0040838234
0.003997404
0.004102829
0.0040687984
0.004045168
0.003952863
0.004056267
0.0042154444
0.004347552
0.00409808
0.0041202973
0.0040568467
0.004129109
0.0041407803
0.0041261967
0.004012
0.0040581315
0.004179282
0.004158194
0.004007206
0.0039319308
0.0040767896
0.004034366
0.0040889047
0.0040200897
0.00408173
0.0039949934
0.004050841
0.004140819
0.0040640924
0.004046658
0.0041075936
0.004251853
0.0039303345
0.004088666
0.0041053616
0.004056605
0.004184069
0.0040753614
0.004016224
0.004029458
0.004166584
0.004197745
0.0042064264
0.0040018847
0.004000734
0.0039760596
0.004025461
0.004105752
0.0039963988
0.0040900386
0.0040610163
0.0039683664
0.0041115573
0.0041328724
0.004112669
0.003928872
0.003933413
0.004007876
0.004041112
0.0038884573
0.003954428
0.0039672265
0.0039611487
0.0039784377
0.003983833
0.003978347
0.003901543
0.003939306
0.0039482624
0.0038583474
0.0041010077
0.0040540616
0.0038957128
0.0038876357
0.003917972
0.004033156
0.003926633
0.0038374825
0.0038850217
0.0038234908
0.00389179
0.0037203676
0.0038668476
0.003977059
0.0038848799
0.003860952
0.003955672
0.0037823257
0.003985131
0.0038326883
0.004006531
0.003954577
0.003984257
0.0039659822
0.0037716997
0.0040987753
0.0039540688
0.0038720658
0.0038559164
0.0038260373
0.003825283
0.003762235
0.0037404513
0.0037324305
0.003861445
0.0038094705
0.0037840845
0.003739456
0.003905504
0.0038890678
0.0038411715
0.0039649867
0.004082244
0.00392179
0.0037834162
0.0039729234
0.0037975025
0.0037114406
0.0040901913
0.0037573227
0.0037846908
0.003869139
0.004021776
0.0037932734
0.0038163976
0.0037963204
0.0038160419
0.0038483355
0.003751148
0.0037556328
0.0039077234
0.003756177
0.0037437615
0.003799374
0.0038134526
0.0036970947
0.0038392784
0.0037795193
0.0039102235
0.003782464
0.003887334
0.0037027812
0.0037878545
0.003783861
0.003816327
0.003804383
0.0038003537
0.0036917485
0.0037112883
0.0037938568
0.0037465568
0.0038820112
0.0038285558
0.003690219
0.0037418976
0.0036718177
0.0038791907
0.0037004515
0.0037712825
0.0037909432
0.0037006368
0.0037667667
0.0037535399
0.0037521631
0.0036932472
0.0036417404
0.0037358906
0.0037877955
0.0037087202
0.003715793
0.0037138518
0.0038837178
0.0037945735
0.003789857
0.0038783152
0.003769289
0.0037247485
0.0036374955
0.00369603
0.0036326826
0.0036557938
0.0036798788
0.0036596886
0.003690984
0.003673374
0.003742524
0.0037658315
0.0036622698
0.0037286517
0.0036167488
0.003687377
0.003625869
0.0035540361
0.0036118226
0.003664371
0.003728018
0.0036179759
0.0036008575
0.003802138
0.0036437942
0.0036468566
0.003667451
0.0036217354
0.0036552134
0.0037208893
0.0036981143
0.0036923513
0.0036878295
0.0036496152
0.0036647976
0.0036090729
0.0035867828
0.003680801
0.0035870008
0.003624599
0.003589587
0.0036144191
0.0035297829
0.0036702964
0.0036929848
0.003719875
0.0037167994
0.0036073246
0.0036729423
0.003818555
0.003695763
0.0036278882
0.0035516531
0.0036827854
0.0035405296
0.0036008782
0.0036173754
0.0036063108
0.0035343189
0.0036169316
0.0035556348
0.0035685003
0.0036335064
0.003671989
0.003527297
0.0035916907
0.0036838497
0.0035854597
0.0035719061
0.0035823558
0.0038249618
0.0035544024
0.003608794
0.003523168
0.0035270022
0.0035364174
0.0035848625
0.0034702844
0.0035692258
0.0034715277
0.0035691154
0.0035454107
0.0035941731
0.0035799453
0.0035084796
0.0034738672
0.0035057531
0.0035022376
0.003736436
0.0034686571
0.0036579587
0.0035332968
0.0036185575
0.0035122077
0.0035697187
0.003505353
0.0035382968
0.0035799327
0.0035947817
0.0034733508
0.0034613668
0.0034904454
0.0035148442
0.0034995456
0.0034364234
0.003540658
0.0035222962
0.0035684777
0.0036433064
0.0034940243
0.0035679652
0.003430745
0.003522244
0.003481758
0.0035462687
0.0034719026
0.003517378
0.0037045497
0.003620516
0.0035192342
0.003445452
0.003623168
0.003582159
0.0034945973
0.0034861225
0.0034858542
0.0035363485
0.003536328
0.0035223374
0.003726933
0.0036497728
0.003408832
0.003451459
0.0034934983
0.0035086859
0.0035025647
0.0036822532
0.0034716886
0.0035367776
0.0033864018
0.0035142906
0.0035229556
0.0034051028
0.0034912678
0.0035213153
0.0035305882
0.0035037454
0.003422265
0.0034728814
0.0034572294
0.0034189774
0.0034041256
0.0035108628
0.003387951
0.003408434
0.0034571062
0.0034104928
0.0034895998
0.0034446004
0.0034383384
0.0034707612
0.0034633286
0.0034431047
0.0034231239
0.0034745955
0.0034172584
0.0034404115
0.0035015505
0.003406254
0.0034306112
0.0033865443
0.0033921986
0.0035828429
0.0033928552
0.0033861238
0.003419536
0.003541809
0.003470707
0.0035316716
0.0033375334
0.0034767925
0.0033955472
0.0033673074
0.0034346986
0.003492531
0.0034942331
0.0033970987
0.0033686862
0.003411577
0.0033511992
0.0035385485
0.0033084464
0.0034711869
0.0034747168
0.003421486
0.00344171
0.0033807564
0.003731374
0.0034413629
0.0035913368
0.003345713
0.0033915672
0.0032675918
0.0033115933
0.0033179568
0.0033240742
0.0033941083
0.003318424
0.0033873806
0.0033507815
0.00333339
0.0034199518
0.003404016
0.003344987
0.0033054901
0.0032689243
0.0032806774
0.0033827017
0.0034078143
0.0033527326
0.0033677623
0.003340504
0.0033699146
0.003394032
0.003282875
0.0032105662
0.0032855035
0.0034126916
0.0033128448
0.0033044745
0.0033149188
0.0034621484
0.0032769858
0.0034245283
0.0033072045
0.0033128236
0.0033287408
0.0032809107
0.0032860914
0.0033005988
0.003262993
0.0032899445
0.0032733344
0.0032433989
0.0033692142
0.0033462793
0.0032471993
0.0033312086
0.003301875
0.0032746287
0.0032024803
0.003359175
0.0032469984
0.003419621
0.0033024936
0.0033429088
0.0033260481
0.0033305064
0.0033155049
0.0033183584
0.003305776
0.003276863
0.0032704966
0.0032411623
0.0034089733
0.0032231703
0.003277023
0.0033408853
0.003245849
0.0034691729
0.0032594877
0.0032657078
0.0031992819
0.0033531876
0.0033244076
0.0032406002
0.003211836
0.0032362184
0.0032513842
0.0033098871
0.0033332447
0.003204972
0.0032721155
0.0032037531
0.0032915573
0.0033770131
0.0032152631
0.003273882
0.0031937137
0.0032847049
0.0033823787
0.0034297716
0.0032040596
0.0032172839
0.0031387007
0.003257455
0.0032905808
0.0031843726
0.0033246514
0.0032276853
0.003328365
0.0032998738
0.0032056652
0.0034192875
0.0033455086
0.0032647895
0.0033144045
0.003243589
0.0031378544
0.0034714548
0.0032253868
0.0031734135
0.0032011585
0.003132955
0.0032273736
0.0031593174
0.00322586
0.0033761263
0.003152056
0.003128859
0.0031962374
0.0031586005
0.0031388907
0.0031463243
0.0031681615
0.0032839705
0.0033997996
0.0031232056
0.0031287437
0.003152045
0.0031438118
0.0031573973
0.003228673
0.0032062232
0.0032140955
0.0033047297
0.0032656188
0.003300798
0.0034249667
0.0032206737
0.003178228
0.003229706
0.0031536296
0.0032652
0.0031298643
0.0031708123
0.003290379
0.003175918
0.0031590923
0.0032439353
0.0032610467
0.0031272701
0.0031933158
0.0032029205
0.0031579377
0.0031917666
0.0031412696
0.0032070787
0.0032228353
0.0031892057
0.0031172398
0.003200407
0.0033157954
0.0031469367
0.0031349468
0.003205396
0.0031083967
0.0031154347
0.003200725
0.0031705217
0.0031220894
0.0031546028
0.0032237174
0.003052051
0.0032455083
0.0031147627
0.003195764
0.003130898
0.0031281859
0.003100127
0.0031356553
0.003067896
0.0030791883
0.0031345317
0.003121854
0.003092688
0.0031639622
0.0031082146
0.0032367443
0.0032428738
0.003129495
0.0031993657
0.0031555982
0.0032095213
0.0031671529
0.003211956
0.003131084
0.0032133088
0.0031186836
0.003127699
0.0031097992
0.0032397483
0.003123879
0.0030758972
0.0031942476
0.0031052188
0.003112191
0.0032043448
0.003041119
0.0031334863
0.0031371738
0.0031107161
0.0032284164
0.0032233482
0.0031837446
0.0030826484
0.0031602718
0.0031084511
0.0032313755
0.003048936
0.0031060262
0.003051218
0.0032130873
0.0031333677
0.0029908207
0.0030707638
0.0030365945
0.003127675
0.0030817362
0.0030017006
0.003076059
0.003082144
0.0030741382
0.0030338839
0.0030442143
0.003050146
0.0031380008
0.0031101455
0.003062148
0.0030546892
0.0030984245
0.0030181848
0.0030308366
0.003039623
0.0031188503
0.003057033
0.0030495452
0.0030150663
0.002989809
0.0030855802
0.0030774986
0.0029634659
0.0030132725
0.0031497953
0.0030098928
0.0031014879
0.0030503457
0.003036004
0.0029918444
0.0030377663
0.0030041225
0.0030089426
0.003014243
0.002983015
0.0031009843
0.0029988375
0.0030414923
0.0029842309
0.0032171153
0.0031014187
0.0030583283
0.003106286
0.0030945658
0.003025456
0.0029998792
0.0029613455
0.0029921343
0.0029736748
0.0030904284
0.0029581513
0.0030941877
0.0030094052
0.0029360324
0.002958994
0.0030056937
0.0029850767
0.0029487354
0.0029829156
0.0030591304
0.002985172
0.0030343595
0.0030754586
0.003003259
0.0029279704
0.003060503
0.0030082008
0.002933255
0.0030148919
0.003036446
0.0029578442
0.0030003332
0.002938156
0.0029667204
0.0029557836
0.0029461195
0.0032455018
0.0029829962
0.0030120602
0.0030651272
0.0030062117
0.0030493469
0.002927051
0.0029570202
0.0030196188
0.0029959767
0.0029365208
0.002913834
0.002906223
0.0029460285
0.0030127435
0.0029802881
0.0030181676
0.002985885
0.00302905
0.0029832213
0.0030979707
0.0030161194
0.0029671933
0.0028978786
0.002936614
0.0030153699
0.002965758
0.002907616
0.0029193624
0.0029350151
0.0029358543
0.0029970843
0.0029262812
0.0028942458
0.002934423
0.0029440692
0.0029478066
0.0029709437
0.0030071775
0.002901621
0.0030255415
0.0029383895
0.0029133954
0.0029666969
0.0028791039
0.002972996
0.0030264205
0.0029028822
0.0029619138
0.0029347793
0.0029392792
0.0029259832
0.0029487489
0.0029717926
0.0028958016
0.0031094647
0.0028902881
0.0028742033
0.0029798616
0.0030020934
0.0029101518
0.002984395
0.002973332
0.002883281
0.002935559
0.0029539145
0.0029016803
0.0030132858
0.0029429938
0.0029208947
0.0029059572
0.0029346752
0.002924433
0.0029238237
0.002986849
0.0028982293
0.0030078946
0.0028226958
0.0029167791
0.002888065
0.0030193953
0.002995829
0.0028877857
0.0028765197
0.0028717925
0.0029277774
0.0028975876
0.0030424509
0.0029169559
0.0029259261
0.0029020978
0.0028544944
0.0028600139
0.002854058
0.0029380491
0.0028125064
0.0029352566
0.0028808466
0.0028888811
0.0029066028
0.0029390033
0.0029045488
0.0028484412
0.0029631755
0.0028866546
0.0029389265
0.0028794282
0.0028521898
0.0028719646
0.002831335
0.002873664
0.002866507
0.0028674065
0.0029174543
0.0028203363
0.0029063188
0.0028781302
0.0028876858
0.0028943757
0.0029196483
0.0028683962
0.002974491
0.0030064294
0.002864188
0.002805198
0.0029370347
0.0028274674
0.0028503742
0.002874123
0.0029222826
0.0028758207
0.0029011974
0.0029437232
0.002956942
0.0028213207
0.0028425215
0.0028412754
0.0028768112
0.0028679168
0.0029465281
0.002886363
0.0029549126
0.0028721842
0.0028453572
0.0028213891
0.002840528
0.0029223775
0.002802115
0.002806865
0.002833538
0.0028338186
0.002916764
0.0028527512
0.0028623168
0.0029410012
0.0028392384
0.0028125665
0.0029008004
0.0028120964
0.002958342
0.0028165812
0.002863452
0.0028936558
0.0028518303
0.0028433697
0.0029126098
0.0028060293
0.00284388
0.002815937
0.0028274425
0.0028738976
0.0028541626
0.002862991
0.0029369951
0.0028828909
0.0028579065
0.0029387036
0.002834253
0.0029447011
0.0028109942
0.0028247265
0.0028933394
0.002905496
0.0027585293
0.0028275822
0.002916942
0.002888844
0.0028214057
0.0027489047
0.002793375
0.002866141
0.0027861947
0.0028524396
0.002859983
0.0028369508
0.0028180662
0.0027712053
0.0028611552
0.0028925168
0.002887753
0.002829296
0.00279314
0.0027991063
0.0028139923
0.0028754754
0.0028471341
0.0029217466
0.0028134338
0.002816941
0.0028932241
0.0028375422
0.0029943497
0.002803321
0.002799686
0.002835953
0.0028242976
0.0028291869
0.0028875833
0.0027821918
0.0028036563
0.0027599412
0.0027358218
0.0027809346
0.0028235326
0.0028102528
0.0027701105
0.002741062
0.0027888585
0.0027375028
0.0028670626
0.0028939373
0.0027986935
0.002812375
0.002796478
0.0028362183
0.0028614649
0.002841302
0.002773563
0.002744505
0.0027721962
0.0028549186
0.0028811789
0.0028645669
0.002822511
0.0027493595
0.002752374
0.0027496305
0.0027310299
0.0027132386
0.0027667186
0.002841986
0.0029038554
0.0028165535
0.002763342
0.002795647
0.0027947775
0.002847735
0.0027754507
0.0027603009
0.0028688002
0.0027494482
0.0027505218
0.0027981342
0.0027889272
0.002811689
0.0027621042
0.0027735927
0.0027277567
0.002752936
0.0028323731
0.0028152321
0.0028209842
0.0027335135
0.0027587058
0.0027805204
0.0027593113
0.002691792
0.0027832105
0.002784555
0.002702255
0.0027236491
0.0028063308
0.0026987381
0.00281711
0.0028278704
0.0028238045
0.0027174768
0.0027462768
0.0027231441
0.0027195257
0.002762023
0.0027234713
0.0027212312
0.002681941
0.0026819888
0.0028283172
0.0027718975
0.0027114125
0.0027440742
0.0027239444
0.002672846
0.0027432737
0.0027602518
0.002729837
0.0027129
0.002710448
0.002809595
0.002728379
0.0027010727
0.0027486542
0.0027603484
0.0027856273
0.002683193
0.0027839078
0.0027120782
0.0026922673
0.002688801
0.002719067
0.0027177196
0.00272943
0.0026990045
0.002662772
0.0026802272
0.0027227
0.0026615118
0.0027331715
0.0026694029
0.0027062218
0.0027027146
0.0027777224
0.0026964038
0.0026644203
0.0027494407
0.0026412918
0.0026762441
0.0028740496
0.0027735475
0.0027545826
0.0027444775
0.002761076
0.0027465813
0.0026837983
0.0027090977
0.0027605044
0.0026827485
0.0026756003
0.0026932273
0.002728958
0.0026546598
0.0027065622
0.0026403351
0.0026922978
0.002667149
0.002826546
0.0026702494
0.0026959344
0.0026848933
0.00268505
0.0026871667
0.002774088
0.002761966
0.002777326
0.0027258927
0.002667275
0.0026387584
0.002744674
0.0026492947
0.0027188803
0.0026624885
0.0026185163
0.0026491072
0.0026381155
0.0026274233
0.0026985118
0.0026032245
0.0027022248
0.0027266948
0.0027077042
0.002691364
0.002609184
0.0026918503
0.0026473005
0.0026472039
0.002763387
0.0026712061
0.0026878198
0.0026324375
0.0026918494
0.0026153582
0.002658126
0.0027233795
0.0027101631
0.0026774732
0.0028008618
0.002809583
0.0026573588
0.0027085776
0.002619263
0.0026848617
0.0026181675
0.0027388313
0.0025773235
0.002561857
0.0026345
0.002728596
0.0025765393
0.0026874375
0.0026004766
0.0027248326
0.0026902
0.0026554517
0.0026353216
0.0027176656
0.0027168985
0.0026748553
0.0026226162
0.0026599804
0.0025866085
0.0026518165
0.0026803312
0.002642149
0.002664386
0.0026221136
0.0025919767
0.0026694653
0.0025686042
0.0025697988
0.002693504
0.0026058229
0.0026618522
0.0026885078
0.002608844
0.002638074
0.0026706872
0.0026231841
0.002596712
0.0026452902
0.0025999816
0.00266567
0.0026186495
0.002588496
0.0026035532
0.0026146565
0.0025770324
0.00265159
0.0025683364
0.0026437307
0.0026865895
0.0025662947
0.00259581
0.002558147
0.0026650422
0.0026197073
0.0025835275
0.00257797
0.002635385
0.0025719244
0.002572453
0.0027998625
0.0025889836
0.0026406979
0.0025561687
0.0026863336
0.002744464
0.002665083
0.002561336
0.0026110266
0.0026026252
0.0026487852
0.0025783905
0.0026160346
0.0026094131
0.002713173
0.0025834464
0.0026471056
0.0025726361
0.0025683292
0.0025592537
0.002586913
0.0025862623
0.0025658212
0.0025592654
0.0026223322
0.0025720424
0.0025933112
0.0025501754
0.0027474842
0.002605311
0.0026123864
0.0026397763
0.0026077467
0.0025624756
0.0025557163
0.0026987328
0.0025405441
0.0026114204
0.002554054
0.0025623941
0.0026004459
0.0026856314
0.0026006657
0.0027192363
0.0025799784
0.0025230823
0.0025448524
0.002559016
0.002535857
0.002557583
0.0025219577
0.0025735875
0.002573548
0.002546695
0.0025552174
0.0025952847
0.0025409476
0.002634807
0.002586717
0.002513297
0.0026020145
0.0025256276
0.0026465666
0.0025299168
0.0024976952
0.002515381
0.0025777735
0.0024822268
0.002556748
0.002537896
0.002558245
0.0025516073
0.0026438872
0.0024860983
0.002562357
0.002591359
0.0026238828
0.0025591326
0.0025409316
0.0026303746
0.002584788
0.0024614665
0.0025170064
0.0025504248
0.00256022
0.0024793912
0.0025001648
0.0025711732
0.002553169
0.0025630025
0.0026390806
0.0025715025
0.002526755
0.002501975
0.002573106
0.0025918798
0.0025674289
0.0026223327
0.0024952183
0.0025413828
0.0025528416
0.002553384
0.0025960507
0.0025094177
0.0025405895
0.0025564677
0.0024778254
0.0024821418
0.0025033078
0.0024797153
0.0026238665
0.0025208252
0.002604372
0.0025228653
0.002538555
0.0025679106
0.0025192844
0.0024437928
0.002490289
0.0024723953
0.002561645
0.0025639927
0.0025011858
0.00245794
0.0025482296
0.002512067
0.0025031597
0.002568273
0.0024565551
0.0026130183
0.0025421425
0.0025873452
0.0025391385
0.0026123116
0.0024996125
0.0025446368
0.0025088724
0.0025739344
0.0025133938
0.0025302116
0.0025028405
0.0024994358
0.0025501237
0.0024623773
0.0025047055
0.00249412
0.0024898215
0.0025448902
0.0024787178
0.002482335
0.0025892162
0.0024624353
0.0025106107
0.0024305608
0.002489996
0.0025092002
0.0025099525
0.0024377205
0.002543432
0.002524714
0.0025191768
0.0025127153
0.0025128417
0.00244657
0.002588195
0.002510859
0.00248934
0.0024927347
0.0025322118
0.002486731
0.0025062012
0.0025104159
0.0024814163
0.0025309213
0.0025519587
0.0024969461
0.0024978851
0.002514442
0.0024589717
0.0024816485
0.0025002926
0.0024952928
0.002484104
0.0024172554
0.002427724
0.0025207591
0.0024491749
0.0024974947
0.0025048037
0.0024655575
0.0024037783
0.0024558457
0.0025239135
0.0024258369
0.0025832811
0.0024979548
0.002550332
0.0024710149
0.0024747043
0.002546996
0.0024877707
0.0024688074
0.0025084442
0.0025895147
0.0024117487
0.002549423
0.0025358393
0.0024554664
0.0025671509
0.0025429593
0.0024468224
0.0024410228
0.0024812135
0.002446007
0.0024555498
0.002419132
0.0023860883
0.0024566567
0.0025300162
0.0025231128
0.0024451602
0.0024567053
0.0024808184
0.0024778803
0.0024273507
0.0024312143
0.0024532017
0.0025993322
0.0024561568
0.0024952085
0.002474695
0.0024354246
0.0024446042
0.0024168978
0.002516876
0.0024034225
0.0025070352
0.002528732
0.002431272
0.0025053532
0.0024239267
0.002464291
0.0024305054
0.0025013068
0.0024622642
0.002482386
0.002387674
0.0024969224
0.0024289466
0.0024117695
0.0025722245
0.0024537093
0.0024528808
0.0024715238
0.0024712516
0.002448979
0.002448387
0.0025641257
0.0024884942
0.0024200436
0.0025046922
0.0025044777
0.0024194864
0.0024141343
0.0023710183
0.0023950874
0.0024180703
0.00240003
0.002483256
0.0024132645
0.0023980096
0.002437919
0.002463189
0.0024825486
0.0025207426
0.0024850273
0.0024769031
0.0024195965
0.0023650692
0.0023953214
0.0024063578
0.0024284332
0.0024168738
0.0024278548
0.0024732251
0.0023885584
0.0024360537
0.002513352
0.0024248222
0.0024117746
0.0023808826
0.002429228
0.0024435038
0.0024780403
0.0023891297
0.0024116396
0.002418684
0.002485491
0.0024209055
0.0024157793
0.002396742
0.0024086165
0.0024986847
0.0023646886
0.0024302062
0.0024520918
0.0024446053
0.002444191
0.0024311799
0.0024093322
0.0024373955
0.0024743304
0.0024211425
0.0025286882
0.0023686872
0.00244466
0.002423023
0.0024043832
0.00246337
0.0024293151
0.0024179716
0.0024165427
0.002391757
0.0024683352
0.0024131613
0.0023712174
0.002398323
0.0023624245
0.0024118228
0.002420578
0.002327826
0.002498741
0.0024256264
0.0024120638
0.002405633
0.0023936306
0.0023672956
0.0024639482
0.0023660096
0.002413686
0.0023226324
0.0024198287
0.002347285
0.0023863174
0.0024768515
0.0024040926
0.0023743268
0.0023904494
0.0023289141
0.0024596998
0.002413681
0.0023981493
0.002550198
0.0024471595
0.0024190492
0.00234991
0.0024160435
0.0024123807
0.0023768411
0.00234261
0.0023643519
0.0024278318
0.0024554266
0.0024228655
0.0024123732
0.0024170866
0.0023684246
0.0023489855
0.0023760737
0.0023619318
0.0023944632
0.002331196
0.0023979729
0.002371533
0.0024100668
0.0023911502
0.0023601172
0.0024339375
0.0023405065
0.0024040483
0.0023991826
0.0025118452
0.002342537
0.0025004577
0.0023415124
0.002441256
0.0023597777
0.0023616117
0.0023724537
0.0022933006
0.0023656795
0.0024020348
0.0024140754
0.0024317168
0.0025244218
0.0023047482
0.0024067473
0.0024468252
0.0023285307
0.0023339845
0.0023532233
0.002429533
0.0023440453
0.002349987
0.0024118691
0.002403156
0.0023850712
0.002323646
0.0023806004
0.002347728
0.0023196915
0.0023949866
0.002328605
0.0023291076
0.0023769713
0.0024053417
0.00234638
0.0024215896
0.0023486922
0.0024094034
0.00233512
0.00234876
0.0023339463
0.0023409168
0.0023483308
0.002379764
0.0023745135
0.0023784677
0.0023236626
0.0023602461
0.0023101019
0.0023170654
0.002364259
0.002336424
0.0023336357
0.0023386276
0.0024014374
0.0024382612
0.0023961216
0.0023479767
0.0023717517
0.0024124894
0.0023761098
0.0023718483
0.0023446584
0.0024220592
0.0023589735
0.0023609141
0.0023129438
0.0023259013
0.0023460896
0.0023246633
0.0023110015
0.0023394441
0.0023673717
0.002336657
0.0023531169
0.0024062188
0.0024220955
0.0023980194
0.002325742
0.0023582883
0.0022928473
0.0024423662
0.002301718
0.0022958498
0.0023185024
0.0023353018
0.0023247972
0.0023014268
0.002292927
0.0024080889
0.0023161804
0.0023491974
0.0023560708
0.0023808482
0.0023069954
0.0023114139
0.0023332094
0.0023650296
0.0023163941
0.002474437
0.0023259562
0.00238018
0.002389011
0.0024323491
0.002290771
0.0023203252
0.0022661013
0.002351097
0.00229411
0.0023371412
0.0023580452
0.0023133568
0.0023089312
0.0023862144
0.00233503
0.0023577611
0.0023497613
0.0022740953
0.002352969
0.002265025
0.0023180682
0.0022584128
0.002358947
0.0023918014
0.0023508912
0.0023389424
0.0023067829
0.002326921
0.0023022236
0.002293543
0.0023180756
0.0022832993
0.0023702357
0.0023682327
0.0023213753
0.002377421
0.0023291663
0.0023204193
0.002381103
0.002321545
0.0023457797
0.0023282242
0.0023131901
0.0023146612
0.0023028085
0.0023091238
0.002307838
0.0023264876
0.0023504735
0.0023750057
0.0022771547
0.0022654417
0.002296653
0.002282728
0.0022721484
0.0022922445
0.0022488597
0.0023790945
0.0023118285
0.0022812816
0.002241927
0.0023934008
0.0023148765
0.0023349759
0.0023382565
0.002438266
0.0023140837
0.0022734294
0.0023802938
0.0023298245
0.002307778
0.0023463217
0.0022855808
0.0023002152
0.0023573346
0.0022986098
0.00225726
0.0022488604
0.0023201457
0.0022904612
0.0023467203
0.0022933588
0.00235387
0.0023513383
0.0023302664
0.002277037
0.0023514528
0.0022814428
0.0023436737
0.0023072383
0.0022358291
0.0022777747
0.0022527827
0.0023177194
0.0023238142
0.0023231222
0.0022640226
0.0022594961
0.0023170935
0.002358226
0.002247343
0.002275151
0.0022521347
0.002309068
0.002255009
0.0022703952
0.0022957963
0.0022781885
0.0023247537
0.0023058238
0.0022374503
0.002226303
0.002246351
0.002279757
0.0022437037
0.0023291998
0.0023167536
0.002330054
0.0022938307
0.0023504638
0.0023245276
0.0022873904
0.0023193285
0.0022632119
0.002202337
0.0022310745
0.0022862512
0.0021995516
0.0023418416
0.0022159622
0.0022184432
0.0022314964
0.002274013
0.0022493894
0.0022330226
0.0023144714
0.002210742
0.002317452
0.0023057137
0.0022224656
0.0022028221
0.002326124
0.0022937146
0.0022505976
0.0022846838
0.0023556605
0.002265688
0.0022931013
0.0022346955
0.0022373465
0.0022579578
0.0022212581
0.0022351206
0.0022396157
0.0022404713
0.002317444
0.0022023898
0.00228368
0.0022299732
0.0022310272
0.0022747
0.0022451917
0.0022107048
0.0022304945
0.0022986685
0.0022810276
0.0021780427
0.002317839
0.0023078253
0.00226356
0.0022195026
0.00229481
0.0022449947
0.0022422313
0.0022934559
0.0023228482
0.0021989048
0.0022695474
0.0022627637
0.0022633523
0.0022957667
0.00220131
0.0023322017
0.0023405026
0.002256873
0.0022830868
0.0022586992
0.0022363926
0.0022517364
0.002279081
0.0022588652
0.0023236147
0.0023368457
0.0022036817
0.0022068645
0.0022641898
0.0023081722
0.002234962
0.0022108655
0.0022595585
0.0022238137
0.002340003
0.0022835708
0.0022215603
0.0022952703
0.0022081858
0.0021958754
0.0021896798
0.0022082196
0.0022330987
0.0021961771
0.0022294782
0.0022506358
0.0023927405
0.002233827
0.002205318
0.0021910213
0.0022203638
0.002208512
0.002268255
0.0021918206
0.0022102518
0.002279602
0.002214434
0.0022338892
0.0021587072
0.002212469
0.0021983047
0.0022757591
0.0022241643
0.0022065688
0.0022233713
0.0022354445
0.002207268
0.002243423
0.002200927
0.0022631448
0.0021990812
0.0022073677
0.0022617206
0.0022835885
0.0022135533
0.0021980766
0.0021895906
0.0022303176
0.0021652363
0.0022241075
0.002296828
0.0022197524
0.0022450495
0.0022949986
0.0021819428
0.0022194842
0.0021616735
0.0022431028
0.0022477207
0.0022076236
0.0022833932
0.0022871997
0.0021856406
0.002241707
0.002203514
0.0022916056
0.0021864623
0.0022448658
0.00221511
0.0022226705
0.002223873
0.0021910341
0.002223085
0.002285945
0.0022712843
0.0021923136
0.0022491426
0.002174043
0.0022095204
0.002267567
0.0022269585
0.0022227932
0.0022727363
0.0023323921
0.002282808
0.0022093332
0.0021992212
0.0021985762
0.0022194586
0.002217647
0.002221422
0.0023040713
0.0023370967
0.0022375784
0.0022888787
0.0021760578
0.0021826283
0.0022618629
0.0022160423
0.0022140662
0.00218084
0.0022199056
0.0022065935
0.0021742666
0.0021644244
0.0022331318
0.0021972905
0.0022170567
0.002218438
0.0024134014
0.00223795
0.0021773102
0.0022125598
0.0022350603
0.002214118
0.0022556533
0.0022219077
0.0022296053
0.002205166
0.0022593169
0.0022415738
0.002203732
0.0021964728
0.0022190597
0.0022139899
0.002246087
0.0021626116
0.0021486038
0.0021990724
0.002197197
0.0022171808
0.0021960693
0.0021865214
0.0022252456
0.0021775782
0.0022078562
0.0021749816
0.002265205
0.002184508
0.002174879
0.0021967434
0.0022241555
0.0021556078
0.0022637167
0.0021822029
0.0021908083
0.0021670412
0.002220585
0.0022242593
0.002163086
0.0022222893
0.0022071956
0.0021962044
0.002207386
0.0021456287
0.0021815668
0.002189628
0.0022899597
0.0021732852
0.002234643
0.0021726384
0.002125832
0.002194359
0.002288241
0.0021534755
0.0021183465
0.0021364093
0.0021233247
0.0022032356
0.0021957136
0.0022143687
0.0021706987
0.002179226
0.002183283
0.002213961
0.002236564
0.002222464
0.0020961033
0.0021396617
0.0021913652
0.0021488566
0.0022131344
0.002148304
0.002216935
0.0021759027
0.0021295007
0.0021708868
0.0021143712
0.0021667166
0.0021323632
0.0021625308
0.0021275387
0.0021499277
0.0022804085
0.0021678517
0.0022936987
0.0021333832
0.0021884793
0.0022714296
0.0021750648
0.0022771682
0.0022181252
0.002201927
0.0023889025
0.0022273941
0.0022530414
0.00226208
0.0022768904
0.0022080503
0.002227652
0.0022263706
0.002177339
0.0022052645
0.0021855456
0.00210647
0.0021697434
0.0022731554
0.0021892444
0.0022232556
0.0021577033
0.002169845
0.0022073667
0.002189465
0.0021500196
0.0022326945
0.002327353
0.0021808217
0.0021730147
0.0021632402
0.002176892
0.0021534094
0.002136134
0.002186321
0.002158385
0.002150092
0.0021407006
0.0021650034
0.0021469635
0.0021978067
0.0021898544
0.0021261086
0.0021117164
0.0021998896
0.0021396044
0.00224208
0.002142661
0.0022470313
0.0020960704
0.0021343096
0.0021273855
0.0021694861
0.0020990237
0.0022071488
0.00213153
0.0021330772
0.0022548568
0.0021742703
0.0021770275
0.0021524834
0.002107188
0.002101342
0.0021652326
0.0021471372
0.0021160909
0.0021706407
0.0021060915
0.0021318756
0.0021626062
0.0020873914
0.002128867
0.0021198436
0.0021736731
0.0021868444
0.0021468399
0.0021509773
0.002252196
0.0021479237
0.0021886504
0.002179538
0.0021117888
0.0021272704
0.002173158
0.0021155195
0.002138999
0.0021020214
0.0021116359
0.0021329632
0.0022171978
0.0021401565
0.0021562392
0.0021451837
0.0022347006
0.0021430585
0.0021070684
0.0022238332
0.0021805074
0.0020979801
0.0020840683
0.0021007126
0.0021244187
0.0021067783
0.002114783
0.00218797
0.0021292362
0.0021640975
0.0021122333
0.0021765023
0.002208872
0.0020996586
0.0021845344
0.0022242775
0.0021411176
0.0021242052
0.002118187
0.002141094
0.0021480264
0.002163998
0.0021343434
0.0020846373
0.0021463255
0.0021065294
0.0021226795
0.002127985
0.0021295645
0.002201799
0.0021475137
0.002178595
0.0021158152
0.0020939386
0.002150834
0.002177301
0.002048939
0.0021406517
0.0021293971
0.0021273314
0.002193631
0.0021572642
0.0020992698
0.0021223722
0.0021280437
0.0021142776
0.0020979953
0.0020881363
0.0022021886
0.002123046
0.0020540508
0.002076347
0.0022113386
0.0021344875
0.002097507
0.0021003305
0.0020519726
0.002065931
0.0020899721
0.00209007
0.0020759236
0.0021124217
0.0020841826
0.0021464208
0.0020935894
0.0021023594
0.0021051036
0.002124522
0.0021636754
0.0021665567
0.0020788587
0.0021512562
0.0020988171
0.0021427083
0.0021383287
0.0021413853
0.0021113118
0.00218098
0.0021285152
0.002163438
0.0020638262
0.0021333864
0.002058574
0.0021275165
0.0021282525
0.0021324405
0.002152039
0.0020402966
0.002108628
0.0021334628
0.0020926907
0.0020769706
0.0020742978
0.0020543407
0.0020734842
0.0020836587
0.0021552432
0.002080347
0.002189967
0.0020686316
0.0022139975
0.0021473668
0.002114925
0.002136452
0.0021235459
0.002108283
0.0021163325
0.0021666756
0.0021314092
0.0020983077
0.0021955722
0.0021256942
0.002197545
0.002090986
0.002060448
0.002080293
0.0021566239
0.0020400493
0.0021201724
0.0020956816
0.002096821
0.002066895
0.002110376
0.002158664
0.002036405
0.0020842222
0.0021186958
0.0021137842
0.002143978
0.002111131
0.0020596036
0.0020658234
0.0020727825
0.0021854937
0.0020624956
0.0020108905
0.0020499763
0.0020597077
0.002096398
0.0020906106
0.0020885693
0.0020681843
0.0020522121
0.0021022062
0.002107146
0.0021292905
0.002046484
0.0020935698
0.0020708707
0.0021901426
0.002149765
0.0021847656
0.0021135788
0.0021879992
0.0020834121
0.0021217354
0.00205008
0.0020705462
0.0021160878
0.0021004484
0.002021734
0.0020427387
0.0020712286
0.0020553113
0.0020699133
0.0021032235
0.0020708044
0.002074325
0.0020246718
0.0020463078
0.0020934923
0.0020720053
0.0021159605
0.0020950043
0.0020443054
0.0021170136
0.0020795676
0.0020588746
0.0020257335
0.0020142405
0.0020721692
0.002182219
0.002066464
0.0020953564
0.0020554818
0.0020751415
0.0020652434
0.002075322
0.0020588688
0.00215876
0.0021129136
0.0020865875
0.002082413
0.0020962497
0.0021599976
0.002074406
0.0021358954
0.0021190338
0.0020576795
0.0021010528
0.00208191
0.002009667
0.0021093714
0.0022510078
0.0022211866
0.0020689797
0.0020925102
0.0020499385
0.0020195467
0.0020967317
0.0020328793
0.0020138866
0.0020267675
0.0020633787
0.0021010654
0.0020506226
0.0020945375
0.0020438395
0.002190619
0.0020713403
0.0020104493
0.0021013007
0.0020338632
0.0020492352
0.0020223733
0.0020594865
0.00200959
0.0020441925
0.0020723145
0.0021746084
0.0020541681
0.0020656858
0.002050676
0.0020038872
0.0020330085
0.0021385194
0.0020875055
0.0020604883
0.0020533246
0.0020969075
0.0020076595
0.002038584
0.001971356
0.0020631466
0.0019842128
0.0020860126
0.0020131816
0.0020364868
0.0021516338
0.0020566185
0.0020415543
0.0020243642
0.0020847449
0.0020518166
0.0020876871
0.002058166
0.0020973335
0.002160288
0.0020392714
0.002022245
0.002091271
0.00204948
0.0020937952
0.002049884
0.0020567863
0.002035085
0.002144514
0.0020333487
0.0020826736
0.0020773925
0.0020503623
0.0020431431
0.0020278976
0.0020452982
0.0019977347
0.0021747092
0.0020375776
0.0020330066
0.0020612753
0.0020932576
0.0020187472
0.0020742568
0.0020253267
0.0020531835
0.0020533043
0.0020355894
0.0020687655
0.002071246
0.002071232
0.0020972309
0.0019936215
0.0020175816
0.0020074223
0.0020794328
0.0020405913
0.0020097469
0.0020527286
0.0020518529
0.0020464554
0.0020046372
0.0020464163
0.002050962
0.0020825968
0.0020160836
0.0020198214
0.0019768947
0.0020665673
0.0019542596
0.0020358146
0.0020281686
0.0019893623
0.0020496675
0.001958563
0.0020398125
0.0020317764
0.0020377256
0.002044216
0.0021126068
0.0020409871
0.0021166604
0.002005569
0.0020090495
0.0020847567
0.0020931181
0.0020426693
0.0020445974
0.0021578693
0.0019534386
0.0020051904
0.0019511688
0.002039258
0.0020330667
0.002011855
0.002062623
0.0020164277
0.0020395603
0.0020517062
0.0019328241
0.0020483255
0.0020246666
0.002039688
0.001954153
0.0019808076
0.0019886103
0.0019557842
0.0019944815
0.0019750467
0.00200489
0.0020179632
0.001951312
0.0019351711
0.002008429
0.0019603607
0.0019685186
0.0019887635
0.0020434905
0.0020038462
0.002022045
0.0020551805
0.0019819124
0.0020463646
0.0019343564
0.001975349
0.00198357
0.0019668846
0.0020641226
0.0019604866
0.001971393
0.0019534207
0.0020395152
0.0019765203
0.0019613453
0.0020004625
0.0019605954
0.0020975322
0.0020499148
0.002029433
0.0020819393
0.001959928
0.0020274497
0.002046356
0.001992198
0.002009064
0.0019752586
0.0019425914
0.0020051769
0.0020251244
0.0019672196
0.0020098682
0.0019770325
0.0020380283
0.0020840534
0.0019856845
0.00195479
0.0019837392
0.0020331133
0.0020281586
0.002066205
0.0020983913
0.0019291306
0.0020859928
0.0020081194
0.002108644
0.0019955197
0.0019913728
0.002004414
0.0019341807
0.0019857415
0.002009811
0.0019874256
0.0019713014
0.0019538833
0.001964297
0.0020029708
0.0019714886
0.0019314439
0.001973013
0.0019999587
0.0020153145
0.0019903847
0.0019265651
0.0019363229
0.0019961204
0.0020231868
0.0019934874
0.00192399
0.0019507098
0.0019995696
0.0019645137
0.0019655344
0.0019426529
0.0019954254
0.0020121569
0.002017846
0.0019562105
0.0020011922
0.0020104174
0.0019969738
0.0019843527
0.0019948152
0.002070775
0.0020656863
0.001992956
0.00200557
0.0019983093
0.0019608494
0.0019880296
0.002035975
0.0019836286
0.001986998
0.001935222
0.0019895332
0.0019504054
0.0020329854
0.0019594433
0.0019656424
0.0019148492
0.0019426493
0.001965902
0.0019741068
0.0019671938
0.0020815432
0.0019485701
0.0019599411
0.0020330402
0.0020204366
0.001978502
0.0020056432
0.0019602603
0.0019743966
0.002001933
0.001977706
0.0019356486
0.0020728158
0.0019762702
0.0019672741
0.0019436401
0.002056085
0.001993974
0.0019728397
0.0019665624
0.0019517038
0.0020033985
0.0019092438
0.0020215514
0.0019467309
0.0019705235
0.0020054157
0.0019618156
0.0019289987
0.0019330604
0.001971161
0.0020019417
0.0019578622
0.002030117
0.001948679
0.0019473352
0.0019693538
0.0019550745
0.0019689861
0.0019233191
0.001962963
0.0019798966
0.0020630178
0.0019262338
0.0019084859
0.0018868903
0.0020117443
0.0020216836
0.0019316027
0.00201537
0.001959982
0.0019668892
0.0019471378
0.0019472132
0.0020413122
0.001946493
0.001937677
0.0019094512
0.0019752162
0.0019523052
0.002011842
0.0019394077
0.0019532528
0.0019620636
0.002071007
0.0020133676
0.0019966345
0.0019525458
0.0019472843
0.0019551744
0.002069778
0.0020233628
0.0020712512
0.0020030893
0.0019462253
0.0019436335
0.0020431995
0.0019288573
0.0019862356
0.0019625935
0.0019958154
0.001954011
0.0019514085
0.0019678257
0.0019187261
0.0019455741
0.0019379494
0.0019469099
0.002092284
0.0019240802
0.0019448198
0.0019506312
0.0019404062
0.0019963149
0.0020052623
0.0019457276
0.0019226123
0.0019376368
0.001996898
0.002028964
0.0019442312
0.0019218014
0.001954188
0.0019581437
0.0018953652
0.0019560352
0.001930144
0.0019596748
0.0019826891
0.0020021081
0.0019206313
0.0019246968
0.001963873
0.0019878228
0.0019434837
0.00200048
0.0019441751
0.0019367738
0.0019430508
0.0019379104
0.0019358667
0.0019193318
0.0019554447
0.0019370262
0.0018958823
0.0020297563
0.001979462
0.0020148824
0.0019258799
0.001895739
0.0019451913
0.0019369195
0.0019471813
0.001991901
0.0019537278
0.0020084865
0.002080201
0.0019020408
0.0019403498
0.0019446748
0.0019009492
0.0019218852
0.0019431529
0.0019319375
0.0019195029
0.0019823257
0.0019546817
0.0018871712
0.0020288492
0.001951159
0.0018818714
0.0019852642
0.002045606
0.0019687216
0.001969121
0.0019373432
0.0019135741
0.0018937279
0.0019490242
0.0019489566
0.0019720607
0.0018940466
0.0019327743
0.0019296848
0.0019750267
0.0019096928
0.0019108488
0.0019231259
0.0019440387
0.0019126824
0.0019375511
0.0018968855
0.0019383143
0.0019232332
0.0019692134
0.0019397838
0.0019113969
0.0018948761
0.0019452344
0.0019081016
0.0019385942
0.0019581337
0.001996802
0.0019752185
0.0018948361
0.001950592
0.00195992
0.0019341656
0.0019603802
0.0019933628
0.0019681063
0.0019450308
0.0019018465
0.0019422598
0.0019113739
0.0018976376
0.0019313082
0.0019143631
0.0019089341
0.0018968835
0.0019355457
0.0019106279
0.0018615373
0.0018965625
0.0018900571
0.001945576
0.0019038989
0.0018951234
0.0018973448
0.0019539215
0.001946936
0.0019282713
0.00197208
0.0019441677
0.0019256078
0.0019567702
0.0019098677
0.0019413375
0.001897841
0.0019169862
0.0019125917
0.0019316772
0.0019770735
0.0019549616
0.0018999913
0.0018743015
0.0018665314
0.0018868573
0.0018943134
0.0018767987
0.0020899253
0.0019401177
0.0018987814
0.001966011
0.001849163
0.0019117714
0.0018884233
0.0019420584
0.0019061298
0.0018288178
0.0019732874
0.0019495549
0.0019196424
0.0019142363
0.0020214145
0.0019535897
0.0019197952
0.0018906253
0.001976763
0.0018469577
0.0019555576
0.0018736986
0.0018766541
0.0018998017
0.0019048019
0.0019214582
0.0019071817
0.0018802743
0.0018425256
0.001890022
0.0019295869
0.0019194963
0.0019014609
0.0019053508
0.0019438243
0.0019004908
0.0018658955
0.0019023785
0.0019052604
0.0018733693
0.0018690923
0.0019052043
0.0019046448
0.0018439842
0.0019074997
0.001887018
0.0019801687
0.0019036708
0.0018899528
0.001852802
0.0018670369
0.0019149346
0.0019133998
0.0019165551
0.0018880382
0.0018616831
0.0018986533
0.0019273843
0.0019221788
0.0018719935
0.0018764294
0.0019178673
0.0019115013
0.0018930817
0.0018394218
0.0019426598
0.0018887628
0.0019676886
0.001850785
0.0018603618
0.0018915191
0.0018488636
0.0019480244
0.001933634
0.0019182763
0.0018697048
0.0019743862
0.0018814433
0.0018584727
0.0019422418
0.0018925637
0.0018635201
0.0019106554
0.0019725973
0.0018696219
0.0019659444
0.0018599507
0.0018859701
0.0019092417
0.0019493545
0.0018656402
0.0018756934
0.0018565293
0.0018776347
0.0018880803
0.0018642885
0.001889819
0.0019232164
0.0018779628
0.0019460239
0.0018292947
0.0018653827
0.0018915853
0.0018839941
0.001932696
0.0018450719
0.0019198204
0.0018589527
0.0018907408
0.0018714364
0.001883045
0.0018815792
0.0018874677
0.0019380569
0.0018986578
0.0018916394
0.0019113057
0.0018808277
0.0020951107
0.0019199406
0.0018707496
0.0019931456
0.0018567977
0.001871634
0.001937845
0.0018550047
0.0019684418
0.0019530708
0.0018674545
0.0018988025
0.0018650597
0.0018429668
0.0019284494
0.0019200619
0.0018496664
0.0019417888
0.0018775811
0.001864696
0.0019062402
0.0018988515
0.0018916577
0.001929089
0.001941482
0.001860927
0.0018830913
0.0018993019
0.001875354
0.001871221
0.0019261395
0.0018728268
0.0019476938
0.0018782959
0.0018664583
0.001877054
0.0018926245
0.0018842734
0.0019242062
0.0019776972
0.0019713934
0.0019260071
0.0018696659
0.001905353
0.0018662222
0.0018902452
0.0019279957
0.0018985162
0.0019833478
0.0018622619
0.0018740293
0.0018521339
0.0019152041
0.0018872279
0.0018840949
0.0018455329
0.0018177158
0.0018753203
0.0018505245
0.0018983192
0.0020030134
0.00190447
0.0018574672
0.0019048535
0.0018550553
0.0018630177
0.001970864
0.0018155787
0.0019362818
0.0018918867
0.0019290365
0.0018458707
0.0018451995
0.0018368664
0.0018433525
0.001894209
0.0018323635
0.0018902243
0.0018727994
0.0018531132
0.0018490067
0.0019304936
0.0018187895
0.0018600636
0.0018831143
0.0018869073
0.0018305293
0.0018500504
0.0018480896
0.0018412373
0.0018654481
0.0019995435
0.0018445414
0.0019561502
0.0019359643
0.0018674538
0.0018310173
0.0019226803
0.0019670506
0.0018568097
0.0018420918
0.0019012009
0.0018905043
0.0018601104
0.0018649878
0.0018450676
0.0018536074
0.001972668
0.0018397636
0.0018435498
0.0018441465
0.0018923517
0.0018084751
0.0018787473
0.0019781587
0.0018684772
0.0019282423
0.0018885817
0.0019245367
0.0019183047
0.0018571232
0.0018813257
0.0018602455
0.0018378707
0.001965534
0.0018661882
0.0018282394
0.0019002907
0.0018259942
0.001836756
0.0017924609
0.0019119148
0.001800688
0.0018217738
0.0018447244
0.0018559882
0.0018515632
0.0018524409
0.0018897883
0.0018879832
0.001854432
0.0018796877
0.0017968656
0.0018090918
0.0018028085
0.0018577938
0.0018347237
0.0018491755
0.0019240247
0.0018330583
0.001959303
0.0018160533
0.0019436019
0.0018779109
0.0018690701
0.0018610797
0.0018100869
0.0018750944
0.0018600458
0.0018650396
0.001875733
0.0018530539
0.0018618203
0.0018738016
0.0018644608
0.0018786344
0.0018546171
0.0018343506
0.0018287258
0.0018739707
0.0018967554
0.0018858697
0.0019533727
0.0018161351
0.001922278
0.001831624
0.0018189303
0.0018126586
0.0018941957
0.0019329778
0.0018237389
0.0018563122
0.0018356477
0.0018383268
0.001780204
0.0018369094
0.001977576
0.0019488416
0.001834386
0.0018410882
0.0018774354
0.0018892661
0.0018741617
0.001865147
0.0018171258
0.0018437684
0.0018686921
0.0019039667
0.0018724666
0.0018532283
0.0018443362
0.0018581875
0.00183443
0.0018434458
0.0018210516
0.0018673715
0.0018817415
0.0017780259
0.001851178
0.0018409449
0.0018338825
0.0017957782
0.001881048
0.0018830268
0.0018341773
0.0018564777
0.0018149465
0.0018637066
0.0018330667
0.0018787937
0.0018145796
0.0018062711
0.0018570481
0.0018563308
0.0017996884
0.0017944231
0.0018455419
0.0018943666
0.0018175925
0.0018437468
0.0018514051
0.0018067708
0.0018172363
0.0018175335
0.0018501036
0.0018515164
0.00181758
0.0018884146
0.0018086598
0.001824987
0.0018223644
0.0018130221
0.0018400296
0.0018368809
0.0018785336
0.0018999944
0.0018144833
0.0018548818
0.0018395425
0.0018216318
0.0017907671
0.001818824
0.0017707531
0.0018534759
0.0017639294
0.0018447969
0.0018823991
0.001818747
0.0018339405
0.0018353208
0.00183857
0.0018407251
0.0018229003
0.0018149186
0.001842913
0.0018074505
0.001815898
0.001794203
0.0018121869
0.0018019786
0.0017811061
0.001799338
0.0017984208
0.0018002054
0.0018232132
0.0018424346
0.0018216858
0.0018626882
0.0018327846
0.001794359
0.0017768578
0.0017900458
0.0018088152
0.0018175874
0.0017820601
0.001831287
0.0018310113
0.0018303768
0.0017941957
0.001828697
0.0017888778
0.0017919377
0.0018273551
0.0018318344
0.0018227736
0.001852493
0.0017915823
0.0017797559
0.0017899562
0.0017840908
0.0017822552
0.0017670793
0.0019387268
0.0017680102
0.0017840103
0.0018885873
0.0018602429
0.0018232265
0.0017866375
0.0018488013
0.0017892754
0.0018101056
0.0017940183
0.0018510089
0.0018345756
0.0018275717
0.001808929
0.0017711569
0.0017707885
0.0017964356
0.0017804555
0.0017891172
0.0017747876
0.0018381119
0.0018019918
0.001892047
0.0017795548
0.0018213196
0.001811367
0.0018111871
0.0017852444
0.0017717633
0.0017824726
0.0018030271
0.0017947943
0.0018208574
0.0017757403
0.0018008655
0.00181249
0.0018173849
0.0017792954
0.0018218573
0.0018170556
0.001779863
0.0017939738
0.0018483702
0.0017838358
0.0018870048
0.0018044189
0.001756658
0.001762712
0.0017814711
0.0017554474
0.001833189
0.0018634473
0.0017495479
0.001852887
0.0017942718
0.0018441796
0.0018073785
0.0018318944
0.0018061182
0.0018065942
0.0018768546
0.0017674484
0.0018943879
0.0018388585
0.0017758118
0.0018105377
0.0018462223
0.0018355562
0.0018219973
0.0018877946
0.0018340172
0.0017901993
0.0018127086
0.0018406137
0.0018190799
0.001886366
0.0017857206
0.0017869164
0.0018705431
0.0018947786
0.0018181584
0.0018949276
0.0018633906
0.0018307612
0.0018254663
0.0018596199
0.0018319068
0.0018381128
0.0017917746
0.0017881249
0.0018081156
0.0018299144
0.0018551482
0.0017807516
0.0018034753
0.0017975584
0.0017967236
0.0018848041
0.0017443199
0.001792585
0.0017649066
0.0017692456
0.0017734388
0.0018682115
0.0018305548
0.0017638974
0.0017230522
0.0017268631
0.001795314
0.0017433619
0.0017651623
0.0017888101
0.0018057053
0.0017822698
0.0017654776
0.0018264143
0.0018639242
0.0017890142
0.0018108846
0.0017308558
0.001757575
0.0017857663