20 197.75 -0.25 197.5 0.051 17 33 0.37 0.0 
40 196.16 -0.23 195.93 0.078 30 72 0.66 0.0 
60 194.54 -0.55 193.98 0.104 48 107 1.05 0.01 
80 194.43 -0.67 193.75 0.131 60 149 1.32 0.01 
100 192.74 -1.04 191.71 0.173 74 192 1.62 0.01 
120 190.92 -1.24 189.68 0.189 86 240 1.89 0.01 
140 189.82 -1.41 188.41 0.218 100 282 2.19 0.01 
160 188.83 -1.46 187.38 0.236 112 326 2.46 0.02 
180 187.2 -1.57 185.64 0.252 121 372 2.65 0.02 
200 186.9 -1.54 185.36 0.276 132 414 2.89 0.02 
220 185.89 -1.65 184.24 0.303 145 464 3.18 0.02 
240 184.72 -1.72 183.0 0.323 160 510 3.51 0.03 
260 183.68 -1.88 181.8 0.342 173 560 3.79 0.03 
280 182.51 -1.97 180.54 0.365 182 615 3.99 0.03 
300 181.57 -1.89 179.68 0.376 194 651 4.25 0.03 
320 180.34 -1.85 178.48 0.382 211 697 4.63 0.03 
340 179.53 -1.84 177.68 0.399 223 743 4.89 0.04 
360 178.34 -1.79 176.55 0.417 236 782 5.18 0.04 
380 177.32 -1.63 175.7 0.44 247 827 5.42 0.04 
400 176.98 -1.53 175.45 0.445 261 877 5.72 0.04 
420 175.48 -1.48 174.0 0.46 276 924 6.05 0.05 
440 174.92 -1.6 173.32 0.47 290 974 6.36 0.05 
460 173.84 -1.45 172.39 0.476 304 1025 6.67 0.05 
480 172.81 -1.32 171.49 0.485 314 1070 6.89 0.05 
500 172.62 -1.38 171.25 0.492 324 1126 7.11 0.06 
520 170.16 -1.08 169.08 0.507 336 1167 7.37 0.06 
540 170.44 -1.01 169.43 0.509 345 1217 7.57 0.06 
560 169.74 -1.02 168.71 0.521 357 1270 7.83 0.06 
580 168.76 -0.9 167.86 0.531 369 1327 8.09 0.07 
600 168.72 -0.88 167.84 0.532 383 1378 8.4 0.07 
620 166.97 -0.91 166.06 0.55 396 1435 8.68 0.07 
640 165.83 -0.91 164.91 0.549 407 1485 8.93 0.07 
660 165.52 -0.8 164.73 0.565 418 1534 9.17 0.08 
680 165.23 -0.66 164.58 0.576 433 1587 9.5 0.08 
700 164.4 -0.53 163.87 0.579 442 1642 9.69 0.08 
720 164.17 -0.28 163.89 0.585 452 1698 9.91 0.08 
740 164.03 -0.05 163.99 0.591 464 1753 10.18 0.09 
760 162.87 0.08 162.95 0.603 479 1815 10.5 0.09 
780 161.43 0.31 161.74 0.613 490 1873 10.75 0.09 
800 159.97 0.53 160.5 0.615 502 1924 11.01 0.1 
820 159.61 0.78 160.39 0.62 514 1978 11.27 0.1 
840 158.45 1.03 159.48 0.625 526 2036 11.54 0.1 
860 157.3 1.2 158.49 0.637 538 2085 11.8 0.1 
880 156.82 1.28 158.1 0.638 551 2139 12.08 0.11 
900 156.21 1.6 157.81 0.642 563 2188 12.35 0.11 
920 155.04 1.73 156.77 0.647 571 2244 12.52 0.11 
940 153.2 1.89 155.09 0.655 582 2296 12.76 0.11 
960 152.41 2.01 154.43 0.66 591 2358 12.96 0.12 
980 151.9 2.14 154.04 0.665 603 2427 13.22 0.12 
1000 151.54 2.3 153.84 0.669 608 2485 13.33 0.12 
1020 151.09 2.3 153.39 0.676 619 2551 13.57 0.13 
1040 150.91 2.38 153.29 0.68 633 2616 13.88 0.13 
1060 150.07 2.47 152.54 0.686 641 2675 14.06 0.13 
1080 149.27 2.64 151.91 0.687 653 2733 14.32 0.14 
1100 149.15 2.71 151.86 0.693 659 2791 14.45 0.14 
1120 147.94 2.91 150.85 0.699 676 2847 14.82 0.14 
1140 147.37 3.02 150.39 0.698 687 2909 15.07 0.14 
1160 147.2 3.19 150.39 0.701 698 2971 15.31 0.15 
1180 146.7 3.24 149.95 0.704 705 3029 15.46 0.15 
1200 146.6 3.53 150.13 0.709 715 3084 15.68 0.15 
1220 146.12 3.63 149.75 0.713 724 3141 15.88 0.16 
1240 145.74 3.84 149.58 0.713 733 3205 16.07 0.16 
1260 144.95 4.04 148.99 0.719 744 3262 16.32 0.16 
1280 144.13 4.25 148.38 0.721 755 3318 16.56 0.16 
1300 143.01 4.37 147.38 0.723 763 3382 16.73 0.17 
1320 142.25 4.56 146.81 0.725 771 3445 16.91 0.17 
1340 141.56 4.72 146.29 0.729 778 3504 17.06 0.17 
1360 141.83 4.84 146.66 0.731 789 3573 17.3 0.18 
1380 141.06 4.99 146.05 0.733 802 3640 17.59 0.18 
1400 140.47 5.19 145.67 0.738 810 3699 17.76 0.18 
1420 139.44 5.45 144.89 0.738 821 3768 18.0 0.19 
1440 139.06 5.65 144.71 0.74 826 3833 18.11 0.19 
1460 138.97 5.81 144.78 0.744 838 3901 18.38 0.19 
1480 137.63 6.13 143.77 0.747 847 3959 18.57 0.2 
1500 136.92 6.34 143.26 0.75 856 4023 18.77 0.2 
1520 136.33 6.53 142.85 0.753 867 4095 19.01 0.2 
1540 136.25 6.88 143.13 0.759 880 4156 19.3 0.21 
1560 136.24 6.96 143.2 0.757 889 4227 19.5 0.21 
1580 135.51 7.11 142.61 0.763 896 4290 19.65 0.21 
1600 135.3 7.3 142.6 0.767 905 4351 19.85 0.22 
1620 134.55 7.61 142.16 0.766 914 4422 20.04 0.22 
1640 134.2 7.89 142.09 0.765 923 4484 20.24 0.22 
1660 133.65 8.19 141.84 0.766 931 4546 20.42 0.23 
1680 132.98 8.42 141.4 0.769 938 4620 20.57 0.23 
1700 132.35 8.61 140.96 0.771 944 4690 20.7 0.23 
1720 132.19 8.8 140.99 0.775 955 4757 20.94 0.24 
1740 132.11 8.91 141.03 0.778 964 4828 21.14 0.24 
1760 131.47 9.18 140.65 0.778 974 4888 21.36 0.24 
1780 131.54 9.42 140.96 0.781 981 4955 21.51 0.25 
1800 130.62 9.71 140.34 0.783 990 5020 21.71 0.25 
1820 130.18 9.95 140.13 0.783 996 5087 21.84 0.25 
1840 129.9 10.28 140.18 0.784 1004 5164 22.02 0.26 
1860 129.29 10.64 139.93 0.786 1011 5231 22.17 0.26 
1880 129.34 10.98 140.31 0.788 1021 5293 22.39 0.26 
1900 128.47 11.22 139.69 0.789 1031 5371 22.61 0.27 
1920 128.0 11.49 139.49 0.788 1036 5438 22.72 0.27 
1940 127.16 11.79 138.94 0.792 1046 5510 22.94 0.27 
1960 127.11 12.06 139.17 0.794 1053 5580 23.09 0.28 
1980 126.71 12.4 139.11 0.799 1068 5641 23.42 0.28 
2000 126.12 12.77 138.89 0.799 1076 5713 23.6 0.28 
2020 125.66 13.04 138.7 0.799 1082 5777 23.73 0.29 
2040 125.06 13.37 138.42 0.803 1089 5846 23.88 0.29 
2060 124.03 13.64 137.67 0.806 1096 5911 24.04 0.29 
2080 123.65 13.92 137.57 0.806 1105 5976 24.23 0.3 
2100 123.21 14.23 137.44 0.806 1117 6040 24.5 0.3 
2120 122.53 14.55 137.08 0.807 1127 6112 24.71 0.3 
2140 122.29 14.73 137.02 0.806 1131 6177 24.8 0.31 
2160 121.94 14.93 136.86 0.809 1139 6239 24.98 0.31 
2180 121.62 15.23 136.85 0.808 1145 6313 25.11 0.31 
2200 120.98 15.45 136.43 0.81 1155 6376 25.33 0.32 
2220 120.32 15.67 135.99 0.813 1166 6445 25.57 0.32 
2240 119.88 16.02 135.9 0.814 1172 6518 25.7 0.32 
2260 119.71 16.42 136.13 0.814 1178 6587 25.83 0.33 
2280 118.85 16.73 135.59 0.814 1185 6651 25.99 0.33 
2300 118.44 16.95 135.4 0.815 1194 6717 26.18 0.33 
2320 118.21 17.2 135.41 0.816 1204 6788 26.4 0.34 
2340 117.76 17.46 135.22 0.818 1211 6856 26.56 0.34 
2360 117.74 17.79 135.53 0.82 1219 6932 26.73 0.34 
2380 117.05 18.14 135.19 0.821 1222 7017 26.8 0.35 
2400 116.44 18.43 134.87 0.821 1231 7081 27.0 0.35 
2420 115.85 18.71 134.55 0.822 1240 7143 27.19 0.36 
2440 116.09 18.99 135.08 0.823 1251 7210 27.43 0.36 
2460 115.15 19.3 134.44 0.823 1258 7276 27.59 0.36 
2480 115.44 19.65 135.1 0.824 1265 7350 27.74 0.37 
2500 115.68 20.02 135.69 0.825 1270 7417 27.85 0.37 
2520 114.83 20.32 135.15 0.824 1280 7480 28.07 0.37 
2540 114.28 20.67 134.95 0.829 1290 7551 28.29 0.38 
2560 113.37 21.02 134.38 0.828 1297 7618 28.44 0.38 
2580 112.57 21.31 133.88 0.829 1305 7685 28.62 0.38 
2600 112.46 21.54 134.0 0.828 1308 7758 28.68 0.39 
2620 111.98 21.81 133.79 0.831 1313 7831 28.79 0.39 
2640 111.93 22.11 134.04 0.831 1319 7903 28.93 0.39 
2660 111.73 22.43 134.16 0.831 1326 7977 29.08 0.4 
2680 111.4 22.73 134.13 0.834 1333 8048 29.23 0.4 
2700 110.94 23.11 134.05 0.835 1340 8125 29.39 0.4 
2720 110.53 23.48 134.02 0.835 1349 8192 29.58 0.41 
2740 110.24 23.78 134.02 0.837 1351 8264 29.63 0.41 
2760 109.95 24.15 134.1 0.836 1358 8343 29.78 0.41 
2780 110.01 24.54 134.56 0.834 1367 8412 29.98 0.42 
2800 109.59 24.91 134.49 0.836 1371 8493 30.07 0.42 
2820 108.86 25.29 134.15 0.839 1381 8561 30.29 0.43 
2840 107.3 25.63 132.93 0.838 1392 8632 30.53 0.43 
2860 106.43 25.84 132.27 0.839 1399 8703 30.68 0.43 
2880 106.43 26.17 132.6 0.84 1406 8777 30.83 0.44 
2900 107.08 26.3 133.38 0.84 1413 8848 30.99 0.44 
2920 106.62 26.71 133.33 0.841 1424 8921 31.23 0.44 
2940 106.5 27.12 133.62 0.841 1431 9002 31.38 0.45 
2960 105.47 27.45 132.92 0.841 1435 9074 31.47 0.45 
2980 105.3 27.78 133.08 0.843 1444 9146 31.67 0.45 
3000 105.1 28.07 133.17 0.845 1450 9216 31.8 0.46 
3020 104.9 28.38 133.27 0.845 1459 9294 32.0 0.46 
3040 104.49 28.8 133.29 0.847 1467 9373 32.17 0.47 
3060 103.87 29.22 133.09 0.848 1472 9451 32.28 0.47 
3080 103.61 29.55 133.16 0.849 1477 9519 32.39 0.47 
3100 103.38 29.92 133.3 0.849 1482 9598 32.5 0.48 
3120 103.02 30.29 133.3 0.849 1488 9664 32.63 0.48 
3140 102.94 30.62 133.56 0.848 1493 9741 32.74 0.48 
3160 102.41 30.99 133.4 0.851 1498 9817 32.85 0.49 
3180 101.9 31.45 133.35 0.851 1506 9897 33.03 0.49 
3200 101.46 31.84 133.3 0.851 1510 9971 33.11 0.5 
3220 100.89 32.14 133.04 0.853 1519 10037 33.31 0.5 
3240 101.02 32.49 133.5 0.853 1523 10116 33.4 0.5 
3260 100.45 32.83 133.28 0.852 1529 10195 33.53 0.51 
3280 99.91 33.14 133.06 0.853 1538 10271 33.73 0.51 
3300 99.63 33.41 133.03 0.855 1547 10337 33.93 0.51 
3320 99.54 33.73 133.27 0.854 1556 10410 34.12 0.52 
3340 98.94 34.13 133.08 0.855 1563 10487 34.28 0.52 
3360 98.89 34.54 133.43 0.857 1565 10569 34.32 0.53 
3380 97.94 34.86 132.8 0.858 1569 10642 34.41 0.53 
3400 97.71 35.2 132.91 0.857 1573 10708 34.5 0.53 
3420 97.63 35.55 133.18 0.857 1579 10772 34.63 0.54 
3440 96.75 35.85 132.6 0.859 1586 10846 34.78 0.54 
3460 97.19 36.11 133.3 0.86 1591 10924 34.89 0.54 
3480 96.23 36.47 132.71 0.859 1598 11001 35.04 0.55 
3500 95.8 36.76 132.57 0.861 1604 11083 35.18 0.55 
3520 96.08 37.09 133.17 0.86 1608 11162 35.26 0.56 
3540 95.65 37.43 133.08 0.86 1614 11234 35.39 0.56 
3560 95.0 37.69 132.69 0.861 1621 11303 35.55 0.56 
3580 94.73 37.92 132.65 0.86 1627 11381 35.68 0.57 
3600 94.56 38.22 132.79 0.862 1633 11454 35.81 0.57 
3620 93.87 38.57 132.44 0.862 1641 11524 35.99 0.57 
3640 93.88 38.92 132.8 0.86 1651 11589 36.21 0.58 
3660 93.2 39.31 132.51 0.862 1655 11673 36.29 0.58 
3680 93.36 39.66 133.02 0.863 1656 11756 36.32 0.58 
3700 93.18 40.1 133.28 0.862 1659 11833 36.38 0.59 
3720 92.73 40.42 133.15 0.862 1664 11907 36.49 0.59 
3740 92.75 40.8 133.55 0.862 1669 11986 36.6 0.6 
3760 92.52 41.14 133.66 0.864 1673 12055 36.69 0.6 
3780 91.57 41.48 133.04 0.865 1678 12127 36.8 0.6 
3800 90.6 41.79 132.39 0.866 1686 12205 36.97 0.61 
3820 90.75 42.16 132.92 0.868 1692 12283 37.11 0.61 
3840 90.62 42.55 133.17 0.868 1695 12365 37.17 0.61 
3860 90.2 42.97 133.17 0.87 1697 12443 37.21 0.62 
3880 89.91 43.28 133.2 0.869 1706 12512 37.41 0.62 
3900 89.83 43.72 133.55 0.87 1711 12583 37.52 0.63 
3920 89.31 44.12 133.42 0.869 1714 12661 37.59 0.63 
3940 88.92 44.41 133.32 0.87 1716 12747 37.63 0.63 
3960 87.85 44.73 132.57 0.87 1722 12820 37.76 0.64 
3980 88.13 45.05 133.17 0.869 1727 12905 37.87 0.64 
4000 87.47 45.44 132.91 0.871 1732 12990 37.98 0.65 
4020 87.19 45.79 132.98 0.871 1737 13060 38.09 0.65 
4040 87.27 46.13 133.4 0.873 1743 13131 38.22 0.65 
4060 86.96 46.49 133.45 0.873 1749 13200 38.36 0.66 
4080 87.29 46.84 134.14 0.873 1754 13272 38.46 0.66 
4100 86.96 47.25 134.21 0.873 1758 13352 38.55 0.66 
4120 86.42 47.63 134.06 0.873 1762 13431 38.64 0.67 
4140 85.82 47.91 133.73 0.873 1768 13509 38.77 0.67 
4160 85.32 48.23 133.55 0.873 1777 13573 38.97 0.67 
4180 85.25 48.59 133.84 0.873 1781 13650 39.06 0.68 
4200 85.3 48.95 134.25 0.875 1785 13731 39.14 0.68 
4220 85.19 49.28 134.47 0.873 1790 13807 39.25 0.69 
4240 84.97 49.65 134.62 0.875 1796 13879 39.39 0.69 
4260 84.7 50.03 134.73 0.876 1804 13947 39.56 0.69 
4280 83.8 50.39 134.19 0.877 1812 14017 39.74 0.7 
4300 83.17 50.81 133.99 0.876 1817 14089 39.85 0.7 
4320 83.05 51.09 134.15 0.876 1823 14173 39.98 0.7 
4340 83.0 51.52 134.53 0.878 1829 14240 40.11 0.71 
4360 82.62 51.85 134.47 0.878 1835 14311 40.24 0.71 
4380 82.73 52.2 134.93 0.878 1839 14394 40.33 0.72 
4400 81.9 52.6 134.5 0.879 1844 14464 40.44 0.72 
4420 82.17 52.99 135.16 0.878 1848 14542 40.53 0.72 
4440 82.38 53.4 135.78 0.877 1851 14623 40.59 0.73 
4460 81.77 53.77 135.54 0.878 1860 14695 40.79 0.73 
4480 81.31 54.18 135.49 0.878 1863 14774 40.86 0.73 
4500 81.05 54.55 135.61 0.878 1866 14859 40.92 0.74 
4520 81.13 54.97 136.1 0.879 1870 14939 41.01 0.74 
4540 80.1 55.25 135.35 0.878 1874 15018 41.1 0.75 
4560 80.33 55.56 135.89 0.879 1880 15098 41.23 0.75 
4580 79.83 55.9 135.73 0.881 1883 15176 41.29 0.75 
4600 79.62 56.31 135.93 0.88 1890 15251 41.45 0.76 
4620 79.16 56.68 135.84 0.879 1899 15325 41.64 0.76 
4640 78.83 57.16 135.98 0.881 1905 15406 41.78 0.77 
4660 78.58 57.57 136.15 0.883 1906 15487 41.8 0.77 
4680 78.23 57.96 136.19 0.883 1912 15569 41.93 0.77 
4700 78.51 58.37 136.88 0.882 1916 15648 42.02 0.78 
4720 78.2 58.76 136.95 0.884 1918 15737 42.06 0.78 
4740 78.03 59.13 137.15 0.884 1925 15815 42.21 0.79 
4760 76.99 59.51 136.51 0.884 1932 15889 42.37 0.79 
4780 77.15 59.92 137.07 0.882 1937 15960 42.48 0.79 
4800 76.76 60.25 137.0 0.884 1943 16041 42.61 0.8 
4820 76.22 60.67 136.89 0.885 1947 16119 42.7 0.8 
4840 76.12 61.04 137.16 0.885 1951 16199 42.79 0.81 
4860 75.2 61.46 136.66 0.886 1955 16267 42.87 0.81 
4880 75.0 61.83 136.83 0.885 1959 16345 42.96 0.81 
4900 74.74 62.18 136.91 0.885 1964 16423 43.07 0.82 
4920 74.04 62.53 136.58 0.886 1969 16493 43.18 0.82 
4940 73.67 62.9 136.57 0.885 1972 16570 43.25 0.82 
4960 73.8 63.24 137.04 0.885 1979 16638 43.4 0.83 
4980 73.25 63.61 136.86 0.887 1983 16722 43.49 0.83 
5000 72.72 63.91 136.63 0.888 1992 16793 43.68 0.84 
5020 72.39 64.31 136.71 0.887 1997 16864 43.79 0.84 
5040 71.93 64.6 136.54 0.888 2001 16943 43.88 0.84 
5060 71.74 64.87 136.61 0.886 2005 17021 43.97 0.85 
5080 71.62 65.27 136.89 0.887 2009 17100 44.06 0.85 
5100 71.72 65.69 137.41 0.886 2013 17183 44.14 0.85 
5120 71.62 66.11 137.73 0.887 2016 17256 44.21 0.86 
5140 71.18 66.52 137.7 0.887 2022 17322 44.34 0.86 
5160 71.01 66.86 137.87 0.888 2026 17393 44.43 0.86 
5180 70.88 67.25 138.13 0.887 2028 17484 44.47 0.87 
5200 70.54 67.69 138.23 0.889 2034 17565 44.61 0.87 
5220 70.07 68.04 138.1 0.89 2039 17644 44.71 0.88 
5240 70.25 68.36 138.61 0.89 2042 17720 44.78 0.88 
5260 69.47 68.73 138.21 0.889 2048 17794 44.91 0.88 
5280 69.05 69.13 138.18 0.89 2049 17880 44.93 0.89 
5300 69.38 69.49 138.88 0.89 2055 17951 45.07 0.89 
5320 68.71 69.88 138.59 0.891 2059 18023 45.15 0.9 
5340 68.5 70.3 138.8 0.891 2062 18100 45.22 0.9 
5360 67.96 70.68 138.65 0.892 2065 18172 45.29 0.9 
