20 177.17 1.13 178.31 0.247 19 8379 0.42 0.42 
40 166.11 2.48 168.59 0.422 39 17199 0.86 0.86 
60 156.57 3.85 160.42 0.595 59 26019 1.29 1.29 
80 148.02 5.35 153.36 0.682 79 34839 1.73 1.73 
100 140.1 6.79 146.89 0.745 99 43659 2.17 2.17 
120 133.42 8.32 141.74 0.779 119 52479 2.61 2.61 
140 127.5 10.06 137.56 0.817 139 61299 3.05 3.05 
160 121.12 11.64 132.76 0.843 159 70119 3.49 3.49 
180 116.48 13.09 129.57 0.859 179 78939 3.93 3.93 
200 111.6 14.54 126.14 0.871 199 87759 4.36 4.36 
220 106.93 16.03 122.96 0.882 219 96579 4.8 4.8 
240 102.9 17.51 120.41 0.892 239 105399 5.24 5.24 
260 98.23 19.01 117.24 0.899 259 114219 5.68 5.68 
280 94.78 20.55 115.33 0.899 279 123039 6.12 6.12 
300 91.1 21.97 113.07 0.906 299 131859 6.56 6.56 
320 87.24 23.45 110.7 0.911 319 140679 7.0 7.0 
340 83.88 24.75 108.63 0.916 339 149499 7.43 7.43 
360 79.76 26.38 106.14 0.917 359 158319 7.87 7.87 
380 77.16 27.85 105.01 0.921 379 167139 8.31 8.31 
400 73.28 29.29 102.57 0.924 399 175959 8.75 8.75 
420 70.26 30.8 101.06 0.928 419 184779 9.19 9.19 
440 67.68 32.22 99.9 0.929 439 193599 9.63 9.63 
460 64.49 33.78 98.28 0.93 459 202419 10.07 10.07 
480 61.62 35.28 96.9 0.932 479 211239 10.5 10.5 
500 58.9 36.82 95.72 0.933 499 220059 10.94 10.94 
520 55.58 38.2 93.78 0.934 519 228879 11.38 11.38 
540 53.14 39.66 92.8 0.935 539 237699 11.82 11.82 
560 50.47 41.17 91.64 0.935 559 246519 12.26 12.26 
580 47.78 42.77 90.54 0.937 579 255339 12.7 12.7 
600 45.27 44.3 89.57 0.938 598 263718 13.11 13.11 
620 42.21 45.66 87.88 0.94 618 272538 13.55 13.55 
640 40.37 47.03 87.39 0.941 638 281358 13.99 13.99 
660 37.99 48.49 86.49 0.941 658 290178 14.43 14.43 
680 35.16 49.87 85.04 0.94 678 298998 14.87 14.87 
700 32.61 51.3 83.91 0.942 698 307818 15.31 15.31 
720 30.39 52.83 83.22 0.942 718 316638 15.75 15.75 
740 28.28 54.1 82.38 0.943 738 325458 16.18 16.18 
760 25.99 55.47 81.46 0.945 758 334278 16.62 16.62 
780 23.87 56.83 80.7 0.945 778 343098 17.06 17.06 
800 21.6 58.14 79.75 0.946 798 351918 17.5 17.5 
820 19.22 59.54 78.76 0.946 818 360738 17.94 17.94 
840 17.66 61.17 78.83 0.947 838 369558 18.38 18.38 
860 15.76 62.43 78.19 0.947 858 378378 18.82 18.82 
880 13.83 63.81 77.64 0.945 877 386757 19.23 19.23 
900 11.25 64.99 76.24 0.948 897 395577 19.67 19.67 
920 8.74 66.15 74.89 0.949 917 404397 20.11 20.11 
940 6.49 67.57 74.05 0.95 937 413217 20.55 20.55 
