20 197.73 -0.16 197.57 0.064 18 20 0.39 0.0 
40 197.86 -0.13 197.73 0.095 34 46 0.75 0.0 
60 196.28 -0.46 195.83 0.129 47 70 1.03 0.0 
80 195.79 -0.67 195.12 0.149 63 90 1.38 0.0 
100 195.43 -0.92 194.52 0.176 78 114 1.71 0.01 
120 195.28 -1.32 193.96 0.201 93 137 2.04 0.01 
140 193.92 -1.65 192.27 0.22 105 163 2.3 0.01 
160 193.08 -2.03 191.06 0.235 116 191 2.54 0.01 
180 192.84 -2.6 190.24 0.256 125 216 2.74 0.01 
200 192.37 -2.55 189.81 0.265 136 244 2.98 0.01 
220 191.56 -2.93 188.63 0.284 149 271 3.27 0.01 
240 191.27 -3.18 188.1 0.301 164 297 3.6 0.01 
260 191.18 -3.34 187.84 0.311 174 327 3.82 0.02 
280 191.26 -3.38 187.88 0.309 184 360 4.04 0.02 
300 190.82 -3.26 187.56 0.328 199 389 4.36 0.02 
320 190.38 -3.54 186.84 0.344 210 419 4.61 0.02 
340 189.47 -3.66 185.81 0.356 220 448 4.82 0.02 
360 189.2 -4.02 185.17 0.371 230 476 5.04 0.02 
380 188.83 -4.01 184.82 0.387 242 503 5.31 0.03 
400 189.14 -3.88 185.27 0.389 258 527 5.66 0.03 
420 188.75 -4.01 184.73 0.403 269 558 5.9 0.03 
440 187.73 -4.06 183.68 0.413 279 584 6.12 0.03 
460 186.43 -3.92 182.51 0.42 289 607 6.34 0.03 
480 185.35 -4.03 181.32 0.433 300 634 6.58 0.03 
500 184.96 -4.28 180.68 0.444 310 660 6.8 0.03 
520 184.5 -4.44 180.06 0.45 324 691 7.11 0.03 
540 184.74 -4.64 180.1 0.459 335 724 7.35 0.04 
560 183.82 -4.61 179.22 0.47 346 753 7.59 0.04 
580 183.78 -4.92 178.87 0.48 357 783 7.83 0.04 
600 183.04 -5.05 177.99 0.488 369 813 8.09 0.04 
620 183.42 -5.24 178.18 0.493 377 846 8.27 0.04 
640 182.81 -5.36 177.45 0.503 386 878 8.46 0.04 
660 182.41 -5.41 177.0 0.505 395 909 8.66 0.05 
680 181.54 -5.62 175.92 0.518 407 936 8.93 0.05 
700 181.25 -5.78 175.47 0.521 414 963 9.08 0.05 
720 180.89 -6.05 174.84 0.53 421 997 9.23 0.05 
740 180.1 -6.24 173.86 0.538 434 1025 9.52 0.05 
760 180.01 -6.33 173.68 0.543 445 1056 9.76 0.05 
780 179.51 -6.5 173.02 0.549 455 1093 9.98 0.05 
800 179.17 -6.69 172.48 0.557 468 1125 10.26 0.06 
820 178.61 -6.82 171.79 0.563 479 1160 10.5 0.06 
840 177.84 -6.94 170.9 0.573 485 1192 10.64 0.06 
860 178.22 -7.05 171.17 0.576 494 1224 10.83 0.06 
880 177.4 -6.97 170.43 0.581 505 1252 11.07 0.06 
900 177.46 -6.98 170.48 0.585 518 1282 11.36 0.06 
920 176.3 -6.95 169.34 0.588 529 1313 11.6 0.07 
940 175.8 -7.08 168.71 0.596 535 1347 11.73 0.07 
960 175.18 -7.21 167.97 0.601 550 1376 12.06 0.07 
980 175.28 -7.36 167.92 0.606 561 1408 12.3 0.07 
1000 174.7 -7.39 167.31 0.613 572 1438 12.54 0.07 
1020 174.54 -7.44 167.1 0.614 584 1473 12.81 0.07 
1040 174.78 -7.69 167.09 0.618 593 1510 13.0 0.08 
1060 174.17 -7.83 166.35 0.624 600 1545 13.16 0.08 
1080 173.43 -7.83 165.6 0.625 609 1582 13.36 0.08 
1100 173.23 -8.08 165.15 0.632 615 1619 13.49 0.08 
1120 172.81 -8.18 164.63 0.634 627 1651 13.75 0.08 
1140 172.27 -8.32 163.95 0.641 635 1685 13.93 0.08 
1160 171.92 -8.43 163.49 0.64 647 1719 14.19 0.09 
1180 170.58 -8.37 162.22 0.647 655 1750 14.36 0.09 
1200 170.36 -8.49 161.87 0.652 665 1782 14.58 0.09 
1220 170.27 -8.59 161.69 0.655 673 1819 14.76 0.09 
1240 169.97 -8.74 161.23 0.657 684 1855 15.0 0.09 
1260 169.19 -8.77 160.42 0.662 696 1890 15.26 0.09 
1280 169.36 -8.78 160.58 0.667 705 1923 15.46 0.1 
1300 168.4 -8.94 159.46 0.666 710 1963 15.57 0.1 
1320 168.29 -9.07 159.22 0.674 720 2000 15.79 0.1 
1340 168.25 -9.11 159.14 0.676 729 2034 15.99 0.1 
1360 167.83 -9.15 158.69 0.682 738 2063 16.18 0.1 
1380 168.1 -9.3 158.81 0.686 748 2100 16.4 0.1 
1400 167.41 -9.44 157.97 0.683 756 2140 16.58 0.11 
1420 166.98 -9.55 157.44 0.689 765 2179 16.78 0.11 
1440 166.6 -9.65 156.96 0.695 776 2214 17.02 0.11 
1460 166.3 -9.53 156.77 0.697 780 2255 17.11 0.11 
1480 166.01 -9.69 156.32 0.699 791 2293 17.35 0.11 
1500 166.15 -9.76 156.39 0.701 798 2327 17.5 0.12 
1520 165.45 -9.81 155.64 0.702 805 2374 17.65 0.12 
1540 165.16 -9.86 155.3 0.705 815 2413 17.87 0.12 
1560 164.94 -9.92 155.01 0.704 820 2452 17.98 0.12 
1580 164.58 -9.88 154.7 0.706 828 2488 18.16 0.12 
1600 163.81 -9.89 153.92 0.709 833 2520 18.27 0.13 
1620 164.18 -10.0 154.18 0.715 843 2559 18.49 0.13 
1640 163.92 -9.97 153.95 0.717 854 2594 18.73 0.13 
1660 163.75 -10.03 153.71 0.717 861 2627 18.88 0.13 
1680 164.0 -10.07 153.94 0.722 869 2665 19.06 0.13 
1700 163.98 -10.03 153.95 0.724 876 2702 19.21 0.13 
1720 163.12 -10.01 153.11 0.728 884 2735 19.39 0.14 
1740 162.84 -10.0 152.84 0.729 895 2771 19.63 0.14 
1760 162.29 -10.04 152.25 0.728 901 2803 19.76 0.14 
1780 161.38 -10.06 151.32 0.73 911 2835 19.98 0.14 
1800 161.15 -10.19 150.96 0.733 916 2879 20.09 0.14 
1820 161.19 -10.37 150.82 0.735 919 2925 20.15 0.15 
1840 160.6 -10.49 150.11 0.739 928 2960 20.35 0.15 
1860 160.34 -10.59 149.75 0.739 934 3000 20.48 0.15 
1880 160.48 -10.61 149.87 0.743 943 3044 20.68 0.15 
1900 159.6 -10.57 149.03 0.744 951 3088 20.86 0.15 
1920 159.63 -10.69 148.94 0.742 961 3130 21.07 0.16 
1940 159.25 -10.74 148.51 0.745 970 3166 21.27 0.16 
1960 159.24 -10.69 148.56 0.75 980 3207 21.49 0.16 
1980 158.92 -10.66 148.26 0.752 990 3244 21.71 0.16 
2000 158.62 -10.78 147.84 0.751 997 3284 21.86 0.16 
2020 158.3 -10.86 147.44 0.753 1005 3319 22.04 0.17 
2040 157.7 -10.96 146.74 0.755 1011 3358 22.17 0.17 
2060 157.9 -11.09 146.81 0.758 1020 3397 22.37 0.17 
2080 157.73 -11.17 146.55 0.758 1026 3441 22.5 0.17 
2100 157.45 -11.19 146.26 0.76 1035 3483 22.7 0.17 
2120 157.1 -11.26 145.84 0.76 1045 3525 22.92 0.18 
2140 156.97 -11.38 145.59 0.761 1056 3565 23.16 0.18 
2160 156.67 -11.32 145.35 0.764 1064 3603 23.33 0.18 
2180 156.64 -11.36 145.27 0.766 1070 3642 23.46 0.18 
2200 156.72 -11.41 145.31 0.768 1079 3682 23.66 0.18 
2220 156.83 -11.34 145.49 0.769 1085 3721 23.79 0.19 
2240 156.3 -11.39 144.91 0.768 1092 3768 23.95 0.19 
2260 156.31 -11.42 144.89 0.769 1098 3808 24.08 0.19 
2280 156.22 -11.42 144.8 0.772 1104 3851 24.21 0.19 
2300 155.74 -11.43 144.31 0.773 1113 3889 24.41 0.19 
2320 155.58 -11.47 144.12 0.772 1122 3933 24.61 0.2 
2340 155.65 -11.49 144.16 0.775 1130 3973 24.78 0.2 
2360 154.53 -11.48 143.05 0.775 1136 4018 24.91 0.2 
2380 154.69 -11.6 143.09 0.776 1141 4056 25.02 0.2 
2400 154.79 -11.66 143.13 0.78 1150 4098 25.22 0.2 
2420 154.46 -11.79 142.66 0.781 1161 4141 25.46 0.21 
2440 154.05 -11.68 142.37 0.784 1170 4179 25.66 0.21 
2460 153.45 -11.64 141.81 0.785 1181 4226 25.9 0.21 
2480 153.19 -11.62 141.57 0.787 1189 4266 26.07 0.21 
2500 152.92 -11.76 141.16 0.787 1198 4306 26.27 0.21 
2520 153.29 -11.83 141.45 0.789 1206 4349 26.45 0.22 
2540 153.05 -11.84 141.21 0.789 1217 4388 26.69 0.22 
2560 152.11 -11.87 140.24 0.788 1223 4430 26.82 0.22 
2580 152.07 -11.98 140.09 0.786 1230 4474 26.97 0.22 
2600 152.04 -12.06 139.98 0.788 1234 4516 27.06 0.22 
2620 152.69 -12.15 140.54 0.793 1241 4560 27.21 0.23 
2640 152.43 -12.21 140.22 0.794 1247 4611 27.35 0.23 
2660 152.58 -12.15 140.43 0.796 1255 4653 27.52 0.23 
2680 151.47 -12.0 139.47 0.795 1259 4694 27.61 0.23 
2700 151.63 -12.01 139.62 0.797 1264 4734 27.72 0.24 
2720 151.38 -12.01 139.37 0.796 1270 4781 27.85 0.24 
2740 151.09 -12.08 139.01 0.797 1275 4835 27.96 0.24 
2760 151.3 -12.03 139.27 0.797 1281 4876 28.09 0.24 
2780 151.11 -12.0 139.11 0.798 1285 4920 28.18 0.24 
2800 150.43 -11.93 138.51 0.801 1295 4962 28.4 0.25 
2820 149.87 -11.97 137.9 0.801 1297 4997 28.44 0.25 
2840 150.32 -12.1 138.22 0.8 1302 5041 28.55 0.25 
2860 150.69 -12.11 138.58 0.805 1307 5078 28.66 0.25 
2880 149.61 -12.1 137.5 0.806 1317 5122 28.88 0.25 
2900 149.64 -12.12 137.52 0.803 1324 5165 29.04 0.26 
2920 149.75 -12.15 137.6 0.805 1327 5207 29.1 0.26 
2940 149.35 -12.15 137.2 0.806 1335 5249 29.28 0.26 
2960 149.61 -12.17 137.44 0.807 1340 5298 29.39 0.26 
2980 149.12 -12.21 136.91 0.807 1343 5342 29.45 0.27 
3000 149.36 -12.16 137.2 0.807 1350 5384 29.61 0.27 
3020 148.96 -12.13 136.83 0.811 1354 5424 29.69 0.27 
3040 148.25 -12.13 136.11 0.812 1360 5468 29.82 0.27 
3060 148.5 -12.14 136.35 0.814 1365 5510 29.93 0.27 
3080 147.75 -12.08 135.67 0.815 1371 5555 30.07 0.28 
3100 147.26 -12.06 135.2 0.814 1376 5601 30.18 0.28 
3120 147.38 -12.12 135.26 0.818 1379 5645 30.24 0.28 
3140 147.57 -12.12 135.46 0.817 1381 5690 30.29 0.28 
3160 147.07 -12.05 135.02 0.819 1390 5738 30.48 0.29 
3180 147.06 -12.05 135.01 0.821 1397 5786 30.64 0.29 
3200 146.65 -12.02 134.63 0.821 1405 5834 30.81 0.29 
3220 146.63 -11.97 134.66 0.822 1413 5883 30.99 0.29 
3240 146.75 -11.92 134.83 0.821 1420 5929 31.14 0.29 
3260 146.24 -12.01 134.23 0.823 1424 5977 31.23 0.3 
3280 146.3 -12.04 134.26 0.821 1430 6025 31.36 0.3 
3300 145.91 -12.11 133.8 0.822 1440 6070 31.58 0.3 
3320 145.6 -12.23 133.37 0.825 1446 6115 31.71 0.3 
3340 145.81 -12.18 133.63 0.824 1452 6160 31.84 0.31 
3360 146.11 -12.11 134.01 0.826 1461 6209 32.04 0.31 
3380 144.92 -12.01 132.91 0.827 1463 6248 32.08 0.31 
3400 144.94 -12.04 132.91 0.829 1469 6294 32.21 0.31 
3420 144.44 -12.02 132.42 0.828 1475 6341 32.35 0.32 
3440 144.75 -12.06 132.69 0.827 1482 6393 32.5 0.32 
3460 145.04 -12.01 133.03 0.828 1491 6438 32.7 0.32 
3480 144.9 -11.95 132.95 0.828 1496 6481 32.81 0.32 
3500 145.04 -11.91 133.13 0.83 1503 6530 32.96 0.32 
3520 145.13 -11.82 133.31 0.829 1510 6573 33.11 0.33 
3540 144.89 -11.8 133.09 0.83 1518 6614 33.29 0.33 
3560 144.65 -11.8 132.85 0.831 1524 6661 33.42 0.33 
3580 144.52 -11.8 132.72 0.833 1531 6712 33.57 0.33 
3600 143.86 -11.67 132.19 0.835 1538 6755 33.73 0.34 
3620 143.91 -11.73 132.18 0.833 1545 6794 33.88 0.34 
3640 143.58 -11.72 131.86 0.835 1551 6834 34.01 0.34 
3660 144.09 -11.64 132.45 0.834 1556 6876 34.12 0.34 
3680 143.58 -11.61 131.97 0.836 1560 6920 34.21 0.34 
3700 143.78 -11.57 132.21 0.836 1565 6965 34.32 0.35 
3720 143.73 -11.55 132.18 0.836 1570 7012 34.43 0.35 
3740 143.32 -11.53 131.79 0.837 1576 7058 34.56 0.35 
3760 142.84 -11.58 131.26 0.839 1581 7110 34.67 0.35 
3780 142.75 -11.51 131.23 0.839 1586 7148 34.78 0.36 
3800 142.76 -11.48 131.28 0.84 1590 7196 34.87 0.36 
3820 142.24 -11.48 130.76 0.841 1597 7239 35.02 0.36 
3840 141.97 -11.45 130.52 0.84 1601 7290 35.11 0.36 
3860 141.64 -11.51 130.13 0.839 1607 7331 35.24 0.36 
3880 141.74 -11.54 130.2 0.84 1615 7383 35.42 0.37 
3900 141.98 -11.61 130.38 0.842 1623 7431 35.59 0.37 
3920 141.96 -11.59 130.37 0.842 1628 7473 35.7 0.37 
3940 140.99 -11.65 129.33 0.84 1633 7521 35.81 0.37 
3960 141.31 -11.75 129.56 0.84 1640 7575 35.96 0.38 
3980 141.36 -11.73 129.62 0.844 1646 7614 36.1 0.38 
4000 141.71 -11.76 129.94 0.843 1650 7661 36.18 0.38 
4020 141.3 -11.81 129.5 0.844 1655 7706 36.29 0.38 
4040 141.26 -11.8 129.46 0.844 1659 7752 36.38 0.39 
4060 140.68 -11.73 128.95 0.846 1663 7800 36.47 0.39 
4080 140.68 -11.73 128.95 0.846 1667 7847 36.56 0.39 
4100 140.47 -11.61 128.86 0.848 1672 7889 36.67 0.39 
4120 140.31 -11.52 128.79 0.848 1677 7931 36.78 0.39 
4140 139.84 -11.51 128.33 0.848 1681 7973 36.86 0.4 
4160 140.09 -11.5 128.6 0.847 1688 8021 37.02 0.4 
4180 139.81 -11.51 128.3 0.849 1691 8064 37.08 0.4 
4200 139.72 -11.51 128.21 0.847 1697 8112 37.21 0.4 
4220 140.0 -11.46 128.53 0.848 1702 8157 37.32 0.41 
4240 139.94 -11.48 128.46 0.849 1706 8206 37.41 0.41 
4260 139.56 -11.43 128.13 0.85 1713 8251 37.57 0.41 
4280 138.82 -11.37 127.45 0.849 1720 8290 37.72 0.41 
4300 139.52 -11.32 128.2 0.849 1726 8332 37.85 0.41 
4320 138.94 -11.22 127.73 0.852 1735 8376 38.05 0.42 
4340 138.74 -11.17 127.57 0.852 1743 8422 38.22 0.42 
4360 139.23 -11.17 128.07 0.853 1748 8473 38.33 0.42 
4380 138.41 -11.03 127.38 0.853 1751 8520 38.4 0.42 
4400 138.76 -11.04 127.72 0.854 1754 8575 38.46 0.43 
4420 138.67 -11.06 127.61 0.854 1759 8627 38.57 0.43 
4440 137.89 -11.04 126.85 0.854 1765 8675 38.71 0.43 
4460 137.78 -11.04 126.74 0.853 1771 8719 38.84 0.43 
4480 138.1 -10.97 127.13 0.855 1775 8759 38.93 0.44 
4500 138.15 -11.01 127.14 0.857 1777 8808 38.97 0.44 
4520 137.75 -11.0 126.75 0.857 1780 8871 39.04 0.44 
4540 137.31 -10.99 126.32 0.856 1787 8913 39.19 0.44 
4560 137.53 -10.9 126.62 0.857 1792 8962 39.3 0.45 
4580 137.49 -10.87 126.63 0.856 1796 9010 39.39 0.45 
4600 137.21 -10.86 126.34 0.857 1799 9054 39.45 0.45 
4620 137.07 -10.84 126.23 0.858 1805 9105 39.58 0.45 
4640 137.58 -10.75 126.83 0.857 1808 9150 39.65 0.46 
4660 137.08 -10.68 126.4 0.857 1815 9197 39.8 0.46 
4680 136.47 -10.63 125.84 0.857 1821 9246 39.93 0.46 
4700 136.09 -10.68 125.41 0.858 1827 9298 40.07 0.46 
4720 135.96 -10.7 125.27 0.858 1831 9343 40.15 0.46 
4740 135.84 -10.58 125.27 0.859 1834 9392 40.22 0.47 
4760 136.04 -10.58 125.46 0.859 1839 9439 40.33 0.47 
4780 135.86 -10.66 125.19 0.859 1844 9484 40.44 0.47 
4800 135.96 -10.6 125.35 0.859 1848 9533 40.53 0.47 
4820 135.9 -10.5 125.4 0.859 1854 9582 40.66 0.48 
4840 135.92 -10.48 125.45 0.859 1857 9625 40.72 0.48 
4860 135.27 -10.51 124.76 0.859 1865 9670 40.9 0.48 
4880 135.1 -10.52 124.58 0.86 1870 9718 41.01 0.48 
4900 135.37 -10.52 124.85 0.86 1876 9758 41.14 0.49 
4920 135.82 -10.48 125.33 0.862 1880 9808 41.23 0.49 
4940 135.72 -10.41 125.31 0.862 1882 9860 41.27 0.49 
4960 135.23 -10.27 124.96 0.864 1890 9906 41.45 0.49 
4980 135.05 -10.25 124.8 0.863 1894 9955 41.54 0.5 
5000 134.61 -10.2 124.42 0.864 1897 10001 41.6 0.5 
5020 135.04 -10.17 124.86 0.864 1899 10057 41.64 0.5 
5040 134.56 -10.1 124.46 0.864 1903 10103 41.73 0.5 
5060 134.22 -10.1 124.12 0.864 1907 10149 41.82 0.5 
5080 134.08 -10.0 124.07 0.865 1913 10191 41.95 0.51 
5100 133.95 -9.91 124.04 0.866 1915 10235 42.0 0.51 
5120 134.1 -9.82 124.27 0.866 1918 10284 42.06 0.51 
5140 133.85 -9.68 124.17 0.866 1920 10333 42.11 0.51 
5160 133.63 -9.63 124.0 0.866 1924 10378 42.19 0.52 
5180 133.58 -9.49 124.1 0.865 1930 10420 42.32 0.52 
5200 132.95 -9.45 123.5 0.867 1936 10469 42.46 0.52 
5220 132.94 -9.42 123.52 0.866 1937 10521 42.48 0.52 
