
0.114684686
0.11126368
0.100357756
0.10045744
0.09596644
0.0967696
0.097386636
0.09816504
0.11265243
0.09490209
0.09131227
0.09126268
0.083755285
0.087208755
0.08713021
0.08597163
0.08583634
0.083269104
0.08147417
0.08390033
0.081676476
0.08145785
0.08422724
0.07968315
0.07867869
0.08169289
0.077036835
0.07920892
0.08097146
0.07885196
0.07622641
0.075915806
0.07882503
0.07597503
0.07419111
0.074325144
0.07580852
0.077598125
0.074917
0.07728639
0.07309446
0.07409915
0.072436415
0.0753975
0.07533674
0.07453538
0.07793824
0.07396103
0.072754964
0.071850605
0.074082166
0.07364071
0.07280149
0.072138794
0.07142436
0.07192146
0.07197375
0.07068064
0.07314368
0.0721431
0.07252792
0.07006944
0.07130869
0.072033376
0.06914112
0.06887633
0.06870799
0.06859115
0.067518994
0.07027671
0.068162926
0.066645816
0.067221284
0.06772398
0.06738983
0.065597065
0.06815555
0.065664664
0.06816771
0.06946303
0.06579715
0.067677446
0.06661618
0.06588173
0.06674298
0.06718365
0.067287624
0.06504248
0.0687229
0.06608526
0.062549576
0.06536761
0.06397441
0.06568154
0.062337495
0.062040143
0.06334047
0.06263979
0.06223592
0.06109132
0.06293053
0.062831625
0.061950456
0.061295174
0.06267438
0.06092204
0.061091613
0.062484942
0.059271142
0.061157655
0.060295686
0.05967399
0.05952385
0.059077244
0.060188994
0.05926981
0.05896785
0.05905635
0.05912278
0.059199244
0.05824217
0.0592487
0.058384825
0.05973246
0.061834853
0.057934925
0.058179803
0.05755608
0.05913859
0.057269525
0.060607463
0.059144605
0.057944547
0.057636857
0.057279583
0.05737108
0.058888525
0.05773245
0.05866278
0.056628954
0.056773935
0.058910865
0.055708416
0.055645302
0.0568344
0.055589005
0.055583313
0.055588886
0.055005573
0.054853078
0.055573132
0.054530792
0.05433642
0.054694906
0.054140653
0.054345857
0.053661905
0.054243475
0.05670558
0.054472826
0.054875158
0.055721134
0.05651936
0.05406845
0.053546656
0.053103782
0.053364474
0.053950176
0.053110685
0.05278736
0.05313357
0.052917466
0.053681735
0.05302323
0.053969603
0.052030407
0.052916545
0.051413044
0.051461134
0.052926794
0.050776307
0.050970946
0.052527007
0.050128143
0.05148555
0.051364943
0.050630495
0.050897304
0.05198112
0.051165957
0.05199532
0.05138543
0.051200204
0.050842587
0.0515592
0.050414838
0.051822003
0.051256474
0.05172855
0.051678136
0.04906312
0.050092004
0.051428944
0.048943248
0.04993283
0.050966084
0.052489266
0.049083974
0.0507542
0.049989536
0.049129367
0.048976958
0.048449807
0.047990777
0.049075708
0.04837659
0.048791345
0.049562503
0.04847258
0.04847751
0.048163846
0.048501488
0.048544742
0.054087453
0.049364716
0.04862784
0.047580734
0.0487123
0.0487314
0.049023848
0.04746957
0.04762598
0.04834256
0.04944119
0.0475619
0.04842576
0.047342215
0.047024887
0.046986677
0.04847366
0.048461776
0.046117708
0.04586943
0.045851253
0.047725063
0.046016533
0.045407116
0.046003316
0.047086652
0.047519412
0.048465535
0.046085723
0.04699303
0.045890316
0.047602024
0.0460488
0.04528624
0.0460922
0.04445518
0.04480783
0.04650963
0.04493742
0.044596232
0.04541105
0.044452142
0.04541128
0.04571191
0.045121927
0.044794858
0.044832263
0.04422826
0.04514691
0.04292211
0.044433456
0.045110356
0.043821998
0.043776922
0.043914128
0.04366256
0.043639027
0.04426399
0.043686062
0.043574654
0.04356505
0.043493215
0.04301051
0.042550314
0.04402048
0.042677492
0.04358488
0.043760866
0.043318693
0.04238502
0.04264683
0.041328616
0.042878203
0.04198527
0.04180809
0.042840928
0.04110481
0.040654887
0.042679004
0.04140651
0.041724917
0.041812837
0.041893214
0.040346097
0.04110545
0.041823156
0.042216342
0.04108296
0.04190254
0.040678408
0.040507793
0.041455496
0.04182213
0.04090388
0.042045634
0.040407155
0.041684605
0.041093443
0.041538846
0.041214854
0.040689845
0.04075369
0.041303623
0.040717855
0.040372446
0.039996535
0.04053007
0.039336856
0.040447
0.040703367
0.04076592
0.040480535
0.03899232
0.041003197
0.0397056
0.03962775
0.040608354
0.040840045
0.040312216
0.039040156
0.04090806
0.03930267
0.039816123
0.039935336
0.039522078
0.039398164
0.040294286
0.039769292
0.040491562
0.039624523
0.040239673
0.040109586
0.038671874
0.038246516
0.03903165
0.039303668
0.03821679
0.039203286
0.038234077
0.03953099
0.03814918
0.03740428
0.037536953
0.039150722
0.03774799
0.03910209
0.038265288
0.0374864
0.039258756
0.0376802
0.038204245
0.03988555
0.03814368
0.039215688
0.037980728
0.037452955
0.03771623
0.03722419
0.037471823
0.037122935
0.03735084
0.037697475
0.037534114
0.03698478
0.036886074
0.037273016
0.037428427
0.037254125
0.037693877
0.035386328
0.03706523
0.03831156
0.037021827
0.035211697
0.036894172
0.0367246
0.035987094
0.036920033
0.03634221
0.036088225
0.03561011
0.03705203
0.03683661
0.035565507
0.035237346
0.035934083
0.036161773
0.035302427
0.036051586
0.03510141
0.036743224
0.03534702
0.036025826
0.03559534
0.03521203
0.035309177
0.0353987
0.03564106
0.03588065
0.035464916
0.034913618
0.03584891
0.03532278
0.03479069
0.035524122
0.035224307
0.03563275
0.036539484
0.03507742
0.0351611
0.035870273
0.035254486
0.035488877
0.034740467
0.03485862
0.033933576
0.034855045
0.035068445
0.034024525
0.03454432
0.034769434
0.034867257
0.03422298
0.034394108
0.03379708
0.03458397
0.03399689
0.03361753
0.03406468
0.034000147
0.034596425
0.03437941
0.033660293
0.03389413
0.03403625
0.03397215
0.033492345
0.034758437
0.034397475
0.03448512
0.034819454
0.03364526
0.033394586
0.032589618
0.033684883
0.033638686
0.03292978
0.033922065
0.032729518
0.032893427
0.032855377
0.032239117
0.032461755
0.03297135
0.03300465
0.033183157
0.033205114
0.03336616
0.03337749
0.03274878
0.03405604
0.032625116
0.03219111
0.033018153
0.03379448
0.032650076
0.032594092
0.03251715
0.032183785
0.033306736
0.032774474
0.032663334
0.031657405
0.031898215
0.032621153
0.0330124
0.031495057
0.032276306
0.031145213
0.03217799
0.032407314
0.031637006
0.03177533
0.031259097
0.03139959
0.0314757
0.032725323
0.031711824
0.030689348
0.03152113
0.0310243
0.031152813
0.03146361
0.03130504
0.03135992
0.031003555
0.031364944
0.03119091
0.031866014
0.030338082
0.03168249
0.03125381
0.030758426
0.031526204
0.031577613
0.03022298
0.029907154
0.030384641
0.031522606
0.030819044
0.031481985
0.03041053
0.030420454
0.030328639
0.030921083
0.029795373
0.030201197
0.030937694
0.03032459
0.030146506
0.030657697
0.031090891
0.030272063
0.030382782
0.029500796
0.030263077
0.029246831
0.030947896
0.03061464
0.029598903
0.030119669
0.02915048
0.029806513
0.03095186
0.030606057
0.030189106
0.03033528
0.029825171
0.029808162
0.03003653
0.029097185
0.029155405
0.029777676
0.029494068
0.030053142
0.029628512
0.029448643
0.029149897
0.029582588
0.02990051
0.029451994
0.029546479
0.028972894
0.029966619
0.02996163
0.029743293
0.02911797
0.028480193
0.028894186
0.029924653
0.028574131
0.028709844
0.02961367
0.028692521
0.028794521
0.028426757
0.028742233
0.02963534
0.02826574
0.02804187
0.028687397
0.02914176
0.028635688
0.028885668
0.028905869
0.028171994
0.028977068
0.028254773
0.02973624
0.028537244
0.028403774
0.029394295
0.028056286
0.029194474
0.028652841
0.028338643
0.028403556
0.028453829
0.02881191
0.027973078
0.028215941
0.028170591
0.02839954
0.028062169
0.028790353
0.028562104
0.028166419
0.02824683
0.028820667
0.02989616
0.02810277
0.029331492
0.02829335
0.027920144
0.028744116
0.02817282
0.027443504
0.027964503
0.027661707
0.028607897
0.027146645
0.028267492
0.028328484
0.027288834
0.027930861
0.02897616
0.027413303
0.027479101
0.027802654
0.027532829
0.027649404
0.027467467
0.026996823
0.027083987
0.027631035
0.027053637
0.026983976
0.02750735
0.026776696
0.027178485
0.02704268
0.02676094
0.027072776
0.02713259
0.027319292
0.02727786
0.027041385
0.026831474
0.0270087
0.027070493
0.026211327
0.027569894
0.026977194
0.026534144
0.027645383
0.026330872
0.026053786
0.027012963
0.027103031
0.027088076
0.026395902
0.026990905
0.02636289
0.025925271
0.026055602
0.02685233
0.026163602
0.025922097
0.025955949
0.025967143
0.027231121
0.02663866
0.02622655
0.026199363
0.026103863
0.02571085
0.026298454
0.026508696
0.026084375
0.026359225
0.025851015
0.02612404
0.0263279
0.025162958
0.026528161
0.025829267
0.025819534
0.02630635
0.025655005
0.026271326
0.025700847
0.025704317
0.025617482
0.025502132
0.02583654
0.025703216
0.026158541
0.026807485
0.025227707
0.025779136
0.02695192
0.025102869
0.02527886
0.025616271
0.02544405
0.025174992
0.025493566
0.025350336
0.025024887
0.025142232
0.024902066
0.024949403
0.02472508
0.025702257
0.024826908
0.025340369
0.025214046
0.024795823
0.025464172
0.025246881
0.025239453
0.025793443
0.02498299
0.025783395
0.025714042
0.025162267
0.02470245
0.02534766
0.025391443
0.025821006
0.025284681
0.024647834
0.024992308
0.024587713
0.025128404
0.02481294
0.024822162
0.024765063
0.024789566
0.025451705
0.025075855
0.025303954
0.025113208
0.024521463
0.02467716
0.024809316
0.023944521
0.024131265
0.02467907
0.024844855
0.024950322
0.025408356
0.0242958
0.025474418
0.024980372
0.025074407
0.02468389
0.024984304
0.025251266
0.024692586
0.024457227
0.02455765
0.024021715
0.02430557
0.024556007
0.023788737
0.024948385
0.024507241
0.02469823
0.024338057
0.024835179
0.024474418
0.024360593
0.024007512
0.023962645
0.024549743
0.0241307
0.024336757
0.024635239
0.024170347
0.025033304
0.023687951
0.023593431
0.02406663
0.02370717
0.02400446
0.023886574
0.024170429
0.023660999
0.023891121
0.024123222
0.024083436
0.024016317
0.023964591
0.023778448
0.023180405
0.023434214
0.023439463
0.02466517
0.024178127
0.024552949
0.023566468
0.023406483
0.02359916
0.024339953
0.023328949
0.023351548
0.023430703
0.023263445
0.023843015
0.02310999
0.02393937
0.023697216
0.022946816
0.023046708
0.023248501
0.024010792
0.023168005
0.02263863
0.023325738
0.023116142
0.023789201
0.023378061
0.023426846
0.023326535
0.024116399
0.022685109
0.023720948
0.022776462
0.023178138
0.023363642
0.023245571
0.023237437
0.023124112
0.023056025
0.023398183
0.022833759
0.022956416
0.022646476
0.02286378
0.022514964
0.022318603
0.022706714
0.023992265
0.022899244
0.022223242
0.023609191
0.022839755
0.02354298
0.02293633
0.022284346
0.023011226
0.022551598
0.022761265
0.022869065
0.022352466
0.02261093
0.022690661
0.022872314
0.022643967
0.02235679
0.02247185
0.022330072
0.022611834
0.022119086
0.021947289
0.022294406
0.022093765
0.02238587
0.021785202
0.022482831
0.022186795
0.022396222
0.022143532
0.022463378
0.022491146
0.021809055
0.022535771
0.021847893
0.021960856
0.022839913
0.021674987
0.022670027
0.021646842
0.021767449
0.022058405
0.02210598
0.022388097
0.02228663
0.022385204
0.022072444
0.021947633
0.021687102
0.021903535
0.02227462
0.021691974
0.022564545
0.02214042
0.02199226
0.021538304
0.02212452
0.021788305
0.022153582
0.022525396
0.022166006
0.022155598
0.022012271
0.02186735
0.02280154
0.021875728
0.021966934
0.021477407
0.021769457
0.021605775
0.021828221
0.021790756
0.021473067
0.021612184
0.021569323
0.021368247
0.02152347
0.02191206
0.021757413
0.021737577
0.021666687
0.022166656
0.022358784
0.021808766
0.021824604
0.021819388
0.021369526
0.021755433
0.021707494
0.02129464
0.021859108
0.022605805
0.021446561
0.02197583
0.02152979
0.021584846
0.021396713
0.02150021
0.021037465
0.021539295
0.02145488
0.021352094
0.02207199
0.021861952
0.021280235
0.021720545
0.021649968
0.021976992
0.021341609
0.02179215
0.020868573
0.021422418
0.021471864
0.020928172
0.020723665
0.021743765
0.021126036
0.021488577
0.021088062
0.021508673
0.021327592
0.021482233
0.021514583
0.020777768
0.020970855
0.021451158
0.020784132
0.021333136
0.021903567
0.021429032
0.021071706
0.021281589
0.020901894
0.021086635
0.020920267
0.021219604
0.021686712
0.020843366
0.02153122
0.021150474
0.020877855
0.021680133
0.021171022
0.022030408
0.021180894
0.02101929
0.02099012
0.020983456
0.020501276
0.021602456
0.021063386
0.020534957
0.02079157
0.021002404
0.021081552
0.020901218
0.021062082
0.021104915
0.020986658
0.021609819
0.020763503
0.02094488
0.020431159
0.021170504
0.021226307
0.020653771
0.020412961
0.020692993
0.020846207
0.020313347
0.021443613
0.020279706
0.020537607
0.020846663
0.020967389
0.02146257
0.020571342
0.02057827
0.020785468
0.020253446
0.020803688
0.020563407
0.020269256
0.020842494
0.020936731
0.020027613
0.02018866
0.020440776
0.0203367
0.021110585
0.0202441
0.020512383
0.020829769
0.020215774
0.020909565
0.020308118
0.020205908
0.019946622
0.02004833
0.020160241
0.020024449
0.019948104
0.01995092
0.02086506
0.020597333
0.02061813
0.021051805
0.020151585
0.021048104
0.0204954
0.02081497
0.020000782
0.020527942
0.020154618
0.020191303
0.020465134
0.019898994
0.02037435
0.020449333
0.019992474
0.020177739
0.020599565
0.020065604
0.019960493
0.019880343
0.019700188
0.020868974
0.020422675
0.020465938
0.02076017
0.02007868
0.020529604
0.01968854
0.02033314
0.02103361
0.01984202
0.020459143
0.02009767
0.019777745
0.01961519
0.020146292
0.02019957
0.019920351
0.0194262
0.019650105
0.019595865
0.019734222
0.019556664
0.01978575
0.020052277
0.01969933
0.019490136
0.019385628
0.020159004
0.019264543
0.019380648
0.01950882
0.019743845
0.01994698
0.01998318
0.01962998
0.019475361
0.020119278
0.019865159
0.019456502
0.019970646
0.01999664
0.019628463
0.020325184
0.020078847
0.019949827
0.019532744
0.020018216
0.019640094
0.019561483
0.020285659
0.019304272
0.021124454
0.01968357
0.019444445
0.019439546
0.019647907
0.019725215
0.019938499
0.01940794
0.019979145
0.019256687
0.019824967
0.019093452
0.019297335
0.019372854
0.019347796
0.01952354
0.01960438
0.019601008
0.019496996
0.019695936
0.019325845
0.020055128
0.018741243
0.020099109
0.019658845
0.01936249
0.019331146
0.019519288
0.019464342
0.020198982
0.018983899
0.019383805
0.019016823
0.019071711
0.019397082
0.01928514
0.019059565
0.019325657
0.019473678
0.018711055
0.018925289
0.019578239
0.019138768
0.019141333
0.018745143
0.01982836
0.019329302
0.019425515
0.019129645
0.019197946
0.019851869
0.019040281
0.019730786
0.019911889
0.018974584
0.020130115
0.019425234
0.019401157
0.019081164
0.018925024
0.019312195
0.019130725
0.019256901
0.019412108
0.018961186
0.018861847
0.018560773
0.019105168
0.019044964
0.019070687
0.019089745
0.019236822
0.019093623
0.018943047
0.019400699
0.018584765
0.018794162
0.018615834
0.01872411
0.018852422
0.019010238
0.019092191
0.019113604
0.019122386
0.01884004
0.018868912
0.018912783
0.018927814
0.018679189
0.019123137
0.019101547
0.019178841
0.018965218
0.019004757
0.018867683
0.01888462
0.018979281
0.01880546
0.018668514
0.018672206
0.01906907
0.018682651
0.018520975
0.019036492
0.018784817
0.019400446
0.019131154
0.019208765
0.018906537
0.018694367
0.018606514
0.019606987
0.018572345
0.018765766
0.018926585
0.018470377
0.018989565
0.018479764
0.018469773
0.018299527
0.019188017
0.018675124
0.018546969
0.018514222
0.018359868
0.018987564
0.018418094
0.018431183
0.019323733
0.018237032
0.018639075
0.01877633
0.018926991
0.018602999
0.018087564
0.018151237
0.018694324
0.018466525
0.018516682
0.018433088
0.018182604
0.018464262
0.018802807
0.018993063
0.018752504
0.01861271
0.018669594
0.018378481
0.01834503
0.01872524
0.01878578
0.01840234
0.018393734
0.018702507
0.018379886
0.018773416
0.018171698
0.018285025
0.01825003
0.018428098
0.018146958
0.018809209
0.01821832
0.018443234
0.018571317
0.018890372
0.018806225
0.017993437
0.0182268
0.018402506
0.01819654
0.017991902
0.018780336
0.01848492
0.018785028
0.018847134
0.01861653
0.01854461
0.018418921
0.01831849
0.018743092
0.01848603
0.018797548
0.018707706
0.018583333
0.018056737
0.018372115
0.018101525
0.018058943
0.01811686
0.018305402
0.017929677
0.018365871
0.018058613
0.017890932
0.018233834
0.018458582
0.018189672
0.017767956
0.017724764
0.017985329
0.018492056
0.017700722
0.018233757
0.017881723
0.01819895
0.018058242
0.017788159
0.018108321
0.017837627
0.017760895
0.018341443
0.018226616
0.018142385
0.017699134
0.017493324
0.017553333
0.01782043
0.017711053
0.018230867
0.017776554
0.017456807
0.017271418
0.017980583
0.017597804
0.017909637
0.017538717
0.017721074
0.017882286
0.017436607
0.017538035
0.017357348
0.017527353
0.017287306
0.018006977
0.018231254
0.017543517
0.017719382
0.017904723
0.018043498
0.01801343
0.017661698
0.017458599
0.018140558
0.018035525
0.017526096
0.017234607
0.017331235
0.017556768
0.017480114
0.017581148
0.017698547
0.01778724
0.017512843
0.017286256
0.017473316
0.01749542
0.017434783
0.017204762
0.017604804
0.016928118
0.0173794
0.017364465
0.017483508
0.017424462
0.01727498
0.01735986
0.01740974
0.017824564
0.017619783
0.01783524
0.0175656
0.017583707
0.017297458
0.017163672
0.017564153
0.018078841
0.017709203
0.017905157
0.017698226
0.017570058
0.017370459
0.017469058
0.017435353
0.017413193
0.01764018
0.017769348
0.017180558
0.017638352
0.01737698
0.016943414
0.01763126
0.017809633
0.016874941
0.016803114
0.017343527
0.017471507
0.017396357
0.016943054
0.017118778
0.017143551
0.017477911
0.016971791
0.017162757
0.016982676
0.018135332
0.017360425
0.017668491
0.017608715
0.017607106
0.017884074
0.017644014
0.016941216
0.017731855
0.017832827
0.016928291
0.01719216
0.01694142
0.016916947
0.017023817
0.01681969
0.016988734
0.01718345
0.01693536
0.01711725
0.017133493
0.017124675
0.01674747
0.017009405
0.016821183
0.017171264
0.016939692
0.017221142
0.01715264
0.017005032
0.016873281
0.016940817
0.01672172
0.016880255
0.017682662
0.016937008
0.017350012
0.01697759
0.01763547
0.017210172
0.016632363
0.016933
0.017025495
0.017207555
0.01689248
0.016724942
0.01696211
0.017058494
0.01648663
0.016998807
0.016579386
0.016306352
0.017391214
0.01690911
0.016572183
0.016763868
0.016765062
0.016943628
0.016866218
0.016515022
0.01660929
0.017199297
0.016456896
0.016590025
0.016947895
0.017041042
0.016483441
0.017012063
0.017525647
0.016462475
0.016889747
0.016698254
0.017096
0.016994137
0.016770884
0.016182253
0.016652357
0.016801702
0.016811164
0.016403584
0.01681472
0.016629713
0.016801476
0.016572805
0.016229473
0.01688412
0.016484963
0.016349848
0.01658557
0.016978875
0.01677002
0.016321845
0.016789686
0.016498007
0.016682975
0.0166667
0.016504819
0.016786838
0.01677279
0.016645456
0.016277723
0.016363189
0.016208196
0.016498646
0.016769502
0.016644567
0.016237028
0.016401634
0.017088257
0.016776603
0.016717032
0.016587537
0.01632621
0.016180983
0.016875522
0.016459102
0.016302465
0.016826648
0.016742324
0.016606068
0.016747078
0.016754003
0.016542487
0.016740525
0.016790636
0.01611216
0.0163231
0.017477596
0.016201332
0.01606604
0.01625572
0.01694795
0.016566006
0.01636258
0.016415423
0.015915724
0.016253462
0.016260242
0.016751042
0.016193455
0.01652583
0.016065171
0.016226148
0.016476681
0.016192365
0.016347926
0.016256506
0.016430974
0.016227698
0.016143452
0.015995324
0.016164979
0.016216418
0.016357563
0.016054617
0.01640698
0.01613767
0.0167422
0.01668493
0.015961982
0.016130114
0.016422508
0.017022574
0.016388452
0.016510397
0.016744196
0.016474426
0.016658409
0.016489996
0.016770558
0.016138772
0.016560024
0.017025704
0.016514696
0.01630625
0.016406152
0.01631061
0.016121943
0.01617462
0.01621733
0.016190898
0.016345525
0.016402222
0.016019333
0.016342772
0.015982283
0.0162724
0.016568288
0.01614436
0.01671208
0.016570881
0.016240234
0.016055847
0.015767712
0.01584599
0.016065458
0.015711736
0.016207088
0.016285954
0.015922043
0.01611994
0.015951537
0.016255151
0.016803263
0.015873093
0.016080556
0.01609917
0.016434819
0.016426615
0.016108386
0.01622419
0.0162534
0.016102312
0.015747068
0.015831962
0.015977915
0.015682489
0.016176343
0.016953025
0.016062506
0.01616201
0.0161041
0.016790023
0.015937299
0.016061652
0.015790991
0.015779708
0.01582126
0.015577944
0.016550852
0.015935458
0.01647088
0.016048478
0.015732596
0.015815763
0.015643056
0.016461894
0.01571765
0.015507827
0.015630499
0.016080473
0.015946882
0.015573805
0.016479356
0.015814194
0.016379174
0.015906012
0.016118752
0.016163064
0.015891349
0.01553348
0.01591162
0.015829878
0.016398909
0.016553009
0.015399245
0.016041303
0.016451135
0.015571693
0.015395235
0.015614828
0.015853222
0.015902648
0.015624157
0.01603121
0.015563147
0.016074669
0.01631941
0.015512778
0.015618601
0.015717447
0.01604824
0.015874613
0.016826386
0.016079156
0.01585408
0.015566951
0.015721833
0.015939862
0.015570547
0.015312985
0.015841138
0.015285635
0.016095849
0.01588318
0.016127616
0.01605897
0.015671872
0.01571293
0.015518642
0.015598134
0.01553874
0.015556988
0.015733596
0.015536948
0.015758015
0.015344087
0.015525686
0.015639191
0.016453026
0.01562138
0.015820628
0.015498992
0.015567988
0.015805349
0.015478539
0.016333874
0.01565301
0.01620869
0.015482928
0.015806846
0.01684952
0.016429752
0.016007498
0.015805464
0.015932275
0.015997024
0.015966037
0.015883023
0.01572581
0.016592048
0.015904704
0.015917724
0.015334975
0.016131837
0.015950568
0.015053648
0.015610108
0.015204154
0.014980975
0.01606021
0.015946167
0.015569753
0.015494619
0.015510271
0.016080558
0.015512396
0.015454128
0.015180163
0.015245692
0.015273985
0.015193673
0.01540162
0.015342469
0.015148584
0.015505058
0.015133294
0.015090405
0.015077569
0.015263306
0.015010569
0.015024767
0.01569792
0.015710274
0.0155764725
0.0154900355
0.015344552
0.015516579
0.01540612
0.01514416
0.015150245
0.015184492
0.0155283855
0.015297345
0.015473829
0.0152243115
0.015045647
0.015432304
0.015551073
0.0154707385
0.0153644625
0.015922666
0.015315198
0.015389783
0.015064872
0.015309686
0.015296618
0.015227942
0.0156074455
0.015760053
0.015071423
0.015466655
0.0147416815
0.0148461275
0.015557594
0.015062504
0.01490924
0.015940193
0.015741477
0.015291794
0.015271763
0.015119943
0.015161743
0.015029684
0.014994125
0.01563516
0.015314124
0.015256117
0.015085846
0.015225192
0.014635965
0.015345953
0.015175804
0.01471758
0.014749534
0.01526261
0.014878031
0.014927898
0.014875551
0.015179601
0.015670871
0.0151927825
0.014725981
0.014831402
0.0151925115
0.015998743
0.015341155
0.015283792
0.015569972
0.015156269
0.014432676
0.014788614
0.014972011
0.015083485
0.015098609
0.01477528
0.01482501
0.014802481
0.015773293
0.014995019
0.014803696
0.014841384
0.015038726
0.014915308
0.014659843
0.014744861
0.014667805
0.014698022
0.015041934
0.015371775
0.014703134
0.014769817
0.0147659555
0.0147547955
0.014650589
0.014693761
0.014776154
0.014803404
0.01554203
0.014901976
0.015123717
0.01478071
0.015300594
0.015266189
0.014712355
0.015230164
0.014688401
0.014583932
0.015147616
0.014847508
0.0146405995
0.014715809
0.015074765
0.014618885
0.014817168
0.015257873
0.014594264
0.014819778
0.015303784
0.014887714
0.015170985
0.014844277
0.015122971
0.014419677
0.014630136
0.014681434
0.0146854995
0.014389294
0.014709623
0.014632108
0.0144561175
0.015632674
0.014572801
0.014764903
0.014264691
0.0151441805
0.0149989575
0.014347727
0.014602627
0.014819561
0.0144995935
0.014528093
0.01467524
0.014553519
0.01473517
0.01446423
0.014572331
0.014133477
0.014993331
0.01448321
0.014604321
0.014577075
0.014502023
0.014800556
0.014430448
0.01473258
0.01476295
0.01470859
0.014607224
0.01491691
0.014678886
0.014735637
0.014894968
0.014436194
0.014860927
0.0147431595
0.014455835
0.014862193
0.015014715
0.014300427
0.014443779
0.014612191
0.015514199
0.01450306
0.014894906
0.014917485
0.0146104
0.014464626
0.014501369
0.014432926
0.014447491
0.014466813
0.014678001
0.015124751
0.0147843035
0.014688343
0.0151948435
0.014695967
0.014536307
0.014795265
0.01458084
0.0151505
0.01449977
0.014681207
0.014731283
0.014938196
0.0151646165
0.014713372
0.014641324
0.014373074
0.014573941
0.013995734
0.014345863
0.014215969
0.014770876
0.014535879
0.015015729
0.014462809
0.014308312
0.014629436
0.014296867
0.014711227
0.014327617
0.014585042
0.014184544
0.014491785
0.014323845
0.014385153
0.014196732
0.014054892
0.014655429
0.0144259585
0.013944527
0.014479506
0.014230245
0.014352494
0.01428696
0.01481502
0.014284687
0.014608848
0.014186364
0.014199034
0.014324517
0.014802358
0.014788873
0.014044457
0.013991575
0.015071858
0.014222431
0.01487271
0.014207905
0.014398947
0.014738482
0.014025204
0.014299852
0.01435796
0.014129596
0.014447726
0.0143824555
0.01447465
0.014703241
0.014316178
0.014889327
0.014573038
0.014380295
0.014406418
0.01472362
0.014192165
0.01413486
0.013856896
0.014213309
0.01406277
0.014193751
0.013929434
0.013993736
0.014105651
0.014500587
0.014206806
0.014361217
0.013904023
0.014220435
0.0142743
0.014257408
0.014207037
0.0140167475
0.014011113
0.01426946
0.014386585
0.01411597
0.013954398
0.014017187
0.013772215
0.014211214
0.014080463
0.014105254
0.014999394
0.014289029
0.014106059
0.014446184
0.014027426
0.013935512
0.014264988
0.0143651515
0.014201885
0.014301838
0.014205547
0.014624009
0.013978647
0.014445026
0.014031593
0.014444572
0.013755046
0.013929644
0.014063033
0.0139645
0.013765149
0.014175802
0.0137521345
0.014302056
0.014330666
0.014041719
0.013777037
0.013726482
0.01389293
0.014629652
0.0141475
0.014101853
0.014334003
0.014328458
0.013940122
0.0145801995
0.0140017625
0.013847198
0.014734632
0.014117364
0.013905406
0.0145297535
0.014153874
0.013829139
0.013984639
0.013969003
0.01437984
0.013944981
0.013821213
0.0139701525
0.014487896
0.014112991
0.014421197
0.013875879
0.0139291305
0.014268137
0.013880601
0.013771469
0.013805338
0.0141071305
0.013899625
0.013880827
0.01381365
0.014003135
0.014025687
0.013885857
0.013693747
0.014130385
0.013846431
0.013989647
0.013985925
0.014212037
0.013523955
0.013716578
0.013881224
0.013934593
0.013965393
0.0145826265
0.013923329
0.013725334
0.013796916
0.013955642
0.0136564225
0.013482988
0.013765852
0.013589503
0.014055548
0.014837394
0.013757322
0.013620755
0.014531335
0.013871032
0.013712646
0.014201952
0.013920372
0.013536654
0.013997551
0.01341411
0.013614536
0.01375936
0.013655241
0.014019479
0.013984662
0.013710017
0.013662491
0.013596674
0.013694862
0.0136646535
0.013410294
0.0138506405
0.013661279
0.013812424
0.013849483
0.014000476
0.013609446
0.013799765
0.013580283
0.013871966
0.013935814
0.013714214
0.013524778
0.01401163
0.013723833
0.013945817
0.013716108
0.014158467
0.013332996
0.013428265
0.013571978
0.01400841
0.013708447
0.013469216
0.013886322
0.013875758
0.013732937
0.013678487
0.013704841
0.013902664
0.013685908
0.013661179
0.013823891
0.013571533
0.015141845
0.013761652
0.013865433
0.0139677925
0.013822494
0.013827286
0.014034211
0.013670733
0.013493871
0.013798275
0.013558754
0.013679065
0.0139764985
0.013898056
0.013869794
0.01373253
0.013614195
0.0137872035
0.013843812
0.013359342
0.013736647
0.013613115
0.014175884
0.01366959
0.013470308
0.013791043
0.013584362
0.013547705
0.0132998
0.014273966
0.013568046
0.013186426
0.013841293
0.013358948
0.01389271
0.013386962
0.013414452
0.013399117
0.013499077
0.014004949
0.013355674
0.013752809
0.013537023
0.013140293
0.01354439
0.013418702
0.01337086
0.013508254
0.013364049
0.0138246
0.01342612
0.0137978215
0.013904098
0.013413651
0.01340703
0.013721586
0.01353306
0.013542073
0.014111607
0.013216975
0.013485582
0.013370124
0.013309092
0.013991073
0.013342197
0.013482017
0.013417737
0.013844638
0.013451857
0.013276343
0.013805627
0.013234573
0.013586773
0.013296602
0.013644966
0.013997766
0.013306334
0.013826982
0.013604745
0.01367298
0.013345989
0.013461849
0.013394336
0.013483283
0.013217109
0.013008408
0.013686941
0.013925696
0.013110566
0.013149077
0.013919172
0.014032257
0.013620141
0.01363933
0.013368025
0.013207235
0.013261098
0.013377298
0.013468436
0.013252444
0.013550133
0.013291329
0.013531921
0.013282755
0.013535238
0.013792186
0.013253921
0.013098947
0.013384944
0.013370809
0.013485269
0.013223297
0.013461461
0.013707044
0.013488923
0.013401102
0.0134224575
0.013524949
0.013887417
0.013301936
0.01330557
0.013508798
0.012897668
0.013189171
0.013489972
0.013210214
0.01323514
0.013439815
0.013607121
0.013421834
0.013101339
0.013076179
0.013231298
0.013222756
0.013605126
0.01306018
0.012887133
0.013101036
0.013125995
0.013239051
0.013051988
0.013386141
0.013310542
0.013356136
0.013232072
0.0132918265
0.013225181
0.013632694
0.013411072
0.013543794
0.013123913
0.013353812
0.013390228
0.01310072
0.0133688105
0.013310067
0.013380663
0.013517554
0.013182112
0.013146703
0.012793207
0.014255143
0.01332334
0.013027496
0.013142915
0.013104133
0.013087479
0.013269286
0.012881907
0.013121473
0.013243496
0.012959912
0.013104332
0.012975613
0.013595424
0.012975971
0.013013329
0.013379777
0.013642497
0.013101566
0.012765645
0.013054803
0.013076748
0.013582871
0.012898749
0.013842365
0.0132539915
0.012762408
0.013094033
0.01307113
0.012876641
0.01307142
0.013045442
0.013358461
0.013376646
0.013246487
0.01291243
0.012879321
0.01322749
0.012865957
0.012899578
0.0136721935
0.012768794
0.012904816
0.012871947
0.012816971
0.013136968
0.013503383
0.013517889
0.013030816
0.013178492
0.013060186
0.012942624
0.012983344
0.012760339
0.013333683
0.013705837
0.013328036
0.012969751
0.012912663
0.012930232
0.013489846
0.013088676
0.013135583
0.012910348
0.013132531
0.013364769
0.013081141
0.013007858
0.013147786
0.013035523
0.013046597
0.013706475
0.012961368
0.013113527
0.013021079
0.012934351
0.013165621
0.012761077
0.013151145
0.013114072
0.013340664
0.012799825
0.01287259
0.013190872
0.01314097
0.012882732
0.012769811
0.012898453
0.013124722
0.012938755
0.013121444
0.012732717
0.012914959
0.013040183
0.012815146
0.013148635
0.012684093
0.0130338
0.012795645
0.013131343
0.012655621
0.012579464
0.012787539
0.012557481
0.012681547
0.01311817
0.012912299
0.012628723
0.012980757
0.013017128
0.012724367
0.013302617
0.01299642
0.012947045
0.012964623
0.012584319
0.012656492
0.013000872
0.012903718
0.012389277
0.012694758
0.013116591
0.012347702
0.013106633
0.012613404
0.012586738
0.012708616
0.0128460005
0.012781616
0.01264584
0.013252631
0.012779198
0.012931324
0.012609664
0.012674324
0.012861829
0.012338119
0.0126131335
0.012966196
0.012673106
0.012587366
0.012969314
0.01258648
0.012601517
0.0124272825
0.012671751
0.012672979
0.012817877
0.012647802
0.012804934
0.012702414
0.013426902
0.012967477
0.0128281405
0.012556973
0.013028816
0.012762341
0.012544845
0.012785018
0.012569807
0.0125627015
0.012537491
0.012658015
0.012691706
0.012926449
0.012911071
0.012471691
0.012556218
0.012823689
0.012425085
0.012630037
0.012747977
0.012857827
0.012431888
0.012522509
0.01248526
0.012643335
0.012776283
0.012584328
0.012429444
0.012811893
0.012517271
0.012589911
0.012869401
0.012816498
0.0127725685
0.012742467
0.012379827
0.013054896
0.01296604
0.012376894
0.012576515
0.012731029
0.013718521
0.0127267325
0.012399407
0.012789918
0.012732981
0.012461014
0.012727465
0.012334989
0.012873953
0.012515194
0.012610722
0.012931986
0.013133028
0.012532039
0.012324728
0.012878694
0.012721895
0.012602928
0.012663403
0.0127129685
0.012390891
0.012344439
0.012640464
0.0125066
0.012949316
0.012627775
0.012635297
0.013043573
0.012497453
0.012775695
0.012806058
0.012735246
0.0127288075
0.012523524
0.012439827
0.012602555
0.012426352
0.012472233
0.012656361
0.013192421
0.01271246
0.012359091
0.012412323
0.012436899
0.012309717
0.012288121
0.012445512
0.012631708
0.012728479
0.013413453
0.012423617
0.012530297
0.012672199
0.012310842
0.012651819
0.01268652
0.012391815
0.012457449
0.012834579
0.012630806
0.012613487
0.01269169
0.012755942
0.012659191
0.012434062
0.01246801
0.01253386
0.01281898
0.012271098
0.012212349
0.012542511
0.012764126
0.01244509
0.012639991
0.012278801
0.01231868
0.012608175
0.012564417
0.012304573
0.012453227
0.012826109
0.012446142
0.01260487
0.012127231
0.012193078
0.012927276
0.012632284
0.012034341
0.012223194
0.012634252
0.012748109
0.012176305
0.012586023
0.0125159
0.012335273
0.012606148
0.012478316
0.012007693
0.012526546
0.012324923
0.012280383
0.012397624
0.012525655
0.012573445
0.012515151
0.012256792
0.012544061
0.012061098
0.012578084
0.012568929
0.012641882
0.012693055
0.012121878
0.012398691
0.012651345
0.012143805
0.012192949
0.0122891795
0.012219355
0.012815646
0.012496844
0.011917267
0.01253462
0.012565834
0.012499726
0.012526943
0.012314694
0.012599057
0.012261477
0.012781084
0.012560857
0.011972074
0.012529483
0.012316865
0.0125700105
0.012192422
0.011842742
0.012699316
0.012196675
0.012468952
0.012221318
0.012392649
0.012259463
0.012019384
0.012270477
0.013018428
0.012656715
0.012173292
0.012077257
0.012534047
0.0128405
0.012351587
0.012619942
0.012184351
0.0121698165
0.011950751
0.012012305
0.012145078
0.012190358
0.012145197
0.012288252
0.012251832
0.012278731
0.012432411
0.012456853
0.011822293
0.011836382
0.012202216
0.012314672