
0.39603376
0.39403933
0.4024307
0.3773716
0.36337805
0.3531149
0.35619357
0.3399587
0.33555672
0.31832168
0.31694284
0.31798828
0.31772923
0.31507084
0.31586555
0.30940625
0.30720878
0.31189755
0.3097169
0.3085356
0.30276224
0.3005699
0.30145618
0.2968211
0.30927444
0.30172762
0.30032733
0.2963821
0.29567948
0.3060085
0.30429375
0.2909125
0.29482573
0.29738715
0.29540014
0.29580942
0.29028717
0.29174176
0.29083428
0.2854351
0.28877777
0.2811566
0.27901196
0.28521135
0.2797067
0.27203205
0.2870304
0.2755263
0.27100062
0.26677224
0.28218794
0.26536712
0.27176386
0.27639905
0.27121702
0.2769827
0.27233616
0.26381674
0.26001418
0.26415056
0.26174262
0.2606562
0.27262163
0.25977194
0.25415355
0.25450227
0.255632
0.2529287
0.25297847
0.25677538
0.24549748
0.2543216
0.24893226
0.25095898
0.24906929
0.24436618
0.24757604
0.24113226
0.24283543
0.24354249
0.24888377
0.2344013
0.23750101
0.2506465
0.23512483
0.2336602
0.23485322
0.23431459
0.2377499
0.2333615
0.23102935
0.2361584
0.2233587
0.22875708
0.22680707
0.22556956
0.22773771
0.236431
0.2253263
0.2319037
0.23423074
0.22157423
0.22007382
0.21797514
0.21782088
0.21872589
0.21874149
0.21905856
0.21453662
0.21999308
0.21677071
0.22127476
0.21667443
0.21812207
0.21686813
0.21435227
0.21466656
0.21678393
0.21569394
0.21024647
0.21444386
0.21100843
0.21812543
0.21358524
0.21354929
0.20932186
0.21153131
0.2127693
0.20628944
0.2065749
0.20500165
0.20696382
0.20435067
0.20202371
0.2061926
0.20168896
0.20163493
0.19636643
0.20050764
0.20036842
0.20320107
0.19806546
0.19604482
0.2019921
0.20353328
0.20433056
0.20015699
0.20220938
0.20100467
0.1955882
0.19578034
0.20342226
0.19266406
0.20026183
0.20041937
0.1903659
0.1941747
0.1932097
0.19533248
0.19304502
0.18830025
0.19394207
0.19501978
0.1902146
0.19455506
0.1864671
0.18828328
0.18887046
0.18850349
0.19286136
0.19291922
0.19712612
0.18980344
0.19694372
0.19028416
0.18679544
0.18618792
0.19138919
0.18755278
0.18128136
0.18027797
0.18361841
0.17984529
0.18163373
0.18146515
0.18067874
0.1810578
0.17944981
0.18098733
0.18083012
0.18337071
0.17859353
0.18307896
0.18230124
0.18175246
0.17819463
0.19048084
0.1762465
0.1789667
0.1837165
0.17640883
0.17604145
0.17688541
0.17705624
0.17562781
0.17478709
0.1761379
0.17541364
0.17491992
0.18288259
0.18441206
0.17609388
0.17071773
0.17238104
0.17292912
0.17387788
0.17110415
0.17330818
0.16594347
0.17179479
0.1729811
0.16941759
0.16846357
0.16655457
0.17109285
0.17243336
0.16922599
0.16874698
0.16614297
0.16810599
0.16349468
0.16348997
0.17073108
0.17771137
0.16597317
0.16828288
0.16747618
0.16961217
0.16233568
0.163364
0.16361743
0.16663739
0.15871662
0.16733818
0.16094682
0.16163811
0.15891124
0.16069506
0.1585238
0.16478263
0.15717132
0.16073933
0.1617247
0.15725067
0.16114499
0.16048795
0.15797831
0.15710779
0.16085692
0.15998127
0.15993655
0.15965961
0.1580414
0.16017807
0.16234165
0.17817956
0.15963416
0.16095378
0.160307
0.16040388
0.15479155
0.15316804
0.1540427
0.15302143
0.15746446
0.15283473
0.15321402
0.15476364
0.15616713
0.15080568
0.15049373
0.15515026
0.15085845
0.15334222
0.15310133
0.15041082
0.14857227
0.14758597
0.14587747
0.14843553
0.15051036
0.14685294
0.15463363
0.15103659
0.14490938
0.1466878
0.14755774
0.14605978
0.14872424
0.14685364
0.1484863
0.14465654
0.1490593
0.15170449
0.14515717
0.14401765
0.14733024
0.14296016
0.14389955
0.14437397
0.142375
0.1439828
0.1443821
0.14333053
0.1406527
0.14514598
0.1422497
0.14416097
0.13993168
0.14077134
0.14110175
0.1460716
0.14522108
0.13976958
0.14335357
0.14503697
0.13899313
0.14014089
0.14176399
0.1413784
0.14088392
0.13870987
0.14209142
0.14031997
0.14059366
0.13948262
0.13690302
0.14100364
0.13746738
0.14087635
0.14022923
0.14049831
0.1407355
0.13695104
0.1399196
0.14127395
0.13657595
0.13647187
0.13867573
0.13829985
0.13892573
0.1386358
0.14699703
0.13711396
0.13675503
0.13602616
0.13379245
0.13863333
0.13351837
0.1324459
0.13357535
0.1395588
0.13762316
0.13743496
0.13378333
0.13549292
0.13489708
0.13527942
0.13513827
0.1339388
0.13370627
0.1332532
0.13901718
0.13655376
0.13241975
0.13521422
0.1365844
0.13926913
0.13248578
0.13166124
0.1319693
0.13469237
0.13320579
0.13288361
0.13351543
0.13218057
0.13558878
0.1314572
0.13692579
0.1312204
0.12923333
0.13623102
0.13957363
0.13246912
0.13137941
0.1295569
0.12902278
0.12978849
0.13016483
0.13084303
0.13358235
0.12851745
0.1339252
0.12719174
0.13063331
0.12926036
0.128497
0.12698106
0.13276434
0.12864323
0.12719034
0.12676226
0.12792645
0.1274943
0.13163206
0.12830555
0.13333996
0.12567483
0.12863652
0.12915927
0.12671816
0.13141316
0.133009
0.12788486
0.13032274
0.12753409
0.123757884
0.12826885
0.12678824
0.124608785
0.12718824
0.12459934
0.12535168
0.12055741
0.12129566
0.1209761
0.123388775
0.12141588
0.12325496
0.12232983
0.12102641
0.12555026
0.12361257
0.12326946
0.11968725
0.11877992
0.12171429
0.122020625
0.1272651
0.123346515
0.12377458
0.12671897
0.11912202
0.12225747
0.12058801
0.1204591
0.12211753
0.12283225
0.120982565
0.12087174
0.1204009
0.12270134
0.12102131
0.11746386
0.12040644
0.11929678
0.117659315
0.11923333
0.11991747
0.118793115
0.11637471
0.120489426
0.119421065
0.11819426
0.11625767
0.11612492
0.12062386
0.11754413
0.12115817
0.117448665
0.1176641
0.117713906
0.1180007
0.11886573
0.11686914
0.11557895
0.12069884
0.119028136
0.117085576
0.11901361
0.1158579
0.11547849
0.11499774
0.11349778
0.11650757
0.11303785
0.11360565
0.11416823
0.117695324
0.11605582
0.11419451
0.11352871
0.11651519
0.113314345
0.1142786
0.11526063
0.112205155
0.11405127
0.11442899
0.11420153
0.11517888
0.11707689
0.11039263
0.11420325
0.11358363
0.111418456
0.11263729
0.11476248
0.11234695
0.11169163
0.11336864
0.11071761
0.11451246
0.11238749
0.11430264
0.11431993
0.11426246
0.11070768
0.10958626
0.109186605
0.1090192
0.11379629
0.11055799
0.10952902
0.112228185
0.111841634
0.11061837
0.1120504
0.1125305
0.11072318
0.1110106
0.11159649
0.11158486
0.11097929
0.110105634
0.11118983
0.1094923
0.108093895
0.109906144
0.11001042
0.10977085
0.10864717
0.10877242
0.10927953
0.10804053
0.1113978
0.11067693
0.10794012
0.11077265
0.10704502
0.11150152
0.110698916
0.10975883
0.11008227
0.10997948
0.10995653
0.11416346
0.10777768
0.106702365
0.11300361
0.108963035
0.11008991
0.10863544
0.106951766
0.108707294
0.11012999
0.108060904
0.10782442
0.10870548
0.11087587
0.10866182
0.10744813
0.10676729
0.106605574
0.10862373
0.10799061
0.11036466
0.10776138
0.107647054
0.107287385
0.10912651
0.11064258
0.10829411
0.10960296
0.106662445
0.10904771
0.11074884
0.10446738
0.10713313
0.108174294
0.10655443
0.10958316
0.10610769
0.107377104
0.105923526
0.11075669
0.10188848
0.10672875
0.10332917
0.102704614
0.104500234
0.10614122
0.10381638
0.10367849
0.10849459
0.10192283
0.102975935
0.10170701
0.10348268
0.1032977
0.10477117
0.10408247
0.10380486
0.10641196
0.1047368
0.103959516
0.10623968
0.10431385
0.10076814
0.10230416
0.10197954
0.10031121
0.10527899
0.101647235
0.101816274
0.10138195
0.103530586
0.1011425
0.10000255
0.101726614
0.102648206
0.09974621
0.10492333
0.09941791
0.10258205
0.099016465
0.1002827
0.1038889
0.100493066
0.101413555
0.1003068
0.102075465
0.10142759
0.09918393
0.10239114
0.10060424
0.10026761
0.0999764
0.10239479
0.10268471
0.10366347
0.102478124
0.10028334
0.098232895
0.104000464
0.09982874
0.10080592
0.0983618
0.10229203
0.098757595
0.09992363
0.09937335
0.09868593
0.10158811
0.10142321
0.09905722
0.10075099
0.10073332
0.098777935
0.09741832
0.09739992
0.09758543
0.10118945
0.09707632
0.09894393
0.10105913
0.09774977
0.09655077
0.09817337
0.09746662
0.10145346
0.09853776
0.09724618
0.09803565
0.09791478
0.09614513
0.09572122
0.09704164
0.09747918
0.100132644
0.09693945
0.09709893
0.096137784
0.09813759
0.09716973
0.09837327
0.09665228
0.094446726
0.0946645
0.09632804
0.09415235
0.09939163
0.09499317
0.09774484
0.09682096
0.09456626
0.09677323
0.09707288
0.09477752
0.09634922
0.09565953
0.09606774
0.09388004
0.09702683
0.09467449
0.09538557
0.10012575
0.096840724
0.094993025
0.099301994
0.09773811
0.094302654
0.09662623
0.094162226
0.09370853
0.09867309
0.093921274
0.095040195
0.09480277
0.09505947
0.094514
0.095404044
0.0939612
0.09713434
0.09843623
0.095613904
0.094044685
0.09584334
0.09682399
0.09479617
0.093681574
0.09621917
0.09926405
0.09807576
0.0933612
0.092617705
0.09360229
0.095882475
0.093036205
0.0942988
0.09633225
0.09437144
0.09614517
0.09458561
0.0945713
0.09552196
0.09311019
0.09346799
0.09311114
0.09384986
0.09498001
0.09214737
0.09397294
0.092043765
0.09777137
0.095468506
0.09496216
0.09288656
0.093746886
0.096607946
0.09465502
0.09266439
0.09180342
0.09271086
0.092289165
0.09329727
0.093659535
0.09103803
0.091997236
0.090950824
0.093252234
0.09099194
0.0916497
0.09201639
0.09097882
0.09648003
0.09274469
0.09429825
0.093704216
0.09202874
0.09442514
0.092211396
0.09182833
0.092060804
0.08892818
0.094938286
0.09621957
0.090200864
0.090993606
0.08960583
0.09238679
0.08972434
0.08857175
0.09123864
0.088435285
0.089518495
0.08877224
0.088177726
0.08931994
0.09187387
0.09104772
0.089224845
0.09133701
0.090178564
0.09016581
0.088924214
0.08912689
0.08829039
0.08961627
0.08777682
0.09036134
0.08869924
0.090931386
0.08901236
0.088499986
0.087283224
0.08908952
0.08890648
0.08962261
0.08848481
0.0908802
0.09041836
0.08939339
0.0903359
0.090865314
0.091183126
0.08894243
0.089702636
0.08922876
0.09022844
0.08955553
0.08815943
0.08966032
0.087823994
0.08848661
0.08990451
0.0892698
0.09096378
0.088838704
0.08608154
0.08860801
0.088659614
0.089274615
0.087493904
0.08724235
0.088551044
0.0882973
0.08674939
0.08923474
0.08871384
0.08857187
0.08828535
0.08733603
0.08783353
0.08863481
0.089174576
0.08539007
0.0887002
0.08467559
0.08655032
0.088297084
0.08602228
0.08736317
0.08515661
0.08907111
0.08802268
0.08577358
0.085250705
0.08772303
0.088303246
0.08611084
0.086533844
0.08493173
0.087853484
0.08652996
0.08771194
0.08567248
0.08717578
0.088078216
0.087666966
0.08704107
0.08582819
0.085331164
0.08585572
0.086817816
0.08631002
0.085768774
0.08609861
0.08719535
0.08542371
0.08360617
0.08582924
0.08473153
0.08512674
0.08580705
0.08529754
0.08691653
0.08788173
0.085563295
0.08520964
0.08443022
0.08601418
0.08578538
0.08785873
0.087667204
0.085329965
0.084466636
0.084432
0.08486476
0.08616914
0.08490382
0.08461347
0.086432174
0.08549106
0.0834251
0.085701674
0.08384476
0.08454444
0.08410602
0.08384249
0.08584994
0.08599669
0.08518924
0.08517682
0.0849724
0.083790734
0.0864152
0.08627224
0.08435021
0.08716236
0.086955726
0.08327538
0.084055014
0.083168596
0.08458647
0.08388253
0.084236614
0.08547056
0.08480583
0.08385421
0.08405055
0.08341735
0.08324924
0.0835345
0.08418719
0.084034935
0.083158925
0.084910244
0.0834278
0.084607415
0.0834039
0.08427053
0.083811484
0.08360332
0.084391184
0.08314829
0.08573589
0.08305042
0.08285745
0.08359064
0.083000995
0.08372758
0.0850296
0.08322827
0.08129818
0.08305363
0.08431264
0.08288802
0.083567865
0.08393215
0.08252599
0.08160942
0.08374822
0.08227949
0.0823946
0.08383209
0.08256669
0.081287146
0.07973942
0.082359925
0.081912026
0.08041771
0.082147256
0.08175365
0.08371609
0.0822926
0.08129677
0.08016162
0.08218067
0.082818195
0.080432914
0.082668886
0.08056282
0.08076754
0.08093822
0.08056297
0.082951196
0.08005968
0.08540518
0.08226698
0.085617565
0.07965949
0.08107159
0.0826015
0.08388572
0.08214841
0.08034136
0.0817379
0.08232518
0.08058631
0.081363246
0.08092926
0.08052503
0.07855516
0.080955215
0.07801953
0.08177162
0.081036344
0.08340183
0.082063854
0.08103091
0.08455116
0.080527596
0.08291934
0.078648575
0.07909233
0.08095359
0.07905743
0.079888955
0.07993822
0.07906106
0.081196696
0.078935795
0.07980238
0.0782795
0.079240456
0.07863901
0.078291945
0.08017492
0.07818483
0.0798404
0.079916395
0.08076245
0.08010524
0.07953541
0.07988764
0.07968623
0.07799967
0.07934872
0.07899706
0.07988066
0.07773348
0.07858092
0.07881379
0.0794126
0.077495925
0.08357533
0.0803384
0.08207076
0.08169361
0.07875053
0.07916979
0.07959818
0.0782883
0.07845826
0.07790725
0.07893272
0.07834878
0.07866804
0.07824388
0.080398604
0.07887055
0.078834996
0.08122489
0.08059257
0.08093221
0.079828866
0.080778524
0.07928945
0.07877986
0.07936105
0.07739549
0.082928166
0.079112716
0.0778234
0.07827831
0.078074954
0.07927099
0.077922516
0.079969205
0.07759593
0.07777514
0.07723277
0.07861307
0.07756834
0.076911844
0.07976322
0.079224564
0.07945848
0.078049295
0.077495076
0.07765928
0.080807135
0.07878972
0.07979403
0.0798623
0.078621455
0.07958667
0.07834428
0.08206719
0.07887364
0.07773247
0.07625699
0.07988312
0.07682712
0.078576244
0.07820826
0.076409705
0.07689999
0.07802683
0.07715448
0.076519445
0.077853754
0.077961065
0.076286554
0.077133395
0.078142196
0.07712974
0.079349354
0.07663664
0.07957629
0.07613066
0.07904598
0.0750894
0.07643174
0.0778932
0.075061575
0.07592147
0.07594802
0.076158136
0.07634969
0.078665435
0.07585926
0.07742744
0.077184334
0.07559045
0.07601604
0.0765022
0.076438166
0.07774921
0.07608567
0.07645054
0.0781597
0.07536587
0.0785391
0.07870483
0.07472627
0.07614344
0.07567227
0.07657758
0.074986935
0.076484665
0.0753563
0.0777209
0.07545277
0.0760216
0.0783484
0.07492915
0.07614195
0.07685312
0.07721538
0.075273864
0.076697074
0.07509449
0.07489309
0.07649682
0.0751037
0.07461243
0.07671924
0.07503149
0.07461334
0.07574338
0.079035245
0.07727637
0.07697435
0.074785694
0.075254805
0.07585762
0.074481286
0.07520503
0.07486359
0.07476922
0.07466995
0.07356125
0.07716366
0.07469158
0.07555842
0.07712639
0.07603489
0.07589393
0.07708317
0.07566351
0.076583415
0.07477505
0.07441088
0.07489165
0.074233636
0.07643382
0.074986696
0.07416295
0.07568142
0.07621451
0.077865146
0.07365527
0.07566983
0.074086264
0.07383111
0.07443004
0.07365526
0.07518071
0.07393393
0.073881894
0.07439695
0.07424289
0.07269245
0.073312856
0.075466394
0.07504421
0.074813515
0.07430145
0.07399515
0.07375061
0.072814524
0.07270107
0.073559724
0.07473975
0.073865786
0.07514506
0.07592464
0.07429078
0.07421095
0.07664651
0.076165624
0.073808506
0.07336181
0.07363775
0.07391085
0.075692445
0.07292125
0.073712766
0.07270501
0.072885066
0.075089954
0.07515535
0.073746495
0.07441824
0.07421632
0.074866824
0.07262809
0.07215135
0.07406381
0.07329949
0.07681692
0.075690664
0.07342761
0.07541637
0.07339669
0.07491667
0.07382283
0.075408936
0.074265525
0.07185733
0.07367425
0.0717719
0.07354474
0.07450672
0.07345399
0.07403984
0.07437452
0.07097597
0.07330102
0.07217678
0.07273741
0.07506044
0.07416933
0.07313383
0.07173237
0.07319113
0.07360135
0.07342086
0.07179472
0.07265733
0.07246059
0.07272222
0.07425005
0.07397754
0.073076025
0.07246007
0.07315269
0.07360808
0.07350885
0.073331274
0.07208814
0.07236276
0.07494905
0.072943285
0.07220216
0.07368589
0.07307769
0.0762266
0.07206734
0.07247397
0.07428389
0.07375351
0.07234876
0.07321815
0.0748794
0.07436387
0.07299205
0.071575016
0.07255429
0.0715575
0.071424074
0.07321223
0.07344481
0.07244468
0.07227148
0.07100236
0.07050895
0.07261875
0.07194819
0.072577015
0.07030647
0.07144756
0.0712713
0.072351515
0.07165872
0.070884496
0.071716875
0.07236874
0.072096065
0.071216874
0.07051431
0.070960276
0.07047579
0.07038673
0.07516493
0.07417324
0.07130879
0.07087713
0.07003308
0.06969342
0.0691451
0.07073685
0.07246286
0.07011089
0.07022582
0.07018337
0.071126804
0.06920668
0.07196121
0.07005171
0.0707127
0.07071331
0.07015222
0.070241876
0.07133644
0.07066769
0.069282204
0.07011779
0.06989345
0.07116887
0.07061299
0.070479445
0.06892389
0.0720783
0.07269379
0.07087514
0.07072579
0.06998354
0.07119398
0.07027798
0.069552414
0.07006384
0.07284472
0.06927818
0.07041147
0.07250255
0.06994015
0.06936317
0.069164544
0.07113306
0.07036611
0.07039817
0.069696695
0.07013182
0.07031159
0.0713091
0.069622815
0.0712852
0.07037518
0.07001189
0.0699654
0.071283385
0.07130802
0.07151254
0.072370686
0.07075198
0.070761345
0.069039024
0.06958184
0.070230395
0.067726225
0.06922278
0.071514115
0.06873511
0.06921652
0.07024741
0.06943121
0.06750681
0.069316536
0.07019309
0.068516016
0.069074206
0.069193125
0.06834584
0.0708036
0.07023997
0.07045253
0.06817532
0.069671094
0.07032585
0.0692478
0.06911485
0.07044871
0.06897599
0.069021344
0.07370923
0.06922857
0.0704345
0.069722116
0.07092918
0.069683455
0.06813054
0.07040367
0.0701702
0.06841225
0.06930937
0.06920544
0.06870837
0.068278246
0.07154444
0.06859725
0.06973305
0.067746356
0.073857136
0.06774144
0.0718247
0.06984958
0.06791819
0.07167823
0.07034732
0.06826718
0.07132574
0.06912436
0.068350844
0.06812189
0.06812141
0.06985646
0.068474434
0.067470446
0.07147268
0.06982783
0.06927363
0.07112646
0.069340624
0.06890934
0.06868955
0.06842263
0.06899041
0.06815723
0.067810304
0.06818013
0.06790768
0.06801969
0.06833358
0.06950587
0.0692961
0.06860568
0.07016849
0.06988012
0.06791944
0.068028435
0.06922554
0.06774985
0.06798873
0.0702989
0.06888355
0.06858114
0.066758685
0.06754506
0.0668508
0.06761619
0.0676571
0.06845819
0.06707152
0.06772639
0.06736678
0.068403505
0.06775944
0.06742067
0.069039665
0.06649512
0.06646366
0.06919817
0.06742572
0.068551034
0.0696722
0.06886637
0.06771104
0.06915395
0.06871044
0.06684067
0.06757548
0.066545166
0.06866877
0.06941424
0.06786458
0.06669383
0.06738557
0.06669513
0.06802925
0.067115895
0.06705582
0.06804898
0.0699176
0.06719843
0.067674875
0.067140594
0.067756034
0.06696167
0.06812211
0.06623822
0.0669251
0.06672282
0.066109955
0.06699114
0.0682718
0.06680054
0.06850289
0.066953905
0.06924958
0.06758407
0.06735385
0.066778466
0.06926927
0.06940185
0.06667465
0.066013716
0.06594676
0.06630346
0.067758195
0.06502521
0.066137
0.06651716
0.06816603
0.06637881
0.06638828
0.06598188
0.06420181
0.06731343
0.06533287
0.06465876
0.06782546
0.06624791
0.06632122
0.06587319
0.06669504
0.06541849
0.06606398
0.06652845
0.06673793
0.066424705
0.0656403
0.06669876
0.06687173
0.06550969
0.06616734
0.06873967
0.06634546
0.06617992
0.066635005
0.065649055
0.0664057
0.0654253
0.06536741
0.06645482
0.064772904
0.06519046
0.06549035
0.0654953
0.0661569
0.06566549
0.065419234
0.064953536
0.064564355
0.064453326
0.06517834
0.0701223
0.06541417
0.06589932
0.066852525
0.067245424
0.06496826
0.06501034
0.068467036
0.06536707
0.065110594
0.06406345
0.06362363
0.067048624
0.06468089
0.06468408
0.066150084
0.06500088
0.06436841
0.06713016
0.0647922
0.063604094
0.06513188
0.06696188
0.064505845
0.06450364
0.06465737
0.0655297
0.06355293
0.06478638
0.06456719
0.06426905
0.06430216
0.064420894
0.06650722
0.06696388
0.06537373
0.064442076
0.06413086
0.0650932
0.06573526
0.0651694
0.06389342
0.065754786
0.063339375
0.065134816
0.068030484
0.064572036
0.06286349
0.06410825
0.0641387
0.06592457
0.063842006
0.063542925
0.06387851
0.06562137
0.06503796
0.06622935
0.06558687
0.06286228
0.062965624
0.06523744
0.06388762
0.06512647
0.065353245
0.0654377
0.06290448
0.06440676
0.06485275
0.064100794
0.06535644
0.06320881
0.06474561
0.06332031
0.06570977
0.064323
0.0645614
0.06500078
0.06587538
0.06404108
0.06447996
0.06519802
0.064409584
0.0637145
0.065279715
0.06441014
0.06569153
0.063558094
0.06466575
0.06385054
0.06521449
0.065412834
0.06272763
0.06493409
0.06455247
0.06305098
0.06516608
0.06438314
0.063526146
0.064218864
0.065123536
0.06324943
0.06329219
0.063383415
0.06328079
0.064247586
0.06317648
0.062042773
0.06356515
0.06253925
0.062199447
0.06506839
0.06297327
0.06333506
0.06295195
0.06358123
0.06464188
0.06461009
0.065768115
0.062461585
0.06278178
0.06437982
0.062994234
0.06500256
0.06343002
0.06323824
0.06471742
0.06319972
0.063863546
0.06416611
0.06285432
0.063081086
0.062521905
0.06346123
0.064390525
0.0642129
0.06394724
0.06336587
0.0638368
0.062307127
0.06361176
0.06342353
0.0625111
0.061990537
0.062300496
0.062464427
0.063451864
0.06117796
0.06282588
0.062494032
0.06404881
0.06281881
0.06165365
0.06126637
0.06294694
0.062250532
0.063165575
0.06351395
0.061390344
0.06263664
0.062154174
0.063384704
0.06475868
0.06526934
0.06280403
0.06312579
0.06389975
0.06373438
0.0636759
0.06378298
0.06307044
0.062237598
0.06512401
0.0629607
0.06106768
0.06142369
0.06195384
0.06281924
0.061699234
0.06307627
0.061764482
0.06368975
0.06304551
0.06404277
0.06202706
0.064443216
0.061640903
0.061309043
0.06202752
0.061819866
0.062441036
0.062931895
0.062212482
0.061954685
0.06328288
0.06281248
0.061992217
0.06401667
0.06217031
0.0635024
0.06126828
0.062453832
0.06285735
0.061902963
0.061041735
0.06125083
0.060933564
0.0617607
0.06229086
0.062158775
0.06230834
0.06219688
0.06161529
0.062082894
0.060686916
0.06284989
0.06026613
0.06233988
0.0629719
0.061778408
0.060687225
0.061832625
0.061767075
0.06205966
0.061602645
0.061478887
0.061471492
0.06325578
0.06313916
0.06384203
0.061313283
0.06251378
0.061214942
0.062273517
0.061263006
0.062286448
0.06324487
0.062361173
0.061850272
0.06284435
0.064373575
0.065569125
0.0639011
0.0677583
0.061401915
0.06261667
0.061990038
0.063242
0.06047335
0.061005592
0.062363885
0.061027464
0.061725974
0.061216846
0.063035235
0.06186046
0.060245894
0.061251856
0.062903695
0.062136367
0.060520664
0.060391694
0.063018575
0.060925215
0.061664544
0.060582004
0.062383294
0.063618466
0.061130855
0.061906297
0.061275523
0.060270336
0.061109614
0.06154256
0.061213017
0.06013485
0.06044965
0.061002955
0.06173049
0.06250957
0.062578894
0.061119236
0.061545487
0.06381558
0.05939094
0.061290126
0.06158118
0.061056364
0.06276287
0.061298415
0.06000778
0.060688037
0.06011164
0.06151163
0.06256724
0.061418783
0.061812647
0.062097546
0.0608849
0.06171804
0.06160922
0.059983343
0.061963357
0.06045362
0.062749796
0.06432791
0.062480044
0.061143767
0.0603572
0.061187003
0.061632577
0.062830694
0.061134864
0.06235073
0.06187376
0.063981414
0.06052192
0.061774343
0.060575254
0.06191057
0.05977847
0.061275274
0.060074955
0.060866598
0.059900872
0.059563264
0.059753455
0.062261924
0.06029527
0.06146623
0.05992316
0.06256656
0.06361613
0.059681635
0.06099563
0.059677605
0.062497456
0.05894907
0.06165082
0.05939413
0.059573352
0.06145456
0.059911937
0.060049605
0.060862035
0.059198532
0.059771493
0.05948148
0.059576355
0.060787845
0.059690353
0.06109589
0.060405847
0.060077105
0.06066712
0.06045986
0.060977843
0.060919385
0.061714463
0.060657375
0.06203889
0.05905061
0.059408452
0.062029056
0.05976029
0.059465084
0.058879063
0.05962655
0.060511746
0.059206467
0.061093498
0.061551455
0.060989846
0.05943576
0.059901252
0.05841753
0.059534434
0.059143227
0.058507185
0.05921378
0.05881709
0.05894728
0.06155036
0.059428163
0.058697972
0.058788422
0.05914829
0.05958001
0.061418552
0.05863942
0.058695965
0.060151573
0.060911577
0.059074555
0.06025164
0.06151945
0.0606946
0.059399035
0.0591302
0.0586349
0.06115215
0.05882045
0.059100404
0.05848265
0.05901756
0.058980506
0.058928277
0.060279172
0.058562152
0.06020818
0.06023973
0.059910167
0.059158083
0.062559575
0.060367838
0.05956482
0.059081856
0.05902589
0.05917754
0.05799443
0.05856355
0.059609175
0.059256475
0.0586101
0.057786014
0.059193946
0.05878846
0.057858646
0.05923857
0.058623448
0.058797948
0.05738923
0.058806144
0.05835059
0.0596442
0.058458526
0.060546
0.05987394
0.06233865
0.059967916
0.058996208
0.060109902
0.058347106
0.05856594
0.05846988
0.0599314
0.058805227
0.05931066
0.06135625
0.059405066
0.061893284
0.059313476
0.058192767
0.058093634
0.05879283
0.05937299
0.05647199
0.05795738
0.058472432
0.05793664
0.060091186
0.059999213
0.05923143
0.0573577
0.058766443
0.0573025
0.059121702
0.05872955
0.057920698
0.05795997
0.059067424
0.057512682
0.05853365
0.057072904
0.058244217
0.059085622
0.0576897
0.06046758
0.058295384
0.05799617
0.058578894
0.057357043
0.05879909
0.057574112
0.05846285
0.057877284
0.057519585
0.058429644
0.057804123
0.058285583
0.058115557
0.059768334