
0.6875892
0.6933745
0.696472
0.7199431
0.6332785
0.60706764
0.59192926
0.6033841
0.59171516
0.5671968
0.5975096
0.5755739
0.5541111
0.57417756
0.57400024
0.57095903
0.56161964
0.5663692
0.5850549
0.54435825
0.5486115
0.555592
0.54371125
0.53440535
0.54833525
0.5466047
0.55645144
0.5268391
0.5297237
0.52357614
0.52086335
0.52947134
0.5147995
0.5177643
0.5184601
0.5342811
0.51163375
0.50268686
0.5220099
0.50079286
0.5192231
0.5068294
0.5055481
0.4935607
0.47648537
0.48066255
0.49726063
0.47911263
0.48283124
0.49081767
0.46715823
0.4840396
0.47563672
0.469426
0.47587532
0.47555873
0.48770335
0.4701438
0.47965777
0.46057647
0.4668124
0.45625824
0.46059301
0.45611584
0.4569072
0.44174805
0.45595428
0.4453448
0.4584161
0.4439816
0.45095605
0.45315439
0.45300633
0.4379277
0.44664195
0.4476487
0.43315655
0.45076704
0.42959473
0.43463585
0.44512913
0.43511432
0.43841058
0.42966515
0.44123524
0.42582947
0.42843345
0.4295158
0.42989793
0.4125054
0.4186988
0.41238213
0.4111002
0.41512448
0.4183688
0.4134849
0.42056227
0.4057929
0.413684
0.40607473
0.40323693
0.39848152
0.39801404
0.40707874
0.40862915
0.38775814
0.38804638
0.39595306
0.39067638
0.38490024
0.38865247
0.3973722
0.37963507
0.3789219
0.38083178
0.3865993
0.38181534
0.3898172
0.38063905
0.38142747
0.38734236
0.36914235
0.37704933
0.37102297
0.3951836
0.381907
0.3824848
0.37321523
0.38664535
0.39508778
0.36936012
0.36495614
0.369537
0.3661334
0.3755864
0.36678785
0.36422372
0.37243682
0.36385226
0.35773942
0.36667585
0.37045038
0.3637825
0.35721803
0.38081905
0.3675887
0.3639797
0.3675736
0.3625134
0.3628945
0.35496
0.36230704
0.35842738
0.35572183
0.3568576
0.35152298
0.35652095
0.3473683
0.348507
0.34737477
0.34147036
0.349787
0.34232506
0.36428237
0.3421296
0.3349294
0.34271678
0.3576464
0.34801894
0.33855605
0.3487608
0.34916463
0.33427125
0.33966094
0.34968874
0.3434633
0.34185424
0.3360811
0.35388687
0.3322557
0.33799058
0.32950467
0.3249025
0.33201152
0.3259672
0.33760265
0.3306403
0.32430977
0.331483
0.32587284
0.3288784
0.32712597
0.32142276
0.32636255
0.3217474
0.32159087
0.3228626
0.31866047
0.3217338
0.33070716
0.33272433
0.3195993
0.32004824
0.31604597
0.31089115
0.32692984
0.3163577
0.31343016
0.31551448
0.31867653
0.3173166
0.31421924
0.3219114
0.31707948
0.3140082
0.3070856
0.31290382
0.30602488
0.3085667
0.315446
0.31287464
0.3102271
0.31922206
0.31143844
0.31238747
0.30191338
0.30535603
0.3101708
0.30448425
0.30445424
0.3016242
0.3116191
0.31505677
0.30180237
0.30277315
0.32980525
0.30618495
0.31567395
0.30052176
0.3201365
0.30718315
0.31484416
0.29978743
0.3048779
0.30648556
0.2992562
0.31427622
0.29651532
0.30415416
0.31215003
0.3098839
0.30549842
0.30010667
0.30022225
0.29812077
0.29875126
0.29332176
0.29242265
0.29954183
0.29418474
0.29606777
0.29614362
0.29360497
0.29784822
0.29487535
0.29697108
0.30310747
0.30070913
0.29107776
0.2897623
0.29109764
0.2903968
0.2923371
0.2893151
0.2886115
0.2898285
0.29439592
0.28487095
0.28917503
0.2873545
0.2907861
0.28636995
0.2866556
0.29431808
0.28865424
0.2983412
0.2850938
0.2855582
0.2821542
0.28414416
0.2831211
0.28066385
0.28190744
0.29493737
0.27906835
0.2830037
0.28297725
0.28137863
0.28235012
0.2798832
0.2794718
0.27633074
0.2732893
0.2748398
0.2743323
0.27510473
0.2738799
0.27799547
0.27493444
0.28053147
0.27698532
0.27823976
0.28145874
0.27182987
0.27589086
0.27588078
0.27844897
0.2759424
0.27139586
0.27153125
0.2707501
0.27646112
0.26517364
0.27856386
0.2661029
0.27031943
0.27068093
0.2650245
0.26649213
0.26955542
0.266477
0.26779193
0.2708008
0.26686597
0.28031725
0.27120697
0.27575135
0.2683223
0.26282412
0.26353544
0.25925982
0.26014435
0.2699149
0.2611622
0.25773507
0.25693128
0.25511602
0.2582414
0.25732034
0.26096064
0.2589668
0.26262704
0.26184136
0.26785833
0.25843045
0.25550056
0.2607988
0.26197097
0.2536783
0.263209
0.24954198
0.25025445
0.25117657
0.2568427
0.25742486
0.2535524
0.25116935
0.251991
0.25766775
0.2518341
0.25479394
0.2534616
0.2507703
0.249321
0.25361016
0.25515273
0.25481692
0.2521907
0.25513133
0.2538923
0.2500132
0.24560764
0.24998564
0.25177372
0.25140214
0.24608728
0.2489154
0.2539718
0.25152346
0.25179946
0.24836563
0.24626854
0.24596071
0.24845931
0.24546187
0.2477903
0.24373727
0.25074118
0.2523915
0.24617182
0.24377292
0.24480164
0.2415255
0.24942969
0.24395774
0.24575312
0.24555288
0.24106087
0.23976906
0.24418695
0.23609228
0.23958255
0.24438179
0.24106584
0.23881482
0.23793857
0.23629574
0.23919305
0.24060386
0.24252355
0.23963769
0.23985375
0.24289984
0.24127722
0.24490318
0.23716629
0.23966005
0.24084754
0.2362408
0.23604706
0.23732597
0.23568504
0.23292641
0.2378643
0.23742029
0.23125458
0.2394332
0.23535198
0.23797098
0.23468333
0.23837498
0.24412923
0.236918
0.23336716
0.23984051
0.22794472
0.23012707
0.22994494
0.23150119
0.2325523
0.23238945
0.23399411
0.23152423
0.23493934
0.23205566
0.23382735
0.23276323
0.22889906
0.2355699
0.23745474
0.23123378
0.23134159
0.23652329
0.23602514
0.23044896
0.23315
0.23358452
0.22564246
0.23248945
0.23119861
0.23430006
0.22570403
0.2306331
0.23375888
0.2262877
0.2273016
0.22947507
0.22415948
0.229953
0.22728261
0.22413516
0.22623304
0.22451842
0.22654918
0.22794583
0.22598118
0.22646418
0.22603291
0.22966836
0.22570221
0.23391883
0.2211228
0.2252042
0.22698028
0.22577809
0.22672132
0.23294462
0.22396976
0.22564618
0.2294833
0.22430678
0.22234726
0.23044376
0.2272137
0.22240548
0.22360574
0.2307561
0.22746068
0.22726662
0.2246295
0.22521964
0.22427261
0.22821905
0.22189958
0.22818254
0.21918741
0.21965155
0.2193276
0.2239806
0.2225237
0.22286451
0.222275
0.23036048
0.22086418
0.22533
0.22273162
0.22606862
0.22001526
0.21983416
0.22112331
0.22459537
0.22749807
0.21931034
0.22577943
0.22083944
0.21587366
0.218088
0.22354448
0.21910049
0.21704903
0.22495246
0.2177124
0.22964956
0.22199598
0.21595745
0.21527502
0.22039527
0.21884875
0.2163594
0.21644725
0.21850052
0.21622469
0.21959344
0.22067687
0.21930869
0.21707495
0.21884914
0.22292197
0.22012916
0.21685882
0.21152528
0.22025712
0.21594495
0.21897449
0.21937452
0.21764886
0.21765222
0.23174478
0.21812981
0.2205198
0.21551889
0.21659824
0.21499266
0.21222651
0.22124942
0.21168631
0.21853249
0.21507359
0.21904382
0.22440046
0.21196301
0.21615389
0.21148956
0.21132204
0.21412472
0.21291934
0.21814129
0.20819329
0.20965688
0.20578885
0.20946181
0.20724668
0.21177158
0.2124046
0.20842147
0.20967194
0.20902711
0.20855859
0.21197565
0.21075287
0.2051644
0.20574877
0.20595762
0.20658666
0.20935899
0.20395504
0.21089196
0.20887977
0.2049861
0.21051368
0.20744227
0.20585197
0.20672253
0.21287641
0.20758432
0.2048415
0.2085796
0.20674157
0.20415191
0.20662338
0.20642816
0.20666327
0.20791861
0.2144105
0.2052102
0.20843309
0.20298083
0.20856623
0.20856124
0.20659143
0.20669809
0.20543472
0.20698656
0.2013692
0.20291224
0.20856547
0.20224787
0.20166369
0.20202419
0.20151573
0.20595074
0.20724094
0.2054075
0.20121115
0.20582898
0.2042997
0.20540422
0.20463446
0.20354955
0.20148915
0.20589393
0.20580512
0.20352401
0.1988206
0.20005237
0.20599335
0.20053144
0.20188537
0.20580077
0.20190991
0.20453195
0.2013925
0.20421027
0.20231108
0.20503712
0.20167045
0.2090468
0.20333403
0.2016554
0.20451243
0.2117461
0.20064643
0.19976011
0.20512982
0.20008552
0.19594947
0.20593846
0.19985828
0.19877447
0.20125501
0.20089442
0.20190088
0.20175585
0.19630404
0.19903915
0.19441582
0.19633502
0.20356572
0.20023993
0.19935057
0.19646251
0.20642811
0.19883522
0.20079237
0.19813938
0.19761284
0.19807975
0.19492763
0.20192038
0.19744724
0.19809946
0.1947261
0.20291257
0.20011891
0.19601181
0.20269361
0.19974318
0.19853024
0.2003076
0.19637
0.19635335
0.19714853
0.20191823
0.19479558
0.20328149
0.19880083
0.20564786
0.19893563
0.20196094
0.2035868
0.19511367
0.203725
0.19541639
0.19835417
0.19516723
0.19562164
0.19219366
0.19556014
0.19551855
0.19501872
0.19455492
0.1897244
0.1969011
0.19247448
0.19407322
0.19523957
0.1984281
0.19309047
0.19380213
0.18944654
0.19731228
0.193632
0.19490099
0.1901125
0.19346634
0.19122636
0.1947907
0.19727011
0.18905868
0.19582249
0.18878488
0.19195743
0.19044602
0.19691819
0.20090064
0.19394854
0.19165608
0.19274755
0.19054812
0.19207528
0.19443686
0.19272868
0.19250499
0.18940167
0.19279288
0.19367427
0.19199008
0.19554156
0.1888625
0.19000366
0.19134602
0.1892157
0.18903078
0.19225106
0.19341308
0.19277774
0.19454004
0.18963553
0.19162096
0.18777315
0.19150788
0.18869923
0.18784097
0.18905215
0.1904693
0.19182771
0.1864331
0.1836428
0.18385929
0.18756106
0.18955585
0.18894035
0.187957
0.18422401
0.18601237
0.18704042
0.18874298
0.19162205
0.1847919
0.18666886
0.18591195
0.18587707
0.19376862
0.19223213
0.19031984
0.18730994
0.19025722
0.18671265
0.18262348
0.184326
0.19262713
0.183802
0.18858834
0.18318897
0.1829352
0.18441708
0.18675934
0.1869986
0.1932905
0.18494543
0.18538812
0.18903066
0.18258245
0.18446766
0.18978228
0.18395081
0.18346776
0.18408409
0.18235719
0.18303664
0.18881239
0.18775648
0.18504484
0.18614988
0.18338569
0.1851608
0.18859737
0.18636836
0.18805096
0.1845657
0.18322557
0.18154268
0.18309183
0.18332022
0.18715768
0.18678497
0.18463257
0.17981951
0.18195571
0.18240073
0.18569322
0.17876402
0.1813366
0.18337305
0.17961618
0.18009908
0.18059604
0.18676619
0.18079947
0.18074624
0.18247905
0.1780074
0.18210201
0.18305168
0.1859132
0.18332654
0.18080376
0.18790042
0.1804116
0.19072156
0.18200324
0.17844571
0.18028578
0.18221238
0.18247809
0.18321499
0.1835776
0.18251719
0.18089609
0.18511193
0.18578102
0.18279329
0.18073902
0.18177971
0.18191329
0.18049037
0.18193239
0.1811828
0.18066914
0.1806976
0.17997035
0.1800132
0.18178222
0.17946367
0.183345
0.17976782
0.17977712
0.1786805
0.17892121
0.18114038
0.18606849
0.18294516
0.1759117
0.17776148
0.17625579
0.17993778
0.18060179
0.17864022
0.1766088
0.18118186
0.18479913
0.17821597
0.17828637
0.17746754
0.1805925
0.18010831
0.17749773
0.17891803
0.17900328
0.17463978
0.17581122
0.17875192
0.17804754
0.17594263
0.18019313
0.17954627
0.17814858
0.18073186
0.17627783
0.18175061
0.17884077
0.17515361
0.17599502
0.17669474
0.17695856
0.17336412
0.17888981
0.1765719
0.177603
0.18235075
0.17414401
0.18031809
0.17249307
0.17446251
0.17820154
0.17328595
0.18192212
0.17879984
0.17118202
0.17794175
0.18002912
0.17797153
0.1803742
0.18058681
0.17308481
0.18021318
0.17650539
0.1741277
0.17502654
0.17565903
0.17621535
0.1727126
0.17431012
0.17805299
0.17406756
0.17749406
0.17984928
0.17733416
0.17745529
0.17251435
0.174673
0.17326537
0.17185386
0.17658903
0.17180127
0.17850268
0.17394513
0.17269067
0.17292893
0.17571306
0.18149929
0.17646328
0.17447913
0.17799935
0.17877452
0.17280744
0.17410575
0.18154924
0.17537922
0.17415224
0.17411903
0.1739657
0.1750737
0.17623016
0.17913811
0.18076964
0.17395952
0.17432655
0.17490228
0.17101794
0.17664194
0.17385066
0.1722114
0.17253251
0.17490794
0.17414866
0.1756519
0.17489554
0.17418775
0.17667095
0.1716607
0.17417252
0.17273745
0.17086025
0.16991366
0.17741798
0.1720342
0.17142166
0.17450258
0.17042853
0.17428094
0.1699029
0.17210299
0.17269109
0.17496079
0.17120762
0.17069665
0.17160103
0.17245813
0.17476226
0.17340983
0.17423964
0.17543063
0.17979184
0.17619891
0.17535032
0.1733617
0.17388272
0.17386888
0.17559142
0.17252004
0.17252754
0.1796433
0.17440371
0.17380278
0.17488007
0.17733462
0.1744331
0.17326225
0.17410271
0.17375942
0.17462255
0.17563714
0.17366186
0.17135128
0.17827517
0.16910438
0.17125309
0.16896719
0.1722826
0.1709229
0.17083207
0.17342007
0.17434612
0.17109406
0.1743427
0.17350619
0.18050157
0.17148767
0.17315458
0.17444855
0.16828915
0.17506808
0.17385352
0.17299028
0.17405345
0.17441371
0.17580408
0.17852147
0.17274405
0.17425328
0.17284982
0.17115764
0.17127384
0.17072129
0.16900688
0.16977149
0.17192717
0.17049587
0.17081752
0.16920762
0.17476551
0.17078686
0.16853331
0.16720504
0.17190084
0.1710616
0.166643
0.17114937
0.17223756
0.16950494
0.16950692
0.16979711
0.16761562
0.16709478
0.16966178
0.17181166
0.17962553
0.16829535
0.17221853
0.17257658
0.17071277
0.16988449
0.17015445
0.17487387
0.16942316
0.17061284
0.16638201
0.16990143
0.16767102
0.18021058
0.17152143
0.17276603
0.16451673
0.16820653
0.1722686
0.16592875
0.16659242
0.16849515
0.16898856
0.16288614
0.16615699
0.1677112
0.16743544
0.17185521
0.16686918
0.16683182
0.17375812
0.16913971
0.16485465
0.17083651
0.16970919
0.16541846
0.16718692
0.1670723
0.16818298
0.17218833
0.17491351
0.16550581
0.16583519
0.16727605
0.16958944
0.16784707
0.16727613
0.1654009
0.16719425
0.16733965
0.16871306
0.16524641
0.1669277
0.16786917
0.16823763
0.16325967
0.16557692
0.16864572
0.16412368
0.16622669
0.16445233
0.16313495
0.16507494
0.16339852
0.16343728
0.1658717
0.16489427
0.16897596
0.16705917
0.1709802
0.1657061
0.16449696
0.16495946
0.16433619
0.16517457
0.16452914
0.16492927
0.1641205
0.16407798
0.16413225
0.16352051
0.16292036
0.16225187
0.16225192
0.16445641
0.16677862
0.1633231
0.16095044
0.16342908
0.16369647
0.16570659
0.16092047
0.16511554
0.16331632
0.16453731
0.1673001
0.16110599
0.166263
0.16188115
0.16502547
0.16496776
0.16362745
0.16613814
0.16250403
0.16213705
0.16335338
0.15956114
0.16636872
0.1602057
0.16808675
0.1617205
0.16251077
0.16217451
0.16223693
0.16347112
0.1604683
0.16080295
0.16448656
0.1637152
0.16013654
0.1632151
0.16080047
0.16180474
0.16042514
0.16639784
0.1600525
0.15792392
0.15961252
0.16050395
0.15992899
0.16108592
0.16049653
0.15571192
0.16373812
0.15899743
0.16388471
0.1604679
0.16075118
0.15821385
0.15933506
0.15917204
0.16061586
0.1599989
0.16290137
0.1629789
0.1612417
0.15787748
0.16076
0.15950936
0.15942892
0.1595075
0.16164675
0.1588234
0.15924847
0.15976752
0.15821394
0.15660605
0.16136567
0.15847576
0.15566559
0.16152985
0.15519226
0.16002549
0.15792324
0.15962751
0.1578416
0.16194975
0.1608801
0.15769775
0.16084734
0.16016607
0.16510487
0.16000625
0.15962762
0.15841337
0.15836205
0.1592767
0.16069816
0.15959014
0.15775341
0.16237745
0.16203886
0.15766665
0.16123952
0.15978175
0.16333233
0.16258895
0.15955472
0.15757985
0.15963455
0.15943244
0.16045314
0.16359338
0.16094217
0.15964942
0.15679725
0.15827855
0.15953091
0.16170837
0.15998386
0.1592856
0.16059925
0.1608478
0.15841967
0.16305828
0.1573617
0.1591804
0.15992826
0.16040494
0.159632
0.15739404
0.16479817
0.15919402
0.16140398
0.1592365
0.16127975
0.1600227
0.15682222
0.15755865
0.15755394
0.16066845
0.15927261
0.15722728
0.15651082
0.15950172
0.16252181
0.1561231
0.15888946
0.15996373
0.1624291
0.15775259
0.1602851
0.15536745
0.15923794
0.15832841
0.15993555
0.15941082
0.16028687
0.1589291
0.1543759
0.15880692
0.15743913
0.156761
0.15944736
0.15725745
0.15577284
0.15840213
0.15470864
0.15688202
0.15792784
0.15814187
0.15473954
0.15462889
0.1568147
0.15676223
0.15445702
0.15637626
0.16377875
0.15667446
0.15833655
0.15835716
0.15408206
0.15697992
0.15341781
0.15669441
0.15835871
0.15646853
0.15671837
0.1561522
0.15815772
0.15660816
0.15524803
0.15503429
0.15483113
0.16082281
0.15575026
0.15660335
0.15738922
0.16074863
0.1534153
0.15431541
0.1507648
0.15251723
0.15392657
0.15501767
0.15190478
0.15271813
0.15701671
0.15236576
0.15127614
0.15213448
0.15499963
0.15554905
0.15268265
0.1577159
0.15853432
0.15795577
0.15881419
0.15630303
0.15560384
0.15420134
0.15233791
0.15106368
0.15707015
0.15673116
0.1554152
0.15174854
0.15686043
0.15245748
0.15469842
0.15589102
0.15518449
0.15679485
0.15255368
0.15589312
0.15210581
0.1558409
0.15634358
0.15805091
0.15517175
0.15444332
0.1523327
0.15273575
0.15768541
0.15466449
0.15272883
0.15289775
0.15478472
0.15090346
0.1531538
0.15191837
0.15105635
0.1518839
0.15650655
0.15778452
0.15160331
0.1505977
0.14866057
0.15062754
0.15211621
0.14820525
0.15039717
0.15344927
0.14928882
0.15089759
0.15110156
0.14868575
0.1500537
0.14983603
0.15659282
0.14792909
0.14901535
0.14697646
0.15415327
0.15019423
0.14922322
0.15088207
0.15159647
0.14881982
0.14890172
0.15050901
0.14901806
0.15065861
0.1504169
0.15181483
0.14768168
0.14928782
0.1495614
0.14900719
0.1465486
0.14916112
0.15503995
0.14952417
0.15014857
0.1506656
0.15032819
0.15391783
0.15126611
0.15023512
0.1483501
0.14843069
0.15065676
0.14966255
0.14940532
0.1493326
0.15272522
0.15168975
0.15176818
0.14861274
0.15040834
0.15710777
0.15177128
0.14978579
0.14872304
0.14806609
0.15192789
0.15277623
0.14770591
0.15143324
0.15183192
0.15091829
0.15076275
0.14968826
0.15379332
0.15051079
0.15538941
0.15332304
0.15032789
0.14970487
0.15180665
0.15297875
0.1496606
0.1491733
0.15022826
0.15162806
0.15001099
0.15100928
0.14946055
0.15304495
0.15185225
0.14905803
0.1459775
0.15023416
0.15247513
0.15379271
0.15226059
0.14980103
0.15272796
0.14925054
0.15054852
0.14868316
0.15050386
0.14790924
0.14792192
0.14919406
0.15052082
0.15146816
0.15054436
0.14746282
0.15191227
0.14865956
0.14856382
0.14927001
0.14971401
0.14550535
0.1488688
0.15011303
0.1516778
0.15108483
0.1532845
0.15145518
0.14854604
0.14545853
0.14916202
0.14959876
0.14545842
0.148508
0.14407317
0.15029886
0.14930733
0.14976673
0.14440402
0.15077372
0.14549063
0.14542376
0.14760368
0.14661968
0.14595927
0.14719296
0.14528564
0.1468002
0.14830768
0.1455504
0.14735214
0.14858305
0.1441776
0.14328398
0.14457698
0.14783196
0.14546415
0.14819856
0.14882684
0.14379625
0.1483756
0.14459765
0.14564681
0.14479221
0.14467053
0.14601669
0.14400089
0.14244592
0.14960667
0.14606048
0.1459413
0.14414941
0.15087496
0.14507651
0.14356035
0.1426343
0.147932
0.14655823
0.14523576
0.14521632
0.14669168
0.14322622
0.14440617
0.14706771
0.1506507
0.14674823
0.14466126
0.14454514
0.14326036
0.1439253
0.14517073
0.14588414
0.14553414
0.1439105
0.14507166
0.14913704
0.14973253
0.15150729
0.14403404
0.14279015
0.15023074
0.1475513
0.14379503
0.14532351
0.14607641
0.14419515
0.14731365
0.14442638
0.14721037
0.14548054
0.14394532
0.14309597
0.14706524
0.14846271
0.14379053
0.14666742
0.14403847
0.14719567
0.15342736
0.14129329
0.14359441
0.14814313
0.15029857
0.15185715
0.14715119
0.14368236
0.14752418
0.14458998
0.14599961
0.14739065
0.14400601
0.14486195
0.14918488
0.1437612
0.14233992
0.1445275
0.14599852
0.14884318
0.14842325
0.14753294
0.1480991
0.14610472
0.14850186
0.14427084
0.14472376
0.14487155
0.15034913
0.1447498
0.14785133
0.14793131
0.14206433
0.14693171
0.14701517
0.14565635
0.15011351
0.14422671
0.14499092
0.14289807
0.14430958
0.14517069
0.14328995
0.14310813
0.14373444
0.14353435
0.14177452
0.14560051
0.1426931
0.143541
0.14164998
0.14275779
0.14168882
0.1416844
0.14257061
0.14406565
0.14191626
0.1445725
0.14103068
0.14295918
0.13941684
0.14389318
0.14220835
0.14357962
0.14471638
0.1452627
0.14560644
0.14413181
0.14325915
0.1423719
0.14040299
0.14279424
0.13785629
0.14115737
0.142602
0.14159404
0.13786273
0.14118189
0.14019455
0.14331312
0.14292175
0.13957752
0.14194852
0.14148477
0.138823
0.14100444
0.14097433
0.13936172
0.14139749
0.13876855
0.1388396
0.14038634
0.1390294
0.14999011
0.14140706
0.14133814
0.14171423
0.13990055
0.14187819
0.13894509
0.14267503
0.13922101
0.14579764
0.1422461
0.14245598
0.14452745
0.14473885
0.14164154
0.14264458
0.14143723
0.14293748
0.14410676
0.14264396
0.13855994
0.14130524
0.14068095
0.14208059
0.14373045
0.13815759
0.14406641
0.14329904
0.14098781
0.14229517
0.14510085
0.14069349
0.14428344
0.14039946
0.13774092
0.14294913
0.13771077
0.14432877
0.13973732
0.14086273
0.13848178
0.13976382
0.13883263
0.14237437
0.14177893
0.13718255
0.14069682
0.13791539
0.14177215
0.1411486
0.1396359
0.13990505
0.14025937
0.14058979
0.13798942
0.13975143
0.13881639
0.1394834
0.1392297
0.1381737
0.14013305
0.1373762
0.14008039
0.14138624
0.14809844
0.13981189
0.14066009
0.1416003
0.13940504
0.13961233
0.14010943
0.13855945
0.13814183
0.13972025
0.1382284
0.14225917
0.14226
0.14133747
0.13857609
0.13971837
0.13763918
0.14040314
0.13835019
0.13701391
0.14468051
0.14036843
0.13863513
0.13915497
0.13653328
0.13797389
0.13682143
0.13801856
0.13795242
0.13569617
0.14185636
0.13857976
0.13716017
0.13420619
0.13557783
0.14152287
0.13756223
0.13848338
0.13686961
0.14101775
0.13878891
0.13844587
0.14204775
0.14173307
0.13683352
0.14122584
0.14286341
0.13779007
0.13615273
0.13868709
0.13974954
0.13780229
0.13737303
0.14111301
0.13571522
0.13479526
0.13920055
0.13728793
0.13620254
0.1359991
0.13625962
0.1368631
0.13572578
0.1362749
0.1351874
0.13548054
0.1364333
0.13539386
0.13679785
0.14006242
0.13432746
0.13666454
0.13994433
0.13635656
0.13566007
0.13837738
0.13569894
0.13716365
0.1361895
0.14108735
0.13740295
0.13669714
0.13781078
0.13859686
0.1348915
0.14001827
0.13541403
0.14142908
0.13616309
0.1378814
0.13650633
0.13826649
0.13416979
0.13648981
0.13701922
0.13545729
0.13805027
0.13666783
0.13676958
0.13643366
0.13727817
0.13914883
0.13459383
0.1376632
0.13874467
0.13845387
0.13718234
0.13744082
0.13525587
0.13523035
0.13467246
0.13487245
0.13570799
0.13806823
0.13573591
0.13661239
0.13460952
0.1390617
0.13533027
0.13439946
0.13620575
0.13423447
0.13430731
0.13456284
0.13841967
0.13220464
0.13610306
0.13447149
0.13342465
0.13807711
0.1347952
0.13430828
0.13673162
0.13078296
0.13325925
0.14113541
0.13448922
0.1357384
0.13733253
0.13455912
0.13364889
0.13446343
0.13729614
0.13365987
0.13704397
0.13330029
0.13694762
0.13571551
0.13718122
0.13979393
0.13768588
0.13235931
0.13395151
0.13457426
0.13313153
0.13286519
0.13593037
0.13818724
0.13257362
0.13193402
0.13543135
0.13503474
0.13358736
0.13352533
0.13506688
0.13473915
0.13165793
0.1349569
0.1348737
0.13165608
0.13307332
0.1324354
0.13593818
0.13726531
0.1334233
0.13464624
0.13547917
0.13410816
0.13636355
0.13599043
0.13637513
0.13802126
0.13547212
0.13419591
0.13096759
0.13396119
0.1345057
0.13817562
0.13295187
0.13096839
0.13477641
0.13214886
0.13171922
0.13064037
0.13402504
0.13262363
0.13334385
0.13189054
0.1345831
0.13578348
0.13043573
0.13483512
0.13059208
0.13401717
0.13130262
0.13289697
0.1333344
0.13304517
0.13122572
0.13235416
0.13344583
0.13125896
0.13382457
0.13336654
0.13172182
0.1354007
0.13231924
0.13432151
0.13289082
0.13366668
0.13321121
0.13248755
0.1319068
0.13082424
0.13163485
0.13363582
0.13661481
0.13185175
0.13434517
0.13409755
0.13128869
0.13546883
0.13259394
0.13407774
0.13355689
0.1313796
0.13282657
0.13557675
0.1358292
0.13363023
0.13290992
0.13419865
0.13480009
0.13521191
0.1322253
0.13382219
0.13854668
0.13519505
0.13529149
0.13403754
0.13316122
0.13282204
0.13238165
0.13128075
0.13234727
0.13667287
0.13480711
0.13289441
0.13185763
0.13127358
0.1348486
0.1330976
0.13045162
0.13153315
0.12859063
0.13117242
0.13088572
0.13021922
0.13213749
0.13025577
0.1325785
0.1288755
0.12910883
0.1272347
0.12905593
0.13414755
0.13254316
0.13215177
0.13248456
0.13202669
0.12899898
0.13033837
0.13100936
0.12846473
0.13187888
0.13035731
0.13239972
0.128877
0.12870122
0.12957181
0.13238032
0.13166334
0.13148235
0.12987468
0.12685862
0.12817225
0.12930566
0.12829752
0.12862141
0.1305148
0.1297807
0.13001287
0.12724218
0.13369812
0.13378304
0.12851928
0.13349737
0.1349694
0.13035615
0.12847412
0.13031524
0.13205467
0.13092333
0.1297644