20 197.76 0.0 197.76 0.057 16 19 0.35 0.0 
40 197.81 0.0 197.81 0.086 32 39 0.7 0.0 
60 196.56 0.0 196.56 0.116 44 59 0.96 0.0 
80 195.93 0.0 195.93 0.133 56 78 1.23 0.0 
100 196.1 0.0 196.1 0.161 69 97 1.51 0.0 
120 195.7 0.0 195.7 0.172 84 117 1.84 0.01 
140 195.77 0.0 195.77 0.184 97 137 2.13 0.01 
160 194.51 0.0 194.51 0.202 104 157 2.28 0.01 
180 194.44 0.0 194.44 0.225 115 177 2.52 0.01 
200 194.26 0.0 194.26 0.228 125 197 2.74 0.01 
220 193.94 0.0 193.94 0.245 132 217 2.89 0.01 
240 193.12 0.0 193.12 0.259 141 235 3.09 0.01 
260 193.25 0.0 193.25 0.269 152 255 3.33 0.01 
280 192.31 0.0 192.31 0.287 163 275 3.57 0.01 
300 191.64 0.0 191.64 0.302 173 295 3.79 0.01 
320 191.46 0.0 191.46 0.306 181 315 3.97 0.02 
340 191.18 0.0 191.18 0.313 191 333 4.19 0.02 
360 191.03 0.0 191.03 0.326 199 353 4.36 0.02 
380 190.65 0.0 190.65 0.329 207 372 4.54 0.02 
400 190.02 0.0 190.02 0.335 215 392 4.71 0.02 
420 189.15 0.0 189.15 0.355 224 411 4.91 0.02 
440 188.6 0.0 188.6 0.359 234 430 5.13 0.02 
460 188.45 0.0 188.45 0.367 243 450 5.33 0.02 
480 188.14 0.0 188.14 0.371 251 469 5.5 0.02 
500 187.26 0.0 187.26 0.376 256 485 5.61 0.02 
520 187.26 0.0 187.26 0.391 263 505 5.77 0.03 
540 186.88 0.0 186.88 0.391 266 525 5.83 0.03 
560 186.98 0.0 186.98 0.397 276 545 6.05 0.03 
580 186.23 0.0 186.23 0.407 286 565 6.27 0.03 
600 186.31 0.0 186.31 0.414 294 584 6.45 0.03 
620 186.11 0.0 186.11 0.426 308 604 6.75 0.03 
640 185.7 0.0 185.7 0.434 314 623 6.89 0.03 
660 185.79 0.0 185.79 0.436 327 641 7.17 0.03 
680 185.19 0.0 185.19 0.449 333 659 7.3 0.03 
700 184.83 0.0 184.83 0.449 341 677 7.48 0.03 
720 184.11 0.0 184.11 0.458 348 695 7.63 0.03 
740 183.11 0.0 183.11 0.463 358 713 7.85 0.04 
760 183.03 0.0 183.03 0.467 368 732 8.07 0.04 
780 183.38 0.0 183.38 0.473 374 749 8.2 0.04 
800 183.23 0.0 183.23 0.479 380 769 8.33 0.04 
820 182.87 0.0 182.87 0.486 387 786 8.49 0.04 
840 182.45 0.0 182.45 0.492 396 806 8.68 0.04 
860 181.9 0.0 181.9 0.498 402 825 8.82 0.04 
880 181.44 0.0 181.44 0.503 409 843 8.97 0.04 
900 181.64 0.0 181.64 0.511 415 861 9.1 0.04 
920 180.47 0.0 180.47 0.516 421 881 9.23 0.04 
940 180.37 0.0 180.37 0.522 428 900 9.39 0.04 
960 180.29 0.0 180.29 0.524 434 919 9.52 0.05 
980 180.15 0.0 180.15 0.527 439 937 9.63 0.05 
1000 180.34 0.0 180.34 0.536 446 957 9.78 0.05 
1020 179.78 0.0 179.78 0.535 453 976 9.93 0.05 
1040 179.39 0.0 179.39 0.538 457 994 10.02 0.05 
1060 179.09 0.0 179.09 0.541 462 1014 10.13 0.05 
1080 179.44 0.0 179.44 0.546 468 1033 10.26 0.05 
1100 178.7 0.0 178.7 0.55 476 1052 10.44 0.05 
1120 178.05 0.0 178.05 0.554 483 1070 10.59 0.05 
1140 178.26 0.0 178.26 0.558 494 1090 10.83 0.05 
1160 177.92 0.0 177.92 0.558 504 1109 11.05 0.06 
1180 177.62 0.0 177.62 0.568 508 1128 11.14 0.06 
1200 177.6 0.0 177.6 0.567 514 1148 11.27 0.06 
1220 177.54 0.0 177.54 0.572 520 1165 11.4 0.06 
1240 177.09 0.0 177.09 0.575 528 1184 11.58 0.06 
1260 177.34 0.0 177.34 0.579 536 1204 11.75 0.06 
1280 176.94 0.0 176.94 0.582 540 1222 11.84 0.06 
1300 176.41 0.0 176.41 0.584 547 1242 12.0 0.06 
1320 175.74 0.0 175.74 0.592 552 1260 12.11 0.06 
1340 175.9 0.0 175.9 0.591 558 1280 12.24 0.06 
1360 175.73 0.0 175.73 0.596 567 1297 12.43 0.06 
1380 175.02 0.0 175.02 0.599 572 1315 12.54 0.07 
1400 174.69 0.0 174.69 0.603 575 1335 12.61 0.07 
1420 174.8 0.0 174.8 0.606 584 1353 12.81 0.07 
1440 174.56 0.0 174.56 0.611 589 1373 12.92 0.07 
1460 174.33 0.0 174.33 0.611 597 1391 13.09 0.07 
1480 174.52 0.0 174.52 0.612 605 1411 13.27 0.07 
1500 174.01 0.0 174.01 0.616 608 1429 13.33 0.07 
1520 173.92 0.0 173.92 0.619 618 1449 13.55 0.07 
1540 173.62 0.0 173.62 0.623 631 1468 13.84 0.07 
1560 173.47 0.0 173.47 0.622 638 1486 13.99 0.07 
1580 173.44 0.0 173.44 0.626 643 1504 14.1 0.07 
1600 173.17 0.0 173.17 0.628 651 1524 14.28 0.08 
1620 172.9 0.0 172.9 0.629 656 1544 14.39 0.08 
1640 172.46 0.0 172.46 0.63 661 1564 14.5 0.08 
1660 172.45 0.0 172.45 0.632 668 1584 14.65 0.08 
1680 172.32 0.0 172.32 0.637 675 1604 14.8 0.08 
1700 172.25 0.0 172.25 0.635 681 1622 14.93 0.08 
1720 172.39 0.0 172.39 0.637 687 1641 15.07 0.08 
1740 172.03 0.0 172.03 0.641 695 1660 15.24 0.08 
1760 171.42 0.0 171.42 0.643 700 1679 15.35 0.08 
1780 171.12 0.0 171.12 0.647 705 1698 15.46 0.08 
1800 170.46 0.0 170.46 0.649 710 1715 15.57 0.09 
1820 170.41 0.0 170.41 0.654 716 1733 15.7 0.09 
1840 170.34 0.0 170.34 0.653 721 1751 15.81 0.09 
1860 170.24 0.0 170.24 0.655 727 1770 15.94 0.09 
1880 169.86 0.0 169.86 0.655 733 1788 16.07 0.09 
1900 170.25 0.0 170.25 0.658 745 1808 16.34 0.09 
1920 169.79 0.0 169.79 0.66 751 1824 16.47 0.09 
1940 169.15 0.0 169.15 0.659 758 1844 16.62 0.09 
1960 169.33 0.0 169.33 0.662 768 1862 16.84 0.09 
1980 169.38 0.0 169.38 0.666 775 1881 17.0 0.09 
2000 169.62 0.0 169.62 0.667 785 1899 17.21 0.09 
2020 168.91 0.0 168.91 0.669 789 1918 17.3 0.1 
2040 168.79 0.0 168.79 0.672 793 1938 17.39 0.1 
2060 168.72 0.0 168.72 0.673 796 1956 17.46 0.1 
2080 168.46 0.0 168.46 0.674 801 1975 17.57 0.1 
2100 167.82 0.0 167.82 0.676 805 1994 17.65 0.1 
2120 167.9 0.0 167.9 0.677 809 2013 17.74 0.1 
2140 167.91 0.0 167.91 0.681 810 2028 17.76 0.1 
2160 167.51 0.0 167.51 0.681 813 2047 17.83 0.1 
2180 167.63 0.0 167.63 0.683 819 2067 17.96 0.1 
2200 167.65 0.0 167.65 0.687 824 2086 18.07 0.1 
2220 167.65 0.0 167.65 0.688 829 2105 18.18 0.1 
2240 167.36 0.0 167.36 0.689 834 2125 18.29 0.11 
2260 167.27 0.0 167.27 0.689 838 2144 18.38 0.11 
2280 167.21 0.0 167.21 0.688 842 2163 18.46 0.11 
2300 167.36 0.0 167.36 0.691 849 2181 18.62 0.11 
2320 166.85 0.0 166.85 0.693 855 2201 18.75 0.11 
2340 166.97 0.0 166.97 0.692 862 2219 18.9 0.11 
2360 166.73 0.0 166.73 0.693 864 2236 18.95 0.11 
2380 166.36 0.0 166.36 0.695 869 2256 19.06 0.11 
2400 166.09 0.0 166.09 0.696 873 2276 19.14 0.11 
2420 165.66 0.0 165.66 0.701 881 2296 19.32 0.11 
2440 165.2 0.0 165.2 0.698 885 2314 19.41 0.12 
2460 164.81 0.0 164.81 0.7 890 2332 19.52 0.12 
2480 164.45 0.0 164.45 0.701 893 2351 19.58 0.12 
2500 164.57 0.0 164.57 0.703 899 2370 19.71 0.12 
2520 164.54 0.0 164.54 0.703 903 2387 19.8 0.12 
2540 164.48 0.0 164.48 0.709 907 2405 19.89 0.12 
2560 163.92 0.0 163.92 0.712 916 2424 20.09 0.12 
2580 163.8 0.0 163.8 0.71 916 2440 20.09 0.12 
2600 163.96 0.0 163.96 0.713 922 2458 20.22 0.12 
2620 163.82 0.0 163.82 0.715 925 2475 20.29 0.12 
2640 163.6 0.0 163.6 0.714 929 2494 20.37 0.12 
2660 163.14 0.0 163.14 0.716 934 2513 20.48 0.12 
2680 162.82 0.0 162.82 0.718 939 2531 20.59 0.13 
2700 162.81 0.0 162.81 0.72 944 2550 20.7 0.13 
2720 162.71 0.0 162.71 0.719 948 2568 20.79 0.13 
2740 162.81 0.0 162.81 0.721 951 2586 20.86 0.13 
2760 162.7 0.0 162.7 0.722 954 2604 20.92 0.13 
2780 162.26 0.0 162.26 0.725 960 2622 21.05 0.13 
2800 162.38 0.0 162.38 0.725 967 2641 21.21 0.13 
2820 162.24 0.0 162.24 0.723 969 2660 21.25 0.13 
2840 162.19 0.0 162.19 0.729 971 2678 21.29 0.13 
2860 161.69 0.0 161.69 0.727 977 2697 21.43 0.13 
2880 161.85 0.0 161.85 0.727 980 2716 21.49 0.14 
2900 161.43 0.0 161.43 0.731 987 2734 21.64 0.14 
2920 161.42 0.0 161.42 0.732 994 2753 21.8 0.14 
2940 160.88 0.0 160.88 0.732 998 2769 21.89 0.14 
2960 161.18 0.0 161.18 0.734 1000 2789 21.93 0.14 
2980 161.2 0.0 161.2 0.735 1004 2806 22.02 0.14 
3000 160.84 0.0 160.84 0.736 1008 2822 22.11 0.14 
3020 160.2 0.0 160.2 0.734 1015 2842 22.26 0.14 
3040 160.9 0.0 160.9 0.739 1020 2861 22.37 0.14 
3060 160.35 0.0 160.35 0.74 1028 2881 22.54 0.14 
3080 160.13 0.0 160.13 0.739 1035 2901 22.7 0.14 
3100 160.03 0.0 160.03 0.739 1040 2919 22.81 0.15 
3120 159.74 0.0 159.74 0.743 1046 2939 22.94 0.15 
3140 159.49 0.0 159.49 0.745 1053 2958 23.09 0.15 
3160 158.97 0.0 158.97 0.745 1061 2976 23.27 0.15 
3180 158.91 0.0 158.91 0.748 1065 2994 23.36 0.15 
3200 159.12 0.0 159.12 0.747 1070 3013 23.46 0.15 
3220 158.96 0.0 158.96 0.747 1078 3032 23.64 0.15 
3240 159.28 0.0 159.28 0.747 1082 3047 23.73 0.15 
3260 158.85 0.0 158.85 0.752 1087 3066 23.84 0.15 
3280 158.64 0.0 158.64 0.752 1093 3085 23.97 0.15 
3300 158.87 0.0 158.87 0.751 1098 3103 24.08 0.15 
3320 158.41 0.0 158.41 0.749 1099 3121 24.1 0.16 
3340 158.19 0.0 158.19 0.754 1104 3141 24.21 0.16 
3360 158.02 0.0 158.02 0.755 1106 3158 24.25 0.16 
3380 157.98 0.0 157.98 0.756 1112 3178 24.39 0.16 
3400 157.62 0.0 157.62 0.756 1116 3193 24.47 0.16 
3420 157.42 0.0 157.42 0.757 1121 3210 24.58 0.16 
3440 157.48 0.0 157.48 0.757 1128 3229 24.74 0.16 
3460 158.14 0.0 158.14 0.757 1132 3247 24.82 0.16 
3480 157.37 0.0 157.37 0.76 1136 3267 24.91 0.16 
3500 156.94 0.0 156.94 0.758 1141 3286 25.02 0.16 
3520 157.07 0.0 157.07 0.76 1149 3306 25.2 0.16 
3540 156.83 0.0 156.83 0.761 1153 3324 25.29 0.17 
3560 156.77 0.0 156.77 0.762 1156 3344 25.35 0.17 
3580 156.6 0.0 156.6 0.762 1160 3364 25.44 0.17 
3600 156.33 0.0 156.33 0.764 1165 3382 25.55 0.17 
3620 156.09 0.0 156.09 0.763 1170 3401 25.66 0.17 
3640 156.22 0.0 156.22 0.763 1170 3421 25.66 0.17 
3660 156.22 0.0 156.22 0.765 1173 3439 25.72 0.17 
3680 156.39 0.0 156.39 0.767 1177 3457 25.81 0.17 
3700 156.51 0.0 156.51 0.767 1179 3475 25.86 0.17 
3720 155.88 0.0 155.88 0.769 1184 3495 25.96 0.17 
3740 155.59 0.0 155.59 0.768 1188 3515 26.05 0.17 
3760 155.43 0.0 155.43 0.77 1190 3532 26.1 0.18 
3780 155.11 0.0 155.11 0.769 1195 3549 26.21 0.18 
3800 155.12 0.0 155.12 0.769 1198 3567 26.27 0.18 
3820 155.52 0.0 155.52 0.77 1200 3586 26.32 0.18 
3840 155.41 0.0 155.41 0.772 1206 3604 26.45 0.18 
3860 155.15 0.0 155.15 0.772 1209 3623 26.51 0.18 
3880 155.18 0.0 155.18 0.775 1214 3641 26.62 0.18 
3900 155.33 0.0 155.33 0.774 1220 3660 26.75 0.18 
3920 155.15 0.0 155.15 0.772 1225 3676 26.86 0.18 
3940 154.69 0.0 154.69 0.776 1228 3695 26.93 0.18 
3960 154.99 0.0 154.99 0.775 1233 3714 27.04 0.18 
3980 155.14 0.0 155.14 0.777 1235 3733 27.08 0.19 
4000 155.18 0.0 155.18 0.775 1238 3752 27.15 0.19 
4020 154.7 0.0 154.7 0.776 1239 3768 27.17 0.19 
4040 155.04 0.0 155.04 0.777 1242 3786 27.24 0.19 
4060 154.25 0.0 154.25 0.777 1247 3805 27.35 0.19 
4080 154.37 0.0 154.37 0.777 1251 3823 27.43 0.19 
4100 154.83 0.0 154.83 0.778 1253 3841 27.48 0.19 
4120 154.49 0.0 154.49 0.779 1256 3859 27.54 0.19 
4140 154.51 0.0 154.51 0.783 1260 3878 27.63 0.19 
4160 154.37 0.0 154.37 0.782 1264 3895 27.72 0.19 
4180 154.3 0.0 154.3 0.781 1268 3915 27.81 0.19 
4200 154.21 0.0 154.21 0.782 1273 3935 27.92 0.2 
4220 154.53 0.0 154.53 0.783 1276 3953 27.98 0.2 
4240 153.81 0.0 153.81 0.784 1276 3970 27.98 0.2 
4260 153.47 0.0 153.47 0.782 1280 3986 28.07 0.2 
4280 153.46 0.0 153.46 0.785 1281 4003 28.09 0.2 
4300 153.41 0.0 153.41 0.786 1285 4022 28.18 0.2 
4320 153.45 0.0 153.45 0.785 1292 4041 28.33 0.2 
4340 153.05 0.0 153.05 0.788 1296 4061 28.42 0.2 
4360 153.09 0.0 153.09 0.787 1301 4079 28.53 0.2 
4380 153.24 0.0 153.24 0.788 1304 4095 28.6 0.2 
4400 153.6 0.0 153.6 0.791 1310 4115 28.73 0.2 
4420 153.1 0.0 153.1 0.79 1313 4135 28.79 0.21 
4440 153.05 0.0 153.05 0.789 1318 4155 28.9 0.21 
4460 153.08 0.0 153.08 0.789 1323 4175 29.01 0.21 
4480 153.25 0.0 153.25 0.791 1325 4192 29.06 0.21 
4500 153.08 0.0 153.08 0.792 1328 4211 29.12 0.21 
4520 152.7 0.0 152.7 0.792 1328 4228 29.12 0.21 
4540 152.85 0.0 152.85 0.794 1330 4243 29.17 0.21 
4560 152.67 0.0 152.67 0.793 1331 4263 29.19 0.21 
4580 152.34 0.0 152.34 0.792 1334 4282 29.25 0.21 
4600 152.4 0.0 152.4 0.792 1338 4299 29.34 0.21 
4620 152.29 0.0 152.29 0.792 1343 4318 29.45 0.21 
4640 152.23 0.0 152.23 0.791 1347 4336 29.54 0.22 
4660 151.73 0.0 151.73 0.792 1350 4355 29.61 0.22 
4680 151.39 0.0 151.39 0.791 1353 4374 29.67 0.22 
4700 151.96 0.0 151.96 0.796 1356 4391 29.74 0.22 
4720 151.95 0.0 151.95 0.796 1358 4410 29.78 0.22 
4740 151.14 0.0 151.14 0.798 1362 4426 29.87 0.22 
4760 150.92 0.0 150.92 0.797 1364 4444 29.91 0.22 
4780 150.89 0.0 150.89 0.797 1369 4464 30.02 0.22 
4800 151.13 0.0 151.13 0.798 1370 4481 30.04 0.22 
4820 150.81 0.0 150.81 0.798 1376 4498 30.18 0.22 
4840 150.86 0.0 150.86 0.797 1380 4517 30.26 0.22 
4860 150.67 0.0 150.67 0.798 1382 4537 30.31 0.23 
4880 150.93 0.0 150.93 0.799 1386 4555 30.39 0.23 
4900 150.35 0.0 150.35 0.801 1392 4572 30.53 0.23 
4920 150.81 0.0 150.81 0.8 1394 4588 30.57 0.23 
4940 150.39 0.0 150.39 0.803 1400 4606 30.7 0.23 
4960 150.08 0.0 150.08 0.804 1402 4622 30.75 0.23 
4980 149.65 0.0 149.65 0.803 1405 4641 30.81 0.23 
5000 149.94 0.0 149.94 0.803 1407 4660 30.86 0.23 
5020 150.1 0.0 150.1 0.804 1413 4678 30.99 0.23 
5040 149.79 0.0 149.79 0.804 1415 4696 31.03 0.23 
5060 149.91 0.0 149.91 0.804 1419 4713 31.12 0.23 
5080 149.96 0.0 149.96 0.804 1421 4732 31.16 0.24 
5100 149.94 0.0 149.94 0.805 1425 4751 31.25 0.24 
5120 150.02 0.0 150.02 0.805 1431 4770 31.38 0.24 
5140 149.28 0.0 149.28 0.805 1435 4786 31.47 0.24 
5160 149.39 0.0 149.39 0.805 1437 4801 31.51 0.24 
5180 149.53 0.0 149.53 0.805 1440 4819 31.58 0.24 
5200 149.06 0.0 149.06 0.805 1440 4837 31.58 0.24 
5220 148.93 0.0 148.93 0.806 1441 4855 31.6 0.24 
5240 149.2 0.0 149.2 0.807 1444 4874 31.67 0.24 
5260 149.25 0.0 149.25 0.809 1449 4894 31.78 0.24 
5280 149.26 0.0 149.26 0.808 1453 4910 31.86 0.24 
5300 149.25 0.0 149.25 0.81 1454 4928 31.89 0.25 
5320 148.81 0.0 148.81 0.809 1456 4948 31.93 0.25 
5340 148.64 0.0 148.64 0.811 1457 4966 31.95 0.25 
5360 148.63 0.0 148.63 0.809 1458 4985 31.97 0.25 
5380 148.51 0.0 148.51 0.809 1462 5004 32.06 0.25 
5400 148.54 0.0 148.54 0.811 1466 5024 32.15 0.25 
5420 148.71 0.0 148.71 0.811 1466 5041 32.15 0.25 
5440 148.34 0.0 148.34 0.809 1469 5059 32.21 0.25 
5460 148.09 0.0 148.09 0.812 1472 5077 32.28 0.25 
5480 147.85 0.0 147.85 0.812 1475 5093 32.35 0.25 
5500 148.08 0.0 148.08 0.812 1477 5111 32.39 0.25 
5520 147.74 0.0 147.74 0.814 1480 5131 32.46 0.26 
5540 147.96 0.0 147.96 0.812 1484 5149 32.54 0.26 
5560 147.84 0.0 147.84 0.815 1490 5169 32.68 0.26 
5580 147.9 0.0 147.9 0.812 1492 5188 32.72 0.26 
5600 147.58 0.0 147.58 0.814 1495 5207 32.79 0.26 
5620 147.48 0.0 147.48 0.812 1499 5225 32.87 0.26 
5640 147.81 0.0 147.81 0.815 1500 5239 32.89 0.26 
5660 147.86 0.0 147.86 0.816 1505 5257 33.0 0.26 
5680 148.06 0.0 148.06 0.816 1506 5274 33.03 0.26 
5700 147.33 0.0 147.33 0.815 1510 5290 33.11 0.26 
5720 147.61 0.0 147.61 0.816 1511 5308 33.14 0.26 
5740 147.61 0.0 147.61 0.813 1514 5325 33.2 0.26 
5760 147.27 0.0 147.27 0.814 1519 5342 33.31 0.27 
5780 146.65 0.0 146.65 0.814 1521 5360 33.36 0.27 
5800 146.63 0.0 146.63 0.816 1525 5379 33.44 0.27 
5820 147.01 0.0 147.01 0.817 1528 5398 33.51 0.27 
5840 147.3 0.0 147.3 0.819 1531 5416 33.57 0.27 
5860 147.41 0.0 147.41 0.819 1535 5436 33.66 0.27 
5880 147.25 0.0 147.25 0.819 1536 5453 33.68 0.27 
5900 146.91 0.0 146.91 0.82 1538 5472 33.73 0.27 
5920 146.81 0.0 146.81 0.819 1540 5486 33.77 0.27 
5940 146.63 0.0 146.63 0.819 1544 5503 33.86 0.27 
5960 146.37 0.0 146.37 0.819 1546 5522 33.9 0.27 
5980 146.19 0.0 146.19 0.819 1548 5540 33.95 0.28 
6000 146.42 0.0 146.42 0.82 1549 5558 33.97 0.28 
6020 146.3 0.0 146.3 0.821 1552 5577 34.04 0.28 
6040 146.52 0.0 146.52 0.82 1557 5596 34.14 0.28 
6060 146.32 0.0 146.32 0.821 1557 5614 34.14 0.28 
6080 146.76 0.0 146.76 0.821 1557 5633 34.14 0.28 
6100 146.23 0.0 146.23 0.822 1561 5652 34.23 0.28 
6120 146.18 0.0 146.18 0.822 1566 5671 34.34 0.28 
6140 145.98 0.0 145.98 0.821 1569 5689 34.41 0.28 
6160 145.85 0.0 145.85 0.82 1571 5707 34.45 0.28 
6180 146.2 0.0 146.2 0.822 1576 5726 34.56 0.28 
6200 145.7 0.0 145.7 0.822 1583 5745 34.71 0.29 
6220 145.54 0.0 145.54 0.823 1584 5763 34.74 0.29 
6240 145.23 0.0 145.23 0.824 1587 5783 34.8 0.29 
6260 145.36 0.0 145.36 0.822 1592 5801 34.91 0.29 
6280 145.28 0.0 145.28 0.825 1596 5817 35.0 0.29 
6300 145.45 0.0 145.45 0.824 1597 5836 35.02 0.29 
6320 145.2 0.0 145.2 0.825 1599 5855 35.07 0.29 
6340 145.26 0.0 145.26 0.824 1602 5873 35.13 0.29 
6360 145.23 0.0 145.23 0.825 1605 5891 35.2 0.29 
6380 145.11 0.0 145.11 0.826 1608 5907 35.26 0.29 
6400 144.83 0.0 144.83 0.826 1612 5925 35.35 0.29 
6420 144.82 0.0 144.82 0.826 1614 5942 35.39 0.3 
6440 144.68 0.0 144.68 0.825 1616 5957 35.44 0.3 
6460 144.67 0.0 144.67 0.826 1621 5974 35.55 0.3 
6480 144.34 0.0 144.34 0.827 1624 5990 35.61 0.3 
6500 144.39 0.0 144.39 0.826 1627 6009 35.68 0.3 
6520 144.26 0.0 144.26 0.827 1628 6027 35.7 0.3 
6540 144.65 0.0 144.65 0.826 1632 6044 35.79 0.3 
6560 144.13 0.0 144.13 0.826 1636 6062 35.88 0.3 
6580 144.23 0.0 144.23 0.828 1637 6080 35.9 0.3 
6600 144.15 0.0 144.15 0.829 1639 6096 35.94 0.3 
6620 144.29 0.0 144.29 0.829 1642 6114 36.01 0.3 
6640 144.13 0.0 144.13 0.831 1645 6130 36.07 0.3 
6660 143.95 0.0 143.95 0.831 1648 6147 36.14 0.31 
6680 143.84 0.0 143.84 0.83 1652 6165 36.23 0.31 
6700 143.6 0.0 143.6 0.832 1655 6182 36.29 0.31 
6720 143.49 0.0 143.49 0.831 1657 6201 36.34 0.31 
6740 143.36 0.0 143.36 0.832 1660 6218 36.4 0.31 
6760 143.28 0.0 143.28 0.831 1663 6236 36.47 0.31 
6780 143.48 0.0 143.48 0.831 1667 6252 36.56 0.31 
6800 142.9 0.0 142.9 0.832 1668 6269 36.58 0.31 
6820 143.17 0.0 143.17 0.832 1669 6285 36.6 0.31 
6840 143.34 0.0 143.34 0.832 1671 6304 36.64 0.31 
6860 143.13 0.0 143.13 0.833 1673 6320 36.69 0.31 
6880 143.01 0.0 143.01 0.834 1676 6339 36.75 0.32 
6900 143.05 0.0 143.05 0.834 1678 6356 36.8 0.32 
6920 142.83 0.0 142.83 0.834 1679 6376 36.82 0.32 
6940 143.26 0.0 143.26 0.834 1680 6393 36.84 0.32 
6960 142.93 0.0 142.93 0.834 1680 6410 36.84 0.32 
6980 142.79 0.0 142.79 0.833 1680 6428 36.84 0.32 
7000 142.92 0.0 142.92 0.837 1683 6444 36.91 0.32 
7020 143.04 0.0 143.04 0.836 1685 6460 36.95 0.32 
7040 142.58 0.0 142.58 0.837 1687 6476 37.0 0.32 
7060 142.28 0.0 142.28 0.837 1691 6494 37.08 0.32 
7080 142.42 0.0 142.42 0.836 1692 6513 37.11 0.32 
7100 142.63 0.0 142.63 0.837 1696 6529 37.19 0.32 
7120 142.42 0.0 142.42 0.838 1698 6548 37.24 0.33 
7140 142.3 0.0 142.3 0.838 1701 6565 37.3 0.33 
7160 142.05 0.0 142.05 0.839 1705 6583 37.39 0.33 
7180 142.03 0.0 142.03 0.84 1708 6600 37.46 0.33 
7200 142.0 0.0 142.0 0.839 1713 6615 37.57 0.33 
7220 141.84 0.0 141.84 0.838 1715 6632 37.61 0.33 
7240 141.95 0.0 141.95 0.839 1716 6651 37.63 0.33 
7260 142.21 0.0 142.21 0.839 1718 6669 37.68 0.33 
7280 141.99 0.0 141.99 0.841 1720 6685 37.72 0.33 
7300 141.51 0.0 141.51 0.839 1723 6701 37.79 0.33 
7320 140.97 0.0 140.97 0.837 1727 6719 37.87 0.33 
7340 141.44 0.0 141.44 0.838 1728 6737 37.89 0.34 
7360 141.5 0.0 141.5 0.839 1730 6755 37.94 0.34 
7380 141.4 0.0 141.4 0.839 1733 6771 38.0 0.34 
7400 141.29 0.0 141.29 0.838 1735 6786 38.05 0.34 
7420 141.14 0.0 141.14 0.84 1738 6806 38.11 0.34 
7440 140.78 0.0 140.78 0.841 1740 6826 38.16 0.34 
7460 140.91 0.0 140.91 0.841 1740 6844 38.16 0.34 
7480 140.86 0.0 140.86 0.841 1742 6860 38.2 0.34 
7500 140.66 0.0 140.66 0.842 1743 6878 38.22 0.34 
7520 140.96 0.0 140.96 0.842 1748 6897 38.33 0.34 
7540 140.77 0.0 140.77 0.842 1751 6915 38.4 0.34 
7560 140.87 0.0 140.87 0.842 1757 6929 38.53 0.34 
7580 140.92 0.0 140.92 0.842 1760 6947 38.6 0.35 
7600 140.41 0.0 140.41 0.842 1761 6963 38.62 0.35 
7620 140.11 0.0 140.11 0.84 1762 6983 38.64 0.35 
7640 140.69 0.0 140.69 0.842 1766 6997 38.73 0.35 
7660 140.38 0.0 140.38 0.843 1768 7012 38.77 0.35 
7680 140.69 0.0 140.69 0.844 1769 7028 38.79 0.35 
7700 140.76 0.0 140.76 0.845 1773 7048 38.88 0.35 
7720 140.65 0.0 140.65 0.843 1775 7067 38.93 0.35 
7740 140.22 0.0 140.22 0.845 1776 7086 38.95 0.35 
7760 140.06 0.0 140.06 0.843 1781 7104 39.06 0.35 
7780 140.12 0.0 140.12 0.843 1786 7123 39.17 0.35 
7800 140.12 0.0 140.12 0.846 1788 7139 39.21 0.36 
7820 140.19 0.0 140.19 0.845 1794 7157 39.34 0.36 
7840 140.43 0.0 140.43 0.845 1800 7176 39.47 0.36 
7860 140.09 0.0 140.09 0.846 1803 7193 39.54 0.36 
7880 139.74 0.0 139.74 0.844 1804 7210 39.56 0.36 
7900 139.94 0.0 139.94 0.845 1804 7227 39.56 0.36 
7920 139.96 0.0 139.96 0.846 1806 7246 39.61 0.36 
7940 139.92 0.0 139.92 0.845 1809 7264 39.67 0.36 
7960 139.5 0.0 139.5 0.846 1810 7284 39.69 0.36 
7980 139.4 0.0 139.4 0.846 1815 7298 39.8 0.36 
8000 139.11 0.0 139.11 0.845 1816 7317 39.82 0.36 
8020 139.13 0.0 139.13 0.846 1818 7336 39.87 0.36 
8040 138.88 0.0 138.88 0.847 1820 7353 39.91 0.37 
8060 139.22 0.0 139.22 0.847 1823 7370 39.98 0.37 
8080 138.99 0.0 138.99 0.847 1826 7387 40.04 0.37 
8100 139.31 0.0 139.31 0.848 1828 7404 40.09 0.37 
8120 139.07 0.0 139.07 0.847 1829 7421 40.11 0.37 
8140 138.86 0.0 138.86 0.846 1829 7438 40.11 0.37 
8160 138.6 0.0 138.6 0.848 1835 7458 40.24 0.37 
8180 138.54 0.0 138.54 0.848 1836 7475 40.26 0.37 
8200 138.35 0.0 138.35 0.848 1838 7490 40.31 0.37 
8220 138.5 0.0 138.5 0.849 1839 7506 40.33 0.37 
8240 138.76 0.0 138.76 0.848 1840 7522 40.35 0.37 
8260 138.77 0.0 138.77 0.849 1843 7541 40.42 0.37 
8280 138.95 0.0 138.95 0.849 1846 7559 40.48 0.38 
8300 138.79 0.0 138.79 0.849 1849 7577 40.55 0.38 
8320 139.15 0.0 139.15 0.849 1849 7596 40.55 0.38 
8340 139.01 0.0 139.01 0.849 1851 7612 40.59 0.38 
8360 138.95 0.0 138.95 0.849 1853 7630 40.64 0.38 
8380 138.57 0.0 138.57 0.847 1857 7650 40.72 0.38 
8400 138.71 0.0 138.71 0.851 1857 7668 40.72 0.38 
8420 138.47 0.0 138.47 0.851 1860 7685 40.79 0.38 
8440 137.95 0.0 137.95 0.85 1862 7704 40.83 0.38 
8460 137.76 0.0 137.76 0.85 1865 7722 40.9 0.38 
8480 137.85 0.0 137.85 0.851 1868 7737 40.96 0.38 
8500 137.89 0.0 137.89 0.851 1870 7753 41.01 0.39 
8520 137.49 0.0 137.49 0.852 1871 7773 41.03 0.39 
8540 137.57 0.0 137.57 0.852 1874 7789 41.1 0.39 
8560 137.69 0.0 137.69 0.852 1874 7806 41.1 0.39 
8580 137.48 0.0 137.48 0.852 1876 7826 41.14 0.39 
8600 137.31 0.0 137.31 0.852 1877 7840 41.16 0.39 
8620 137.98 0.0 137.98 0.852 1879 7857 41.21 0.39 
8640 137.99 0.0 137.99 0.851 1880 7877 41.23 0.39 
8660 138.22 0.0 138.22 0.852 1880 7892 41.23 0.39 
8680 138.06 0.0 138.06 0.853 1882 7910 41.27 0.39 
8700 137.73 0.0 137.73 0.854 1885 7927 41.34 0.39 
8720 137.64 0.0 137.64 0.853 1888 7946 41.4 0.4 
8740 137.61 0.0 137.61 0.854 1890 7962 41.45 0.4 
8760 137.67 0.0 137.67 0.852 1891 7982 41.47 0.4 
8780 137.38 0.0 137.38 0.853 1893 7998 41.51 0.4 
8800 137.68 0.0 137.68 0.855 1896 8018 41.58 0.4 
8820 137.5 0.0 137.5 0.852 1897 8036 41.6 0.4 
8840 136.98 0.0 136.98 0.852 1901 8054 41.69 0.4 
8860 137.1 0.0 137.1 0.853 1902 8071 41.71 0.4 
8880 137.2 0.0 137.2 0.854 1903 8090 41.73 0.4 
8900 137.13 0.0 137.13 0.854 1905 8108 41.78 0.4 
8920 137.21 0.0 137.21 0.854 1906 8128 41.8 0.4 
8940 137.1 0.0 137.1 0.855 1907 8144 41.82 0.4 
8960 137.49 0.0 137.49 0.854 1910 8160 41.89 0.41 
8980 136.98 0.0 136.98 0.854 1913 8176 41.95 0.41 
9000 136.93 0.0 136.93 0.855 1913 8195 41.95 0.41 
9020 136.87 0.0 136.87 0.856 1915 8213 42.0 0.41 
9040 136.73 0.0 136.73 0.856 1916 8229 42.02 0.41 
9060 137.15 0.0 137.15 0.856 1920 8246 42.11 0.41 
9080 136.89 0.0 136.89 0.855 1925 8262 42.21 0.41 
9100 136.58 0.0 136.58 0.855 1926 8281 42.24 0.41 
9120 136.78 0.0 136.78 0.856 1927 8299 42.26 0.41 
9140 136.51 0.0 136.51 0.856 1931 8317 42.35 0.41 
9160 136.88 0.0 136.88 0.856 1933 8335 42.39 0.41 
9180 136.83 0.0 136.83 0.856 1936 8354 42.46 0.42 
9200 136.2 0.0 136.2 0.856 1937 8373 42.48 0.42 
9220 136.46 0.0 136.46 0.856 1937 8391 42.48 0.42 
9240 136.38 0.0 136.38 0.857 1939 8409 42.52 0.42 
9260 136.42 0.0 136.42 0.856 1943 8427 42.61 0.42 
9280 136.4 0.0 136.4 0.857 1943 8445 42.61 0.42 
9300 136.74 0.0 136.74 0.857 1946 8464 42.68 0.42 
9320 136.27 0.0 136.27 0.857 1947 8484 42.7 0.42 
9340 136.23 0.0 136.23 0.857 1950 8503 42.76 0.42 
9360 135.93 0.0 135.93 0.858 1953 8523 42.83 0.42 
9380 136.12 0.0 136.12 0.859 1954 8539 42.85 0.42 
9400 135.96 0.0 135.96 0.859 1955 8556 42.87 0.43 
9420 135.95 0.0 135.95 0.859 1956 8573 42.89 0.43 
9440 135.89 0.0 135.89 0.857 1957 8588 42.92 0.43 
9460 135.65 0.0 135.65 0.857 1961 8603 43.0 0.43 
9480 135.77 0.0 135.77 0.857 1963 8619 43.05 0.43 
9500 135.59 0.0 135.59 0.859 1964 8635 43.07 0.43 
9520 135.64 0.0 135.64 0.859 1965 8653 43.09 0.43 
9540 135.61 0.0 135.61 0.859 1966 8671 43.11 0.43 
9560 135.7 0.0 135.7 0.859 1968 8688 43.16 0.43 
9580 135.32 0.0 135.32 0.858 1969 8707 43.18 0.43 
9600 135.61 0.0 135.61 0.859 1970 8725 43.2 0.43 
9620 135.18 0.0 135.18 0.859 1973 8741 43.27 0.43 
9640 135.34 0.0 135.34 0.856 1975 8759 43.31 0.44 
9660 135.43 0.0 135.43 0.86 1976 8777 43.33 0.44 
9680 135.2 0.0 135.2 0.859 1977 8795 43.36 0.44 
9700 135.67 0.0 135.67 0.859 1981 8810 43.44 0.44 
9720 134.97 0.0 134.97 0.86 1983 8829 43.49 0.44 
9740 134.62 0.0 134.62 0.86 1984 8845 43.51 0.44 
9760 134.82 0.0 134.82 0.858 1985 8863 43.53 0.44 
9780 134.45 0.0 134.45 0.859 1986 8878 43.55 0.44 
9800 134.42 0.0 134.42 0.861 1988 8896 43.6 0.44 
9820 134.57 0.0 134.57 0.86 1990 8915 43.64 0.44 
9840 134.79 0.0 134.79 0.861 1990 8933 43.64 0.44 
9860 134.87 0.0 134.87 0.861 1991 8950 43.66 0.45 
9880 134.66 0.0 134.66 0.861 1993 8968 43.71 0.45 
