
0.066361666
0.057549357
0.05320542
0.058426335
0.057006724
0.053901684
0.052368518
0.051281724
0.052572254
0.04930275
0.05013944
0.04798624
0.049403314
0.047507904
0.04739609
0.047573335
0.047779758
0.046655916
0.04777279
0.045381222
0.04661189
0.046301953
0.04538972
0.043783423
0.04338136
0.04417301
0.04362399
0.043308288
0.04397037
0.045498665
0.044153824
0.045655325
0.043784034
0.043715794
0.044463325
0.042108707
0.044261742
0.044195365
0.04530948
0.04313351
0.04309638
0.04248488
0.041970666
0.04186945
0.04247503
0.041602597
0.041832488
0.043346148
0.04266218
0.04195939
0.041640136
0.04190088
0.04059592
0.041190084
0.040658772
0.041369434
0.04159208
0.041129645
0.03995467
0.041384898
0.041779574
0.04099115
0.039202344
0.039459243
0.0389392
0.039142895
0.039077837
0.038475014
0.039606143
0.03898743
0.038689375
0.039119992
0.038017254
0.03919904
0.038803443
0.037785586
0.039606012
0.039621435
0.037435513
0.038966767
0.038739588
0.03800956
0.0381889
0.0388023
0.03742973
0.0382506
0.03781208
0.037313037
0.03897411
0.03713099
0.037904903
0.03756949
0.037659366
0.038277198
0.03724424
0.037648056
0.037279706
0.038875442
0.037258334
0.036984537
0.03738798
0.03651093
0.03754144
0.037737943
0.036731523
0.036174774
0.036481556
0.03739452
0.037293725
0.038444575
0.036698014
0.036058303
0.036635242
0.03613033
0.036893856
0.03668569
0.03653762
0.036900144
0.03908721
0.036883287
0.038218796
0.03570049
0.036929
0.036731236
0.035866633
0.035090856
0.03638915
0.035429273
0.036122583
0.03439783
0.03579135
0.03497162
0.035044905
0.03518923
0.036488008
0.035147805
0.037730213
0.03510803
0.035205845
0.035041846
0.034701534
0.036109854
0.03420319
0.034727737
0.034921944
0.034828275
0.034449663
0.034139905
0.034914266
0.034381893
0.035221662
0.03520579
0.034555066
0.034572016
0.034319308
0.034755927
0.033556994
0.03338422
0.034433343
0.03382272
0.03405112
0.034747384
0.03534153
0.033860497
0.034640063
0.03429397
0.033965223
0.034717508
0.03583056
0.03434571
0.033163857
0.033826865
0.03472136
0.033070635
0.033591975
0.033126652
0.033820655
0.033018343
0.03292775
0.032851152
0.033677775
0.033238154
0.03315845
0.0327239
0.032882243
0.033075362
0.034027833
0.033465933
0.034321886
0.03330681
0.032499343
0.032477036
0.03298968
0.032241683
0.032592576
0.032564327
0.033794083
0.03299578
0.034371126
0.032328885
0.032917887
0.032646906
0.032523155
0.0330288
0.032479223
0.03217587
0.031598262
0.031621914
0.031290907
0.03249913
0.031445254
0.031740546
0.031891625
0.031503532
0.032547038
0.0320017
0.032038055
0.03190005
0.032863036
0.03147238
0.03180799
0.031998143
0.032395512
0.036779102
0.032558896
0.03230721
0.03214548
0.03188933
0.03231233
0.03141995
0.031521045
0.032050196
0.03212768
0.03156233
0.031854298
0.03217449
0.032520097
0.0314202
0.031783815
0.031181144
0.0316839
0.031564597
0.031457286
0.031851836
0.031657897
0.031283554
0.032302983
0.032613806
0.031754233
0.032258503
0.03177915
0.031651665
0.03112783
0.03137538
0.031880736
0.031228457
0.030898618
0.031200763
0.030927924
0.030808164
0.030964216
0.031933207
0.030701231
0.031027813
0.031635173
0.031569593
0.031881683
0.030979963
0.030585907
0.030174349
0.031209702
0.030482175
0.031839624
0.030680256
0.03061115
0.030267796
0.030271877
0.03028768
0.030123826
0.029451314
0.02963748
0.030288026
0.030193701
0.030047255
0.030593922
0.030398268
0.03027888
0.029701885
0.0312962
0.029852288
0.030767819
0.030774292
0.029276721
0.02968887
0.029249938
0.029528767
0.028876122
0.03036043
0.029498914
0.02999973
0.029452091
0.029602872
0.03004318
0.02959334
0.029618427
0.029461248
0.028867025
0.029600542
0.029526262
0.028578157
0.030025033
0.030167066
0.029813377
0.029071556
0.028899953
0.029767996
0.029350653
0.028783849
0.028831705
0.030340964
0.028961442
0.029646415
0.02869454
0.028514862
0.029219856
0.028983464
0.028885925
0.028881285
0.028392501
0.028656665
0.0285916
0.028765546
0.029014098
0.027991451
0.028225347
0.028162919
0.029219352
0.02862321
0.02817574
0.028178632
0.028183274
0.02820654
0.028442476
0.028556457
0.02812451
0.028885169
0.028590849
0.02875623
0.02969466
0.029484274
0.029063858
0.028269783
0.028127747
0.028422162
0.028169096
0.027535116
0.028605701
0.028051773
0.028982585
0.028089652
0.028591953
0.027701087
0.02790938
0.028154604
0.028077384
0.028960634
0.028125068
0.028201524
0.02748709
0.027721949
0.027324753
0.028805219
0.028210614
0.028682278
0.028067535
0.029651212
0.027921543
0.027657103
0.027924616
0.027791379
0.028153008
0.02806925
0.027645444
0.028891064
0.028164886
0.028940672
0.029317357
0.027654124
0.028130248
0.029179618
0.028018912
0.027382689
0.027203169
0.028185979
0.028276736
0.027202493
0.028506216
0.028663086
0.027527021
0.02685231
0.026693592
0.026869973
0.026755592
0.02695514
0.02720282
0.027303563
0.028133858
0.027493827
0.027252967
0.026871739
0.026811369
0.027232617
0.02693881
0.027259832
0.026682647
0.026663091
0.026864685
0.026753988
0.02688065
0.026946893
0.026621541
0.027689388
0.026765967
0.026972324
0.026762523
0.027181862
0.026377132
0.026659045
0.026512602
0.02697799
0.026035681
0.026823273
0.026208447
0.025898801
0.026866864
0.026645012
0.025980167
0.026126094
0.026784474
0.026068581
0.026205175
0.026081553
0.026456533
0.02619316
0.026198482
0.02610123
0.026590511
0.026188869
0.026046956
0.025931904
0.0255435
0.026130756
0.027555702
0.026524948
0.025834845
0.025613952
0.026357293
0.025758764
0.026078833
0.025701026
0.025483575
0.025716947
0.025596641
0.025526771
0.025893245
0.025924066
0.025582653
0.0258236
0.026026014
0.025825258
0.025803166
0.026341807
0.02669676
0.025401909
0.025950475
0.025488595
0.025382103
0.025935708
0.025667407
0.026093056
0.02663439
0.025185376
0.026025694
0.025505424
0.025732813
0.026815448
0.026578227
0.026846748
0.025467834
0.025375774
0.025253661
0.025378989
0.025227671
0.025380995
0.025725383
0.025757229
0.025310772
0.025214992
0.025140021
0.02509876
0.025666142
0.025092717
0.02543885
0.024910156
0.025269909
0.02569657
0.025338117
0.025797278
0.025131304
0.025243856
0.02490245
0.025086807
0.024990467
0.025049442
0.025103755
0.025292188
0.02536803
0.025684744
0.024785882
0.025041739
0.02497094
0.024655601
0.024564262
0.025145063
0.024304783
0.024790315
0.024544822
0.024451282
0.024490513
0.024359316
0.025277985
0.025223551
0.025126502
0.025363233
0.024885712
0.02455283
0.024634788
0.024245195
0.024022717
0.024107812
0.024842236
0.024373103
0.02411709
0.023878016
0.024680927
0.024283795
0.025110478
0.024527058
0.024581559
0.02402471
0.024359401
0.025628956
0.024230054
0.024915583
0.02410238
0.02415597
0.024235932
0.025068745
0.02492676
0.02384344
0.02479969
0.0240277
0.023871005
0.02441835
0.023889357
0.024145795
0.023979895
0.023782166
0.024105148
0.023602385
0.024452606
0.023754267
0.023703378
0.023821648
0.024600655
0.023844603
0.023125937
0.024190454
0.023252541
0.023909293
0.024023566
0.023321912
0.023596384
0.023703424
0.023234732
0.023760442
0.023935454
0.023566587
0.023291083
0.023305371
0.023492256
0.02367914
0.02323812
0.023632703
0.023250349
0.023585804
0.022954162
0.023419779
0.023882525
0.023122746
0.023096485
0.023021668
0.022989854
0.02326789
0.023339918
0.023712402
0.023135612
0.023190007
0.023916844
0.023632104
0.023235513
0.023475219
0.023394227
0.02340898
0.023181066
0.022687675
0.02314555
0.023493739
0.023209296
0.023356795
0.023229826
0.02308093
0.023277007
0.02342903
0.023411829
0.022719683
0.023313448
0.023625417
0.022909457
0.023061328
0.023397056
0.022937983
0.022682155
0.023247972
0.02251659
0.02292825
0.023303779
0.023761911
0.02259824
0.02279237
0.022659037
0.02287472
0.022348443
0.022497462
0.023466015
0.0236541
0.022984715
0.023284858
0.022596203
0.02352145
0.022417216
0.023480998
0.022589939
0.02240908
0.022950202
0.023211025
0.022529963
0.02242603
0.022490464
0.022926886
0.022462001
0.022582352
0.022345986
0.022849623
0.022686042
0.022726728
0.022381341
0.022407522
0.022229044
0.022224242
0.022976032
0.02260117
0.022225851
0.022186032
0.022551628
0.022482054
0.022512997
0.023017012
0.022202099
0.021891868
0.022320975
0.022697566
0.021888854
0.022169774
0.022122486
0.022606911
0.02278634
0.021669695
0.022024231
0.022693517
0.021832267
0.022653976
0.022785531
0.022061005
0.022347774
0.022023564
0.022733577
0.022021381
0.02195401
0.022008773
0.021858757
0.022453737
0.022850052
0.022035813
0.02209571
0.021848297
0.022279976
0.022075612
0.02174734
0.021685464
0.021803234
0.021606922
0.021791797
0.02246857
0.021926424
0.022219095
0.021853017
0.021418102
0.022354884
0.022068392
0.02209195
0.021707373
0.021920197
0.021813357
0.02205429
0.021703923
0.022538817
0.021709632
0.021506673
0.021845905
0.02165673
0.02160874
0.021920891
0.022418642
0.021434093
0.022808293
0.021690333
0.022149175
0.02122762
0.02112447
0.021999987
0.021629674
0.021483758
0.021041045
0.022240955
0.021385338
0.021380512
0.02262791
0.021126546
0.02165613
0.021320902
0.021592591
0.021794777
0.021398736
0.022311961
0.020811502
0.021448696
0.022737497
0.021586753
0.021776188
0.021767212
0.021292105
0.021396387
0.022461435
0.021006469
0.021129569
0.02151221
0.021123866
0.021054512
0.02104818
0.021442994
0.021957252
0.021148155
0.021340026
0.021084275
0.021342173
0.021048812
0.021802481
0.02122222
0.02086887
0.020712497
0.02097044
0.020833984
0.021514468
0.021090373
0.021245206
0.020882577
0.021048283
0.020778261
0.021636976
0.020752499
0.021724125
0.020744955
0.021067787
0.021739222
0.020834006
0.02142527
0.020818492
0.021076858
0.021059174
0.020781593
0.020384954
0.020501886
0.020897234
0.020940002
0.020540847
0.02108483
0.021034526
0.020292632
0.021338634
0.020373046
0.02043656
0.02096487
0.021338725
0.021408161
0.021054456
0.0212286
0.020922925
0.020737825
0.02116632
0.020726323
0.020763615
0.020487256
0.02144885
0.020770429
0.020763813
0.02170039
0.020595178
0.020660548
0.020318335
0.021060979
0.020754967
0.020454673
0.020554783
0.020550514
0.020846663
0.020865018
0.020718817
0.020610213
0.020733576
0.020885808
0.020214029
0.020436732
0.020743921
0.020900188
0.02055477
0.021012012
0.020952644
0.02022373
0.020208994
0.020442806
0.020311253
0.020970251
0.020095102
0.020872338
0.02010548
0.019659031
0.020391671
0.02018425
0.020208443
0.020626366
0.019987106
0.019949334
0.020569395
0.020213204
0.020089626
0.020461297
0.02022664
0.02000522
0.02063837
0.020257277
0.0206049
0.019869419
0.019707354
0.019916777
0.019834733
0.020254226
0.020006439
0.019909358
0.020472208
0.020398024
0.019843435
0.020678483
0.020138988
0.02064505
0.020297326
0.019951656
0.020049471
0.020098496
0.020902883
0.019992525
0.020241136
0.01999399
0.019859685
0.020236224
0.019989414
0.019857876
0.019645492
0.019919418
0.020670995
0.019831754
0.019876027
0.019992413
0.020647176
0.020518005
0.020597808
0.019933376
0.019976808
0.019584697
0.019930067
0.019829292
0.019573899
0.019728092
0.019911587
0.019365849
0.020087687
0.019610716
0.019997675
0.020201243
0.02017386
0.019809516
0.019640159
0.019866649
0.020216357
0.01944774
0.019582687
0.019773502
0.019967295
0.019270686
0.019615501
0.019242361
0.019412972
0.019272286
0.019275207
0.019646734
0.019437838
0.019622214
0.019404683
0.019438326
0.01930638
0.019173767
0.018980237
0.019256834
0.019207073
0.019727215
0.019259721
0.018981952
0.019488288
0.019133423
0.019248847
0.018956807
0.019806143
0.020180816
0.01969216
0.01982182
0.019229986
0.018935509
0.01915244
0.019139102
0.019100523
0.019723063
0.019026771
0.018946089
0.018575897
0.018912373
0.018934518
0.019100655
0.018918812
0.018824032
0.01890447
0.018775204
0.019032564
0.018630091
0.0191521
0.019679818
0.019472072
0.018913366
0.019262368
0.019271176
0.018772697
0.019292383
0.019057527
0.018864641
0.01847449
0.018771656
0.018844727
0.01871425
0.018652974
0.018692499
0.018972788
0.018437522
0.018917548
0.018885931
0.018810924
0.019489177
0.01873045
0.018961547
0.019466363
0.01882694
0.018617928
0.018823685
0.018720692
0.018955043
0.018396135
0.01897554
0.018666351
0.019167546
0.018666917
0.018506324
0.018596103
0.018581726
0.018513512
0.018796925
0.018405208
0.018934049
0.02026188
0.019043507
0.018955858
0.018803049
0.018602097
0.01929725
0.018500999
0.01882585
0.01822252
0.01807087
0.01873489
0.01899516
0.018567236
0.018262465
0.01833014
0.018607197
0.018556694
0.018422741
0.018229114
0.01823198
0.018638803
0.018153347
0.018533105
0.018943578
0.018804835
0.01819256
0.018209834
0.018233618
0.01880992
0.018874682
0.018437205
0.018516487
0.018168725
0.018263014
0.018245267
0.018281749
0.018485192
0.019043656
0.01840602
0.018342344
0.01805115
0.018515395
0.018079972
0.018051274
0.018493267
0.018222332
0.018986424
0.018543374
0.018059386
0.018150369
0.01850208
0.018235363
0.018277338
0.019139996
0.018460209
0.018358242
0.018414263
0.017868415
0.018153632
0.017861068
0.018223489
0.0184514
0.019254262
0.018601047
0.017869534
0.017976353
0.019212414
0.018090773
0.01795008
0.018417185
0.018048648
0.01798058
0.018110907
0.017970026
0.018183658
0.01843011
0.018085128
0.018173914
0.017643861
0.018555
0.018400967
0.018507943
0.018221918
0.018123444
0.01795905
0.01837709
0.018256964
0.01776137
0.018330285
0.017992062
0.018037802
0.017954009
0.017892247
0.017966364
0.017743926
0.018412676
0.017978655
0.017670259
0.018282007
0.01739718
0.017613806
0.017471287
0.017869098
0.01801185
0.017777272
0.018273545
0.01783026
0.018000571
0.017895352
0.018434403
0.017749015
0.017863762
0.017571988
0.01728736
0.017346142
0.017577786
0.01796669
0.017777324
0.018139534
0.017965358
0.017395146
0.017405936
0.017195027
0.017656384
0.017842611
0.017552892
0.017505355
0.017449275
0.01767717
0.017750103
0.017609809
0.017166179
0.01720827
0.017297586
0.017378075
0.017469179
0.01719379
0.017246658
0.018016104
0.01797881
0.017911673
0.017934829
0.017831113
0.017677065
0.01782502
0.017932585
0.018047964
0.01717087
0.018110408
0.017408162
0.017349837
0.017059531
0.017572064
0.017271236
0.017981263
0.017505009
0.017745946
0.017821126
0.016739873
0.017488707
0.017699197
0.017370217
0.017094428
0.017358469
0.016999036
0.016835442
0.017483287
0.01708303
0.017621147
0.01725397
0.017565414
0.01680303
0.017266406
0.017250923
0.017418273
0.017037738
0.017548952
0.016925704
0.017509423
0.017290872
0.016715122
0.017171841
0.017291123
0.017405622
0.01683479
0.017957348
0.016898552
0.01680942
0.017083928
0.016749408
0.017132688
0.0172748
0.017144766
0.017091073
0.016790755
0.017479543
0.016849162
0.017186068
0.01708943
0.017407464
0.017017864
0.01685613
0.017479671
0.016998114
0.016884392
0.016925773
0.0174146
0.016603688
0.01731716
0.016833209
0.017354086
0.017346991
0.017006353
0.017436806
0.01692953
0.016991984
0.01755069
0.0169873
0.017418556
0.016963618
0.016750352
0.016937682
0.016969804
0.016608775
0.01671624
0.01708782
0.01700073
0.016699657
0.016505055
0.016492845
0.016714333
0.016905058
0.016472457
0.01717593
0.01678732
0.016792925
0.016709132
0.01644597
0.017414447
0.01671637
0.016823098
0.016336404
0.01635949
0.016619086
0.016492229
0.016545523
0.01644259
0.016476497
0.016522972
0.01646409
0.016436601
0.016115064
0.016488016
0.016114619
0.016737694
0.016597932
0.016667163
0.016828448
0.016290078
0.01653487
0.017007338
0.016220063
0.016083341
0.016280672
0.017090824
0.01675085
0.016040066
0.016568424
0.016761616
0.016424432
0.01640662
0.016500905
0.01644244
0.016705489
0.016444089
0.016279887
0.016455147
0.016391512
0.01645789
0.016445072
0.016880387
0.016246561
0.016394688
0.016094983
0.016412057
0.016127154
0.016625375
0.016406532
0.016318295
0.01635495
0.016230727
0.016901268
0.016299328
0.017532147
0.016276436
0.01615425
0.016448574
0.016330162
0.016098747
0.016052376
0.016526895
0.016218955
0.0162872
0.016102998
0.016136693
0.016794214
0.016603593
0.016378371
0.01626938
0.016257761
0.016024968
0.016510926
0.016127793
0.016190695
0.016602075
0.016806336
0.016431369
0.016191246
0.016015794
0.016094826
0.016538339
0.016276734
0.01627834
0.015709402
0.016565805
0.016016852
0.016359575
0.016569352
0.015833896
0.016738946
0.016857121
0.016449248
0.016171537
0.01604827
0.016187055
0.015947672
0.015938971
0.016135033
0.016005794
0.016259974
0.015895255
0.016088843
0.016150797
0.01577634
0.015676837
0.016098632
0.015703307
0.015875166
0.015704764
0.015905753
0.016201016
0.015759122
0.015800094
0.015703302
0.01582266
0.015733816
0.016093494
0.015830219
0.015878182
0.015908914
0.016049346
0.015931603
0.015741749
0.015773123
0.015608295
0.016193494
0.015635632
0.01582202
0.015570292
0.015718969
0.01583531
0.015786488
0.016021077
0.015599639
0.015574346
0.015742937
0.015677433
0.01545656
0.015714789
0.015394679
0.015528644
0.015950356
0.015753794
0.015730651
0.015932094
0.015297378
0.01569271
0.015498261
0.015845973
0.015339767
0.01558861
0.015508668
0.015946727
0.015720036
0.015647495
0.015653588
0.015486192
0.015327733
0.015904777
0.015692588
0.015759151
0.015796924
0.015246798
0.01551312
0.016469851
0.016511874
0.015977455
0.01536361
0.015482616
0.015622817
0.015405774
0.01574525
0.015453392
0.015945835
0.015516711
0.01583146
0.015384395
0.015788918
0.015541569
0.015579313
0.01564814
0.01554009
0.015863772
0.015599709
0.015476084
0.015722768
0.015528682
0.01539286
0.015601162
0.015838413
0.015586389
0.015571481
0.0154338665
0.015505404
0.015658842
0.016233096
0.015320573
0.01579916
0.015407841
0.015540479
0.015346063
0.015512403
0.015369574
0.015130706
0.015439738
0.015027747
0.015112332
0.01538867
0.015071264
0.015647262
0.0152934715
0.014948799
0.015175327
0.015004653
0.015105089
0.0152321225
0.0154298395
0.015181084
0.015428998
0.015033304
0.015054715
0.015420587
0.015278751
0.015067523
0.0155271785
0.015168275
0.015064927
0.015046133
0.0153136505
0.015707469
0.015043295
0.015369115
0.015255837
0.015318803
0.015644938
0.015528133
0.015397116
0.015080724
0.015282754
0.015216792
0.014858444
0.015274211
0.015587079
0.015251319
0.015004282
0.015413318
0.015445892
0.0151273655
0.015295027
0.015308383
0.015373908
0.014863775
0.015002587
0.014982511
0.015055562
0.01512541
0.015367206
0.015077216
0.014905399
0.015012886
0.015058633
0.014873456
0.014863385
0.014864947
0.014934273
0.014974676
0.015171862
0.0151104955
0.014980645
0.014898387
0.014873277
0.015513965
0.014782995
0.014913339
0.015034772
0.014988062
0.014659489
0.014825905
0.014726865
0.015092496
0.014973174
0.015114844
0.014587004
0.014583917
0.01468306
0.014536451
0.014384717
0.014954585
0.015119463
0.015180056
0.014826096
0.014864405
0.014924015
0.014980864
0.014912154
0.014920151
0.015008094
0.014667236
0.014594338
0.014802899
0.014542606
0.014692738
0.015165803
0.01495923
0.014764634
0.015048582
0.0145115005
0.0146300895
0.01489811
0.014785331
0.014888288
0.014912635
0.014620003
0.014641616
0.014765215
0.014928831
0.014649801
0.014818933
0.015039715
0.0154188685
0.015068284
0.014760286
0.014788064
0.015038974
0.014615928
0.014976749
0.014666381
0.014458618
0.014569514
0.014332841
0.014622666
0.014563931
0.014722519
0.014555155
0.015159913
0.014551086
0.014789803
0.014658753
0.0150768105
0.014756385
0.014233044
0.014529531
0.0145111345
0.014481027
0.014224305
0.014544229
0.014529023
0.014757151
0.014413179
0.014209195
0.014474549
0.014231665
0.0151114315
0.014123661
0.014592511
0.014305534
0.014419545
0.014390401
0.0145190125
0.014505107
0.014518678
0.014239008
0.014444864
0.014371986
0.014604219
0.014541835
0.014242761
0.014142032
0.014491192
0.014365476
0.014504537
0.014308468
0.014606342
0.014156471
0.014679373
0.0144904405
0.014579398
0.014317245
0.014315502
0.014476668
0.014379014
0.0147257885
0.014262865
0.014531329
0.014300332
0.014760708
0.013970747
0.014430346
0.014337426
0.0141277285
0.014582303
0.014499167
0.014177104
0.014868829
0.0142669575
0.0140622705
0.014444177
0.014116524
0.014431089
0.014457608
0.014223201
0.014325067
0.014373502
0.014405546
0.014481671
0.014378689
0.01421336
0.014181943
0.014327197
0.014498344
0.014258906
0.014533369
0.014242047
0.014483114
0.014538178
0.013830127
0.014216784
0.014644964
0.014482415
0.014085127
0.014079979
0.014075625
0.014180188
0.01439264
0.014221242
0.013867334
0.014301501
0.014719779
0.014005558
0.014444761
0.014565171
0.014111285
0.014252061
0.014313967
0.014549596
0.01388837
0.014412097
0.014199483
0.013940345
0.013939542
0.013904013
0.014088088
0.013987887
0.014211134
0.014432794
0.013820769
0.014098948
0.013892211
0.013804594
0.014200091
0.014212554
0.014143796
0.013863378
0.013958357
0.014259625
0.014340192
0.013985158
0.014158974
0.014604773
0.014354245
0.01405102
0.0139940865
0.014884404
0.014143227
0.014175321
0.014001692
0.014223084
0.014204504
0.014241596
0.01377854
0.013960781
0.013919588
0.014215237
0.014016708
0.014090388
0.014043274
0.014236346
0.014300431
0.013944399
0.013955336
0.014063405
0.014404649
0.013761134
0.014104567
0.01397559
0.013960441
0.0139273545
0.014072343
0.013834832
0.013771725
0.013815898
0.013773869
0.013982736
0.014008501
0.014151011
0.01366294
0.013715369
0.014059272
0.013986749
0.01392897
0.01384149
0.01372412
0.014298923
0.013830901
0.013999718
0.01381099
0.013885651
0.013700548
0.013560644
0.0136651965
0.014337615
0.01371349
0.01393166
0.013692628
0.013857939
0.013823957
0.013701623
0.014572133
0.014233574
0.013774295
0.014229664
0.013707771
0.013836025
0.014190716
0.014105242
0.014292891
0.013840161
0.01401619
0.013652816
0.013635549
0.01374404
0.013980926
0.013663849
0.013856744
0.013901748
0.013855335
0.014095088
0.013487031
0.013676131
0.014022902
0.013750447
0.013772008
0.013783438
0.013626163
0.013684322
0.013382459
0.013678791
0.014140774
0.013607555
0.013388358
0.013470589
0.013493125
0.013734933
0.013399246
0.013646725
0.013515731
0.013408221
0.013613625
0.013559184
0.0135674095
0.014095799
0.013462816
0.013977033
0.013579274
0.0136672985
0.013893802
0.013546994
0.013735927
0.013316797
0.013300149
0.013796608
0.013490159
0.013365399
0.013391744
0.013479736
0.014116097
0.013587603
0.0136233885
0.013344064
0.013512729
0.013537521
0.013398251
0.01332879
0.013262807
0.013258027
0.013730841
0.013229517
0.013197076
0.013684393
0.013445476
0.013396525
0.013482875
0.0135132065
0.013303749
0.013126781
0.013230651
0.013371896
0.01327012
0.013003663
0.0130928075
0.013105642
0.013729633
0.0130692655
0.013905414
0.01329163
0.013175977
0.013270156
0.0131323235
0.01360668
0.0134314
0.013406374
0.013569118
0.013213927
0.013124615
0.013292144
0.013382599
0.0132679595
0.013581032
0.01329754
0.013409706
0.013179271
0.013604617
0.013209931
0.013217183
0.013691405
0.012998891
0.013526907
0.012926521
0.013288042
0.0133036375
0.013291809
0.013355218
0.013223379
0.0130333435
0.0133095225
0.013463586
0.014417409
0.01326622
0.013482258
0.013544198
0.0129077565
0.013096223
0.013497893
0.013335816
0.0135835335
0.01345213
0.013071431
0.013730717
0.012922434
0.012966925
0.013178087
0.013312311
0.013480237
0.013060412
0.013223836
0.013238647
0.01302544
0.013142213
0.012882779
0.013262887
0.013265006
0.0136098815
0.013151534
0.012937786
0.013031998
0.013327366
0.013262323
0.01400456
0.013367988
0.013009174
0.013299541
0.012819652
0.013158249
0.013453854
0.01338797
0.013323914
0.013099282
0.013153421
0.013061505
0.0130105335
0.013009252
0.01337163
0.01303023
0.013112022
0.013250855
0.013174132
0.012922079
0.013319113
0.013530834
0.0130654005
0.013114792
0.01404474
0.012902147
0.013422254
0.012906114
0.013046716
0.012707111
0.012840786
0.012946357
0.012763274
0.013463548
0.012685445
0.012761155
0.012755493
0.013225086
0.013104558
0.013123492
0.01327191
0.013344598
0.012859576
0.0128692
0.012987949
0.012799978
0.01321072
0.013005997
0.013126024
0.013255096
0.013479129
0.012783321
0.01327729
0.012636882
0.0129507845
0.012863122
0.012802522
0.012622412
0.013019592
0.012577244
0.012861985
0.012820589
0.013214787
0.0126160635
0.013056741
0.012958459
0.012810426
0.012722871
0.013720064
0.012567944
0.012937084
0.012513248
0.013178926
0.01297656
0.012833202
0.012782154
0.012608763
0.012702069
0.012786699
0.012862481
0.012686117
0.012821807
0.01328362
0.013197356
0.012949175
0.01305452
0.012741328
0.012880233
0.01306277
0.012848904
0.012795846
0.012779003
0.012876291
0.012954884
0.013135129
0.0128551135
0.012705621
0.012914519
0.012912429
0.0125140585
0.012576233
0.012904447
0.012826662
0.012723649
0.012569057
0.012494806
0.01276784
0.012444044
0.012528499
0.012808444
0.0126921935
0.0127460295
0.012744802
0.012900248
0.012832056
0.012655333
0.012831371
0.012918396
0.012489673
0.012740464
0.01258751
0.012653103
0.012674766
0.013085493
0.012772608
0.012852248
0.013152044
0.012834953
0.012994108
0.0128578115
0.012845957
0.012797503
0.012572278
0.012661323
0.0126037365
0.01281692
0.012477496
0.013041134
0.012657841
0.012694995
0.012625623
0.012600374
0.012768092
0.012556869
0.012471475
0.012440586
0.012511675
0.012333732
0.0124963755
0.012516115
0.012259992
0.012573771
0.01229685
0.012241281
0.012677003
0.012475381
0.012494286
0.012453736
0.012402458
0.012487127
0.0125705935
0.0123940185
0.0126866745
0.012292545
0.012251527
0.012177711
0.012481993
0.0124259535
0.012342506
0.01248511
0.012245772
0.012286896
0.012443628
0.0122977225
0.012854584
0.012379057
0.012473589
0.012317911
0.01246899
0.012360186
0.013015954
0.012599732
0.012292546
0.012314002
0.0122638075
0.012570516
0.012623097
0.012715025
0.012110946
0.012587925
0.012558704
0.012587511
0.012456346
0.012928458
0.012619082
0.012772207
0.012485012
0.012873979
0.012489231
0.013071032
0.012420974
0.012694833
0.012423501
0.012778858
0.012557721
0.012206322
0.012278233
0.01275397
0.012269027
0.012404933
0.012768881
0.012716149
0.012371465
0.0124207
0.012322409
0.012549189
0.012422345
0.012258704
0.01232737
0.012606128
0.012299376
0.012332654
0.012493191
0.01239828
0.012289714
0.012059517
0.012479979
0.012450536
0.012089046
0.012193463
0.012581842
0.012424556
0.012453597
0.01219967
0.012548794
0.012367801
0.012552271
0.012292285
0.012421123
0.012384887
0.012259454
0.012286644
0.012118683
0.012545093
0.012472848
0.012488599
0.012378279
0.012409769
0.012414649
0.012149471
0.0123791015
0.012257545
0.012310929
0.012173453
0.012433456
0.012570299
0.012190667
0.012260008
0.012260652
0.012259694
0.012440638
0.012327602
0.012208964
0.01253659
0.012197645
0.012338497
0.0121943625
0.011955103
0.012202448
0.01227817
0.012646526
0.012315904
0.011999376
0.012316762
0.012530434
0.012437601
0.012313716
0.011987593
0.012097233
0.01211025
0.012018355
0.012017471
0.012071767
0.012040843
0.01211342
0.011829698
0.011950689
0.012231157
0.011992208
0.012197607
0.011968958
0.012309833
0.0120922765
0.0122635
0.011953617
0.012242073
0.0119894575
0.012096071
0.012121694
0.012177761
0.012051753
0.012857779
0.012167769
0.012228284
0.012641886
0.012277094
0.012592103
0.012347411
0.012000676
0.01200914
0.0123602925
0.01254924
0.011892346
0.012042266
0.012382364
0.01204088
0.011954352
0.011956092
0.012277034
0.011950653
0.012034406
0.012156947
0.012376581
0.012188265
0.0118414415
0.012201443
0.01200574
0.012051616
0.012276463
0.012161508
0.011977934
0.012019092
0.011990139
0.012246602
0.011959252
0.012055821
0.012013968
0.0117985625
0.011850778
0.012174913
0.011718572
0.01168124
0.011810046
0.0122528905
0.012008019
0.011898124
0.011991162
0.012140017
0.012009643
0.011770155
0.011738234
0.011968767
0.011786561
0.012049533
0.012073555
0.011988064
0.011735828
0.011955946
0.011794955
0.011849966
0.011987928
0.01178441
0.0117666405
0.011854379
0.011947306
0.011858948
0.011866763
0.011834158
0.011991911
0.011803877
0.011770613
0.01187796
0.011713739
0.012015418
0.0119685875
0.011696809
0.011802741
0.0115098655
0.012074394
0.011938942
0.011678966
0.012193866
0.012307921
0.012081304
0.011789335
0.011664664
0.011662094
0.011599953
0.011763334
0.011859643
0.011746408
0.011898093
0.011698911
0.011706403
0.011592289
0.0117208725
0.011793517
0.011832943
0.011761586
0.011763922
0.012175848
0.012012753
0.011842429
0.011893584
0.011736666
0.012057268
0.0118710995
0.011565336
0.011817763
0.012078153
0.011660223
0.011710392
0.011571436
0.011621904
0.0116259605
0.011756117
0.012195178
0.011849658
0.011701514
0.0118379155
0.011758882
0.0116645405
0.011985808
0.012076446
0.011653285
0.011971521
0.011492648
0.011429052
0.011591303
0.011567682
0.011917837
0.011630494
0.011602523
0.011840549
0.011550446
0.011608059
0.011642871
0.011699256
0.011799244
0.011785383
0.011892655
0.012595484
0.011497161
0.011943124
0.011933635
0.01166041
0.011661284
0.011691495
0.0115006585
0.011880543
0.012367454
0.011834757
0.012137222
0.011567181
0.012080989
0.011564352
0.011693347
0.011592338
0.01201552
0.011685101
0.011478186
0.011508381
0.0114939725
0.011468783
0.011428615
0.01172451
0.011508605
0.01151779
0.011593915
0.011769399
0.011748307
0.011548294
0.011761178
0.011783354
0.011644696
0.0116803115
0.01182711
0.011610225
0.0115844095
0.011897112
0.011605733
0.011291179
0.01162399
0.011625806
0.011791705
0.012040966
0.01149837
0.011377423
0.011644641
0.01163166
0.011751103
0.011551618
0.011493839
0.011908089
0.011891292
0.011404248
0.0115944175
0.011417313
0.011299
0.0112262145
0.011513782
0.011747734
0.011287425
0.011548272
0.011669688
0.011651736
0.011282557
0.011548513
0.011290646
0.0115225455
0.011428891
0.01146591
0.011410256
0.011428133
0.011424872
0.011558457
0.011506851
0.011369731
0.011222498
0.011452345
0.011565251
0.01138056
0.011477608
0.011825569
0.011586584
0.011102618
0.011621797
0.011512726
0.011526848
0.011475512
0.011561922
0.011737299
0.011391727
0.011431209
0.011494429
0.011601414
0.011169637
0.011217527
0.011531989
0.011411638
0.011496107
0.011410725
0.012003023
0.0114055425
0.011626286
0.01183447
0.011190005
0.011329076
0.011562078
0.01131222
0.0114413565
0.011266602
0.011420515
0.011380749
0.011558256
0.011695407
0.011583735
0.01133596
0.011205897
0.011438698
0.0112253465
0.011375554
0.011211226
0.011290431
0.011624729
0.011234512
0.011421106
0.011401716
0.011392917
0.01101027
0.011130494
0.011500366
0.011234988
0.011150707
0.011561864
0.012166182
0.011538386
0.011194045
0.011210606
0.011290354
0.0112087345
0.011467427
0.011236678
0.011343488
0.010992055
0.011007639
0.010980033
0.011295062
0.011386554
0.011347862
0.011805205
0.011292789
0.011294806
0.011257554
0.011325702
0.011305388
0.011208481
0.011057163
0.011538211
0.0112651065
0.01134287
0.010911429
0.011328653
0.011223324
0.0113640595
0.011432474
0.011143009
0.011164573
0.011168216
0.0114015145
0.01120289
0.011478442
0.011245878
0.011119091
0.0113684535
0.011537371
0.011394345
0.011389309
0.011282629
0.01115784
0.0109936735
0.011496713
0.011310986
0.011081997
0.011257329
0.0112765115
0.010918817
0.011113146
0.011480004
0.011365641
0.011188295
0.011228485
0.011184928
0.01124194
0.01133036
0.011132957
0.011243068
0.011588052
0.011244698
0.011503217
0.011108013
0.011287228
0.011153437
0.011159763
0.011085329
0.011004849
0.011401813
0.011072253
0.0109948665
0.011545004
0.011072636
0.0109698195
0.010958488
0.011590544
0.011262464
0.011147439
0.011203452
0.011050116
0.011220775
0.011213667
0.0113309035
0.011114503
0.01092965
0.011311357
0.011273705
0.011039367
0.011180353
0.011131281
0.011396391
0.011165954
0.011217119
0.011043344
0.011523642
0.011059465
0.01108112
0.011244998
0.011177979
0.010925954
0.011222751
0.011051604
0.010998543
0.011154345
0.011074414
0.01113376
0.010827634
0.011005073
0.010994115
0.010795835
0.010903546
0.010941199
0.011040067
0.010947695
0.01105079
0.010899963
0.010930968
0.010809691
0.011153374
0.010711604
0.010949151
0.010773833
0.0107986
0.010925299
0.011137801
0.010915568
0.010919749
0.010889979
0.011069834
0.011065916
0.011208742
0.010871739
0.01076393
0.011499115
0.0108606685
0.010805003
0.010836076
0.011135714
0.011078241
0.010756504
0.010943103
0.011478672
0.011110777
0.011179585
0.011119231
0.010921139
0.011043715
0.01132286
0.011005387
0.010775473
0.0109230075
0.010986462
0.010901198
0.011046244
0.011403755
0.011090938
0.011161582
0.01104136
0.011142554
0.01083463
0.01100542
0.010944762
0.0110432515
0.0107801575
0.011408599
0.010763912
0.010962206
0.010937703
0.011269202
0.010888444
0.011250045
0.010732561
0.0108355535
0.011111948
0.0110144615
0.010745758
0.010911649
0.01102753
0.010920941
0.011023319
0.010786744
0.011302857
0.011042045
0.010571199
0.010953704
0.011160357
0.011063325
0.010790434
0.010664192
0.010755445
0.010672162
0.010944092
0.010766767
0.010850329
0.010991534
0.0110424645
0.010914575
0.011269628
0.011046669
0.01070071
0.010674897
0.010769693
0.010686204
0.010602942
0.011142297
0.011054869
0.010838286
0.0109703755
0.01084946
0.010728217
0.010701427
0.011201505
0.010986207
0.0108924415
0.011076134
0.010952731
0.010547141
0.010700281
0.010740036
0.0108703
0.01088295
0.010821531
0.010756365
0.010698069
0.010656468
0.010718089
0.010981483
0.010551452
0.01076705
0.010690026
0.010564611
0.01089925
0.010716178
0.010730354
0.010668958
0.010543282
0.010885745
0.0107076485
0.01064704
0.010771564
0.010626694
0.010719488
0.010785942
0.010549827
0.010619857
0.0105967205
0.010725455
0.011123042
0.010934936
0.010909949
0.010737353
0.010839256
0.010974447
0.011222146
0.0115346825
0.010886106
0.010684729
0.010908842
0.010517684
0.011359691
0.01088491
0.010670108
0.010699166
0.010530959
0.010518639
0.010695368
0.010921745
0.010718119
0.010705155
0.010900729
0.011083456
0.010936802
0.010774608
0.01087312
0.01074769
0.010830259
0.01052678
0.0106651755
0.010684999
0.01103495
0.010597594
0.010578937
0.010619084
0.0105751045
0.01077112
0.010632139
0.010631006
0.01073775
0.010569224
0.01101943
0.010858416
0.010540366
0.010515513
0.010514026
0.010604688
0.010858897
0.010460713
0.010673418
0.0105613265
0.010917879
0.01078279
0.010757174
0.010723164
0.010607104
0.010648629
0.010749865
0.011112315
0.0106835915
0.01086812
0.010460403
0.010443934
0.010460986
0.010620789
0.0106976265
0.010909461
0.010538676
0.010724354
0.010394419
0.0105235
0.0106999315
0.010508324
0.010830082
0.010370033
0.010571585
0.0104355365
0.0108476635
0.010659429
0.010587783
0.010452629
0.010355971
0.010468907
0.010282062
0.010415219
0.010194355
0.010585487
0.010512475
0.010404744
0.010608786
0.010439436
0.010954286
0.010939226
0.010822214
0.010694877
0.010649461
0.010669934
0.010508703
0.010878542
0.010975702
0.010594771
0.01059906
0.010944223
0.010671958
0.010710677
0.010830253
0.01072602
0.010459955
0.010752113
0.010564565
0.010718823
0.0105059575
0.010575386
0.010404388
0.01059264
0.010440165
0.010379911
0.010941342
0.010434002
0.01035582
0.010341063
0.010408355
0.010555956
0.0111371195
0.010691836
0.0103737265
0.0103227785
0.0103374
0.010513861
0.010534106
0.010801662
0.010595143
0.011031011
0.010352418
0.010285432
0.010285048
0.010406406
0.010592092
0.010229486
0.010498926
0.010537089
0.0104421275
0.010371534
0.0104742255
0.0113860965
0.010418069
0.010293652
0.010356193
0.010251521
0.0104419915
0.010434578
0.010027266
0.010098658
0.010296602
0.010516081
0.010403265
0.010410031
0.0105626825
0.010928329
0.010379111
0.010383188
0.01046672
0.010477031
0.010251095
0.010492086
0.01039859
0.010491694
0.010323393
0.010469057
0.01031677
0.010237592
0.010253026
0.0104954755
0.01076757
0.010439066
0.010526136
0.01058097
0.0104715405
0.0103008915
0.0103912335
0.010122972
0.010535716
0.010181075
0.010653737
0.010293341
0.010213397
0.010289147
0.010421471
0.010181971
0.010517458
0.010135221
0.0103629595
0.010414578
0.010339672
0.010372864
0.010337524
0.01022397
0.01032983
0.010294049
0.010396096
0.0103418045
0.010433042
0.010429952
0.010372217
0.010426388
0.010412109
0.01022769
0.010287018
0.0104605155
0.010347055
0.010227342
0.010309794
0.010579902
0.010154127
0.010592275
0.010256841
0.010370262
0.010912067
0.010236461
0.010531593
0.010265203
0.0105202105
0.010258627
0.010264695
0.010169212
0.010168196
0.010215774
0.01048089
0.010482399
0.010062425
0.010381529
0.010185649
0.010412018
0.010553499
0.010651263
0.010414748
0.010380812
0.010471562
0.010070314
0.010282087
0.010000319
0.009895269
0.010433955
0.010552416
0.010299607
0.010183325
0.0104519
0.010162648
0.010421063
0.010383161
0.01005926
0.010308629
0.010199955
0.010341885
0.01051582
0.010620406
0.010170266
0.010266853
0.010169326
0.010218299
0.010436304
0.010112245
0.010318162
0.010176932
0.010240815
0.010016303
0.0101812435
0.010147944
0.01026471
0.010119234
0.0100187315
0.010278975
0.010244912
0.010290806
0.01024846
0.010170383
0.010079617
0.0104397405
0.010056126
0.010353258
0.00999436
0.010066842
0.010106369
0.010092875
0.009991567
0.009881428
0.0103234565
0.010218998
0.010250867
0.010112934
0.010035715
0.010130123
0.009851148
0.010052126
0.01012439
0.009884151
0.010266235
0.009953982
0.010406775
0.01003231
0.009987943
0.00978955
0.009956508
0.010128569
0.010162797
0.010219993
0.009979476
0.010293129
0.010073624
0.010011227
0.010506638
0.01010518
0.010325583
0.0098797865
0.009814939
0.010235324
0.009835732
0.010194307
0.010128986
0.009927438
0.009963998
0.0097666355
0.010233982
0.009994986
0.010013365
0.009855523
0.009847542
0.009885197
0.01018403
0.010003274
0.009989979
0.009798927
0.010063859
0.010073935
0.010034425
0.010231759
0.01029798
0.009877801
0.010094632
0.010001888
0.00998871
0.009921889
0.01013462
0.009930905
0.010331603
0.009920041
0.010001206
0.009864443
0.010217291
0.010235409
0.010055409
0.009937116
0.010142687
0.010083524
0.009938901
0.0101534
0.01018269
0.010019432
0.010242739
0.009989111
0.010074183
0.010226742
0.010253841
0.010122159
0.009945652
0.009886472
0.010172285
0.0098544555
0.009887926
0.010305254
0.010318916
0.010136762
0.009991459
0.010525424
0.009753083
0.010210081
0.009997174
0.009962798
0.010007659
0.010220317
0.009941308
0.00993054
0.009895547
0.009941111
0.009742851
0.010025371
0.010135909
0.009902294
0.009882703
0.009959383
0.010378777
0.010049549
0.010008668
0.009801197
0.010171707
0.010166371
0.010074263
0.010198997
0.00996859
0.009909469
0.009991251
0.01007224
0.00995275
0.010160542
0.010120471
0.009843568
0.009838612
0.009911189
0.009801494
0.009775578
0.009769929
0.01017112
0.009893531
0.009632605
0.009625976
0.009845872
0.009901388
0.010119545
0.009877804
0.009769206
0.009966985
0.010160043
0.010119108
0.00975535
0.00989503
0.009951749
0.009609404
0.009940852
0.009638664
0.009763345
0.009659259
0.009684482
0.009762425
0.009957579
0.009737025
0.00968687
0.010040702
0.0097131785
0.009820832
0.010013737
0.009860387
0.009765422
0.00977775
0.0099682035
0.009732412
0.009747942
0.010354568
0.009786175
0.010458884
0.00993467
0.009701304
0.009981753
0.009695524
0.00972735
0.009756049
0.009814253
0.010002968
0.00960023
0.009854968
0.009939165
0.009852561
0.009966277
0.009603796
0.010025033
0.00977156
0.009775995
0.009610565
0.009844054
0.009836653
0.009889889
0.0098227225
0.009999905
0.010025021
0.009883267
0.009912149
0.0098402025
0.009729119
0.009824759
0.009893369
0.00973851
0.009850794
0.009862742
0.009669026
0.009705508
0.009659651
0.009837439
0.009841138
0.009724207
0.009892033
0.0100518735
0.009716718
0.009971678
0.0097958045
0.009734987
0.009698723
0.009619568
0.00961184
0.00981552
0.010108602
0.01033115
0.0097683305
0.009822691
0.009925028
0.009991413
0.00969062
0.009703609
0.009457523
0.009840632
0.010414511
0.009617369
0.009598256
0.009708695
0.010019873
0.009790997
0.009441566
0.009665654
0.009686362
0.009829717
0.009568609
0.009667145
0.009586098
0.009592048
0.009642201
0.009750883
0.010122664
0.009877198
0.009654583
0.009618898
0.009895203
0.009964836
0.009712973
0.009634811
0.009934345
0.009785396
0.009619518
0.009552901
0.009775362
0.009833645
0.009788937
0.009454353
0.009627697
0.009721846
0.009995349
0.009826037
0.009858434
0.009520369
0.009912976
0.009559968
0.009891704
0.009678264
0.009585657
0.009891587
0.009639785
0.009903248
0.009676421
0.009542029
0.009875084
0.009630986
0.009559692
0.009751869
0.0099240085
0.009707972
0.009583206
0.009989462
0.009657174
0.009698088
0.0100241555
0.010030984
0.009552217
0.0096700145
0.009814125
0.009699341
0.009618208
0.009601785
0.009706289
0.0096063735
0.009598569
0.009766809
0.00983802
0.009711172
0.009567844
0.009495472
0.009681875
0.0095559135
0.009636356
0.009514336
0.009712297
0.009828106
0.009789244
0.010031974
0.00974614
0.009612634
0.009744128
0.009634098
0.009662983
0.009900322
0.009570217
0.010092017
0.009810673
0.009584201
0.009518366
0.009611614
0.009762267
0.009548
0.009583041
0.009662181
0.009721505
0.009626891
0.009544227
0.009534822
0.009829082
0.009557162
0.00963923
0.009962873
0.009630077
0.009833166
0.009794439
0.009673085
0.009476073
0.009675822
0.009685031
0.009643271
0.009566879
0.0096807415
0.009603339
0.009722718
0.009654438
0.009584393
0.009588251
0.009526568
0.009658246
0.009445357
0.009586429
0.009659183
0.009576957
0.00957492
0.009886745
0.009467568
0.009507446
0.009418799
0.009599931
0.009548444
0.00941319
0.009352224
0.009806281
0.009528692
0.009686995
0.009665019
0.009550102
0.009364218
0.00939458
0.009497761
0.009509408
0.009479985
0.009508662
0.00957576
0.009959329
0.009512052
0.009672825
0.009557487
0.009599518
0.009270315
0.009576734
0.009354122
0.009413692
0.00936299
0.009551493
0.009577281
0.00970588
0.00939747
0.009548496
0.009646663
0.009449546
0.009592508
0.009764303
0.009329268
0.009337143
0.009363363
0.009742482
0.00942898
0.009894687
0.009540335
0.009586234
0.00954905
0.009871816
0.009784515
0.009638333
0.009370704
0.009833319
0.009630986
0.0094758505
0.0098346565
0.009506051
0.009546718
0.009941254
0.009543489
0.009596609
0.009497907
0.009925151
0.009656566
0.00928604
0.009502553
0.009474247
0.0095181065
0.009378325
0.0096187685
0.009530447
0.009270676
0.009548695
0.009331342
0.009478701
0.009441125
0.009455945
0.009479719
0.009478415
0.009864362
0.009332705
0.009308398
0.0093221385
0.009460011
0.009233041
0.009426285
0.010130203
0.009654855
0.009611944
0.0094103115
0.009470056
0.009191788
0.009384965
0.009451021
0.009474442
0.00928925
0.009475413
0.009277604
0.009481954
0.009157351
0.009508908
0.009360034
0.009154628
0.009727324
0.00933195
0.0093998825
0.009379225
0.009485114
0.009252895
0.009354999
0.009605604
0.009517368
0.009481714
0.00925971
0.009411065
0.009592949
0.00924375
0.009588642
0.00962181
0.00925009
0.009395633
0.009473535
0.009191171
0.009792383
0.009286051
0.00976277
0.009440858
0.009233237
0.009468995
0.009568005
0.009203728
0.009446923
0.009482308
0.009343506
0.009219317
0.009318812
0.009246689
0.009533949
0.009384429
0.0091432445
0.009246936
0.009268626
0.009348927
0.009321816
0.009351013
0.0095182555
0.009122232
0.009369867
0.009301945
0.00946861
0.00944303
0.009357196
0.009215294
0.009388642
0.009509214
0.009407514
0.009278761
0.009428162
0.00960751
0.009308933
0.009278045
0.009270646
0.009282187
0.009188129
0.009452775
0.009269856
0.009257339
0.0093259
0.009396992
0.009406667
0.009516105
0.009396314
0.009399512
0.00927788
0.009312236
0.0093260305
0.009165304
0.009243891
0.009488556
0.009480522
0.009341996
0.009383075
0.009001435
0.009226674
0.008999801
0.00934495
0.009240962
0.009320185
0.009215126
0.009066973
0.009168131
0.008992062
0.009235983
0.009425318
0.009304513
0.009143111
0.009465025
0.009297006
0.009412714
0.009178468
0.009268716
0.00916674
0.009279694
0.0091334125
0.009615553
0.009436529
0.009440588
0.009114921
0.009293045
0.0092275655
0.009206285
0.0096584475
0.00927435
0.009306237
0.009165227
0.0091685355
0.009337234
0.009238806
0.009223987
0.009565317
0.009262885
0.009166721
0.009179439
0.009189065
0.009252866
0.00935312
0.009146263
0.009138978
0.00926121
0.0092886165
0.00946423
0.009265058
0.009304022
0.0095441295
0.009259653
0.009079969
0.009064838
0.009030453
0.009343752
0.0091857845
0.009205897
0.009706879
0.009253019
0.009318441
0.009275276
0.009141674
0.009219431
0.009251655
0.009215171
0.009140529
0.008985658
0.009467019
0.009136633
0.009082944
0.0093037775
0.008946573
0.009438382
0.0093145585
0.009152907
0.009249476
0.009240539
0.009487994
0.0092061
0.009191741
0.009168754
0.0092995195
0.009490378
0.009155382
0.009179929
0.009274461
0.009128036
0.009190169
0.009373172
0.009569471
0.009194763
0.009628507
0.009353994
0.009084253
0.009340098
0.009075518
0.009062961
0.009076926
0.009141027
0.009132675
0.009118868
0.0093778465
0.009283434
0.009110896
0.009426036
0.009274248
0.009213967
0.009307961
0.009100235
0.009001511
0.009526884
0.009037923
0.009058213
0.009025726
0.009241134
0.00903596
0.009187359
0.008994656
0.00935117
0.009742667
0.009261746
0.009048453
0.009239546
0.009286706
0.008861808
0.00925492
0.009115011
0.009707393
0.009456632
0.009202429
0.009262049
0.009297309
0.009193663
0.009123639
0.009349005
0.009170481
0.009186006
0.0093127135
0.009347785
0.008931243
0.0091115385
0.009304928
0.009228054
0.008949203
0.008975617
0.009036501
0.0090982765
0.009160354
0.009287702
0.009053706
0.009085944
0.009149869
0.00939375
0.009279228
0.009179746
0.009391958
0.009050962
0.00924601
0.009259264
0.009095618
0.009021854
0.009125228
0.0090510305
0.009241003
0.009275404
0.008946495
0.009143974
0.009049177
0.00901378
0.0091655655
0.009011521
0.009244433
0.00901947
0.008984835
0.009041477
0.008901307
0.009062175
0.009091913
0.0090683475
0.008821001
0.008926285
0.009142112
0.008891803
0.009266848
0.0090562
0.009068832
0.009154822
0.009022033
0.008695878
0.008983921
0.00882925
0.008970143
0.008780417
0.008933908
0.008906462
0.0091710985
0.008999935
0.008917571
0.009052077
0.008929635
0.009014141
0.008929193
0.009066029
0.009199927
0.008852376
0.008803524
0.008829358
0.008958235
0.0088844765
0.008941396
0.008763678
0.00884272
0.009144269
0.008835086
0.009068421
0.009118815
0.008898113
0.008906289
0.009254876
0.009002655
0.009388101
0.0089224
0.009040165
0.008974922
0.008869348
0.009264028
0.009059322
0.00921376
0.009044653
0.008977565
0.00881698
0.009027559
0.009133372
0.009254241
0.008955464
0.009057687
0.009144351
0.009133787
0.009042933
0.008884485
0.008887859
0.009245145
0.009186674
0.008913291
0.009143147
0.009081654
0.00882323
0.009054768
0.008992623
0.0088137975
0.009087074
0.00887268
0.009115262
0.009094528
0.009039932
0.00912638
0.008949261
0.008800317
0.008894161
0.009073564
0.009325493
0.009102905
0.008888925
0.008751586
0.009134159
0.008966747
0.009038184
0.009430685
0.009007446
0.008972032
0.009084676
0.008844419
0.009030868
0.008976271
0.009050947
0.009015988
0.009030629
0.00872804
0.008969806
0.008831123
0.009054296
0.009126102
0.009185873
0.009130351
0.009028532
0.0090539185
0.009148564
0.008872625
0.008920781
0.00904541
0.009051122
0.008821682
0.008956125
0.008937645
0.008982216
0.0087626735
0.008812712
0.008966057
0.008917599
0.008826768
0.008965407
0.009327584
0.008934751
0.008995257
0.008868667
0.008912852
0.008967958
0.009194639
0.0088289995
0.00871203
0.008869769
0.00889653
0.008752025
0.008983083
0.008769836
0.0090648895
0.009056438
0.008803568
0.008981033
0.008821764
0.008759615
0.008803078
0.008804526
0.0089882305
0.008891299
0.008766862
0.008765636
0.008735725
0.008845521
0.008782559
0.0088522155
0.008892384
0.009078359
0.008796511
0.0089400485
0.008921556
0.008802598
0.008768789
0.008741871
0.008757611
0.008975458
0.008942752
0.0089556305
0.00877463
0.0089154495
0.0089222705
0.009076381
0.009057055
0.008719504
0.008977793
0.008859164
0.009032131
0.008690301
0.008995494
0.008742363
0.009039434
0.008837207
0.009003129
0.008781855
0.008690271
0.0086599775
0.009218572
0.008685732
0.009043246
0.00891795
0.0087340865
0.008701083
0.009122397
0.00874943
0.008935982
0.008720776
0.008797074
0.008830262
0.009018444
0.008621528
0.008848069
0.009088308
0.008969382
0.008934264
0.0087473
0.008870531
0.008795617
0.008715627
0.008681859
0.00912064
0.008820339
0.008705491
0.009236242
0.008847956
0.008928291
0.008822217
0.008939464
0.008812712
0.008921436
0.008877188
0.00878884
0.0088315215
0.008642454
0.009005548
0.008631385
0.008904773
0.008667058
0.00873385
0.008837071
0.009004512
0.008927144
0.008887076
0.008719108
0.00895986
0.008893963
0.008813602
0.008909017
0.008641883
0.0089858435
0.008753229
0.008804947
0.008990761
0.0089097265
0.008660807
0.008842714
0.008740491
0.008709602
0.008900576
0.008774234
0.0090597905
0.008796098
0.008717359
0.009141538
0.008813752
0.008687071
0.008858819
0.0087488955
0.008672486
0.008672741
0.008719811
0.009056956
0.008673227
0.008661477
0.008607635
0.008899967
0.009017075
0.008608498
0.008669801
0.008789967
0.008530624
0.008850906
0.008761299
0.008688097
0.008617779
0.008745505
0.00895107
0.008541648
0.008846818
0.008627093
0.008659616
0.00871356
0.008627327
0.008867598
0.008594756
0.008625274
0.00857662
0.00871012
0.0085856
0.008634157
0.008521977
0.008645502
0.008805548
0.008788766
0.008797786
0.008523917
0.008707754
0.008751794
0.008590126
0.008649466
0.00867425
0.0086684385
0.008691072
0.0084239505
0.008587771
0.008964436
0.008639723
0.008492017
0.008756909
0.008649769
0.008842693
0.009369315
0.008619829
0.008790217
0.008459793
0.008735543
0.008758777
0.008635952
0.008730237
0.008640519
0.008788041
0.008533185
0.008701851
0.008697149
0.008629571
0.008695333
0.008575377
0.009052498
0.008650141
0.008869914
0.008917405
0.008568752
0.008596362
0.008590346
0.008510043
0.008724204
0.008678199
0.00867631
0.008519465
0.008643235
0.008692936
0.008650002
0.008530201
0.008461759
0.008548045
0.008465521
0.008633233
0.008597825
0.008540893
0.008640387
0.008429502
0.008450325
0.008723324
0.008457623
0.008616676
0.008570051
0.008407652
0.008509355
0.008776887
0.008566688
0.008497853
0.008567067
0.008701805
0.009018168
0.0084019825
0.008989185
0.008895053
0.008664648
0.008705331
0.008703774
0.008876114
0.008800758
0.0088829575
0.008960277
0.008780766
0.00866629
0.008680417
0.008622433
0.008597219
0.008578325
0.0084400885
0.008577548
0.008824769
0.008679177
0.008536819
0.008463556
0.008851302
0.00858959
0.008661957
0.009024239
0.0086845225
0.008536755
0.008639139
0.0084749395
0.008646218
0.008339647
0.008717605
0.008686268
0.008779951
0.008486472
0.008749974
0.008487866
0.008657139
0.00851388
0.008419374
0.008456375
0.00915471
0.0085696345
0.008594492
0.008748294
0.008770591
0.0085223885
0.008606395
0.008559799
0.008522905
0.008699554
0.008871705
0.008609895
0.008575983
0.008485175
0.008558693
0.008463887
0.008478565
0.008603948
0.0085445
0.008496223
0.008606513
0.008666533
0.008425077
0.008605802
0.008663503
0.008422108
0.008674734
0.008667569
0.00877288
0.008525158
0.008752149
0.008458404
0.008408067
0.008669943
0.008661445
0.008509775
0.008369489
0.008478953
0.008453
0.008727395
0.008653914
0.008377366
0.008526832
0.008599385
0.008670434
0.008409136
0.0083290525
0.008676751
0.008558736
0.00864466
0.00859484
0.00866656
0.008474882
0.008940027
0.00853489
0.008882444
0.008800011
0.008710361
0.008521175
0.008582398
0.008398081
0.008958176
0.008736183
0.008356065
0.008408978
0.008773334
0.008873631
0.008535034
0.008577862
0.008397809
0.00844987
0.008539359
0.008521451
0.008601087
0.008671307
0.008319265
0.008505057
0.008711461
0.008657528
0.008407491
0.008883856
0.008563165
0.008317468
0.008909558
0.008363205
0.008465791
0.008409545
0.0085220765
0.008363145
0.00871225
0.008480244
0.008671847
0.008655543
0.008575287
0.008402682
0.0085243
0.008309573
0.008603471
0.008744439
0.008544125
0.008666515
0.008369498
0.008411992
0.008278799
0.008420051
0.008405662
0.008420786
0.008560939
0.008399362
0.008732634
0.00828512
0.008566399
0.00832199
0.008476423
0.008345778
0.00838659
0.008295748
0.008201728
0.008399625
0.008295217
0.008581481
0.008365505
0.008477881
0.008370499
0.0085343635
0.008507067
0.008446098
0.008499584
0.008813088
0.0086175045
0.008718627
0.00846625
0.008417119
0.008449151
0.0086002145
0.008410504
0.008669463
0.008333347
0.008430642
0.00854607
0.0085071
0.008387388
0.008389079
0.008465204
0.008472619
0.008564712
0.008604226
0.008712383
0.008762063
0.008353589
0.00822071
0.008352926
0.00850863
0.008370391
0.008418688
0.008556372
0.008393067
0.008318176
0.008777315
0.008530357
0.0084829
0.008371474
0.00847916
0.00880452
0.008621349
0.008614758
0.008337917
0.008697636
0.008602314
0.00826497
0.00860262
0.008286137
0.008368553
0.008584018
0.008675993
0.00837701
0.008195082
0.008399005
0.008763037
0.008558092
0.008508082
0.008461317
0.008349385
0.008466078
0.008357393
0.008374265
0.008524805
0.009029115
0.008303409
0.00839194
0.008431587
0.00836327
0.008596114
0.008358765
0.008574341
0.008388164
0.00825516
0.008425758
0.008511074
0.008472118
0.008341964
0.008651037
0.0083351135
0.008457606
0.008413523
0.008253958
0.008420139
0.0085608205
0.008562367
0.0085095065
0.008474557
0.008393853
0.0082130125
0.008468139
0.008554947
0.008255903
0.0083599035
0.008342205
0.008357441
0.008441662
0.008481642
0.008433913
0.0085730525
0.008229258
0.008208558
0.008415178
0.008395104
0.008232186
0.00837201
0.008263814
0.008567136
0.008600167
0.0083319
0.008357995
0.008317323
0.008354788
0.0082019055
0.008377949
0.008385088
0.008183602
0.008402841
0.008706792
0.0081415605
0.008435803
0.008555072
0.008186436
0.008449849
0.008241349
0.00842752
0.008227251
0.008525855
0.008561011
0.008364369
0.0085604545
0.008264968
0.008661991
0.008243461
0.00837518
0.008308091
0.00818658
0.008231449
0.0082655195
0.008258888
0.008226453
0.008284831
0.008249136
0.008215782
0.008237255
0.008263843
0.0084381895
0.008292181
0.008451785
0.00818007
0.0082331095
0.008260404
0.0084022125
0.0085360855
0.008326884
0.008096942
0.008139844
0.008578083
0.008337276
0.008069796
0.0084568495
0.008217689
0.0083007915
0.008332758
0.008301012
0.008348539
0.008095245
0.008518506
0.0081664175
0.008341648
0.008373697
0.008201576
0.00824625
0.00812363
0.008030329
0.008229538
0.008328669
0.008263884
0.008550123
0.008134193
0.008242571
0.008542336
0.008362997
0.008296876
0.008325856
0.0082653565
0.008285632
0.008325931
0.0084110685
0.008360012
0.008274716
0.008315341
0.008429625
0.0082463175
0.008281112
0.008230039
0.008405554
0.008071741
0.008243478
0.008576171
0.008293651
0.008175679
0.00848337
0.008519118
0.008097449
0.008129451
0.008448124
0.008410234
0.008421363
0.008335322
0.008332107
0.008408002
0.008345077
0.008584811
0.008516307
0.008318375
0.008270386
0.0083039375
0.008405971
0.008373411
0.00826316
0.008392113
0.008337095
0.008135336
0.008331663
0.0082259085
0.008147555
0.0080399085
0.008059715
0.0082249325
0.008224767
0.008294718
0.008418599
0.008127485
0.008289091
0.008352596
0.008035044
0.008582803
0.008233982
0.008087564
0.008408413
0.008132908
0.008003965
0.008226357
0.008100175
0.008465387
0.008296015
0.00820295
0.008265374
0.008230352
0.008592391
0.0082911905
0.008211004
0.008256297
0.008177691
0.00820899
0.008141196
0.008534014
0.008186599
0.008369904
0.008231343
0.008108867
0.008145611
0.008090227
0.008234769
0.008066554
0.008324805
0.008059587
0.008148548
0.008087867
0.008455833
0.008246554
0.008253828
0.008370303
0.008305395
0.0080563305
0.008499001
0.008357318
0.008014279
0.008171719
0.00814119
0.008576004
0.008365165
0.008207591
0.008160369
0.008108262
0.008205525
0.008260384
0.008462355
0.00829778
0.008207777
0.00812248
0.008190932
0.008437659
0.008309299
0.008079996
0.008414249
0.008265317
0.00810938
0.008271432
0.008259021
0.008044272
0.008227715
0.008145725
0.008311919
0.0082581565
0.008218136
0.00822854
0.008028978
0.0082382215
0.008050327
0.007959024
0.008489479
0.008146329
0.008150808
0.008290161
0.008271708
0.008285589
0.008202876
0.008020813
0.008138759
0.008297057
0.008067178
0.008261534
0.00810519
0.008229204
0.00803495
0.008115728
0.008093007
0.008099296
0.00818446
0.0080934735
0.008189124
0.008164154
0.007997712
0.007980915
0.00801551
0.007939484
0.008217854
0.008007747
0.0080926595
0.007914324
0.008133563
0.00846402
0.008316498
0.008355505
0.008482868
0.00798817
0.008115999
0.008034597
0.008129474
0.008239667
0.008348024
0.007933347
0.008114027
0.008582353
0.008007464
0.008000468
0.008335397
0.007993412
0.008036875
0.008065374
0.008298666
0.008136668
0.008252159
0.008082115
0.008041491
0.008202955
0.008079673
0.008046447
0.008390162
0.008186198
0.008259942
0.007996886
0.008093135
0.007908248
0.008077408
0.008130833
0.0081014065
0.008190899
0.008192309
0.0083518
0.0081183445
0.008073789
0.007979094
0.007944849
0.008246465
0.00825336
0.008132534
0.007826334
0.008316501
0.008490886
0.008305589
0.008029723
0.008035275
0.007964165
0.008112508
0.008231789
0.008038773
0.008101748
0.008127472
0.0081391195
0.00816428
0.008288383
0.008295297
0.0081769
0.008262177
0.008159871
0.008252025
0.008158423
0.008229691
0.008112954
0.007931209
0.008140049
0.008112966
0.008137438
0.008056783
0.008080751
0.008494423
0.007941743
0.007939012
0.008094036
0.007928458
0.007995733
0.007873496
0.00803966
0.007911041
0.00786868
0.007994235
0.008076759
0.007924829
0.007917114
0.008059982
0.008098434
0.008032064
0.008176227
0.008170543
0.008225212
0.007895002
0.008570399
0.00795547
0.008301187
0.008130121
0.007897989
0.007788699
0.007946854
0.007882347
0.007949054
0.007944694
0.008111977
0.007990152
0.007851582
0.008206937
0.008010351
0.007866774
0.007876656
0.008079262
0.0077943415
0.007892446
0.007826681
0.007849239
0.008002996
0.008407073
0.00816929
0.00796141
0.007943125
0.0078917425
0.007994396
0.008120154
0.008122494
0.008029482
0.00795546
0.008065897
0.008073435
0.0081887245
0.008017363
0.008105321
0.007958277
0.008213184
0.00793869
0.00804101
0.008119104
0.007843794
0.008475724
0.008179354
0.008111714
0.007999231
0.0078697605
0.007931095
0.007927684
0.007938762
0.007864335
0.007981043
0.007916192
0.007921317
0.007965774
0.007750057
0.007970571
0.0079591805
0.008009848
0.0080468375
0.008156858
0.00807301
0.0080100205
0.007815936
0.008089461
0.007734432
0.007849629
0.007892472
0.007911918
0.007782369
0.008080041
0.007990651
0.0080241095
0.007758799
0.008025252
0.008041161
0.008609302
0.008094472
0.007874612
0.007923649
0.0077641406
0.007814649
0.008342727
0.008139448
0.007958401
0.007969297
0.007921122
0.008177828
0.008017101
0.007839419
0.007997626
0.008176088
0.007890127
0.0077619273
0.0077481945
0.00801547
0.008076544
0.007886528
0.007976348
0.0077200127
0.008095494
0.008135088
0.00784549
0.007917054
0.007994155
0.007823565
0.0077667083
0.007860378
0.007983048
0.00774848
0.007826565
0.007837441
0.007971587
0.007835637
0.008060387
0.00790325
0.0077993954
0.007964129
0.007839636
0.007977505
0.007889684
0.008008545
0.008332701
0.007839827
0.007971149
0.008020313
0.0077879145
0.0077968114
0.008031626
0.007856799
0.008053787
0.007976745
0.007928597
0.007873645
0.007851925
0.007892618
0.007929254
0.008231033
0.007817877
0.0079223635
0.007849272
0.008017286
0.00780001
0.0077869412
0.00795285
0.007830094
0.008205899
0.007961936
0.007849506
0.007821261
0.008021697
0.007796136
0.007808289
0.0078873355
0.007933591
0.007952365
0.007932612
0.007851178
0.007973936
0.007889077
0.008178806
0.007969357
0.007876225
0.007915053
0.008045385
0.00803886
0.008126477
0.007813404
0.007912557
0.007971586
0.007703888
0.00774579
0.007749768
0.007639469
0.007979571
0.008048161
0.0077978163
0.007867356
0.007847488
0.007921037
0.007932199
0.007867833
0.007933181
0.0080379825
0.008130414
0.007866016
0.007848127
0.007891294
0.0080389185
0.007914606
0.008042329
0.007901322
0.007958436
0.008015487
0.007851488
0.007822877
0.007998471
0.008043519
0.007851456
0.008020587
0.008059376
0.007820621
0.007962875
0.008229347
0.0077186995
0.008059262
0.007958007
0.00821892
0.007705909
0.00794886
0.0077819745
0.007846222
0.007907289
0.007937896
0.0078086783
0.007932458
0.007757341
0.008021735
0.0079543935
0.007835727
0.00817972
0.007750228
0.008034007
0.007827042
0.008013244
0.007960475
0.007877609
0.008166569
0.008055025
0.007918903
0.008057749
0.007836852
0.007666661
0.007892153
0.00786202
0.007764375
0.007751719
0.0077115647
0.0077325995
0.0077353925
0.007832407
0.008003
0.007841174
0.007956756
0.0077175987
0.0077057094
0.007708972
0.007789051
0.0076544033
0.007920832
0.00783667
0.007856111
0.0078104767
0.0077574123
0.007925004
0.0077768685
0.0077580647
0.007841294
0.007877486
0.0077918344
0.008002502
0.007855878
0.008210936
0.007710633
0.007740441
0.0076301196
0.0077512297
0.0077150245
0.007736697
0.00775939
0.0077170003
0.007842547
0.0077139935
0.0077311518
0.0077933497
0.007602534
0.008016236
0.007862092
0.007953467
0.00767438
0.007905562
0.007876481
0.007884992
0.0075820177
0.007918297
0.007658568
0.0076334816
0.007954577
0.007673339
0.0076500094
0.007815597
0.008079212
0.007862951
0.007750409
0.0076862513
0.008000781
0.007655004
0.007772204
0.007666022
0.007819397
0.007857275
0.007860419
0.007636191
0.007932568
0.007722912
0.0076929647
0.008066071
0.0077122916
0.007884739
0.007841504
0.00783474
0.0077189878
0.0076734014
0.007583484
0.0076364437
0.007871596
0.007834466
0.0077139563
0.007835248
0.0076462617
0.007650301
0.007824959
0.0076912786
0.0076093012
0.007820296
0.0076137707
0.007892349
0.0078597665
0.007782703
0.0077916286
0.0076599014
0.007771652
0.007834354
0.007697581
0.007600712
0.0076388144
0.007707671
0.008072706
0.0078006005
0.0077913953
0.007862692
0.007948828
0.0077166175
0.0077774213
0.0075316755
0.00770308
0.007853128
0.0076305815
0.0078066983
0.0077382238
0.00794088
0.008116152
0.00772961
0.0077304607
0.00777259
0.007587299
0.007753426
0.007919646
0.00775832
0.007862874
0.007592891
0.0076747835
0.0076391352
0.007729119
0.007739438
0.007523509
0.007680008
0.007663968
0.007573661
0.0077664736
0.007565283
0.007543306
0.007510361
0.007582468
0.007611165
0.00761057
0.007952627
0.007971963
0.0077457456
0.007664997
0.007830145
0.007583436
0.007608417
0.0077821184
0.0076248217
0.007977191
0.0076159337
0.0077612917
0.007828043
0.007788866
0.007753646
0.007943383
0.007947313
0.0076942476
0.007592313
0.007552717
0.007748498
0.007819589
0.007627964
0.007563642
0.007797751
0.0075021456
0.007655245
0.007575919
0.007571072
0.0076266443
0.007526247
0.0076343855
0.0077007213
0.007958661
0.007656669
0.0076428526
0.0076863565
0.007944663
0.0077895005
0.0076502706
0.007574421
0.0076293964
0.007866992
0.0076440084
0.007681669
0.007768332
0.0076282355
0.0076807677
0.007861947
0.0076669813
0.007649288
0.007526146
0.007783341
0.007552561
0.007608493
0.007509795
0.007685134
0.007629056
0.0076283445
0.0077635534
0.0077870977
0.007868609
0.007878152
0.0076277424
0.0076728663
0.0076837908
0.0077088717
0.0077647376
0.007572431
0.007836985
0.0077713043
0.007618388
0.0076301484
0.0078070476
0.0076694386
0.007807079
0.0076915724
0.0076072686
0.0076799775
0.008015602
0.007778574
0.00781724
0.007659364
0.0076446524
0.0077304263
0.00788388
0.007891817
0.007965009
0.007819624
0.007690671
0.0076186764
0.007800947
0.007597115
0.007652208
0.0077235126
0.0077220993
0.0076714326
0.0077213766
0.0075971438
0.00779995
0.007755782
0.0075811194
0.007858026
0.0076575275
0.007689942
0.007487479
0.0081136525
0.0077905343
0.007956684
0.007684568
0.00767875
0.007817145
0.007681727
0.007598626
0.0075767636
0.0076016863
0.00765768
0.007703592
0.007712167
0.0075095403
0.007633203
0.007669196
0.0076605557
0.007564688
0.007475818
0.0075437436
0.0075901286
0.0076934523
0.0076405033
0.0075911437
0.007556584
0.007645066
0.0075288955