[0.011425608109832553, 0.019246487744497477, 0.04438100917128673, 0.10806011449130346, 0.0016778315683610486, 0.036967490889248306, 0.055092936989170456, 0.12576053489797287, 0.05316874002496327, 0.004189787501129525, 0.03161266942201044, 0.13434354768080858, 0.07411678304052882, 0.0016703838265255191, 0.003596594275536247, 0.12893672233641615, 0.04097378612778251, 0.014524046234457515, 0.017301503129559588, 0.0011322724257803365, 0.0011961217098038952, 0.0018041084287881912, 0.003306106331694742, 0.0011961217098038952, 0.007664051637463995]
[0.0025693965664433036, 0.018213229573955474, 0.029123892145174374, 0.07893858153005158, 0.0007274380786393706, 0.029658795174716153, 0.05260585562525482, 0.14520224701562062, 0.03700330579498316, 0.003743430215549299, 0.01703386787614054, 0.1177786057390072, 0.06172959537613521, 0.006535053793627111, 0.002901954090172919, 0.07780299513313384, 0.031364399317730746, 0.010865827489707252, 0.0030559702186927495, 0.0023285488830018857, 0.0015537379410614075, 0.00193243563823954, 0.0043403938867335725, 0.0014319761624032807, 0.010183695326579728]
[0.014301140812396439, 0.0014542268825929994, 0.04647352814175105, 0.08613080645136735, 0.0004392451357693181, 0.10157649140750599, 0.01125903124466619, 0.12273891947687901, 0.05468301894474188, 0.003784904792704065, 0.00015902165781606342, 0.034030444225614284, 0.027534954287954407, 0.00018442464628640924, 0.0005154787127491837, 0.1218500291115121, 0.008004873883586982, 0.0654300161017621, 0.013479632033118836, 0.0016417308380028894, 0.0004789443651419833, 0.00017313646071325298, 0.00449185401128523, 0.00017313646071325298, 0.0011534814465179771]
[0.0015625432724633752, 0.007667433452952583, 0.01569812482636314, 0.09916649265240347, 0.0001161225136579305, 0.056217703463382104, 0.05469026505548684, 0.2232210398205923, 0.027089692107231125, 0.0010824141040125777, 0.0214346583179389, 0.007016250130547658, 0.06235346385431204, 0.00013708334603515157, 0.0003112367062416818, 0.008326543335250833, 0.03146768935534026, 0.023413693062609053, 0.010385747771507964, 0.00023850037533757222, 0.000661395811083364, 0.0003112367062416818, 0.0016778315683610486, 3.2165726121963624e-5, 0.0]
[0.0032227481135904267, 1.5637625852493947e-5, 0.012110413190883247, 0.02176330924001222, 8.50936587894541e-6, 0.09218251747625111, 0.04155804627979978, 0.08563618201426898, 0.012538523052220734, 0.003596594275536247, 0.004616225567390268, 0.09179911786726525, 0.046526569905669855, 7.967750295371785e-5, 0.00023850037533757222, 0.12283668643849334, 0.014097071118258107, 0.062078916527568126, 0.00126107407567247, 0.0011961217098038952, 0.0002695648739566832, 0.00023850037533757222, 0.004189787501129525, 0.0001161225136579305, 8.50936587894541e-6]
[8.559816993294585e-5, 0.0050496220761890856, 3.494680823611183e-5, 0.0001538773848130631, 7.778390567299298e-5, 0.004629905469277137, 0.0028225711723289092, 0.039835459331931375, 0.016020113123243314, 6.839784745591392e-5, 0.040079195571903974, 0.15600017528588336, 0.006382617760706089, 0.09285775721646757, 0.0007991630194384108, 0.010182334226162333, 0.1311125748352439, 0.016183066743455717, 0.050803846290742444, 0.0004971984257607768, 0.00035703792791577757, 0.0009110260654366033, 7.778390567299298e-5, 0.0021076878173693775, 3.2165726121963624e-5]
[0.006889742659533746, 0.011304092197633162, 0.024028981569288954, 0.17468634059302846, 0.0014319761624032807, 0.016658702432665828, 0.03583717249211301, 0.032590936838682055, 0.03116269684093423, 0.0016778315683610486, 0.020178887559007423, 0.021263942896976612, 0.038761833539880004, 3.120803866757632e-5, 0.0008645791071191788, 0.009440433623580227, 0.024492765933895575, 0.0023903707947733072, 0.010373441861844095, 0.0002578315563812083, 0.0013127100730284439, 0.0010824141040125777, 0.0005661521693803818, 0.0005661521693803818, 0.00913305088696269]
[0.005500206740770713, 0.0, 0.000390531031640381, 0.00022222584355664808, 0.0, 0.13117157843562366, 7.024297937736673e-5, 0.15665964126772278, 0.0018041084287881912, 3.488117641776631e-5, 0.004040066585295597, 0.0, 0.0008645791071191788, 8.50936587894541e-6, 8.50936587894541e-6, 0.0760625318647441, 0.005757102876668823, 0.12958300642079376, 0.0029253042930039276, 0.00495103524640377, 0.0043403938867335725, 3.2165726121963624e-5, 0.0003112367062416818, 0.0, 0.0]
[0.00010022983288145246, 0.008607881220191375, 0.01676427911179628, 0.11257012284016615, 0.0008175965414339579, 0.013916637698842549, 0.032911998162577914, 0.005871942501236516, 0.02718119154926723, 0.0020626912917920217, 0.007012107366028392, 0.013080035670457048, 0.04230149580668477, 0.0010420681797510666, 0.002090850149459687, 0.12622144699446813, 0.017765306111472316, 0.0030944913160309215, 0.0011104596857115945, 0.0016778315683610486, 0.0007609966483555716, 0.0016778315683610486, 0.0020626912917920217, 0.0008645791071191788, 0.010933145936572316]
[0.0029447787925729963, 7.024297937736673e-5, 0.00841880157916887, 0.0038238742081717365, 8.50936587894541e-6, 0.00034658703744480483, 0.0009100701941054015, 0.0003327121500178217, 0.008464353667183549, 0.0023285488830018857, 0.0034469223208771424, 0.004527391061504741, 0.0009721177720565829, 0.00012071349195209836, 0.0001161225136579305, 0.011697129795454453, 0.010133597842798082, 1.432770818740733e-5, 0.00011165404136100824, 0.0005661521693803818, 3.626350992766143e-5, 3.2165726121963624e-5, 0.0024639572695156374, 3.2165726121963624e-5, 0.0]
[0.0005748182740368517, 0.0004342153253220661, 0.0009545182457936776, 0.01600428033263993, 0.00460904440708899, 0.0006928994687385327, 0.0016971055216917982, 6.986923448689905e-5, 0.005119120875041691, 0.0025005293203647742, 0.00015330186492889218, 0.0023995055020398295, 0.0034401070744522703, 1.5052001432150504e-6, 0.0012970822713955872, 0.003208299786656734, 1.794646927467784e-5, 0.00031125270172837304, 0.00022059976285431068, 0.002847183564520633, 0.005231540337988887, 0.004511776288525708, 4.497754014250025e-5, 0.005219938394676313, 0.0003754429407844687]
[2.4602859376287017e-5, 0.002402251742885459, 0.00015189283729163039, 9.210958038613774e-6, 6.864537953827959e-5, 0.0019549705803755535, 0.00449000669712556, 0.01368479662163121, 0.008056541807203929, 0.0004982639787644012, 0.0037078290317847443, 0.0031980806794079213, 0.0015754117460112134, 0.0011996942511144984, 6.839784745591392e-5, 0.0019304914754807584, 0.007748041817894777, 0.003680504143383702, 0.004626319282808973, 1.926275526636657e-5, 0.00017313646071325298, 3.2165726121963624e-5, 0.0008645791071191788, 0.00017313646071325298, 0.0]
[0.00039998651205865043, 0.006634213184516444, 0.001029437508640884, 8.756783292911824e-5, 0.015539186332295526, 0.0003733953407959161, 0.000982947432769509, 1.5236874373021159e-5, 0.00010360149752485512, 0.0006407741019007463, 0.0016185537965370264, 0.0018109137049416094, 0.0004278658547820931, 0.0006744660449596344, 4.034425636130978e-6, 0.0012962078616887305, 0.0013759439577841499, 0.0015034227203579598, 1.2549107038943943e-5, 0.003117262684896014, 0.00019572813687189082, 0.021095756924810572, 3.8089896495176103e-7, 0.0013861073040324625, 0.0029687697308751915]
[0.00022149631047630857, 0.0010433734782692838, 0.007339045663243556, 0.004465984091574931, 0.0014147651789707012, 9.355422427443066e-5, 2.0635819859414267e-5, 0.010271987596963638, 0.004733002420150652, 9.228966592897576e-5, 0.0016004991818440242, 0.014694094750021324, 0.0016770756894631204, 0.00015660920781047005, 0.001083462056857186, 0.004009080820318752, 9.48908478904159e-5, 0.0005626334604706667, 0.002341803614565964, 0.0004458716204334308, 0.0003896343359546268, 0.0005245762901353208, 0.0005521214582183713, 0.0017086518727692668, 0.00013516287717540813]
[0.0014126635970768582, 0.00030487589128689067, 0.0020083115450760377, 0.005312204151456609, 0.00016104452572081058, 1.8040177753543747e-6, 2.2447042681306715e-5, 0.008540392075885049, 0.004266269607484649, 0.0002823867739592551, 4.397826443658078e-5, 0.00012668535855675988, 0.00023523117862264296, 9.960489328783226e-5, 0.0014656837553722393, 0.00010888371750928392, 6.491029269683948e-5, 0.00021135731702056054, 3.60397471760139e-8, 6.831027010551459e-5, 0.010904172913240306, 0.0022887059478344414, 0.017327771836397846, 0.0007353978500039271, 0.011799663566853594]
[0.0012347545514475294, 0.0011790701345015808, 0.0025367138452469414, 0.0005903750371421997, 0.0007122084673283988, 0.00039286033715028434, 0.0001641850275491308, 0.0012418307982205072, 0.0028521919565139085, 0.0014285680365367986, 0.002099751628109473, 0.0009580215417762461, 0.0025959829003521576, 0.0002570680319067993, 0.003348232895417718, 0.0019924590118227895, 0.0013308294743893528, 0.0009013820976366263, 0.0042145592323865055, 0.01227446140669931, 0.00012558858501864555, 5.919535356377695e-5, 0.0008741111819603074, 0.002324901831626725, 0.01727674457455726]
[0.001628477305573227, 2.3703455980894454e-7, 0.0008175965414339579, 2.5994436215187123e-5, 2.5601457030971432e-5, 0.0003948804603369086, 0.00416689805361525, 0.0019984689083754666, 0.00612190638940717, 0.0028101342278666758, 0.0010259032413252986, 0.001978820138484652, 0.00011177524601590431, 7.778753638485467e-5, 6.864537953827959e-5, 0.0014343029511258666, 0.027582038247834423, 0.0005385252723740016, 0.00430155162852866, 0.005125772707106779, 0.000433925211260887, 0.001700560443213598, 0.0004789443651419833, 0.007019159490959388, 6.006094168950287e-5]
[0.0029935407275078745, 4.723137764231673e-5, 0.0017377536652137364, 0.00030831149191937017, 0.0003112367062416818, 1.9913758022943985e-5, 0.0023691697942924937, 0.01008263532302011, 4.941286197741998e-7, 0.0013127100730284439, 6.560524039488091e-5, 0.01440911900074223, 8.610358605341123e-5, 0.0008258442010904204, 0.0009718146390005988, 0.003806197375311217, 0.004829467138872667, 1.0232066099588469e-5, 0.0026921074124677674, 0.00013391439198825257, 0.000390531031640381, 0.00047569724030390543, 0.0013127100730284439, 0.000661395811083364, 0.008358448186184635]
[8.50936587894541e-6, 0.009920220055856755, 3.2165726121963624e-5, 0.006311316963789107, 3.2165726121963624e-5, 8.50936587894541e-6, 0.00510560111198541, 0.0, 3.2165726121963624e-5, 0.0, 0.003162551467702996, 0.02424516104772341, 0.003743430215549299, 0.010028999351474813, 0.003743430215549299, 2.542709907948931e-6, 0.00345080401581042, 0.0, 8.50936587894541e-6, 0.0, 0.0, 0.0057307304864528796, 0.0, 0.0001161225136579305, 8.50936587894541e-6]
[0.0006058021543880413, 0.0005794163585479371, 0.0005890961764158289, 0.00018943830288007356, 0.0007064028009040233, 0.0013323638172873398, 0.002670230334942243, 0.0010433474517056104, 0.004101027889522277, 0.00015283201461618748, 0.0011066226472710508, 0.00024133537629108387, 0.0015480362057959489, 0.005342207633039664, 0.00047569724030390543, 0.0036477056709809594, 0.000276662645690603, 1.4937257769977261e-7, 0.001085470461124097, 1.5212697142860166e-5, 0.0010820952963368578, 0.00038595590398288974, 0.0005329047761438712, 0.004142919836847177, 0.0022220844084914334]
[0.00037745859447708627, 0.0011995534103485198, 0.00029937759106865407, 0.0013077755379964605, 0.006314826831203988, 0.0004448368979972084, 0.0015244554005482032, 0.00030316478763672697, 0.001097798201940517, 0.00047046669710033157, 0.00011507898136785895, 0.0017567172457834167, 6.939872837427547e-6, 0.0001493262676708722, 0.00010150152947843195, 0.0007999615538227976, 0.0002584621979151774, 0.0008427520343753164, 0.0004125343329655397, 0.00010737085545835419, 0.00345080401581042, 0.007410626911653824, 0.0018041084287881912, 0.0011287639559982967, 0.005246540418678185]
[0.00319220333623797, 0.006010250020062714, 0.0006170586715686132, 0.0020477277642756654, 4.0787430824456975e-5, 0.0011737972375345535, 8.777869711045373e-5, 8.088792949364002e-6, 0.00025419396646724976, 0.002154758528505921, 0.0026598162701443363, 3.879742354552594e-6, 0.00017313646071325298, 0.0005616979529131276, 0.0003112367062416818, 0.0019412875108550656, 0.0002770776461032184, 0.00018238464529284006, 0.0012104324981044995, 0.0027242776559322987, 0.0014319761624032807, 0.001665491257644253, 0.0002101776142287902, 0.010234898536001957, 0.00022725916337417145]
[0.0002397583220156434, 0.0009853236888669858, 0.00077791236314917, 0.013082061054475593, 0.0016599390567128437, 0.00013966064207373403, 0.001209014657274516, 0.00032274339253458764, 0.002986247838299019, 0.0006344808678861794, 0.0006684582084569082, 5.916302855394533e-6, 0.0010769870946476037, 0.005041982756847294, 0.0003708208647167713, 9.595678633009036e-5, 0.0005661521693803818, 2.024434460984895e-6, 8.742443700451874e-5, 0.0017349333820010533, 0.00033443711415834937, 0.000390531031640381, 0.0009718146390005988, 6.864537953827959e-5, 0.0011069111910358511]
[0.0023023656384592323, 5.7007402577690346e-5, 4.530192074718637e-6, 0.0008634777044194582, 0.001382366286343738, 0.0021343544920501313, 0.002693649111678083, 0.0006910977706508573, 0.00013759666235582451, 6.200799948432104e-5, 0.0003346711744975006, 0.0013414474291660976, 7.76137746277578e-6, 2.6055837766160786e-5, 0.0021611962379546896, 5.3898975360056316e-5, 0.004014646118648407, 0.003046068682982116, 0.00981277712003134, 1.380240031335976e-5, 0.0015537379410614075, 0.0010824141040125777, 0.0015537379410614075, 0.000661395811083364, 0.004527872041273145]
[0.005857774986509797, 0.0016452377851278455, 0.000575619723289923, 0.0013929650707251839, 2.2687010642079416e-5, 1.954334736663948e-5, 0.00013327272871901247, 0.0001019775930436828, 0.00255708370142539, 0.002118808680518114, 0.000846170346332803, 7.626666363109817e-5, 0.004717680160996822, 1.5444545295152656e-5, 0.00034846439560219915, 0.002854687858407373, 0.000226994720342006, 0.00017753899707374614, 0.0038064220622415906, 0.0007435499242082746, 0.0008139149920513237, 0.002179782698531361, 0.004781045047565944, 0.0011486771109546663, 0.00044968538591704486]
[0.00017313646071325298, 0.00036707859834262226, 0.00023850037533757222, 0.002009216849048522, 6.864537953827959e-5, 8.50936587894541e-6, 0.0007609966483555716, 3.672360342542671e-7, 0.0007609966483555716, 6.864537953827959e-5, 0.0040598676336758704, 0.007310777129932541, 0.008827930193912939, 0.00021758524543490781, 0.003743430215549299, 8.50936587894541e-6, 0.00510560111198541, 8.50936587894541e-6, 7.778390567299298e-5, 8.50936587894541e-6, 0.0, 0.00495103524640377, 3.2165726121963624e-5, 0.00017313646071325298, 8.50936587894541e-6]
[0.001628477305573227, 5.879469525117546e-5, 6.70844513224548e-7, 6.766617816778139e-5, 1.4777094149196778e-8, 0.0004229114700985276, 0.004318890275344673, 6.717772672981768e-5, 0.002068467648689766, 0.0003101497452304234, 0.0014762086946622476, 0.0011322724257803365, 3.5241732582110246e-5, 2.784943127866451e-5, 8.50936587894541e-6, 2.9648425402800942e-5, 0.001984975649912752, 0.0063622147725550075, 0.0028746767126227313, 0.0004253838792344657, 0.000433925211260887, 0.0011022975107872124, 0.0005578514476086997, 0.003822909272416493, 0.004417109778890042]
[0.0005528763454105533, 0.005329834912663777, 3.494680823611183e-5, 2.1804930272766422e-5, 1.1292667309886425e-5, 0.0033828965616821307, 0.0008177966112248901, 0.00984939216178896, 1.1292667309886425e-5, 0.00025482212295456085, 0.0004632461246660846, 0.0002571666168005287, 0.0057981264869987875, 3.5445973731909445e-6, 0.00032833350981132997, 0.0028289691876583374, 0.0004292518842518847, 0.0003217983335364336, 4.3168220334463894e-6, 0.0006542226997547818, 0.00029004752262515353, 0.0009110260654366033, 1.1292667309886425e-5, 0.002986247838299019, 0.0]
[0.0027425616868492365, 0.00047854963187306645, 0.0003555352130919444, 0.00015622349474068813, 0.010434499747097047, 0.005100100159814727, 0.00011447292256996922, 0.001717134066067084, 0.0005249548915404838, 0.005207090351943959, 0.0003466876860241958, 0.00034468875654824344, 0.0020271443488517754, 0.0003205760427439884, 9.616446376209268e-6, 0.00010990865092432424, 0.00017313646071325298, 0.00017313646071325298, 0.00047569724030390543, 0.000661395811083364, 0.00023850037533757222, 0.0003112367062416818, 0.0009718146390005988, 0.0003112367062416818, 0.0009718146390005988]
[0.000239477656840981, 1.0540226637013265e-5, 0.00028272810421874767, 2.0782541513037107e-5, 0.00417455783198423, 0.0017015276599196463, 0.0007094256712577582, 0.0002500193488348089, 0.00022341286208105247, 0.0004029880401025367, 0.0027971851449574356, 0.001136502663867776, 0.0004247348306603473, 0.0021021561223814704, 2.170288885664515e-5, 0.0027868157311994914, 8.286793308836323e-5, 0.0006626996096133339, 0.0006477101099752833, 0.0005927888161729377, 0.0001087750010609961, 6.880686932537669e-5, 0.0008753329733916541, 0.00042814655821025397, 0.007103184134251511]
[0.0012990353480099043, 0.0014585455276005916, 3.852645303271452e-5, 8.50936587894541e-6, 0.0, 0.0018475895957385906, 0.0013924259774195612, 5.255140250345555e-5, 0.0004315464016124283, 0.002986247838299019, 0.0015087598095824377, 0.0054935197337344956, 0.00015503492341764798, 0.00017656453030591435, 6.864537953827959e-5, 0.00344292592208012, 0.0027146574545630596, 0.00012821163759865273, 0.0018041084287881912, 0.0008175965414339579, 0.0008175965414339579, 0.000661395811083364, 3.2165726121963624e-5, 8.50936587894541e-6, 0.0]
[0.0018901474604196616, 0.0002695648739566832, 0.001017151307595239, 0.006846845990313075, 8.50936587894541e-6, 0.00048545651836821814, 0.0005303979044878327, 0.0022249894040929225, 0.0003057208164998068, 0.0023285488830018857, 0.0031146699538915617, 0.0014281903008429957, 0.0006809540029644743, 0.000615324125780406, 0.0, 7.98630567928971e-5, 0.0006514870736280584, 8.57421894921123e-5, 0.0005688433634250343, 0.00023850037533757222, 2.610027356245582e-6, 0.00023850037533757222, 0.0038912679985896636, 8.50936587894541e-6, 0.0]
[0.0019871000036585746, 2.257636366055475e-7, 0.00025482212295456085, 0.0032438395432568216, 0.00010842952295238935, 7.713365970231389e-5, 3.471363894278325e-5, 0.00025954250596535054, 0.0005298428941652167, 0.001697069551755915, 0.0012015059964355142, 0.0006512114828506419, 0.0, 0.0003385378097190486, 0.0001161225136579305, 0.0047780195297520665, 0.0003304180837903209, 5.167107110468766e-5, 0.0013657149040915, 0.0028438602471834535, 0.002194762932941256, 0.0017412389890301616, 2.610027356245582e-6, 0.00011103156738425518, 9.442860386273035e-5]
[0.000381397061525043, 0.0009740988052704493, 1.990204530935352e-5, 0.0005435133847670349, 0.0024639572695156374, 0.00011616036889226214, 0.000946754288239096, 0.0013603650413090453, 0.003109485987694026, 0.0005343989154935835, 0.0003131450724152163, 0.0023658980793791664, 0.0011915232638172006, 0.00013310956356429047, 0.00018495611793553093, 0.0005090576533812829, 0.0027475169157988024, 0.001538934946673405, 0.0006706299561792112, 0.0025606271895826137, 8.50936587894541e-6, 3.2165726121963624e-5, 0.0017772539471677222, 2.2909942787126302e-5, 6.864537953827959e-5]
[2.180083362738434e-6, 0.00020996310079468127, 0.001909239204940811, 6.261734074005688e-5, 3.357835064560005e-5, 0.0002694906220280049, 0.0034043364449702802, 0.00036417128288242446, 2.414187854184321e-5, 0.00012305433620000516, 6.876816589834614e-5, 7.262187898073448e-5, 0.00012901180098467708, 0.0016178885130603247, 0.0017428322048186808, 0.0022013064427437046, 0.0020413615345328106, 0.0008859544739828846, 0.0008619717429169714, 0.007715059308324005, 0.00019419953241757004, 0.0002437019571948167, 0.0004982901943716943, 3.450091686608915e-5, 0.001246363880920912]
[0.00023826474133033975, 0.002756062884577304, 0.001565907711649557, 0.0002868299827531919, 4.238354836829305e-5, 0.00033420756055173653, 0.00012042359900063353, 7.024297937736673e-5, 0.0001554786139802188, 0.0001386043677274755, 0.001407712238036993, 0.0014428637622553187, 0.003691951823739695, 0.0002462590364127413, 1.6595645254859092e-5, 0.001070091228206626, 0.006392697202349104, 0.00021354042179963745, 3.803780473767872e-5, 0.001252636091055052, 0.00024819715982047014, 4.540022265634683e-6, 3.658389772543991e-6, 0.0032744261334415863, 0.0004008265134232531]
[0.011822032228445425, 0.003927406405366177, 8.060306060529753e-5, 0.005160355280687045, 0.0041140901495582555, 7.352552919094807e-6, 8.50936587894541e-6, 0.0003911532170550547, 6.864537953827959e-5, 8.50936587894541e-6, 0.0025549831443862896, 0.0, 0.0001386043677274755, 0.0, 0.0, 0.0037961582832634587, 1.1292667309886425e-5, 9.457054798630725e-5, 0.0001161225136579305, 0.0001161225136579305, 0.004040066585295597, 0.0, 3.2165726121963624e-5, 8.50936587894541e-6, 0.00022222584355664808]
[0.0006045108472285815, 0.0003144285696927568, 2.7304744839057424e-5, 0.0006527410651686431, 3.0994527112825835e-6, 0.0015265430943532917, 0.0003259031773699449, 0.0011876137779456017, 0.0004025143821029891, 0.0005661521693803818, 0.0007100990544345884, 0.003231104094683336, 0.001155443228873153, 5.7083026751678e-6, 0.0007609966483555716, 0.000640592132063239, 0.0001185017557409308, 0.00038202306919654736, 0.0009069169110349669, 0.0005661521693803818, 0.00018832827992683093, 0.007009685502395881, 6.864537953827959e-5, 0.0021076878173693775, 0.0020743761404626504]
[0.00025187327999860384, 0.005414933449045339, 0.0029176429088740366, 1.7446486640686145e-6, 0.003656222291895137, 0.0012576286050367301, 0.0018041084287881912, 0.000390531031640381, 0.0, 0.0, 1.850149540650811e-5, 0.0018510257718767431, 0.0038748124311732387, 6.70844513224548e-7, 3.2165726121963624e-5, 0.003162551467702996, 0.00023398973079266985, 0.0004449505810147998, 0.0, 8.50936587894541e-6, 0.0014338231442695298, 0.00010990865092432424, 3.2165726121963624e-5, 0.0, 8.50936587894541e-6]
[0.0014663825358183493, 0.005896485482713515, 0.0009170876646784338, 0.00017721785920347607, 0.000796770080293076, 0.002564633920939428, 0.0004251665639792672, 0.00021896472879149144, 0.00037231221984457274, 0.0011188434953876354, 0.00018319194125105288, 0.0014462799801132284, 0.0013440942086343178, 8.767702257135926e-6, 3.2968569749714286e-5, 0.00018174801275191565, 3.790447313386028e-6, 0.0003686245847306616, 0.0004046583799059648, 0.0002494975182102733, 0.0001161225136579305, 0.00042995632350831, 0.000661395811083364, 0.00016528346350322344, 0.0]
[0.0, 0.0007918239753607515, 8.50936587894541e-6, 0.0008562865974995632, 3.2165726121963624e-5, 8.50936587894541e-6, 0.003306106331694742, 0.0, 0.0001161225136579305, 0.0, 0.0027393036303854047, 0.00894225955319096, 0.0024639572695156374, 0.0016208263425280612, 0.00345080401581042, 2.542709907948931e-6, 0.002194762932941256, 8.50936587894541e-6, 6.864537953827959e-5, 0.0, 0.0, 0.003596594275536247, 8.50936587894541e-6, 0.0, 0.0]
[0.0005428198253793065, 0.0014897005983983466, 0.00010678856802132227, 0.0007711772414545947, 0.0003406411692164447, 1.600707776049147e-5, 0.0006708472211917364, 0.0015347949343538572, 7.937061580846178e-5, 8.92150140025306e-5, 6.996969355937423e-5, 0.0003152544628439412, 0.0014770585786357815, 0.000189093964228369, 0.0007832437287935874, 0.0001490387670200063, 2.8585162632951185e-5, 0.00014306958487045763, 0.001003029267910304, 0.0001021068789903803, 0.0019686579621148396, 0.002688286941786017, 0.003820226345148091, 0.0010092728814658771, 0.0005872791375789773]
[2.844356619289114e-6, 0.00011313312449063055, 0.0016056280252010023, 0.00017313646071325298, 3.2165726121963624e-5, 0.00469902657309914, 0.001962027382525919, 0.004205981808678809, 1.7082946547545663e-5, 6.70844513224548e-7, 4.8173538069037555e-5, 0.00010400616380541261, 1.9092943339552916e-6, 0.00018484833427660319, 2.610027356245582e-6, 0.000547976256402783, 0.0022127311663956324, 0.003343761449543549, 0.0003333856622036134, 3.2165726121963624e-5, 0.0010824141040125777, 0.00023850037533757222, 3.2165726121963624e-5, 0.0, 0.0]
[0.005833118890838436, 0.0027609366238665195, 0.0002094998937666858, 0.0001690961888278315, 0.0019454290283584287, 8.742993873962421e-5, 0.004511549631583369, 0.0003206653252393627, 0.0006557842541514303, 0.0005136806405708627, 0.0041160256876109965, 0.001470094022841444, 1.4579128819150683e-5, 1.1307987698211093e-5, 0.00016831687860094325, 5.872518341206573e-5, 7.717882094726873e-6, 1.5637625852493947e-5, 1.3138393978726212e-5, 3.488117641776631e-5, 0.0003112367062416818, 1.5637625852493947e-5, 8.50936587894541e-6, 0.000390531031640381, 0.00022222584355664808]
[0.00034936777336585633, 5.855050426716805e-5, 0.0009298470114184627, 0.002641132849357724, 0.0012063351353558955, 0.0010510910723711487, 0.0005578514476086997, 0.001170279134329457, 0.0004286468466999007, 1.9079619621321779e-7, 0.0018409023679855988, 0.0003405604507391701, 0.00034394925683223394, 0.00010252320312590171, 0.0030199722028232505, 5.1944947400821154e-5, 0.0007510571723836697, 0.002813093291453196, 1.3238156762435597e-10, 0.00023806885901868965, 0.0009718146390005988, 8.50936587894541e-6, 0.003020193344156331, 0.00023850037533757222, 8.50936587894541e-6]
[1.422549625801307e-6, 0.0011063011902741633, 0.0036192637653874593, 0.0022286456746261393, 0.004644132950734332, 3.2165726121963624e-5, 3.2165726121963624e-5, 0.0015556749300290598, 0.0, 0.0, 0.000661395811083364, 0.00047744270465480305, 0.000966985816533302, 0.0, 0.0, 0.00023850037533757222, 6.864537953827959e-5, 0.003801581708719816, 0.0, 0.0, 6.864537953827959e-5, 0.0, 0.0011966817880251406, 0.0, 0.0]
[0.0003913830382428233, 0.0007266289651484004, 0.0006232471169619405, 0.00033906383516249094, 0.0013426896792684342, 0.0001976885775327314, 5.70994029375617e-5, 0.0004113665977442992, 0.002106500022814827, 0.0005369802495278301, 0.00016894648516334754, 0.002091529412548726, 2.9249000502469232e-5, 0.0009551149777374483, 0.000996193679092136, 1.4646436679986762e-5, 1.935906668016057e-6, 6.120966463888495e-7, 0.003531465089693129, 0.0004859330877194099, 0.0004630011610347708, 0.001751327176993252, 0.0021688616942392956, 4.7442781516500356e-7, 0.0007336778300274377]
[1.6201967542793202e-6, 0.0002096189678927789, 0.0009850739810132562, 0.0002754562766652427, 0.0004118300818889177, 0.00020508791215883377, 0.002275091286536097, 7.358181095512128e-6, 0.0020247873164690663, 0.002311629455919721, 0.0013448391616751468, 0.0003251290234673348, 0.00012285728617022454, 0.00012158709019547461, 0.001327209804923164, 0.0010895790005094174, 0.0004201370648379277, 0.00014134267353290353, 0.0011832359360255118, 0.0005825277815046746, 0.001358833167776814, 0.002886389472386305, 3.234305560157434e-7, 5.63399444486679e-6, 0.0011773353591582204]
[0.0016950001542034472, 0.00010900377756370861, 0.0003175060664053035, 0.004383874039629698, 0.0005907036149310524, 0.00020465646204085967, 4.051609498232408e-5, 0.0009982638669283495, 0.00023730913332019841, 4.088267384457151e-8, 0.00030531332582712676, 0.00048544815847014443, 1.4746803267658604e-5, 0.003806510613910052, 0.00019572558687335536, 0.000307445307678139, 0.0002344094501942999, 0.00036616571083079776, 0.005601769274227994, 0.0009199580858575826, 0.000390531031640381, 4.489082366871452e-5, 0.0007928109891060151, 0.0011195074489946542, 3.2165726121963624e-5]
[0.0001283700836424758, 0.0019185279622288432, 4.709482250648254e-5, 0.002871914415199085, 0.0001657683858250019, 3.8559678214720354e-6, 5.6119105295701285e-6, 0.002231715212904925, 5.3615359153057034e-5, 0.0007144223000342866, 4.1230474508738464e-5, 0.0006121447869953511, 0.0008450774831889217, 7.573032060872835e-5, 0.00014335832047227058, 0.00020029256090995252, 0.0011684524997955768, 7.508565798582459e-5, 0.0005176546292477591, 0.0010262661307833525, 8.09041984433578e-5, 0.0010811997235664768, 0.0003329465247834248, 0.0030807376813929586, 3.0296448205402882e-5]
[0.0004800531030197267, 0.0009426820184438877, 0.00010198939673612033, 9.477946597587997e-5, 0.00047577180120815087, 0.0002935581294999665, 9.095666667878434e-5, 0.001080807566675274, 8.06377325903953e-8, 0.003032473055007791, 0.001547716880130663, 0.0004922173003166237, 4.6753881205295004e-5, 3.433121901926222e-7, 0.000266772987711039, 5.296065364228039e-5, 0.00028582800060273066, 1.689599300806928e-5, 0.0008013804949737625, 0.0009547028915839369, 0.0014149511761515346, 0.001429578631237884, 0.0004988655707916611, 0.0007373832080490878, 0.0023042369345469566]
[0.0, 0.0, 7.778390567299298e-5, 6.864537953827959e-5, 0.00022222584355664808, 0.004514958559188084, 5.730873301721491e-5, 7.437257169563361e-5, 0.0008516218336796135, 0.004433152124575315, 0.0001161225136579305, 6.864537953827959e-5, 0.0001161225136579305, 3.2165726121963624e-5, 0.0, 0.0003371813832882143, 2.0738710284210534e-5, 0.0006881288202387897, 0.0029065926834846954, 0.0011554911757349247, 0.00047569724030390543, 0.0001161225136579305, 0.0007609966483555716, 0.00023850037533757222, 0.000390531031640381]
[0.0001161225136579305, 0.00013935008285221142, 9.260651004162294e-5, 0.0007493725967355081, 0.000691342013523796, 0.0001941163918088313, 1.3548898612025123e-5, 3.367281510163441e-5, 0.004187377440306065, 0.00027516038606305694, 3.852645303271452e-5, 0.0006076530488741546, 0.0005022912021639889, 3.880743585334492e-5, 2.3226857634176673e-5, 0.003540430496190943, 0.0004868506123129855, 0.0004850177455487416, 0.004065352841714432, 0.0019029064081278113, 6.865552657987512e-5, 0.0001657112828219188, 7.166000942415793e-5, 1.3780381499215052e-5, 0.00017656453030591435]
[0.0037686620243048176, 2.9965650561113947e-6, 0.0001894363909700279, 0.0009598227908980683, 0.0013339438873774465, 0.0015048387678156193, 0.00040329598541400226, 0.0008963311976824479, 0.0008267125915787932, 0.00025482212295456085, 0.0002898239174086894, 3.516402064759102e-8, 0.0005458309746139644, 0.0010294095830069364, 7.428531232261341e-5, 0.0009612301074296507, 0.0003476881459831514, 0.0013127100730284439, 0.0004549100762747775, 7.199074016346705e-7, 7.717882094726873e-6, 0.00019161281116490464, 0.00025482212295456085, 0.00010794770181744547, 7.93260273704978e-5]
[0.0009342332988010499, 0.00022926259997320115, 0.00039658527359316405, 0.0022032131595198837, 0.0001386043677274755, 0.0008645791071191788, 0.0014503281854359304, 1.085902899294544e-5, 0.0020626912917920217, 8.50936587894541e-6, 0.00047235642620364546, 0.00028897399249627406, 0.0013835092051446996, 0.001239860135093699, 7.616146837298747e-5, 0.0015848215593779365, 0.0025142022679289985, 0.00019156367831489694, 0.00010034778028013844, 0.00043097466745792463, 0.0001161225136579305, 3.2165726121963624e-5, 8.50936587894541e-6, 0.0001161225136579305, 0.0]
[0.0008105846900643573, 9.138720926874086e-6, 0.0016660135963443247, 0.000279989005115543, 0.00032479502828625367, 0.00013956976940810752, 0.005172312887796179, 0.0008702492890733694, 0.003202176226076263, 0.0011862466990761747, 0.0003228451926050363, 0.00012718536424373558, 0.00020493788473212576, 0.0003562215296011094, 4.0787430824456975e-5, 0.00011075422803958485, 0.00036347203048000057, 3.967970940769246e-5, 0.0008515615482700377, 0.0001797427248604838, 0.000301774511427054, 0.0013990894798571202, 0.00037984986567787707, 0.0002914966939036158, 3.2165726121963624e-5]
[0.0001410405768638703, 0.001244641942770931, 0.000760991897399959, 0.0013722412308891999, 0.001070091228206626, 0.00024751733779948635, 0.0015819926168270755, 0.0011489201253676827, 2.2325145732921404e-6, 0.001459421905112244, 0.00015387999718392115, 0.0007510571723836697, 0.0007246361706609687, 2.9402053493831422e-5, 3.626350992766143e-5, 0.0007999698274968377, 0.0002511409212302045, 4.389210508342462e-7, 0.002299495386424759, 0.002522841584103668, 0.001070091228206626, 6.864537953827959e-5, 0.00023313274529346718, 0.002659815779459303, 0.0]
[5.412501579788874e-6, 3.822919674949525e-5, 0.0016920539665635018, 2.4060681450089726e-5, 0.0018709626351850082, 0.00015672937796068617, 0.004060223482534932, 9.821675293481338e-5, 0.0013183224397878713, 2.9093589350417536e-5, 0.001724586105654069, 0.0008671633591477764, 0.0028601961602752607, 0.0007166169420710581, 0.0014875453290522948, 1.2971078712095728e-5, 2.4185035010823694e-6, 0.0009533966819476793, 1.8115001593892199e-6, 6.374348843591509e-6, 0.0007609966483555716, 0.0, 0.0007609966483555716, 0.00023850037533757222, 0.0]
[4.191343575132931e-6, 0.003323493162775257, 3.073877296120198e-5, 0.0011451357489747072, 0.00038306871019687643, 0.0003868523704756771, 0.0005581945132171846, 0.0002369934680314079, 0.000639705720102285, 0.00029991497850661, 0.00027915062036239094, 0.005786419612431842, 0.00045492539375964394, 0.0006786966031572233, 0.00018921607586085435, 3.841108249902998e-7, 0.0005168260138730596, 0.00020154208596415927, 5.9178080497969843e-5, 1.7138899037607907e-6, 0.0015316863009854388, 0.00047834748611328987, 0.0007454364172148169, 8.721904199367235e-6, 1.164453610133238e-6]
[0.001650226875076593, 0.00132349043272156, 0.0015537379410614075, 6.0500285706483e-5, 0.0012709077598336647, 0.00017313646071325298, 0.0001161225136579305, 0.00014571105564884987, 0.0010075255018523726, 0.0, 0.0020045050776109023, 0.0014840710331844552, 0.0009123109653708446, 3.5669295230533055e-5, 5.106240475805449e-9, 0.0010944301533873492, 0.0023512309280683745, 5.041048231458169e-7, 6.341899435644233e-5, 1.1292667309886425e-5, 1.1292667309886425e-5, 0.0003112367062416818, 8.50936587894541e-6, 0.0003112367062416818, 0.0001386043677274755]
[1.4606389840010549e-5, 0.0023913529938381743, 1.6522213869258717e-6, 0.00037707448104992453, 0.00046582117081160525, 0.0007636037980972132, 6.467985093509365e-5, 0.0011084493632241479, 0.001158154569806679, 0.00011992228367869399, 0.0005813028472175996, 5.296590059798668e-6, 0.0001746887506980429, 0.0006370779981518604, 3.486014573050129e-5, 0.0029803564423405947, 0.0013100133763871867, 0.00021675400014672594, 0.0009934200568230645, 1.8392067347616304e-5, 0.0014214248109803082, 0.0005245762901353208, 0.0001865025911667751, 0.0014213296009813643, 3.3563668581737625e-6]
[4.909560776133722e-5, 0.0008925173476133125, 9.668764148745932e-5, 0.0021029247179143087, 0.0003500043816011206, 0.0004201520990826371, 0.00014570437043473993, 1.5554258836510907e-5, 7.248307644334745e-5, 0.0036123696675109465, 0.00039295210770862155, 8.958365257959611e-5, 0.0001388676271854893, 0.001349395737593585, 0.0005805845620638459, 0.00027739468174670513, 0.0004568717510538725, 2.0692105386993075e-5, 5.453489493047431e-5, 8.340699046308867e-6, 9.391103425016208e-5, 0.0009625872691071393, 0.001350153722488097, 0.0007312707135480895, 0.001922791432521533]
[8.296534018183436e-6, 5.196057425930849e-5, 0.0003235842399939041, 1.1266170325260688e-6, 0.0028203834328581513, 9.70980443248655e-8, 0.002218740074589498, 0.00021955732119285486, 0.00040161174528843737, 0.003370845914788728, 1.2782199083595855e-6, 3.281440190176977e-5, 0.001924123391339373, 0.0007510571723836697, 0.00033334072237397824, 0.0006895173376989701, 1.895121798027111e-5, 2.147237402526348e-5, 6.367986373883531e-5, 0.00010107163965604026, 0.00015895369338009215, 0.0009142871557650026, 0.0001238983091925625, 0.0006917244981740405, 0.00023740518721958098]
[0.00010216040551638199, 0.004284610828877329, 0.0001808720263328698, 9.814298799247848e-5, 0.0011675428901966305, 7.972515085272495e-5, 0.0006253073008674042, 7.3566418387648914e-6, 0.0009148153316398955, 3.6450460955567707e-7, 0.0034607546722067294, 0.0031662779550972117, 3.707796068504448e-5, 0.000935185595376092, 2.2536651454298088e-5, 0.0001970847771474672, 0.0004514181162972881, 0.0001666079834742023, 9.84584682560451e-5, 5.434292706316829e-6, 4.830768694967318e-5, 0.0001198876069509313, 0.0003276970132447682, 0.0005564678261011716, 1.1283627722553848e-6]
[0.00042088982706135715, 5.1531046054089855e-5, 0.002199674890524958, 0.00041653448629447743, 0.0002310692968045796, 2.074960910846183e-5, 2.019495810691072e-5, 0.00014257237225759464, 4.8440236580189755e-5, 0.0003827594464063805, 0.0010024367580540954, 0.0007281538222709133, 1.1789992495424555e-5, 0.0005961664819195368, 0.003715582137865627, 0.00042330592755733185, 0.0012745659580455128, 0.0005362622255088317, 3.060857721579242e-7, 0.0016683012786328777, 0.0007807839363095253, 0.00018728107117782782, 3.101939246708419e-5, 0.00026206689165237784, 0.0004177140444237403]
[7.81023795974156e-5, 7.400318969274242e-5, 4.134453604316343e-5, 4.1033878754494517e-5, 0.0012354875772811191, 0.001154578260116763, 4.653413759567442e-5, 0.0017354291736933541, 0.0006279874288530329, 0.0005072523537659772, 0.0038810304521170215, 0.00012701137760768016, 0.0008001270351162106, 3.516623780280229e-5, 1.640661886309993e-8, 0.0005038384535072547, 0.0009962392766536248, 0.0011746474897107858, 0.00036146003509272134, 0.0030722801100909972, 7.967750295371785e-5, 0.000609359430958409, 0.00047569724030390543, 0.00036630300407795467, 0.00017313646071325298]
[1.9363988108113232e-5, 0.0008090448767927687, 0.0019813891972759196, 1.7164889628382314e-5, 0.00012371012867213888, 0.0009715751435840684, 7.817939342884966e-6, 4.093597922868203e-8, 2.8449046937770346e-6, 7.024297937736673e-5, 0.002767056273842882, 3.8003050742784535e-5, 0.0017064935873357433, 0.0006349436604033351, 0.00010165565469870928, 0.004891300929625236, 2.5451697033692603e-5, 0.0003077146017815384, 0.0008396242204245898, 0.00033443711415834937, 7.443864192157841e-5, 0.000392507868472846, 7.489036028774797e-5, 0.000273835054924267, 6.92466360406336e-5]
[0.0004946089165842422, 2.7918866728114124e-5, 3.852645303271452e-5, 0.0007000795110955393, 1.4777094149196778e-8, 0.00027250942831648405, 0.005113582600741431, 0.0003307577641206401, 0.00044245376578186217, 9.666218585712696e-5, 0.0017571399216185953, 0.0003178979984688995, 3.312895866294666e-6, 0.002279568540495978, 0.0, 0.0013065634773658805, 0.001984975649912752, 0.0011443631721467472, 7.021359235129449e-7, 4.9394459347383395e-5, 0.00028636849012116973, 0.0003161631061761095, 7.024297937736673e-5, 0.00018404843826441046, 0.00012232232495223158]
[0.0014346827037041137, 0.0003441183042802911, 9.575963577208749e-5, 0.0005790867329774976, 0.001106789484943207, 0.000541416618284646, 0.00026440044357409816, 4.535497993760659e-5, 8.451725913349428e-5, 0.003151671614972042, 0.0005931593970665118, 0.0007822205616626957, 4.3157456814835356e-5, 7.220906853162758e-5, 3.721960368733212e-5, 5.587934524726307e-5, 1.821625052953477e-5, 0.0013101840312609338, 7.674253217132597e-5, 0.0019448359897627325, 0.001102847116457287, 0.0008894293779015258, 5.500435236598751e-5, 0.0008520372025033881, 0.002690072303765608]
[9.862301206202634e-6, 0.002916738880196647, 6.252158795421944e-5, 0.001290345689981081, 0.0005661521693803818, 0.00010441135312462936, 2.7865123072119084e-6, 0.0015470013025553975, 0.0009518250332644917, 5.999874299235722e-5, 0.00016976285052061916, 0.001050666720079101, 0.00015059881332972914, 0.0008269276455087262, 1.5637625852493947e-5, 0.0003608745801743467, 0.0005095103651372619, 0.00023761440098331353, 0.00039951079170564684, 0.0021076878173693775, 1.3885977127927067e-6, 3.078016914471885e-5, 0.0006407741019007463, 5.1868125923614796e-5, 0.00030919038917341744]
[2.6342233646909057e-5, 0.0024291206702296, 0.0003552382291581186, 0.0007209224488841388, 0.0006023176937889514, 0.000266703548295325, 0.0032494934041307484, 1.5586883014910916e-5, 1.1044838914360273e-5, 2.555609949541726e-6, 3.3117929379135e-5, 0.00013062390270318072, 0.00024559709602509083, 0.0007044228132333293, 2.2424848095507505e-5, 0.00017505756279717535, 0.0007166195224067367, 7.739725641656755e-5, 4.78773663135589e-5, 1.3652129089727959e-5, 0.00031466956763655154, 0.0031037229764508973, 1.9449300475223204e-6, 0.0007442585998670304, 0.001770796481557142]
[0.0007637080740694334, 0.0007645863669369429, 0.0009965208566662196, 7.743475313317554e-5, 0.0006681185882674674, 0.001984540199860808, 0.0013081787024083278, 3.6554700368171284e-5, 0.003070303397722853, 0.0003581930634471175, 0.00010132016418935397, 4.541889130881829e-5, 5.706227112804328e-5, 0.0009172992895706243, 3.341236645770286e-5, 0.0013094637213161365, 0.0004938138982674423, 0.00014583770938466755, 0.0013669137867803015, 0.00011626823566220361, 0.0006185637483528466, 1.0826843723722637e-6, 1.9187169001673053e-5, 0.00032710637720401343, 0.00016235503023555764]
[8.373751898051738e-6, 0.002491990903870263, 0.00025828455305982635, 0.0006444599796879341, 0.0005661521693803818, 0.0005919152306750313, 0.0003725471846107286, 0.0001035488866869389, 0.0012884972294273638, 0.0002695648739566832, 0.0003556518134011123, 3.5016322337169236e-6, 9.31640613847217e-5, 0.00011750141549371875, 0.000390531031640381, 0.0045858837418716915, 0.001540745119886694, 3.4827924697359344e-5, 3.814526425458464e-5, 0.000390531031640381, 1.8720186268919407e-5, 0.00013392494403186364, 9.011658529432202e-5, 0.0001279921262958097, 3.908227957986031e-5]
[0.00015160126868728457, 0.0003610719369091719, 0.0007869128232692851, 0.00231622471291904, 0.001613162649323015, 7.830974603569734e-7, 5.204497089282469e-5, 8.821124635310647e-7, 0.00036480560193740633, 0.0009718146390005988, 0.00022656285684701655, 7.84472814120158e-5, 5.366984339260153e-5, 0.0005495325538797747, 0.0014047731538447202, 0.00011344972161341166, 6.975038423743954e-5, 0.00017985553319601905, 2.8968884067977988e-5, 0.00040435873239786984, 2.3691081419128764e-5, 0.0005594275823573407, 0.0005849784887202204, 0.0025548976313376198, 0.0001428747207736585]
[1.7001925625700432e-5, 0.003193240059168101, 0.0007274380786393706, 5.6331785527987234e-5, 0.0008327679166053705, 0.0018210482962969683, 0.0038256395634249443, 0.0001732741498677989, 0.0006523847454908468, 7.894243928374114e-5, 3.817702411235797e-5, 0.00031817607296423175, 0.0007541607762684326, 0.0004968513555818664, 0.0002815722710124021, 0.00025576964472830274, 0.0001554362355453637, 1.583302661741103e-7, 1.2846466014571067e-6, 0.00024996360209183924, 3.852645303271452e-5, 0.0006642860170058325, 0.0006729081678841491, 0.00018966299464319046, 6.865552657987512e-5]
[0.0007807433958660027, 0.001213894330684152, 8.33281690089888e-5, 0.00017010924267796355, 0.000390531031640381, 0.0008514351114444155, 0.0026782750034584843, 0.00013606869251928978, 1.014768198646758e-5, 0.0009793686215096948, 0.00017531837692577818, 0.0001983282472232729, 2.255861720055531e-5, 1.1881152525138397e-5, 8.095793855290433e-5, 0.001020528141429727, 0.0042951388553681, 0.0007097097715208266, 0.00041765530925507235, 5.2158785637203145e-5, 0.00011267133008174553, 0.00048806243235757253, 9.595678633009036e-5, 0.0004811079575039699, 7.494661632880678e-5]
[0.0026348459556518183, 1.3087326709012442e-5, 9.870301448239836e-5, 0.001920182097074355, 0.0005661521693803818, 0.0002377142676620917, 0.0003403693690796684, 2.171054392619432e-5, 0.0017048095613952483, 0.0020626912917920217, 1.7130247110199348e-8, 0.0014711393132161889, 0.00046028292206548495, 0.0006029962231856199, 0.0011961217098038952, 0.00012320600031339585, 0.00017377650412696679, 7.719433758723252e-5, 0.00031489350420747407, 4.991712484279291e-6, 6.864537953827959e-5, 0.0003112367062416818, 0.0003112367062416818, 0.0007609966483555716, 4.756940870240354e-6]
[0.0004927101101502964, 1.0881455633374258e-6, 1.7349933969458466e-5, 4.398630828351328e-6, 5.693175017665048e-6, 0.00027154132671503885, 7.071346783702999e-5, 0.0018073239563563617, 1.1740539963254006e-5, 0.0005661521693803818, 0.0005046829330302895, 0.001385259482542726, 0.0007318459658069484, 0.00020335967741337297, 0.0026009018095840496, 0.00038486521105097083, 0.00011550756034731016, 0.00026596276649752757, 0.0018207411433078646, 2.776708269478954e-5, 6.834960100375554e-5, 0.0015651660380065803, 1.2099447874532607e-5, 0.00029883159408392816, 0.0006185830966564695]
[0.00021321389894221675, 2.516867844252937e-5, 2.6935225831734456e-5, 0.0003052701864033405, 0.00020745561754617874, 0.00011311562968201834, 0.0025086386901618752, 6.943728768827023e-5, 1.5801909751135936e-6, 0.000330715106246812, 0.0004745512914558622, 0.00027898155864307904, 8.814160981497881e-6, 0.0008645916351777104, 4.4807982625616515e-5, 0.001021454913612354, 2.1902156397500116e-6, 0.0012562098703196162, 0.0024817603823172347, 0.0024190901053281343, 6.864537953827959e-5, 0.00047569724030390543, 0.0005662531043180868, 0.00015150700152499644, 0.0]
