
0.1135609
0.1064202
0.0970497
0.09836152
0.09628742
0.09923622
0.094951294
0.09341635
0.09469598
0.09712307
0.10175025
0.09118033
0.088777006
0.09086444
0.08524816
0.08479711
0.08524413
0.084116586
0.08848327
0.08562071
0.087714754
0.0867741
0.084683485
0.08736262
0.08448501
0.084391996
0.08202394
0.08539042
0.08119927
0.08286981
0.07923877
0.07925909
0.080860116
0.08084637
0.07880635
0.080520555
0.077976994
0.079843156
0.07884447
0.07839131
0.07809152
0.07802269
0.07815082
0.077075414
0.07865284
0.07625753
0.07652463
0.07752692
0.07888052
0.081158884
0.078533575
0.07832141
0.07937728
0.07473121
0.0769988
0.07528377
0.07509508
0.07628055
0.07524647
0.07367883
0.07599531
0.07511994
0.07448261
0.07822249
0.074528635
0.074382745
0.075047135
0.0731643
0.074965134
0.07251211
0.07473585
0.072635114
0.07326726
0.07321947
0.072338164
0.07375247
0.07310252
0.07074878
0.072507374
0.07199247
0.0712168
0.07250555
0.070842825
0.070803516
0.07183834
0.07148806
0.07090577
0.06933003
0.07091153
0.071091264
0.07068428
0.073157474
0.068451226
0.07182634
0.07026454
0.069684744
0.07146303
0.06879686
0.07034371
0.07078296
0.07275628
0.07039489
0.07062296
0.06936936
0.071355775
0.06960435
0.068457246
0.06915835
0.06757746
0.06753971
0.0680249
0.06698079
0.06860083
0.06914759
0.06709266
0.06832491
0.068494275
0.06690444
0.06656713
0.0678304
0.0680201
0.06670797
0.06814518
0.06728652
0.069307365
0.06697081
0.06784497
0.06615425
0.0682318
0.06753124
0.06554418
0.06570883
0.06928909
0.06675466
0.06516667
0.06654945
0.06576672
0.064921975
0.06536571
0.06780489
0.06511415
0.06696961
0.06431381
0.06623195
0.064976074
0.064391665
0.06478461
0.06749789
0.06656719
0.064751975
0.064503804
0.06425412
0.06533441
0.06383514
0.063787274
0.06305263
0.064667314
0.064954616
0.06484792
0.06486332
0.06413728
0.063923895
0.066946365
0.06490452
0.064233385
0.06306804
0.062670164
0.061721604
0.062374275
0.06281523
0.061456442
0.06243512
0.061659627
0.063019045
0.0656721
0.062150862
0.063020825
0.064318754
0.062494427
0.06415674
0.061868843
0.06224581
0.06130246
0.063963965
0.061625093
0.06139729
0.061504018
0.0619149
0.06164135
0.063191175
0.062637076
0.06264813
0.060324464
0.06373779
0.063768744
0.06275917
0.061952043
0.060931217
0.06271848
0.06097091
0.06255496
0.059998933
0.060905118
0.06024022
0.06124658
0.061287705
0.062643416
0.06278689
0.06204541
0.061458986
0.061251204
0.06248069
0.061693605
0.061903223
0.062262993
0.060405597
0.059879325
0.060323812
0.06140788
0.059905387
0.06087732
0.05989895
0.060089584
0.05955449
0.06191665
0.06005287
0.060021084
0.059156947
0.058284402
0.05936047
0.060465552
0.058352295
0.059293527
0.05806721
0.05772775
0.059956852
0.060557287
0.059311714
0.05844772
0.06066137
0.059045963
0.057931088
0.06053583
0.0593999
0.059103534
0.060228586
0.058281507
0.05962718
0.059121557
0.060516156
0.060868293
0.05866255
0.059134834
0.059422117
0.059102073
0.058442455
0.05939958
0.05974375
0.058723297
0.059529398
0.05773111
0.059853394
0.057655238
0.059380684
0.059076868
0.05807152
0.05845381
0.05762929
0.057877604
0.056419477
0.057676047
0.057282552
0.056693975
0.05814
0.056579728
0.056924153
0.059210896
0.057889756
0.057597015
0.05780491
0.05536559
0.05592065
0.057284936
0.057584543
0.058278702
0.0577899
0.058812205
0.057219427
0.05601389
0.05675637
0.056133173
0.056326643
0.0551605
0.056703884
0.055916894
0.055824902
0.056384493
0.056557138
0.055909954
0.05550455
0.056430675
0.055469744
0.056676287
0.05691179
0.054902006
0.055811524
0.0565031
0.054820336
0.054695
0.056075964
0.054427117
0.056999896
0.0545215
0.056484923
0.05437529
0.05446649
0.05630745
0.05369719
0.054497175
0.05385769
0.053683057
0.05387564
0.053435583
0.055569176
0.054283965
0.055722453
0.05401695
0.05530561
0.053553615
0.05573019
0.053814664
0.054437544
0.053779
0.057694025
0.055066276
0.054847326
0.055001818
0.056963693
0.053286087
0.053970475
0.053321257
0.053560045
0.05310264
0.053863894
0.05460239
0.056408662
0.053946987
0.05357549
0.054338433
0.05506043
0.05343439
0.052394968
0.054777563
0.052697632
0.05315104
0.051974893
0.053017557
0.052766684
0.052254926
0.05307051
0.05234824
0.0528144
0.05334877
0.053838342
0.052528877
0.05309885
0.052253455
0.051861264
0.052247092
0.05145026
0.052357245
0.052072898
0.05199496
0.05261681
0.050464872
0.052123774
0.05183367
0.053513482
0.052831274
0.05272463
0.052419282
0.052833468
0.051729195
0.05271682
0.05261827
0.051777817
0.05533172
0.053014036
0.0519643
0.051841162
0.050900023
0.054401252
0.051161986
0.05134692
0.052688062
0.05200891
0.05270291
0.051950183
0.050315753
0.0528349
0.051123187
0.052272923
0.05179039
0.051330715
0.053057633
0.050542723
0.051088132
0.050238095
0.052365605
0.051296834
0.050890774
0.05012761
0.05142835
0.053211432
0.05006447
0.05016093
0.050076485
0.05112766
0.052046422
0.050067097
0.05075674
0.05125497
0.049250353
0.049586035
0.049157146
0.050753225
0.049183242
0.04981286
0.05055655
0.05149191
0.04933323
0.05030581
0.050456982
0.049047958
0.0499989
0.05110584
0.049650155
0.049572542
0.04992501
0.050046775
0.04934787
0.051185917
0.04922052
0.04873773
0.04875568
0.048247706
0.050381493
0.04857897
0.050441068
0.049450133
0.049096566
0.049367357
0.048257355
0.048962846
0.049000017
0.04893443
0.04914943
0.048293702
0.048942097
0.047992114
0.047434863
0.047602165
0.04796176
0.048643176
0.048027664
0.048053585
0.04773413
0.04828315
0.04685816
0.047739938
0.047733378
0.04768824
0.048745956
0.047584634
0.048568137
0.048702005
0.049528096
0.04641576
0.04713543
0.04720308
0.047131963
0.04669632
0.048863426
0.048020978
0.048045084
0.04730888
0.046202246
0.04611826
0.047127564
0.046255793
0.04767088
0.047290765
0.046933856
0.04722027
0.045833126
0.047705907
0.04599089
0.04694519
0.047708597
0.046322733
0.046294834
0.046500728
0.045622088
0.04694313
0.04782277
0.047867026
0.04662587
0.0459447
0.0470777
0.04631917
0.0468613
0.047419026
0.046040755
0.045727804
0.046190806
0.045902018
0.04606508
0.046401057
0.046751846
0.047164764
0.048539925
0.045596562
0.046622068
0.04642032
0.04499207
0.044726253
0.045948308
0.045870278
0.044616427
0.04541618
0.045482676
0.0451575
0.045669466
0.045140512
0.050160587
0.049034584
0.04653096
0.04511327
0.045674507
0.045593426
0.045229178
0.045763604
0.044667143
0.04525231
0.044465706
0.047709897
0.04517097
0.044798564
0.0452265
0.04544135
0.04538887
0.045155253
0.045608915
0.04531793
0.04398324
0.045140512
0.04514192
0.04403448
0.04406958
0.045113675
0.045591857
0.04423378
0.045570713
0.043612294
0.04415164
0.043234333
0.044267774
0.04399839
0.043829843
0.04388823
0.04370973
0.045988984
0.044362728
0.044370674
0.044743758
0.044341616
0.047087558
0.044103384
0.044103656
0.04443656
0.04476571
0.044970777
0.044589814
0.04439076
0.0445237
0.045062963
0.044581246
0.045583434
0.044972986
0.043885
0.04379672
0.044066805
0.043908093
0.04282442
0.04458946
0.04502691
0.04315089
0.043035056
0.042179152
0.044733528
0.043425832
0.042330943
0.042685155
0.042775176
0.04266199
0.042763833
0.042270865
0.042870373
0.043416172
0.043070655
0.04316712
0.042901985
0.04226756
0.043068934
0.042452846
0.04273839
0.043947633
0.04442274
0.043489702
0.0447834
0.043769993
0.04283702
0.04312317
0.042378947
0.043353584
0.042714793
0.041608058
0.042803057
0.043337785
0.04336343
0.04306845
0.042073656
0.043837238
0.042181335
0.04267423
0.042410865
0.041716013
0.042160355
0.04353544
0.04311443
0.041904304
0.043657728
0.041768387
0.041910153
0.042007774
0.04193301
0.0423165
0.04168614
0.041029923
0.04221558
0.041903492
0.041975904
0.042363536
0.042757124
0.04154745
0.042572338
0.041876182
0.042609923
0.042004365
0.04142827
0.04219674
0.041006796
0.041430734
0.041674178
0.042585406
0.041809592
0.043317482
0.042720985
0.041765217
0.04208178
0.041716404
0.041381955
0.042477455
0.041744646
0.040839948
0.041097365
0.041446496
0.042433947
0.041207436
0.04134636
0.04064774
0.04215297
0.041088264
0.042498928
0.0415024
0.041447733
0.04251786
0.040498983
0.04089311
0.04060022
0.040326476
0.04145476
0.04092856
0.040507235
0.04088817
0.041328378
0.040240284
0.041010063
0.04103072
0.040516857
0.040569056
0.04040444
0.040604983
0.04196978
0.04021869
0.04234971
0.040222894
0.040476855
0.040663853
0.041122567
0.039526
0.041044667
0.041566703
0.04201111
0.04077503
0.04102069
0.041120037
0.040442966
0.040951192
0.04013338
0.0399338
0.03990471
0.040735856
0.040905558
0.04110308
0.040648434
0.040483974
0.042180303
0.040816884
0.04024241
0.042315833
0.04061602
0.039208986
0.03978458
0.039308876
0.04020132
0.0393729
0.039307155
0.039079767
0.040413145
0.03954254
0.040202245
0.03982498
0.040535055
0.04045667
0.03935266
0.039672583
0.03908324
0.03967499
0.038446367
0.03867532
0.039731104
0.039046906
0.039440934
0.039655793
0.04015654
0.040389933
0.04003124
0.039830573
0.039866995
0.039945845
0.03919398
0.039131023
0.040779267
0.039208785
0.03864448
0.03885968
0.038139448
0.038809843
0.03875189
0.03962552
0.038055226
0.039344955
0.0392963
0.03915414
0.038429122
0.038731672
0.039843723
0.039078318
0.03807171
0.038541693
0.03885536
0.038129658
0.0396786
0.03837606
0.03811901
0.038201362
0.037748974
0.038338546
0.038646072
0.038451504
0.03845698
0.03846119
0.037821352
0.03783023
0.038580097
0.038172085
0.038381416
0.03839205
0.038190242
0.03900046
0.037986923
0.03833536
0.0387151
0.037463665
0.03842469
0.037608612
0.037307136
0.038164183
0.037629604
0.037285738
0.037475377
0.037071116
0.03729394
0.036974806
0.03750407
0.03794519
0.037530433
0.037426203
0.037918575
0.03844362
0.03814463
0.037239
0.03721791
0.037662774
0.037150934
0.037818074
0.03702182
0.03801717
0.036740966
0.037021488
0.03711704
0.03719548
0.03651041
0.038232945
0.037505135
0.036345106
0.037533306
0.037524488
0.037013557
0.037016243
0.037337217
0.037583422
0.037229914
0.037627332
0.039161086
0.03675762
0.036972478
0.037064996
0.036802825
0.037325338
0.037205413
0.037393432
0.03750171
0.036200296
0.036827534
0.037278883
0.037527774
0.036822747
0.036606275
0.03696317
0.036217187
0.037282664
0.03798781
0.036981292
0.036692698
0.03715968
0.037216313
0.038207673
0.036984697
0.03637521
0.036968034
0.0368962
0.03732045
0.03713558
0.03638493
0.03742788
0.03717443
0.036619935
0.037153926
0.038247444
0.03651129
0.036367945
0.037179828
0.037736528
0.038552847
0.038158752
0.03662924
0.03652125
0.036300268
0.03764905
0.03629966
0.037085652
0.036562484
0.03676333
0.036660343
0.035559803
0.035992
0.03607935
0.036896463
0.037398342
0.03667005
0.03608236
0.035750564
0.036535203
0.03621261
0.036639236
0.036905747
0.03626048
0.037309792
0.037406728
0.0376818
0.036996886
0.035976283
0.036309924
0.036221314
0.036908176
0.037172858
0.036755525
0.035404786
0.03725629
0.03581539
0.037056603
0.035285737
0.036335573
0.036259457
0.036351167
0.035806753
0.0360143
0.0358549
0.035839673
0.03547881
0.036228493
0.035765465
0.03561449
0.03578177
0.035592392
0.035712745
0.035599735
0.035932016
0.035923466
0.03543614
0.036275703
0.03490732
0.036584917
0.035380024
0.035766575
0.036002975
0.035480265
0.035996534
0.034964126
0.035138976
0.035081
0.035126965
0.03488009
0.034961637
0.035102285
0.034754466
0.034998644
0.03509284
0.034842383
0.035177756
0.03515467
0.03511928
0.035375796
0.03514714
0.035129834
0.0362866
0.03556592
0.03581651
0.036712267
0.035987988
0.03619464
0.03517196
0.03729002
0.03557109
0.03585411
0.03543986
0.035723895
0.03525522
0.035063546
0.035904497
0.03539907
0.03523973
0.034928326
0.03548318
0.035805363
0.03463351
0.0344433
0.034237295
0.035472155
0.034662534
0.034657046
0.034447838
0.03436325
0.03393896
0.03445869
0.035098486
0.034824204
0.034407523
0.03514306
0.035416834
0.034474656
0.03558101
0.035016917
0.034276176
0.03420263
0.03492598
0.03505431
0.03429737
0.03581193
0.034304384
0.033967823
0.034179118
0.03447796
0.033273105
0.034278378
0.034717046
0.034418985
0.03426806
0.033432275
0.035398033
0.033734076
0.034713507
0.034202524
0.034257267
0.03444623
0.033454854
0.034519292
0.034703285
0.035516642
0.034781843
0.03431702
0.03444858
0.033835877
0.03387045
0.035627913
0.03479717
0.033860773
0.03419586
0.033696096
0.033967335
0.033189017
0.033204857
0.03341287
0.03377405
0.033293605
0.033246454
0.033675842
0.034580044
0.03460278
0.032810822
0.033704575
0.033636227
0.03367324
0.034609523
0.033431046
0.033335034
0.03310208
0.033499513
0.033186626
0.033095717
0.033704955
0.0331371
0.033362567
0.033113003
0.033051386
0.033135436
0.03307893
0.033336688
0.033430245
0.033716276
0.033881634
0.0338591
0.032656934
0.03323139
0.033697776
0.032689918
0.03359677
0.032881893
0.032672554
0.033047475
0.032711565
0.03228952
0.032614835
0.032534823
0.032490626
0.033561338
0.032796778
0.03268358
0.033153344
0.032196794
0.03225561
0.032858398
0.03286904
0.032649305
0.032020144
0.033291217
0.0320837
0.03231466
0.03263235
0.031775806
0.03227421
0.032920785
0.032329086
0.032288305
0.0320636
0.031940855
0.03227095
0.03247116
0.032731988
0.032243416
0.032181427
0.03262945
0.03195214
0.032477453
0.032315213
0.03252217
0.03224874
0.033708494
0.032089684
0.03270713
0.032061752
0.031898808
0.031882375
0.032461427
0.032184638
0.03200953
0.031987872
0.0323102
0.03246355
0.032064743
0.03161108
0.033088826
0.03247682
0.031241924
0.031858
0.032312375
0.032330856
0.03187751
0.032009363
0.031392332
0.03186478
0.03151443
0.031965297
0.031677835
0.03154864
0.03183878
0.03136186
0.03148185
0.032089196
0.031475764
0.031633798
0.032671276
0.031922605
0.03264473
0.031955354
0.03269873
0.031795703
0.031896222
0.031746272
0.03192978
0.031588957
0.032906663
0.032950237
0.031690437
0.03247343
0.03216214
0.0311929
0.03096225
0.03259203
0.03233626
0.031201635
0.03250321
0.031491715
0.032306723
0.03226823
0.031671498
0.032868613
0.031008769
0.032294
0.03137876
0.031681173
0.03162052
0.031307362
0.031891342
0.031629983
0.03179679
0.032454383
0.032121826
0.033055026
0.031583287
0.03259354
0.031168075
0.03089601
0.03139023
0.030695762
0.031100383
0.031190336
0.031075886
0.03108385
0.031194834
0.031029107
0.031481396
0.030726878
0.031653337
0.032614972
0.030925581
0.031029271
0.03105929
0.03115642
0.030467214
0.03139261
0.031970594
0.031440705
0.031367414
0.030750964
0.03148538
0.031147925
0.030722214
0.031054769
0.030625906
0.030640075
0.031003848
0.031101026
0.030311117
0.03164597
0.03146781
0.0304303
0.030636908
0.031098258
0.030600151
0.03054946
0.030921077
0.030763935
0.031258922
0.030554902
0.031049898
0.030330872
0.030882722
0.030688075
0.03071457
0.030776536
0.031564377
0.031105034
0.029901369
0.032404836
0.03136155
0.030216826
0.030990716
0.031512927
0.030081911
0.030366644
0.030155834
0.030311018
0.029898502
0.030032739
0.030734783
0.030509463
0.030285733
0.03046791
0.030400509
0.030445036
0.03071478
0.030671587
0.030710503
0.030895123
0.029577285
0.029659305
0.030265352
0.03018145
0.03079853
0.030713333
0.03016647
0.030979147
0.03045693
0.02994177
0.030598817
0.030279057
0.030634625
0.029978603
0.030793453
0.029522505
0.029635262
0.029926881
0.030088928
0.03100246
0.03065518
0.02960906
0.030493995
0.030135076
0.03091227
0.03136797
0.029526528
0.029556256
0.029867372
0.029587738
0.029541332
0.031516112
0.030284949
0.029500833
0.030600311
0.029890671
0.0293957
0.030223627
0.02960455
0.028999181
0.029489126
0.031139502
0.03015211
0.029983394
0.030517984
0.029698927
0.029608842
0.030087447
0.029284278
0.029866846
0.02930278
0.029773869
0.029887266
0.029531889
0.029339783
0.029937088
0.029197158
0.029976303
0.029506207
0.028687548
0.029655453
0.02890167
0.030066615
0.029888099
0.030213218
0.029584311
0.029571334
0.029232742
0.031646863
0.028893227
0.029790053
0.029470418
0.029130062
0.029865522
0.029331358
0.028877718
0.029359505
0.030084057
0.028868705
0.029895399
0.02949347
0.029110122
0.029843308
0.029746624
0.028962122
0.029057609
0.029823124
0.030284783
0.029862104
0.029612826
0.029051108
0.029152874
0.029723862
0.028920736
0.029846614
0.029302852
0.029149901
0.029645959
0.028832916
0.029016573
0.028790932
0.02873382
0.029344594
0.028976293
0.028850399
0.029300503
0.028343918
0.029273396
0.028731728
0.028729558
0.028635323
0.030084815
0.0287294
0.028584693
0.02870537
0.02900662
0.028567825
0.02845457
0.02868966
0.029712584
0.029661838
0.02887364
0.02912766
0.0297049
0.028684393
0.028607596
0.028872928
0.02862148
0.028838301
0.028547885
0.028630275
0.029102862
0.02835307
0.027874809
0.028285487
0.029275313
0.028911376
0.028777724
0.028651664
0.029397776
0.028463736
0.02841045
0.028056866
0.028382048
0.0288382
0.028239403
0.027909372
0.028199425
0.028142592
0.029320428
0.028460845
0.029531995
0.02928102
0.029613873
0.028791346
0.028568016
0.028587842
0.028372394
0.02807051
0.028470386
0.027998995
0.028363893
0.028502772
0.027837167
0.02813431
0.028058782
0.028640324
0.027735097
0.02845418
0.028051872
0.027944133
0.02839941
0.02872194
0.02838807
0.02812585
0.028985893
0.027832003
0.027985146
0.028606202
0.028001074
0.028174989
0.027898096
0.027561028
0.027463399
0.028369337
0.028582538
0.028378148
0.028452316
0.029684816
0.028344406
0.028585004
0.028236592
0.02907424
0.028536031
0.028326955
0.028266191
0.027626686
0.028063398
0.027985284
0.02754226
0.027828883
0.027504856
0.027564585
0.027557386
0.028610384
0.028463282
0.027837163
0.028084049
0.027520793
0.028162222
0.027498899
0.027841138
0.027401848
0.02723549
0.02830191
0.027254852
0.028016428
0.02729499
0.027730957
0.028487297
0.027248617
0.027444687
0.027753765
0.02743653
0.027935967
0.026751515
0.027136859
0.02703448
0.028525995
0.027386414
0.027191142
0.027555343
0.02734365
0.027699985
0.027098946
0.027165838
0.027087681
0.0274027
0.028019669
0.027965136
0.027004076
0.02807668
0.027773585
0.027357379
0.027512383
0.027371457
0.02760325
0.027344033
0.028542943
0.028311167
0.028168453
0.027108407
0.027580818
0.027500058
0.027536826
0.02721715
0.02832892
0.027701816
0.027361939
0.02709506
0.028015431
0.027832769
0.027146557
0.027362324
0.027710475
0.026659748
0.027695062
0.027430756
0.027336685
0.02732434
0.027261093
0.027615657
0.027728483
0.027588967
0.027513519
0.027028559
0.02690939
0.027127387
0.02786939
0.027780522
0.027713226
0.026995573
0.02748087
0.027437046
0.02816935
0.027691083
0.028350273
0.02723222
0.02739197
0.026991079
0.02756771
0.028829401
0.0274288
0.026438776
0.026649235
0.026383031
0.027368452
0.027352884
0.027073268
0.02723601
0.026639497
0.027308913
0.027220571
0.026649846
0.02660655
0.027550159
0.027295899
0.02688233
0.027031466
0.02736407
0.027182404
0.026414605
0.027090099
0.02722434
0.027443994
0.026796507
0.02654588
0.026788639
0.026530722
0.026991865
0.026440712
0.026370715
0.026814729
0.026944064
0.02657881
0.026503898
0.027413888
0.026614495
0.026823621
0.027853912
0.026798043
0.026298849
0.027029121
0.026384823
0.026583817
0.026342535
0.026635127
0.026655069
0.026552586
0.026348334
0.026772982
0.026122406
0.027301738
0.026706012
0.02724788
0.02630938
0.026494795
0.026239222
0.026934715
0.026650583
0.027273465
0.026280634
0.026826132
0.026833018
0.025949534
0.026662264
0.027478397
0.025950806
0.027122464
0.026757026
0.026554117
0.027324751
0.026859093
0.026289849
0.027142167
0.026550772
0.026690103
0.02611374
0.02674824
0.026053647
0.02620193
0.026166558
0.02612479
0.026035197
0.025704712
0.026649673
0.025513502
0.025755048
0.025982244
0.026410606
0.02698175
0.02578441
0.026254449
0.02617573
0.025799364
0.026093757
0.026249679
0.025815018
0.026330598
0.025765957
0.025997588
0.026390564
0.026234554
0.02695013
0.025579825
0.027052423
0.027282687
0.025605593
0.026242321
0.02606035
0.025798773
0.026379665
0.02615665
0.025999425
0.026516803
0.026176384
0.026586697
0.0262285
0.026702784
0.025954535
0.025970047
0.02644016
0.026094584
0.026745502
0.02650147
0.025997562
0.025556251
0.02566332
0.025901558
0.026171045
0.02573812
0.025778774
0.02685297
0.02655095
0.026352797
0.025721923
0.026503673
0.025790501
0.025876543
0.02588114
0.026139732
0.025650572
0.025828784
0.02668206
0.025529733
0.02654039
0.025405634
0.025530258
0.026141256
0.026632
0.025929863
0.025370153
0.025635287
0.025485815
0.026272979
0.025858238
0.025621776
0.026590416
0.025749763
0.025255322
0.025527667
0.025612412
0.025577245
0.02568984
0.024940474
0.026342904
0.025630618
0.025244692
0.025667071
0.025467971
0.025481138
0.02585587
0.025835924
0.025722703
0.025009217
0.02507087
0.025396742
0.025531823
0.02550841
0.025248043
0.02537505
0.02522648
0.02543662
0.025483115
0.025061917
0.02533495
0.02551842
0.024954136
0.025545388
0.025429253
0.026255801
0.025489915
0.025629517
0.02561602
0.025521005
0.025282385
0.025454653
0.025213666
0.025482712
0.026220417
0.02535434
0.02480247
0.02510724
0.024781205
0.024921851
0.025413256
0.026075471
0.025593255
0.025900284
0.024846226
0.02530786
0.025640484
0.025785595
0.024967644
0.02491427
0.024907267
0.025168518
0.02490952
0.025349032
0.026020529
0.025164563
0.025152033
0.024843615
0.025697079
0.024654139
0.02515747
0.024873305
0.025438506
0.024636254
0.02539287
0.025343757
0.025281388
0.025020938
0.025253763
0.025272246
0.025227796
0.025230482
0.024941657
0.024820732
0.024623113
0.025257736
0.025709674
0.025379043
0.025118735
0.025723891
0.02467691
0.024827853
0.0254885
0.024866836
0.024990967
0.024695072
0.02452844
0.024940034
0.025329318
0.02481485
0.025079124
0.024386315
0.025050044
0.025130818
0.02489496
0.024570066
0.024501035
0.025296755
0.02494734
0.02423653
0.024771094
0.024376584
0.025369216
0.025078975
0.025355939
0.025579384
0.024410442
0.024363862
0.024882408
0.025000313
0.024748174
0.025386104
0.025261786
0.024500899
0.02495285
0.024298565
0.025513574
0.024722552
0.024166724
0.02541806
0.02452695
0.02502546
0.025087792
0.02459371
0.026023887
0.025213366
0.02528203
0.024893729
0.024917342
0.025585415
0.025349135
0.02494137
0.024393762
0.024766048
0.025417924
0.02459172
0.02606201
0.024695363
0.025006002
0.024579551
0.024584804
0.024572087
0.02490933
0.02440813
0.02531166
0.02545513
0.0243575
0.024088485
0.02508255
0.024400571
0.024790633
0.024829699
0.024229662
0.025002167
0.024965813
0.02501881
0.024743062
0.024480054
0.024515506
0.023806535
0.023451578
0.02426188
0.023801254
0.02437585
0.023803838
0.025027901
0.024052832
0.023908108
0.024571508
0.024084834
0.024508234
0.024525369
0.02443784
0.024938239
0.024336265
0.024592726
0.024142992
0.0239487
0.024138333
0.024210196
0.02442201
0.023986299
0.024346752
0.024316644
0.024077974
0.024250196
0.023832366
0.02388643
0.024044868
0.02406491
0.024543382
0.023999518
0.023963576
0.024679989
0.024090901
0.023679486
0.024192896
0.024059292
0.024438301
0.024119295
0.023931244
0.023905206
0.02422282
0.023956351
0.023643212
0.023942249
0.024092754
0.02407712
0.023689926
0.023902014
0.02353131
0.024195258
0.024143638
0.024265543
0.023516782
0.023653345
0.024796644
0.023469578
0.023582647
0.023631474
0.023816543
0.023600701
0.023576193
0.024250872
0.023646405
0.023934653
0.023701845
0.024347374
0.023819316
0.023472065
0.02431428
0.024058301
0.02371525
0.02336185
0.024388324
0.02363282
0.02360968
0.023707682
0.024089219
0.02339191
0.024143884
0.02384455
0.023628218
0.023288324
0.02362073
0.023654515
0.023022113
0.023737775
0.024003303
0.02350585
0.023803873
0.024113022
0.02408725
0.023416732
0.023474775
0.023414623
0.023317529
0.024118733
0.024225825
0.023309655
0.023817234
0.023622757
0.023114476
0.023118248
0.024161525
0.023713548
0.02356339
0.023743762
0.023777071
0.023313208
0.02335045
0.023394087
0.023470603
0.022910891
0.023562983
0.023447677
0.023832617
0.023571149
0.023618953
0.023607804
0.023339221
0.023401111
0.02334883
0.023747973
0.023435261
0.023556849
0.023565657
0.023418881
0.024771895
0.023796186
0.023125105
0.023795774
0.023974275
0.023267124
0.022969618
0.023223542
0.02324209
0.023589121
0.023607062
0.023163754
0.02378512
0.023259984
0.023349311
0.02324985
0.023384536
0.023588007
0.023395877
0.023073314
0.024377381
0.022875695
0.022797262
0.023171151
0.023258785
0.02326296
0.02292554
0.023407692
0.023132091
0.023864713
0.023023305
0.02305248
0.02305859
0.023461184
0.023393687
0.02387424
0.023124443
0.02300914
0.0242451
0.023176484
0.022954412
0.023502303
0.023251405
0.023363762
0.023197701
0.022794368
0.023194464
0.022700869
0.02325591
0.02337468
0.023130609
0.023524184
0.02366386
0.023119312
0.02283113
0.022769896
0.02334379
0.02272269
0.022888007
0.023028648
0.023003519
0.02355671
0.023066046
0.023182914
0.023800407
0.022518428
0.023150848
0.02301644
0.022789543
0.023027955
0.02310614
0.022965143
0.02323632
0.022905927
0.022821413
0.023499573
0.022706063
0.023064312
0.022626033
0.023660244
0.022716984
0.022854311
0.022708857
0.023519052
0.022738783
0.022619832
0.023160052
0.023064112
0.022945717
0.022851355
0.022788877
0.022646485
0.022993332
0.022299966
0.022997815
0.022325516
0.022908956
0.022682106
0.022880796
0.023314234
0.022613145
0.022769388
0.022332225
0.022724528
0.022570318
0.022622645
0.023270687
0.022224506
0.0232649
0.022855965
0.022182269
0.022561938
0.022750214
0.02261204
0.023831569
0.022865746
0.022682294
0.022497008
0.023352122
0.022787059
0.022926476
0.02226877
0.022866571
0.022570172
0.0226445
0.022884421
0.02223936
0.022690918
0.023019427
0.022343226
0.02224102
0.022553656
0.02256845
0.022679523
0.022525063
0.022282297
0.022625092
0.022800544
0.023167174
0.022383321
0.022827335
0.023193505
0.022795638
0.0223745
0.022301177
0.022394732
0.022654377
0.022804689
0.022226047
0.022735134
0.022674322
0.02232417
0.023065304
0.022382872
0.02314026
0.022772366
0.022728529
0.02453107
0.022473073
0.022535397
0.022408795
0.022269623
0.02243048
0.022642992
0.022479733
0.022417122
0.023131432
0.022647176
0.022505397
0.022468455
0.022059936
0.022144407
0.022267194
0.02233631
0.022660762
0.022711271
0.022469463
0.022926735
0.022308819
0.022849878
0.022631414
0.022397287
0.022200787
0.02313211
0.022274548
0.022624176
0.02226569
0.022080453
0.021789147
0.02256716
0.022382248
0.021983298
0.02288025
0.022053756
0.022159092
0.022436136
0.022688491
0.022510394
0.022759333
0.022109179
0.022441868
0.022463765
0.022474641
0.022107085
0.02213065
0.021952745
0.022128599
0.021833573
0.022499122
0.02212793
0.022052128
0.022392591
0.02233281
0.022221068
0.022527501
0.022595374
0.022526605
0.022058345
0.022110485
0.022581046
0.022449125
0.022806102
0.022840181
0.022247924
0.02217898
0.021940516
0.022180537
0.022297861
0.022136187
0.022063391
0.022121493
0.022439152
0.021874895
0.022237886
0.022575933
0.022676786
0.022080077
0.022692353
0.022183025
0.021869777
0.022433063
0.022403982
0.021972932
0.021974586
0.022405837
0.022520727
0.021903247
0.022144122
0.022466503
0.022667978
0.021613814
0.021799674
0.0220659
0.022510692
0.022445025
0.022382045
0.021761464
0.021742644
0.021984767
0.02255629
0.021624008
0.021529784
0.021713296
0.022006234
0.021911213
0.021668686
0.022089962
0.022214096
0.021821627
0.021852102
0.0219722
0.022067096
0.021746177
0.02269137
0.022715922
0.021524308
0.021713996
0.02150289
0.021734366
0.022317717
0.021967597
0.021515029
0.021919457
0.021944122
0.022147458
0.02183594
0.022189558
0.021623129
0.021633303
0.02228198
0.022037014
0.02161198
0.021893714
0.021971062
0.021885863
0.021434912
0.021705305
0.021912606
0.021920603
0.02146264
0.021784956
0.02173511
0.02184472
0.021448502
0.021682344
0.021935424
0.021909112
0.021745175
0.021866877
0.021400865
0.022314234
0.02192345
0.021924568
0.021318741
0.021276828
0.02208493
0.021422321
0.02130202
0.02202661
0.021772148
0.021346219
0.021955296
0.021518314
0.02190981
0.021656198
0.021766702
0.021494525
0.021845667
0.021893214
0.021638896
0.02153322
0.021700751
0.021640936
0.021479044
0.021407472
0.021353638
0.022427369
0.021431481
0.021748833
0.021237427
0.02177917
0.021932175
0.021726346
0.02167355
0.021867644
0.02161956
0.02223587
0.021721957
0.021721669
0.021602005
0.021714095
0.021353167
0.021073917
0.021475319
0.021971054
0.021946248
0.02177062
0.021562317
0.021550087
0.021009922
0.021375697
0.021432774
0.021399481
0.021266993
0.021705793
0.021015745
0.021478258
0.021395639
0.022417491
0.021486502
0.021568524
0.02135193
0.021446845
0.021654062
0.02152692
0.021562783
0.021545079
0.021524614
0.021703368
0.02184112
0.021933736
0.021650584
0.021854337
0.021389568
0.021287527
0.021735841
0.021071067
0.02143599
0.021597987
0.021995679
0.022489415
0.021544408
0.021399444
0.02146319
0.021666748
0.021362275
0.02146455
0.021322034
0.021435263
0.02238445
0.021624042
0.021373253
0.021686792
0.021213384
0.021071244
0.021455556
0.02143725
0.020891607
0.021280056
0.021426992
0.02174607
0.021528408
0.021061856
0.021659004
0.02137426
0.021077331
0.021925678
0.020969417
0.021223001
0.020884866
0.020813234
0.02084411
0.021580525
0.021889936
0.021436697
0.020893611
0.021069756
0.021036893
0.021955738
0.021685462
0.021178111
0.020780973
0.021129299
0.020898318
0.020946858
0.021344787
0.020529056
0.021025565
0.021236634
0.021758467
0.02102066
0.021827845
0.021290602
0.02078402
0.020815765
0.020971784
0.0215866
0.020766761
0.021094961
0.021534322
0.021587528
0.020784304
0.021073325
0.020695813
0.02124056
0.021300925
0.021278346
0.020755574
0.021064404
0.020888638
0.02129268
0.021583483
0.021118525
0.02121955
0.020934138
0.021033209
0.021055343
0.02226792
0.02140412
0.02086465
0.021721616
0.021723956
0.021446455
0.02083302
0.021602644
0.021164319
0.021857804
0.021318508
0.0215533
0.02256868
0.021367708
0.021660928
0.021280237
0.0216039
0.020916088
0.021099724
0.021182211
0.021297468
0.02081159
0.02103023
0.021427736
0.021112317
0.021267809
0.021095224
0.020987807
0.021482717
0.022015663
0.021165414
0.020768557
0.020873245
0.021102417
0.020390108
0.020646555
0.021040672
0.020643568
0.020821424
0.021152556
0.02153349
0.021048274
0.02136711
0.020415831
0.020477135
0.020535931
0.020566665
0.020690555
0.02071838
0.020923778
0.020858549
0.02101011
0.02108783
0.020847248
0.021720033
0.021283116
0.020938363
0.021150958
0.021176869
0.020577941
0.020931127
0.02064576
0.020677859
0.020854617
0.020700779
0.02059151
0.020937426
0.021056019
0.020902246
0.020501731
0.02043699
0.020471018
0.020617545
0.020802137
0.021037746
0.020897618
0.020601654
0.020602856
0.020785227
0.02072604
0.020358643
0.020420356
0.020632885
0.021137236
0.019972287
0.02030122
0.020437222
0.020545913
0.020458011
0.020581368
0.021031706
0.021169141
0.020614265
0.020852784
0.02085265
0.020952532
0.020778606
0.021398282
0.02091559
0.021117225
0.020593904
0.021131
0.020521887
0.020561952
0.02078777
0.020720039
0.02035623
0.020886716
0.020862252
0.020473596
0.021499066
0.02111068
0.020746358
0.020694885
0.020298019
0.020639248
0.021205654
0.020612214
0.020705692
0.021213407
0.020096438
0.020614691
0.020110885
0.02015868
0.020310907
0.020650284
0.020632118
0.020303054
0.02105259
0.02067783
0.020294406
0.021079792
0.02032543
0.020723714
0.021450184
0.020660233
0.0201852
0.020519678
0.020430394
0.02062632
0.020497922
0.020180296
0.020640012
0.020314775
0.019852338
0.020300334
0.020317866
0.020724867
0.020956015
0.02051419
0.020601984
0.02047422
0.02032527
0.020064712
0.02070184
0.020423427
0.020180251
0.020332292
0.0202978
0.019750439
0.020628655
0.020616384
0.020200396
0.02004236
0.02073691
0.020659905
0.019779215
0.020220662
0.020271739
0.020708337
0.020087708
0.020991001
0.021136522
0.020706156
0.02044694
0.020739473
0.020130128
0.019865174
0.020482555
0.019963257
0.020414675
0.020668222
0.020301148
0.020057388
0.020583564
0.020678863
0.020984117
0.020703658
0.020309696
0.020285003
0.020249639
0.020157343
0.020583052
0.020222675
0.020080516
0.021140022
0.020153234
0.019673826
0.019898124
0.020616867
0.020489536
0.02028175
0.02032846
0.0207606
0.019530492
0.019794045
0.020068213
0.019981828
0.020283762
0.0195857
0.019744882
0.019653965
0.019927992
0.02103598
0.020229613
0.019917542
0.020461926
0.019637221
0.020067576
0.020072524
0.020690106
0.020406628
0.020986475
0.019865895
0.020123135
0.01977694
0.01981252
0.020326553
0.019833673
0.020643234
0.020356132
0.019878022
0.01974852
0.020088853
0.020158615
0.019599417
0.019966839
0.020140463
0.0196565
0.019479025
0.019828623
0.020333597
0.019940972
0.019912751
0.019930001
0.020352613
0.020470172
0.020298908
0.019783134
0.020043556
0.020741075
0.020282501
0.01972131
0.020339739
0.019703472
0.020074919
0.019910725
0.019550554
0.019616604
0.019738445
0.019656915
0.020094493
0.020263072
0.020234264
0.01997572
0.019463949
0.019881956
0.019674355
0.019645697
0.020011317
0.019535892
0.019579342
0.020458402
0.02051554
0.0201093
0.019657735
0.020573381
0.020600198
0.01992028
0.019791048
0.019857591
0.020016382
0.019742845
0.0203392
0.019524943
0.020271499
0.02013282
0.020457383
0.020118648
0.01998067
0.019688046
0.020272246
0.019853242
0.019766238
0.019972598
0.019741576
0.020094575
0.02015445
0.01967049
0.019954272
0.019656923
0.019397587
0.019312637
0.019877208
0.019968592
0.019509088
0.01946613
0.019309754
0.01948894
0.019694984
0.019733036
0.019352308
0.020002518
0.019531637
0.01968783
0.020002669
0.019537041
0.019220535
0.0199383
0.019400936
0.020381479
0.020008253
0.019407714
0.019476663
0.019883458
0.019832395
0.019253138
0.020713521
0.019525006
0.019391827
0.019790951
0.01979063
0.019463299
0.020472025
0.020239668
0.019734377
0.019391282
0.019487957
0.019470708
0.019844133
0.019645784
0.020130118
0.019535877
0.019619264
0.019809937
0.01983093
0.019289665
0.019410009
0.019492649
0.019193469
0.0198355
0.019947845
0.01929639
0.019766247
0.019110642
0.019214775
0.019787041
0.01970492
0.019837467
0.019349124
0.019509627
0.019468065
0.019253053
0.019571917
0.019610649
0.019471928
0.019326111
0.019458175
0.01970852
0.019697687
0.019705951
0.019675545
0.019679034
0.019554365
0.01948127
0.019290326
0.019989079
0.020168567
0.01949048
0.019487077
0.019244136
0.020114413
0.019993419
0.019322312
0.01972106
0.019255333
0.019046225
0.019145185
0.020031653
0.01916526
0.019241916
0.020120213
0.019210584
0.019633917
0.019864956
0.019411225
0.019819343
0.0194808
0.019228121
0.019166354
0.01951474
0.019721057
0.019427983
0.019326778
0.019583857
0.019118106
0.019531041
0.019070627
0.019262351
0.019765485
0.019336104
0.019490706
0.019399561
0.019879306
0.01914848
0.019711677
0.019322805
0.019420782
0.019172128
0.019901784
0.019229075
0.019245032
0.019143814
0.019232016
0.019194541
0.019272847
0.019265808
0.019423068
0.019134976
0.018762704
0.019012546
0.019277925
0.01913367
0.01972336
0.019045746
0.019467812
0.01905884
0.01971517
0.019574212
0.019818647
0.019238481
0.019772384
0.018962614
0.019031456
0.0194892
0.019126875
0.01893087
0.019137215
0.019319199
0.019032188
0.01860301
0.018956656
0.019185089
0.019012757
0.018898949
0.019168926
0.019132309
0.018969502
0.01861926
0.0186637
0.019311888
0.019109592
0.019328512
0.019020988
0.018976398
0.019200332
0.01937653
0.018719768
0.019090263
0.019451331
0.019527657
0.018969662
0.01927699
0.018931095
0.018835811
0.019047817
0.018864214
0.018962415
0.018822124
0.018980073
0.019100167
0.018988835
0.018985145
0.018575225
0.01854111
0.018950954
0.018893298
0.019122163
0.018775955
0.019126298
0.018941725
0.018845657
0.018951131
0.018699396
0.018839309
0.018863767
0.01961081
0.018962052
0.01925749
0.019426819
0.018841842
0.018726338
0.018929163
0.018548014
0.019173935
0.018770233
0.018547328
0.018761102
0.018626204
0.019135248
0.019561829
0.018846096
0.019502955
0.019037861
0.018713342
0.01897584
0.019265518
0.019043291
0.019053549
0.018376205
0.018646542
0.01892608
0.019104492
0.018593235
0.018969137
0.018678436
0.019141568
0.01885594
0.018837169
0.019106485
0.018904006
0.018392945
0.01885045
0.018955482
0.018870529
0.018723588
0.019065209
0.018930763
0.018906925
0.018923339
0.018862242
0.019304236
0.018646093
0.01865915
0.018422158
0.018720716
0.018328352
0.018446546
0.018944189
0.018546253
0.01906048
0.01901841
0.01851822
0.018607277
0.018194418
0.018349132
0.018703718
0.018939445
0.01892314
0.018662488
0.019079965
0.018343022
0.018413354
0.019627945
0.018740626
0.018746378
0.0186851
0.018872153
0.018675083
0.018664006
0.019037183
0.018560568
0.018455783
0.018727435
0.018701823
0.018932309
0.019429876
0.018929267
0.019419739
0.019059459
0.01865796
0.018613847
0.018613733
0.018688885
0.019071663
0.018483311
0.019336317
0.019078298
0.01858036
0.019170258
0.018767904
0.018948212
0.019149713
0.019087926
0.019138394
0.018540706
0.018859208
0.01902817
0.018822674
0.018787311
0.018508885
0.01845525
0.01856614
0.018861376
0.018827358
0.01860546
0.018422158
0.018817425
0.018656703
0.01845936
0.018654473
0.018924356
0.018672599
0.018842345
0.018791182
0.019063327
0.018781342
0.018403485
0.018803008
0.018803108
0.018641846
0.018620986
0.018464021
0.018497929
0.019112282
0.018874189
0.018071396
0.018849844
0.018764326
0.018849097
0.018927598
0.0182912
0.018602617
0.01884882
0.018678792
0.019053405
0.018209623
0.01914025
0.018439485
0.018896062
0.0187458
0.018385803
0.018489841
0.018613227
0.01934169
0.018624434
0.018227374
0.018535597
0.0186174
0.018559296
0.018897317
0.018231235
0.01901026
0.018862307
0.018609269
0.018119633
0.018590234
0.018903002
0.018363914
0.018611725
0.01845721
0.018868813
0.018116212
0.018897308
0.018742204
0.018576298
0.018455133
0.018510979
0.018538607
0.018611811
0.018453605
0.018490503
0.018298686
0.018754518
0.018401852
0.01848189
0.01838763
0.018514665
0.01890471
0.018385444
0.018399008
0.018359367
0.018662764
0.018083924
0.018490667
0.018609129
0.019101933
0.018426511
0.018128674
0.018255133
0.018257698
0.01823589
0.018631624
0.018134128
0.01859959
0.018198702
0.018015314
0.018336913
0.01882281
0.018429223
0.018432682
0.01897176
0.018479256
0.018011527
0.018156227
0.018212674
0.018365044
0.018259577
0.018326439
0.018139744
0.018133042
0.018610321
0.018313343
0.018298605
0.018403983
0.01854202
0.019321581
0.01813924
0.018477406
0.018461404
0.018451823
0.01820936
0.018176544
0.018386329
0.018581573
0.017938612
0.018253777
0.01870268
0.018346528
0.018149473
0.018419217
0.01830061
0.018070968
0.018171325
0.018771246
0.0179621
0.018832162
0.017907986
0.018383086
0.018769901
0.018253492
0.018410075
0.018441046
0.018362917
0.01840003
0.018567022
0.018245917
0.018199237
0.018332455
0.018000131
0.018215109
0.018249191
0.01851831
0.018666824
0.018055169
0.018501056
0.01802303
0.018848635
0.018831922
0.018504625
0.018478815
0.018471003
0.01912772
0.018268783
0.018367283
0.018110447
0.018040476
0.018050848
0.018605014
0.01842323
0.018212525
0.018629054
0.017999092
0.018074054
0.018023087
0.017870016
0.017894736
0.017758846
0.018210255
0.017887576
0.017985515
0.018327806
0.01830022
0.018219927
0.01854591
0.01811335
0.01826945
0.01818974
0.017872771
0.018684767
0.01793243
0.01822737
0.017930353
0.0180738
0.018011745
0.018145883
0.018428434
0.017898751
0.018406982
0.018213674
0.018049102
0.017965464
0.018496828
0.01803368
0.017922023
0.018543111
0.017984204
0.018137245
0.017920211
0.018721228
0.017810835
0.018652199
0.018345669
0.01853183
0.018333813
0.018040597
0.01813551
0.018290682
0.018103776
0.018152678
0.017932307
0.018184777
0.017911315
0.018095192
0.018483723
0.017945189
0.01794845
0.017538715
0.017706372
0.018058857
0.018114613
0.017726183
0.018155178
0.017884186
0.018128093
0.017625185
0.017387817
0.017576493
0.017785046
0.01786526
0.017467987
0.018025566
0.018316865
0.017751804
0.017943045
0.017878756
0.017812518
0.018295303
0.01809383
0.018427366
0.018003378
0.018269064
0.01808199
0.017843414
0.017832467
0.018028013
0.017955361
0.017921941
0.0177183
0.01837804
0.01815198
0.017669853
0.017746828
0.017858433
0.017609859
0.017727941
0.017926805
0.017843662
0.01801286
0.01807876
0.01805767
0.017650897
0.01808949
0.017465949
0.017972605
0.017876713
0.01769873
0.018511252
0.018863155
0.018141752
0.017932829
0.017806437
0.018375887
0.018080343
0.018316641
0.018404732
0.01807517
0.017740358
0.017599443
0.017924922
0.01823403
0.017572137
0.017953783
0.017621154
0.018623305
0.017422257
0.017910216
0.01773526
0.018050944
0.018470954
0.018092865
0.017507624
0.017712688
0.018150542
0.017890453
0.01805952
0.017916143
0.017692694
0.01804534
0.01770939
0.018503977
0.01825382
0.017945612
0.017476724
0.017399259
0.017519813
0.018407602
0.017606588
0.017856814
0.018461205
0.017781595
0.01819761
0.017515076
0.017776689
0.017615637
0.01825483
0.0182629
0.017666288
0.018607842
0.017926278
0.01749722
0.017961964
0.017636715
0.017981341
0.017533107
0.017666114
0.0177916
0.017562238
0.017997941
0.017390126
0.01780302
0.018171247
0.01762913
0.017691724
0.017663017
0.018230174
0.017285552
0.017793393
0.017287478
0.017430319
0.01803626
0.017366733
0.017655578
0.017763635
0.017840229
0.017917596
0.017944327
0.01794649
0.017539158
0.01752395
0.017603174
0.017428763
0.017518757
0.01818548
0.017669143
0.017797997
0.017513577
0.017399346
0.017666785
0.017256582
0.017874716
0.017768487
0.017232632
0.017500121
0.018049987
0.017494822
0.01734985
0.017214006
0.017163876
0.017354587
0.01754849
0.017519185
0.017238867
0.017499128
0.017985689
0.017328475
0.018151337
0.017462928
0.01756326
0.017453281
0.017375184
0.0175714
0.017551515
0.017849863
0.017167665
0.017596917
0.017645841
0.017824957
0.017814994
0.017517393
0.017838534
0.017451396
0.017251747
0.017218476
0.01717043
0.017935928
0.017389543
0.01742596
0.01724352
0.01748105
0.017040076
0.01824552
0.017278304
0.017187217
0.017733756
0.017291997
0.017312476
0.017726196
0.01845703
0.017449189
0.017175965
0.017602142
0.017628906
0.017557535
0.017709466
0.017357174
0.017453795
0.017621322
0.017274257
0.018020961
0.017738625
0.017461833
0.017454743
0.017824471
0.01793303
0.017531311
0.017867886
0.017706973
0.017526325
0.017515678
0.017377688
0.017401436
0.017846597
0.01757921
0.017151827
0.018175794
0.01781494
0.017230866
0.017975403
0.017365513
0.01753425
0.01730627
0.017768493
0.017820504
0.01790244
0.017372087
0.017249342
0.017412027
0.017486297
0.017241545
0.017465634
0.017155537
0.017161995
0.017243017
0.017348845
0.017345773
0.017341046
0.017547062
0.017221168
0.017432809
0.017814638
0.017412005
0.01753011
0.017454011
0.01763934
0.017944284
0.017329706
0.017655142
0.017175773
0.017087083
0.017525703
0.017539114
0.017386144
0.017856402
0.017013775
0.016966553
0.017577585
0.017782524
0.017237447
0.017270798
0.01716256
0.017773474
0.017508388
0.017597053
0.017413551
0.017216189
0.017498517
0.01777455
0.01740652
0.017190168
0.01772945
0.017835239
0.017476171
0.017586807
0.0172865
0.017432524
0.017076733
0.017356005
0.01757105
0.017799493
0.017604433
0.017459733
0.017097555
0.017043801
0.017183077
0.01723387
0.017262055
0.017345265
0.017194834
0.017341845
0.017470216
0.017380113
0.01696697
0.01762785
0.017422654
0.01750542
0.017506057
0.017270628
0.017580835
0.017446334
0.017441409
0.017226389
0.017214136
0.017630935
0.017323049
0.017487368
0.01734146
0.01727493
0.01723758
0.01727702
0.017568473
0.017615354
0.017029028
0.017345982
0.017102849
0.017083023
0.017091757
0.017456995
0.016961267
0.017445683
0.017174646
0.017504055
0.01711788
0.01720605
0.01737517
0.017053781
0.01700993
0.017467488
0.017375227
0.017292095
0.017191553
0.017735012
0.017478168
0.016908932
0.01721936
0.017074374
0.017251818
0.016943892
0.01701175
0.016987594
0.016999826
0.017849829
0.017467473
0.017642593
0.017713258
0.017458279
0.017483039
0.017349452
0.017378496
0.017268721
0.017245993
0.017418295
0.017517311
0.017451352
0.016868874
0.01696694
0.017245373
0.017032506
0.017189763
0.01717856
0.016986797
0.017046075
0.017251745
0.017355096
0.017380089
0.017301356
0.01728499
0.017397685
0.0170204
0.017663024
0.01678442
0.01721893
0.017001746
0.016651781
0.017363174
0.01760316
0.017137878
0.017095173
0.016999612
0.01708459
0.01704108
0.01736469
0.016705517
0.01690114
0.017724944
0.01681488
0.017545512
0.017163033
0.016915347
0.017144239
0.017057136
0.01676836
0.016858136
0.016944462
0.016744327
0.017113287
0.017140761
0.016989594
0.016780285
0.0169364
0.01693305
0.017075159
0.017126331
0.017258735
0.016884884
0.016787665
0.017183237
0.016791195
0.016814537
0.017162248
0.017539833
0.017021194
0.016673606
0.016805964
0.016815862
0.017083718
0.016867317
0.017650196
0.016865822
0.017386353
0.017157583
0.016906979
0.016615227
0.016631808
0.017066922
0.017373323
0.017375581
0.016907455
0.016759373
0.01703409
0.017250078
0.017053502
0.01710128
0.017273985
0.016559366
0.016792297
0.016950019
0.01690881
0.017087482
0.01722506
0.017628906
0.016821854
0.017718107
0.0167193
0.01706297
0.016897412
0.016910011
0.01765561
0.0168867
0.016911969
0.017019602
0.016636096
0.01690622
0.016766101
0.016652834
0.017146455
0.01672239
0.016430931
0.01663317
0.016833253
0.016638758
0.017220404
0.017353116
0.016964866
0.016978651
0.017020429
0.017452825
0.017163597
0.01685073
0.016750414
0.016800843
0.01688744
0.016749442
0.016632581
0.017125525
0.017143598
0.017162336
0.016885748
0.016545326
0.016899865
0.017383786
0.016598389
0.016552236
0.017159315
0.01693053
0.01701446
0.017499674
0.017027581
0.016757177
0.016483825
0.016462782
0.017238365
0.01662135
0.016972536
0.016589072
0.016891675
0.016557949
0.016411453
0.01674284
0.016772559
0.016249528
0.017543664
0.016930643
0.016889777
0.016848365
0.01649624
0.016702
0.016305065
0.017028393
0.016354747
0.016695632
0.016936239
0.016486628
0.016952895
0.0170455
0.016688008
0.016627556
0.01716892
0.016610367
0.017063852
0.016827863
0.016709339
0.01722932
0.01643957
0.016590033
0.016645016
0.017069267
0.016672743
0.016884567
0.016804231
0.016851634
0.016897924
0.016635189
0.01729053
0.016942456
0.01683535
0.017062172
0.017319053
0.016640993
0.01677278
0.016397832
0.016575508
0.016415687
0.016462032
0.01618705
0.016604502
0.017150136
0.016616466
0.016445829
0.016535003
0.01696349
0.016372116
0.016393403
0.016623335
0.017011467
0.01668429
0.016723484
0.0165655
0.016543815
0.016645547
0.01710857
0.016849851
0.016696395
0.016434744
0.01636444
0.016339252
0.016747715
0.016659835
0.016812788
0.016571136
0.016875817
0.017004125
0.016742324
0.017211387
0.017093375
0.016798997
0.016699022
0.016690994
0.017250653
0.016977986
0.016947607
0.016802102
0.016822947
0.016622882
0.01667647
0.016897982
0.016778471
0.016619714
0.016658437
0.016985394
0.016549772
0.016689936
0.01674763
0.01669657
0.016411684
0.01630831
0.017154701
0.016843231
0.017229857
0.016565802
0.016977338
0.016420413
0.016831707
0.016638812
0.016669115
0.01682435
0.016598647
0.016728507
0.016204918
0.016616192
0.017060783
0.016712075
0.01686868
0.016719544
0.016516928
0.016760064
0.016379679
0.016658017
0.016650625
0.01690302
0.016809098
0.016804097
0.016635235
0.016784322
0.01668283
0.016650574
0.01642151
0.01643566
0.0162839
0.016431406
0.016302925
0.016135037
0.016491888
0.016231777
0.016797706
0.016360717
0.016155867
0.016272899
0.016400484
0.016221767
0.016574144
0.016322715
0.016125664
0.016786352
0.01639617
0.016383497
0.01650635
0.01731424
0.016596744
0.01657814
0.016659383
0.016891887
0.016596021
0.016611364
0.016595736
0.016577737
0.016519058
0.016701663
0.01664717
0.016384019
0.016109323
0.016959058
0.01662678
0.016761115
0.016358435
0.016343316
0.016305858
0.015917901
0.017035006
0.016494276
0.01633583
0.016628956
0.016101653
0.016384779
0.016367627
0.016100891
0.015946306
0.016934985
0.016131796
0.016249482
0.016656099
0.016327986
0.016723173
0.01635229
0.016677769
0.016569393
0.016168948
0.016228134
0.016273271
0.01603369
0.016996652
0.016126616
0.016152639
0.016138589
0.015872942
0.015979635
0.01621963
0.016274855
0.016224148
0.016588302
0.01622816
0.0163263
0.01602068
0.016340835
0.016340643
0.016287392
0.016150773
0.015799044
0.016151752
0.016195841
0.015998663
0.016319819
0.016372813
0.01669485
0.01612534
0.016930522
0.016013868
0.016907608
0.016440965
0.01609557
0.016361352
0.01611743
0.016202597
0.016047303
0.016521128
0.015990097
0.015984278
0.016533498
0.016133405
0.01639205
0.01598271
0.016212218
0.01651008
0.016265368
0.01612926
0.016579285
0.01632493
0.016254304
0.01600113
0.01619452
0.016411299
0.015954657
0.016357765
0.016127087
0.016294183
0.016366431
0.016681323
0.016291812
0.01714877
0.016456826
0.016706873
0.0160723
0.016180726
0.01609663
0.015997175
0.015975747
0.016005838
0.016623288
0.016354028
0.016159495
0.015938155
0.016502531
0.016058614
0.015959932
0.016248224
0.016267452
0.016002106
0.01581609
0.016314004
0.016241146
0.015792813
0.016939444
0.016147207
0.01679047
0.016259423
0.016410798
0.016130239
0.016648494
0.015853088
0.0162625
0.016171696
0.016179344
0.016150247
0.01665883
0.016521938
0.0161953
0.016365746
0.016078802
0.016534895
0.015911628
0.016211314
0.016164048
0.016256604
0.015810959
0.01644694
0.015810076
0.016060386
0.015866451
0.015819075
0.015990622
0.015995422
0.015863514
0.01601578
0.016612804
0.01596763
0.016114557
0.015741803
0.01563678
0.015988573
0.016168263
0.016213514
0.016065184
0.016024467
0.016304042
0.01649003
0.015960436
0.015986009
0.015903238
0.016641594
0.01624598
0.01579159
0.01595902
0.015985345
0.016175611
0.015663905
0.015891904
0.016049528
0.016342347
0.015824312
0.015866477
0.015649669
0.016364267
0.016528523
0.016103473
0.01640614
0.01583742
0.015925635
0.015908903
0.01594334
0.015679657
0.016303468
0.016010856
0.016219843
0.01582644
0.015662508
0.015902957
0.01611444
0.016286867
0.015762098
0.016028712
0.015800653
0.015469897
0.01615722
0.016129605
0.016059715
0.015858823
0.016011264
0.016454201
0.01566242
0.015784562
0.015761457
0.01668566
0.016170932
0.016462613
0.016018027
0.015681487
0.015786812
0.015811546
0.015921028
0.01578826
0.016083103
0.016163751
0.016220188
0.015977439
0.016082829
0.016349081
0.016055325
0.016552605
0.01622557
0.01579809
0.01589612
0.015666565
0.015828677
0.016110001
0.015771054
0.015745455
0.015962843
0.016034571
0.015527435
0.01609282
0.01567068
0.015855609
0.015645297
0.01651839
0.016058436
0.015788976
0.015964018
0.01587978
0.015895486
0.015881218
0.015540091
0.015695702
0.015460627
0.015777618
0.016065923
0.015719114
0.01563616
0.01593954
0.015487057
0.01564482
0.016130647
0.015975252
0.015552304
0.015879488
0.016023224
0.015546141
0.015682474
0.015700707
0.015761254
0.015783357
0.016255572
0.01601766
0.01609697
0.015964031
0.01586937
0.01556442
0.01559711
0.0159542
0.015988022
0.016333621
0.015748974
0.01583309
0.015786638
0.015650671
0.016059114
0.015675873
0.016056836
0.01569027
0.015588582
0.01574967
0.015828818
0.015364553
0.01572525
0.01578877
0.015732253
0.015809733
0.015680384
0.015926141
0.015573666
0.015782414
0.015579433
0.016144965
0.016206086
0.015958218
0.015817076
0.015616002
0.015944637
0.015601254
0.015900731
0.016095327
0.015766608
0.015747434
0.016131803
0.015919885
0.015854325
0.015933769
0.015714208
0.015833123
0.015594949
0.015820201
0.01554304
0.01569132
0.015502397
0.015735367
0.015547125
0.01555529
0.016229099
0.01575393
0.01571778
0.015780224
0.015308756
0.016268112
0.015569603
0.015846701
0.015903577
0.015870249
0.016047468
0.015825631
0.015918924
0.01562976
0.016037451
0.015789289
0.0153870955
0.015472923
0.016220348
0.016184228
0.015519304
0.016137937
0.015657527
0.015871441
0.015583115
0.015571526
0.015486476
0.015747523
0.01564872
0.015492054
0.01552459
0.015453299
0.015602197
0.015422274
0.015911045
0.015510257
0.015560844
0.015428478
0.015581628
0.015780164
0.015783994
0.015658585
0.015698338
0.015704613
0.015410451
0.016165761
0.015861697
0.01571663
0.015924906
0.015393318
0.016081048
0.015853574
0.015669815
0.015136919
0.015398554
0.015846085
0.015537177
0.015673183
0.015368006
0.015401661
0.015136026
0.01572839
0.015373858
0.015681973
0.015657157
0.015426735
0.015682794
0.01568992
0.01564677
0.015856318
0.015805725
0.016162438
0.016003583
0.015672555
0.015923308
0.016394284
0.01608251
0.016536858
0.015410101
0.015942369
0.015772948
0.015356057
0.016247936
0.015689671
0.015567231
0.015321125
0.015542739
0.015830096
0.015666747
0.015373976
0.015516857
0.016239924
0.015897047
0.01534001
0.01552324
0.015336293
0.015391421
0.015361598
0.01531739
0.015705584
0.015236634
0.015719695
0.015117131
0.015286035
0.015620267
0.0155036105
0.015321696
0.015751602
0.015343764
0.01549253
0.015250639
0.015794357
0.015304443
0.015631737
0.015349841
0.015491149
0.0152784195
0.015929539
0.0160096
0.015470795
0.015805693
0.016025614
0.015594115
0.015111165
0.015391064
0.0155310575
0.015586808
0.015464979
0.015881646
0.015805004
0.015779741
0.015175723
0.015707664
0.015845498
0.015174013
0.0152844
0.0152749475
0.015642475
0.015751174
0.015222383
0.015498885
0.015453577
0.015681699
0.015375387
0.01532634
0.015231624
0.015494231
0.0154427495
0.015961597
0.016070392
0.015400822
0.015867135
0.015350768
0.015453106
0.016075784
0.015748437
0.01535755
0.015377612
0.015126202
0.015522516
0.0152214505
0.015587653
0.015376013
0.015467272
0.015653618
0.015739253
0.015472354
0.015361775
0.015538346
0.015592123
0.015697027
0.015556067
0.015214752
0.0155582
0.015450881
0.015378761
0.015604915
0.0153897125
0.015168566
0.01529879
0.015753571
0.01562607
0.015289653
0.015025947
0.01567803
0.015570976
0.015257218
0.015390548
0.015792334
0.015125948
0.015455864
0.015150442
0.015452092
0.015471768
0.015589491
0.015288113
0.015819017
0.015115381
0.015507162
0.015211017
0.015285641
0.01534381
0.01561698
0.014856187
0.015312813
0.01536415
0.015339009
0.015220767
0.015505113
0.015267032
0.014940352
0.015340299
0.015245939
0.015139736
0.015682891
0.015215303
0.015361996
0.015275708
0.015240726
0.015520517
0.015595589
0.015951507
0.015273235
0.015583176
0.01528478
0.015173628
0.015071169
0.015167142
0.015213459
0.014931866
0.015089829
0.015341898
0.015484801
0.015703114
0.015183896
0.015480955
0.015274149
0.015279137
0.014958302
0.015451521
0.015113551
0.015488341
0.015577002
0.015363546
0.015786162
0.015305546
0.015152974
0.0149841085
0.015331554
0.01505686
0.015366314
0.015334505
0.015183779
0.015243805
0.0152684
0.015040657
0.015171886
0.015148573
0.015195703
0.015357714
0.0149837015
0.0150337545
0.015392012
0.015523543
0.015249375
0.015130753
0.015422005
0.014966311
0.015525298
0.015263598
0.015048616
0.015019359
0.015599882
0.015199248
0.015162754
0.015239394
0.015586215
0.015079652
0.01522287
0.015317536
0.015348932
0.01564824
0.015565933
0.015527552
0.015415426
0.015230382
0.014925341
0.015325653
0.015341602
0.015278546
0.014983295
0.01569126
0.015276246
0.015303858
0.015256325
0.015277259
0.015236944
0.015202339
0.015118303
0.015167647
0.015498876
0.015173295
0.0149914585
0.0153926695
0.015305115
0.015061518
0.015083732
0.015001621
0.015037189
0.015158144
0.015481664
0.01523523
0.015292602
0.015304095
0.014852484
0.015335272
0.014819453
0.0152871525
0.015401666
0.01502748
0.01572163
0.01511438
0.015292575
0.015037492
0.014914185
0.01541333
0.015144396
0.01555269
0.014996225
0.015032166
0.015046788
0.015040305
0.015196325
0.015063319
0.015324185
0.015078455
0.015266243
0.015178374
0.015245006
0.0149417035
0.015150546
0.014949007
0.015264606
0.015239555
0.015051655
0.015084024
0.015147291
0.015206345
0.01571948
0.015141431
0.0149317905
0.014944142
0.014932442
0.0149578275
0.015067098
0.015185866
0.015145084
0.01496884
0.01480545
0.01505654
0.015066054
0.015319512
0.01511037
0.015234506
0.014983104
0.015019965
0.014911998
0.01551687
0.01584006
0.015008884
0.014977843
0.015192209
0.015286022
0.015210286
0.015181698
0.015229189
0.015498192
0.014911483
0.015815677
0.0150257
0.015036902
0.014883593
0.014894706
0.015320117
0.015634526
0.0154872965
0.015317174
0.01561401
0.015472144
0.015153748
0.014862811
0.015171512
0.015595873
0.014927183
0.015468939
0.014942186
0.01470428
0.015007274
0.01496894
0.01501929
0.015297729
0.01482773
0.0148909055
0.0149818435
0.015129593
0.015554579
0.015139763
0.015143558
0.015106373
0.015071635
0.015033493
0.015163784
0.014779397
0.015291138
0.015087367
0.015144387
0.015363093
0.015027077
0.014799742
0.014828057
0.015166396
0.01491897
0.015974892
0.014844589
0.014917197
0.014881383
0.015003916
0.014690454
0.014872806
0.014847949
0.01492161
0.014965352
0.015035498
0.0151196495
0.014924263
0.015044921
0.015577191
0.015072718
0.015200437
0.015087579
0.014770002
0.015140933
0.014920092
0.014976172
0.01490287
0.014878883
0.014930514
0.015054591
0.01520888
0.015424635
0.015633704
0.015388857
0.015064504
0.014733082
0.0148413805
0.015098145
0.0149682695
0.014938024
0.015293825
0.014862598
0.015064919
0.014730102
0.014993351
0.015408121
0.0149487825
0.015590701
0.015046452
0.014835427
0.01496419
0.015174333
0.014645627
0.01493028
0.014827178
0.015072256
0.014630997
0.014806344
0.0148832705
0.014822816
0.014977501
0.014996051
0.015167835
0.014907866
0.014903746
0.0147560425
0.014868238
0.014836489
0.015132109
0.014971509
0.0150337005
0.015216759
0.015220127
0.015438174
0.01470535
0.014577031
0.01472821
0.014569557
0.01473684
0.014529125
0.014622476
0.014721311
0.014987367
0.014423807
0.014676463
0.0148089975
0.014593555
0.014974159
0.014770352
0.014915879
0.014935373
0.015037752
0.015241375
0.015471803
0.014948448
0.014942383
0.01473767
0.015455117
0.0147058545
0.014833418
0.014705053
0.014677909
0.014627169
0.014523762
0.014968752
0.014759403
0.014532378
0.01465567
0.014683324
0.014858366
0.015099686
0.0153005505
0.0147156175
0.014537693
0.014783423
0.014837804
0.0150384195
0.015416345
0.01489319
0.015203158
0.014605351
0.015008643
0.015354442
0.015313339
0.015007959
0.014970396
0.015125683
0.014534705
0.01492128
0.014809862
0.015042426
0.01504913
0.014736032
0.014998847
0.014683661
0.015071084
0.015091486
0.014968993
0.014702318
0.014700268
0.014657971
0.015258788
0.014900214
0.014546921
0.014601231
0.014878391
0.01482519
0.014639563
0.014549739
0.014839607
0.014648662
0.014541857
0.014483816
0.014721337
0.014651576
0.01462264
0.014550281
0.014699671
0.0145069305
0.014883687
0.014432348
0.01464319
0.0145637635
0.014789614
0.014456885
0.014567324
0.0144558335
0.014393547
0.014718381
0.01465213
0.014492977
0.014623443
0.014763984
0.014987011
0.014701388
0.014462794
0.01437212
0.015018267
0.0147909075
0.01443272
0.0146934865
0.014634403
0.014394284
0.014607285
0.014614475
0.014423711
0.015027532
0.014737473
0.014668593
0.015027541
0.014952847
0.014694363
0.014727849
0.014802221
0.014548304
0.014555283
0.01459843
0.014882411
0.01457986
0.014831151
0.014496916
0.014729849
0.014584491
0.014468204
0.0148217995
0.014553111
0.014743377
0.015000617
0.01451106
0.01450336
0.014555878
0.01450607
0.0146256415
0.014912816
0.014546605
0.014741533
0.014595609
0.014640433
0.01472449
0.014856015
0.014567489
0.015027935
0.0145354625
0.015059664
0.014580958
0.014727943
0.014807392
0.015122543
0.015044321
0.014396121
0.014820178
0.014790063
0.014558191
0.0149599295
0.014580602
0.014407739
0.01446522
0.015241297
0.014603723
0.014809865
0.01427297
0.014484956
0.014271053
0.014489023
0.014705759
0.014971553
0.014583264
0.01459094
0.014921834
0.014647825
0.0145244375
0.014659229
0.014749813
0.014813392
0.015314541
0.014789059
0.014440506
0.014806048
0.014803297
0.014871229
0.014714159
0.014682516
0.015058189
0.01463818
0.014593056
0.014733742
0.014674913
0.015156802
0.014931423
0.014872733
0.014896036
0.014587615
0.015482425
0.014626854
0.014573069
0.014364298
0.01492456
0.015757369
0.014931344
0.014369644
0.014440029
0.014478949
0.01453281
0.014626434
0.014690571
0.014591562
0.01506218
0.014646556
0.014432319
0.014738289
0.014946068
0.014830781
0.014722075
0.014856747
0.014587437
0.014814738
0.014596342
0.014358521
0.014388401
0.014597406
0.01497005
0.0147187505
0.014531312
0.014590591
0.014938062
0.014761378
0.014751346
0.015149835
0.014768601
0.014391876
0.014772822
0.014363268
0.015159748
0.014822159
0.015114713
0.014787493
0.014711171
0.014324225
0.014803899
0.014576358
0.01454267
0.015585767
0.014708234
0.015021457
0.014313197
0.014578147
0.014773946
0.014463264
0.014720068
0.014765768
0.015058026
0.014668772
0.014745323
0.014807023
0.014900861
0.014697108
0.014487364
0.014340975
0.014527403
0.014999838
0.015093189
0.0144195445
0.014333623
0.014492193
0.014691979
0.014662512
0.014807487
0.015054201
0.014400571
0.014669172
0.01440954
0.014490577
0.014792064
0.014788201
0.014670735
0.0150550855
0.014471009
0.014434292
0.014563566
0.014523423
0.014496519
0.01487186
0.01441137
0.014348159
0.014917396
0.014781185
0.014497667
0.0146869365
0.014321128
0.014519434
0.014766126
0.014495404
0.01484569
0.014348343
0.014683212
0.014471872
0.014566635
0.014490058
0.014576333
0.014708178
0.0144847175
0.014809374
0.014363868
0.014560738
0.014938272
0.014536051
0.014768252
0.014303828
0.014403338
0.014211821
0.01522353
0.014373163
0.014490154
0.014517712
0.014835974
0.014613574
0.014757091
0.014301023
0.014531277
0.014646825
0.014297253
0.014677684
0.014454031
0.014043447
0.014259285
0.014469805
0.014352626
0.014186092
0.014358449
0.014393862
0.014239103
0.014370225
0.014494557
0.015298661
0.014402962
0.014431821
0.014751213
0.014266285
0.014466344
0.014519694
0.0145334685
0.014204785
0.014555799
0.0143883405
0.014207576
0.014314799
0.014242953
0.015128568
0.014556516
0.014631841
0.01432712
0.014490104
0.014291729
0.014174192
0.014483485
0.014197918
0.014415483
0.014230119
0.014424939
0.014191348
0.0144798765
0.0144212665
0.01469263
0.01459834
0.014798622
0.014107297
0.014288916
0.014748199
0.014134721
0.014229577
0.0144839985
0.0144340005
0.013999274
0.0147832455
0.014645543
0.014632827
0.014460951
0.014436361
0.014420787
0.014175852
0.014740529
0.015352923