20 197.2 -0.6 196.61 0.048 17 26 0.37 0.0 
40 196.32 -1.18 195.14 0.078 32 53 0.7 0.0 
60 194.68 -1.69 192.99 0.109 47 88 1.03 0.0 
80 193.29 -2.02 191.26 0.153 62 122 1.36 0.01 
100 192.95 -2.63 190.32 0.18 74 158 1.62 0.01 
120 191.84 -3.16 188.68 0.197 87 202 1.91 0.01 
140 190.81 -3.49 187.32 0.225 104 242 2.28 0.01 
160 190.32 -3.74 186.58 0.241 113 280 2.48 0.01 
180 189.69 -4.01 185.68 0.263 126 311 2.76 0.02 
200 188.83 -4.06 184.77 0.282 140 348 3.07 0.02 
220 188.94 -4.37 184.57 0.296 151 390 3.31 0.02 
240 187.85 -4.6 183.26 0.315 165 426 3.62 0.02 
260 186.74 -4.87 181.86 0.329 177 465 3.88 0.02 
280 186.46 -5.18 181.29 0.351 193 501 4.23 0.02 
300 185.38 -5.4 179.98 0.361 204 535 4.47 0.03 
320 184.63 -5.63 179.0 0.371 216 569 4.74 0.03 
340 183.66 -5.55 178.1 0.391 228 604 5.0 0.03 
360 182.32 -5.89 176.43 0.407 243 640 5.33 0.03 
380 181.42 -6.04 175.38 0.422 256 681 5.61 0.03 
400 180.58 -6.13 174.45 0.437 265 724 5.81 0.04 
420 179.72 -6.18 173.54 0.445 277 758 6.07 0.04 
440 179.45 -6.48 172.97 0.455 289 800 6.34 0.04 
460 178.33 -6.6 171.72 0.468 304 843 6.67 0.04 
480 177.75 -6.7 171.05 0.478 317 883 6.95 0.04 
500 177.18 -7.02 170.16 0.488 331 921 7.26 0.05 
520 176.12 -7.07 169.06 0.495 343 965 7.52 0.05 
540 175.98 -7.4 168.58 0.501 356 1005 7.81 0.05 
560 174.95 -7.5 167.45 0.518 365 1047 8.0 0.05 
580 173.5 -7.63 165.87 0.525 379 1092 8.31 0.05 
600 173.7 -7.99 165.71 0.531 390 1138 8.55 0.06 
620 172.85 -8.0 164.84 0.536 403 1183 8.84 0.06 
640 171.98 -7.9 164.08 0.546 414 1227 9.08 0.06 
660 171.1 -7.72 163.38 0.55 427 1266 9.36 0.06 
680 170.33 -7.79 162.55 0.567 440 1305 9.65 0.06 
700 170.0 -7.92 162.09 0.574 451 1351 9.89 0.07 
720 169.25 -8.07 161.18 0.575 462 1397 10.13 0.07 
740 168.03 -8.33 159.69 0.584 472 1449 10.35 0.07 
760 167.51 -8.25 159.26 0.593 484 1490 10.61 0.07 
780 166.36 -8.35 158.01 0.597 498 1534 10.92 0.08 
800 166.35 -8.61 157.74 0.601 507 1578 11.12 0.08 
820 165.64 -8.79 156.85 0.616 520 1627 11.4 0.08 
840 165.24 -8.88 156.37 0.623 531 1678 11.64 0.08 
860 165.41 -8.95 156.46 0.631 540 1722 11.84 0.09 
880 164.71 -8.99 155.72 0.635 552 1771 12.11 0.09 
900 163.92 -9.0 154.93 0.638 564 1815 12.37 0.09 
920 163.36 -8.9 154.46 0.645 570 1871 12.5 0.09 
940 162.49 -8.99 153.49 0.65 579 1921 12.7 0.1 
960 162.33 -9.01 153.32 0.654 593 1962 13.0 0.1 
980 161.32 -9.0 152.32 0.659 600 2015 13.16 0.1 
1000 160.77 -8.95 151.82 0.661 614 2069 13.46 0.1 
1020 160.24 -9.14 151.11 0.662 620 2123 13.6 0.11 
1040 159.57 -9.24 150.33 0.669 629 2168 13.79 0.11 
1060 159.5 -9.29 150.21 0.673 638 2220 13.99 0.11 
1080 159.2 -9.14 150.06 0.678 650 2265 14.25 0.11 
1100 158.35 -8.99 149.36 0.684 656 2307 14.39 0.11 
1120 158.2 -8.94 149.26 0.686 667 2348 14.63 0.12 
1140 157.66 -9.01 148.65 0.69 676 2400 14.82 0.12 
1160 157.06 -8.91 148.15 0.696 692 2443 15.18 0.12 
1180 156.4 -8.97 147.43 0.702 700 2493 15.35 0.12 
1200 156.19 -8.9 147.28 0.702 708 2540 15.53 0.13 
1220 155.51 -8.92 146.59 0.704 718 2593 15.75 0.13 
1240 155.4 -8.92 146.47 0.705 726 2652 15.92 0.13 
1260 154.69 -8.86 145.82 0.71 739 2706 16.21 0.13 
1280 154.19 -8.72 145.47 0.713 752 2756 16.49 0.14 
1300 154.16 -8.68 145.47 0.712 763 2803 16.73 0.14 
1320 153.4 -8.73 144.67 0.716 773 2858 16.95 0.14 
1340 152.65 -8.6 144.05 0.724 783 2906 17.17 0.14 
1360 151.92 -8.64 143.28 0.727 791 2962 17.35 0.15 
1380 151.49 -8.68 142.81 0.731 803 3017 17.61 0.15 
1400 151.23 -8.64 142.58 0.734 808 3072 17.72 0.15 
1420 150.66 -8.55 142.11 0.736 814 3124 17.85 0.16 
1440 150.6 -8.58 142.03 0.736 824 3173 18.07 0.16 
1460 150.76 -8.56 142.21 0.739 835 3231 18.31 0.16 
1480 149.55 -8.52 141.03 0.743 843 3290 18.49 0.16 
1500 149.2 -8.52 140.68 0.745 851 3344 18.66 0.17 
1520 148.52 -8.54 139.98 0.748 860 3397 18.86 0.17 
1540 148.43 -8.66 139.77 0.753 866 3455 18.99 0.17 
1560 147.87 -8.58 139.29 0.754 875 3503 19.19 0.17 
1580 146.97 -8.57 138.41 0.757 881 3559 19.32 0.18 
1600 146.79 -8.51 138.28 0.757 891 3606 19.54 0.18 
1620 146.5 -8.57 137.93 0.756 902 3666 19.78 0.18 
1640 146.18 -8.6 137.58 0.76 907 3719 19.89 0.18 
1660 145.54 -8.62 136.92 0.762 918 3775 20.13 0.19 
1680 145.65 -8.58 137.08 0.767 928 3843 20.35 0.19 
1700 145.51 -8.65 136.86 0.765 935 3896 20.5 0.19 
1720 144.92 -8.48 136.44 0.768 944 3946 20.7 0.2 
1740 144.98 -8.57 136.42 0.771 950 4008 20.83 0.2 
1760 144.35 -8.45 135.91 0.773 957 4071 20.99 0.2 
1780 144.0 -8.28 135.73 0.769 966 4127 21.18 0.21 
1800 143.73 -8.2 135.53 0.776 977 4179 21.43 0.21 
1820 143.56 -8.27 135.3 0.775 985 4236 21.6 0.21 
1840 142.83 -8.16 134.67 0.774 992 4290 21.75 0.21 
1860 142.92 -8.03 134.89 0.779 1002 4352 21.97 0.22 
1880 141.97 -8.05 133.92 0.782 1015 4409 22.26 0.22 
1900 142.0 -7.98 134.01 0.783 1023 4475 22.43 0.22 
1920 141.73 -7.96 133.77 0.784 1031 4526 22.61 0.23 
1940 141.41 -7.85 133.56 0.784 1041 4582 22.83 0.23 
1960 140.99 -7.75 133.24 0.788 1049 4640 23.0 0.23 
1980 140.56 -7.55 133.01 0.788 1055 4691 23.14 0.23 
2000 140.69 -7.55 133.14 0.79 1062 4748 23.29 0.24 
2020 140.2 -7.42 132.79 0.791 1070 4807 23.46 0.24 
2040 139.96 -7.32 132.64 0.793 1080 4867 23.68 0.24 
2060 139.31 -7.26 132.05 0.791 1087 4933 23.84 0.25 
2080 139.01 -7.14 131.86 0.794 1095 4990 24.01 0.25 
2100 138.42 -7.05 131.37 0.795 1106 5056 24.25 0.25 
2120 137.58 -7.03 130.55 0.795 1116 5108 24.47 0.25 
2140 136.95 -7.12 129.83 0.799 1121 5174 24.58 0.26 
2160 137.02 -7.0 130.02 0.801 1132 5235 24.82 0.26 
2180 137.23 -6.92 130.3 0.798 1138 5292 24.96 0.26 
2200 137.26 -6.86 130.41 0.8 1147 5349 25.15 0.27 
2220 136.29 -6.66 129.64 0.804 1153 5406 25.29 0.27 
2240 135.56 -6.65 128.91 0.804 1158 5465 25.39 0.27 
2260 135.21 -6.45 128.75 0.805 1166 5520 25.57 0.27 
2280 134.99 -6.38 128.61 0.806 1168 5585 25.61 0.28 
2300 135.16 -6.27 128.88 0.809 1174 5645 25.75 0.28 
2320 135.23 -6.17 129.06 0.807 1180 5703 25.88 0.28 
2340 135.08 -6.02 129.06 0.81 1191 5762 26.12 0.29 
2360 134.43 -5.97 128.46 0.812 1198 5826 26.27 0.29 
2380 133.94 -5.78 128.16 0.812 1205 5881 26.43 0.29 
2400 133.78 -5.69 128.1 0.813 1210 5951 26.54 0.3 
2420 133.75 -5.52 128.24 0.814 1218 6010 26.71 0.3 
2440 133.2 -5.36 127.85 0.816 1227 6070 26.91 0.3 
2460 133.0 -5.16 127.84 0.814 1237 6133 27.13 0.3 
2480 132.14 -5.03 127.11 0.815 1246 6192 27.32 0.31 
2500 132.04 -4.9 127.15 0.818 1255 6251 27.52 0.31 
2520 132.19 -4.82 127.38 0.816 1262 6309 27.68 0.31 
2540 131.52 -4.76 126.76 0.817 1269 6364 27.83 0.32 
2560 131.2 -4.61 126.6 0.822 1279 6422 28.05 0.32 
2580 131.03 -4.52 126.52 0.823 1286 6483 28.2 0.32 
2600 131.22 -4.5 126.72 0.824 1293 6547 28.36 0.33 
2620 131.24 -4.41 126.83 0.824 1300 6611 28.51 0.33 
2640 130.75 -4.31 126.45 0.823 1308 6674 28.68 0.33 
2660 130.51 -4.2 126.31 0.825 1314 6741 28.82 0.34 
2680 129.93 -4.07 125.86 0.828 1322 6800 28.99 0.34 
2700 129.57 -3.91 125.66 0.828 1326 6861 29.08 0.34 
2720 128.8 -3.77 125.03 0.826 1331 6924 29.19 0.34 
2740 128.6 -3.71 124.89 0.829 1342 6981 29.43 0.35 
2760 128.34 -3.58 124.76 0.829 1348 7044 29.56 0.35 
2780 128.41 -3.42 124.99 0.832 1353 7114 29.67 0.35 
2800 128.43 -3.24 125.19 0.83 1359 7178 29.8 0.36 
2820 128.0 -3.03 124.98 0.832 1366 7241 29.96 0.36 
2840 127.54 -2.87 124.67 0.833 1371 7295 30.07 0.36 
2860 127.1 -2.65 124.46 0.832 1377 7358 30.2 0.37 
2880 126.97 -2.48 124.49 0.831 1385 7422 30.37 0.37 
2900 126.95 -2.37 124.58 0.832 1391 7475 30.5 0.37 
2920 126.36 -2.27 124.09 0.833 1400 7532 30.7 0.37 
2940 126.03 -2.03 123.99 0.837 1408 7589 30.88 0.38 
2960 126.2 -1.88 124.32 0.836 1412 7655 30.96 0.38 
2980 126.07 -1.7 124.37 0.836 1418 7711 31.1 0.38 
3000 125.54 -1.32 124.21 0.84 1423 7763 31.21 0.39 
3020 124.8 -1.19 123.61 0.841 1427 7823 31.29 0.39 
3040 124.24 -0.97 123.27 0.842 1433 7885 31.43 0.39 
3060 123.67 -0.78 122.89 0.844 1440 7951 31.58 0.4 
3080 123.63 -0.62 123.01 0.843 1444 8012 31.67 0.4 
3100 123.39 -0.5 122.88 0.844 1448 8077 31.75 0.4 
3120 122.78 -0.19 122.59 0.845 1457 8136 31.95 0.4 
3140 122.83 0.07 122.89 0.846 1459 8199 32.0 0.41 
3160 122.91 0.17 123.08 0.846 1465 8270 32.13 0.41 
3180 122.35 0.38 122.73 0.847 1475 8325 32.35 0.41 
3200 122.31 0.51 122.82 0.846 1482 8397 32.5 0.42 
3220 121.82 0.6 122.42 0.85 1491 8469 32.7 0.42 
3240 121.96 0.78 122.74 0.848 1497 8535 32.83 0.42 
3260 121.29 0.94 122.23 0.849 1504 8601 32.98 0.43 
3280 121.36 1.14 122.51 0.849 1509 8661 33.09 0.43 
3300 120.61 1.32 121.92 0.849 1512 8727 33.16 0.43 
3320 120.07 1.48 121.55 0.852 1519 8789 33.31 0.44 
3340 120.42 1.63 122.05 0.852 1524 8853 33.42 0.44 
3360 119.59 1.72 121.3 0.852 1526 8907 33.46 0.44 
3380 119.7 1.85 121.55 0.853 1533 8976 33.62 0.45 
3400 118.78 2.01 120.79 0.852 1540 9036 33.77 0.45 
3420 118.9 2.14 121.04 0.854 1547 9099 33.93 0.45 
3440 119.14 2.36 121.5 0.854 1552 9161 34.04 0.46 
3460 118.88 2.56 121.44 0.854 1558 9224 34.17 0.46 
3480 118.83 2.76 121.59 0.856 1563 9286 34.28 0.46 
3500 118.11 2.98 121.1 0.856 1571 9349 34.45 0.46 
3520 118.02 3.18 121.2 0.857 1576 9418 34.56 0.47 
3540 118.22 3.41 121.63 0.857 1579 9481 34.63 0.47 
3560 117.76 3.68 121.45 0.86 1586 9557 34.78 0.48 
3580 117.43 3.88 121.32 0.86 1596 9616 35.0 0.48 
3600 116.88 4.01 120.88 0.861 1602 9684 35.13 0.48 
3620 116.67 4.12 120.78 0.861 1611 9741 35.33 0.48 
3640 116.66 4.28 120.94 0.859 1615 9810 35.42 0.49 
3660 116.49 4.47 120.96 0.86 1621 9880 35.55 0.49 
3680 116.14 4.58 120.72 0.86 1624 9953 35.61 0.49 
3700 115.77 4.87 120.64 0.86 1631 10014 35.77 0.5 
3720 115.44 5.08 120.51 0.86 1639 10078 35.94 0.5 
3740 115.32 5.2 120.53 0.86 1647 10143 36.12 0.5 
3760 115.3 5.39 120.69 0.861 1651 10210 36.21 0.51 
3780 114.87 5.6 120.46 0.862 1654 10282 36.27 0.51 
3800 115.02 5.88 120.9 0.862 1658 10349 36.36 0.51 
3820 114.27 6.0 120.28 0.865 1665 10410 36.51 0.52 
3840 113.86 6.08 119.94 0.864 1670 10474 36.62 0.52 
3860 113.75 6.26 120.01 0.864 1673 10537 36.69 0.52 
3880 113.65 6.43 120.08 0.865 1677 10602 36.78 0.53 
3900 113.35 6.61 119.96 0.864 1681 10668 36.86 0.53 
3920 113.45 6.79 120.24 0.866 1685 10729 36.95 0.53 
3940 112.69 7.06 119.74 0.865 1692 10783 37.11 0.54 
3960 112.63 7.23 119.86 0.866 1697 10846 37.21 0.54 
3980 112.54 7.39 119.93 0.865 1702 10913 37.32 0.54 
4000 112.0 7.55 119.55 0.867 1710 10978 37.5 0.55 
4020 111.67 7.72 119.39 0.867 1714 11053 37.59 0.55 
4040 112.03 7.85 119.88 0.867 1719 11122 37.7 0.55 
4060 112.13 7.96 120.09 0.865 1726 11188 37.85 0.56 
4080 111.3 8.19 119.49 0.867 1731 11255 37.96 0.56 
4100 111.18 8.37 119.54 0.868 1736 11322 38.07 0.56 
4120 110.86 8.51 119.37 0.868 1741 11381 38.18 0.57 
4140 110.46 8.61 119.08 0.866 1747 11447 38.31 0.57 
4160 110.02 8.77 118.79 0.868 1753 11513 38.44 0.57 
4180 110.69 8.93 119.62 0.869 1759 11579 38.57 0.58 
4200 110.47 9.05 119.52 0.868 1768 11646 38.77 0.58 
4220 110.19 9.15 119.33 0.868 1772 11710 38.86 0.58 
4240 110.03 9.38 119.41 0.87 1775 11779 38.93 0.59 
4260 109.22 9.54 118.75 0.871 1780 11850 39.04 0.59 
4280 109.71 9.62 119.33 0.869 1784 11912 39.12 0.59 
4300 109.28 9.79 119.06 0.872 1789 11979 39.23 0.6 
4320 108.88 10.06 118.94 0.873 1793 12044 39.32 0.6 
4340 108.69 10.3 118.99 0.872 1796 12118 39.39 0.6 
4360 108.79 10.49 119.28 0.873 1799 12178 39.45 0.61 
4380 108.38 10.66 119.04 0.873 1806 12249 39.61 0.61 
4400 108.01 10.89 118.89 0.872 1815 12310 39.8 0.61 
4420 107.83 11.11 118.94 0.873 1822 12362 39.96 0.61 
4440 107.35 11.27 118.62 0.872 1825 12429 40.02 0.62 
4460 107.43 11.54 118.98 0.874 1830 12502 40.13 0.62 
4480 107.01 11.72 118.73 0.873 1835 12564 40.24 0.62 
4500 106.98 11.94 118.93 0.875 1840 12631 40.35 0.63 
4520 106.94 12.23 119.17 0.875 1848 12699 40.53 0.63 
4540 106.4 12.39 118.78 0.875 1856 12765 40.7 0.63 
4560 106.2 12.56 118.76 0.876 1863 12830 40.86 0.64 
4580 105.88 12.75 118.63 0.876 1867 12889 40.94 0.64 
4600 105.41 12.86 118.27 0.877 1872 12957 41.05 0.64 
4620 105.26 13.05 118.31 0.876 1875 13025 41.12 0.65 
4640 104.9 13.16 118.06 0.878 1880 13094 41.23 0.65 
4660 105.05 13.34 118.38 0.877 1886 13162 41.36 0.65 
4680 104.15 13.57 117.72 0.878 1892 13231 41.49 0.66 
4700 104.25 13.73 117.98 0.877 1896 13295 41.58 0.66 
4720 103.9 13.93 117.83 0.879 1901 13356 41.69 0.66 
4740 103.92 14.08 118.01 0.878 1902 13428 41.71 0.67 
4760 103.59 14.23 117.82 0.879 1906 13485 41.8 0.67 
4780 103.83 14.34 118.17 0.879 1906 13561 41.8 0.67 
4800 103.89 14.58 118.46 0.879 1912 13625 41.93 0.68 
4820 103.65 14.73 118.38 0.88 1917 13698 42.04 0.68 
4840 103.05 14.99 118.04 0.881 1921 13753 42.13 0.68 
4860 102.86 15.15 118.01 0.881 1925 13814 42.21 0.69 
4880 102.58 15.35 117.93 0.88 1928 13882 42.28 0.69 
4900 102.0 15.56 117.55 0.881 1933 13943 42.39 0.69 
4920 102.19 15.65 117.84 0.881 1935 14012 42.43 0.7 
4940 102.02 15.93 117.95 0.882 1942 14066 42.59 0.7 
4960 102.71 16.13 118.83 0.882 1946 14126 42.68 0.7 
4980 102.05 16.36 118.42 0.884 1951 14192 42.79 0.71 
5000 101.55 16.58 118.14 0.884 1955 14262 42.87 0.71 
5020 101.37 16.79 118.15 0.883 1960 14328 42.98 0.71 
5040 101.27 16.99 118.26 0.881 1964 14395 43.07 0.72 
