20 196.12 0.03 196.15 0.095 19 97 0.42 0.0 
40 192.04 -0.04 192.0 0.174 39 224 0.86 0.01 
60 189.14 -0.19 188.95 0.235 58 367 1.27 0.02 
80 186.77 -0.33 186.44 0.28 77 521 1.69 0.03 
100 183.23 -0.27 182.96 0.34 97 667 2.13 0.03 
120 180.79 -0.16 180.64 0.374 117 840 2.57 0.04 
140 178.41 -0.09 178.32 0.416 136 977 2.98 0.05 
160 176.8 0.09 176.88 0.439 156 1117 3.42 0.06 
180 174.49 0.14 174.64 0.476 173 1273 3.79 0.06 
200 171.94 0.16 172.1 0.514 192 1431 4.21 0.07 
220 170.14 0.31 170.45 0.528 207 1600 4.54 0.08 
240 167.48 0.46 167.94 0.554 225 1785 4.93 0.09 
260 165.76 0.63 166.39 0.573 243 1967 5.33 0.1 
280 163.1 0.82 163.93 0.599 260 2140 5.7 0.11 
300 160.83 1.0 161.83 0.619 279 2330 6.12 0.12 
320 158.84 1.18 160.01 0.639 297 2544 6.51 0.13 
340 156.88 1.38 158.27 0.652 316 2754 6.93 0.14 
360 155.4 1.63 157.03 0.659 333 2983 7.3 0.15 
380 152.58 1.81 154.39 0.675 349 3174 7.65 0.16 
400 151.46 1.96 153.42 0.687 367 3367 8.05 0.17 
420 150.14 2.09 152.23 0.696 386 3589 8.46 0.18 
440 149.38 2.28 151.66 0.707 405 3809 8.88 0.19 
460 147.98 2.46 150.43 0.715 422 4043 9.25 0.2 
480 145.83 2.64 148.47 0.722 438 4291 9.61 0.21 
500 144.71 2.85 147.56 0.732 453 4541 9.93 0.23 
520 142.93 3.07 145.99 0.741 470 4784 10.31 0.24 
540 141.16 3.34 144.5 0.747 489 5029 10.72 0.25 
560 139.4 3.68 143.08 0.752 504 5236 11.05 0.26 
580 138.29 4.13 142.42 0.755 521 5470 11.43 0.27 
600 136.86 4.34 141.19 0.763 536 5666 11.75 0.28 
620 135.75 4.79 140.54 0.769 551 5942 12.08 0.3 
640 134.19 5.0 139.2 0.774 563 6167 12.35 0.31 
660 133.56 5.24 138.8 0.773 581 6449 12.74 0.32 
680 132.89 5.56 138.45 0.781 598 6719 13.11 0.33 
700 131.48 5.8 137.28 0.784 615 6958 13.49 0.35 
720 129.87 6.0 135.87 0.787 629 7202 13.79 0.36 
740 128.16 6.41 134.57 0.794 646 7472 14.17 0.37 
760 128.03 6.8 134.82 0.797 662 7724 14.52 0.38 
780 127.13 7.01 134.14 0.798 676 7938 14.82 0.39 
800 126.06 7.35 133.42 0.803 692 8191 15.18 0.41 
820 124.74 7.68 132.42 0.809 707 8457 15.5 0.42 
840 123.25 7.95 131.2 0.812 723 8753 15.86 0.44 
860 122.15 8.29 130.43 0.816 740 8998 16.23 0.45 
880 120.85 8.67 129.53 0.821 757 9268 16.6 0.46 
900 119.83 9.02 128.84 0.822 771 9503 16.91 0.47 
920 118.28 9.42 127.7 0.826 791 9789 17.35 0.49 
940 117.74 9.69 127.43 0.828 803 10072 17.61 0.5 
960 116.47 9.96 126.43 0.83 817 10355 17.92 0.51 
980 115.83 10.33 126.15 0.831 832 10613 18.25 0.53 
1000 114.55 10.81 125.35 0.834 846 10878 18.55 0.54 
1020 112.91 11.17 124.07 0.837 863 11146 18.93 0.55 
1040 112.33 11.6 123.93 0.837 875 11435 19.19 0.57 
1060 110.94 11.98 122.92 0.839 893 11728 19.58 0.58 
1080 110.65 12.35 123.0 0.842 905 11978 19.85 0.6 
1100 109.87 12.86 122.73 0.844 924 12278 20.26 0.61 
1120 108.99 13.27 122.26 0.844 937 12557 20.55 0.62 
1140 107.78 13.71 121.49 0.847 951 12826 20.86 0.64 
1160 106.51 14.12 120.63 0.85 969 13092 21.25 0.65 
1180 105.94 14.6 120.54 0.849 985 13358 21.6 0.66 
1200 104.59 14.96 119.55 0.852 998 13625 21.89 0.68 
1220 103.48 15.36 118.84 0.852 1014 13905 22.24 0.69 
1240 102.99 15.81 118.8 0.855 1028 14184 22.54 0.71 
1260 101.77 16.15 117.92 0.856 1038 14465 22.76 0.72 
1280 101.02 16.48 117.5 0.858 1054 14758 23.11 0.73 
1300 99.79 16.83 116.62 0.861 1072 15002 23.51 0.75 
1320 99.18 17.19 116.37 0.86 1086 15262 23.82 0.76 
1340 97.77 17.66 115.43 0.86 1103 15535 24.19 0.77 
1360 97.28 18.04 115.32 0.865 1120 15798 24.56 0.79 
1380 95.83 18.45 114.28 0.866 1132 16096 24.82 0.8 
1400 95.27 18.78 114.05 0.868 1145 16356 25.11 0.81 
1420 93.79 19.3 113.09 0.868 1163 16650 25.5 0.83 
1440 93.34 19.71 113.05 0.869 1178 16947 25.83 0.84 
1460 92.31 20.02 112.33 0.87 1189 17248 26.07 0.86 
1480 92.43 20.4 112.83 0.871 1202 17547 26.36 0.87 
1500 91.59 20.84 112.43 0.87 1214 17816 26.62 0.89 
1520 90.41 21.28 111.68 0.873 1228 18099 26.93 0.9 
1540 89.45 21.7 111.15 0.874 1243 18388 27.26 0.91 
1560 88.29 22.18 110.47 0.876 1262 18671 27.68 0.93 
1580 87.23 22.57 109.8 0.879 1274 18968 27.94 0.94 
1600 86.73 22.96 109.69 0.877 1288 19264 28.25 0.96 
1620 85.65 23.39 109.04 0.879 1303 19540 28.57 0.97 
1640 85.04 23.73 108.77 0.881 1316 19847 28.86 0.99 
1660 84.73 24.1 108.83 0.881 1332 20130 29.21 1.0 
1680 83.76 24.53 108.29 0.882 1348 20397 29.56 1.01 
1700 82.92 24.88 107.8 0.883 1361 20651 29.85 1.03 
1720 82.05 25.21 107.25 0.883 1377 20946 30.2 1.04 
1740 82.01 25.58 107.58 0.885 1390 21251 30.48 1.06 
1760 81.35 25.98 107.33 0.885 1398 21543 30.66 1.07 
1780 80.93 26.39 107.31 0.887 1413 21816 30.99 1.08 
1800 79.45 26.8 106.25 0.887 1425 22081 31.25 1.1 
1820 79.52 27.22 106.75 0.889 1434 22384 31.45 1.11 
1840 79.08 27.61 106.69 0.887 1449 22683 31.78 1.13 
1860 78.49 28.05 106.53 0.887 1465 22973 32.13 1.14 
1880 77.49 28.46 105.95 0.89 1474 23249 32.32 1.16 
1900 75.88 28.92 104.79 0.892 1488 23524 32.63 1.17 
1920 76.18 29.35 105.52 0.891 1499 23794 32.87 1.18 
1940 75.57 29.74 105.31 0.892 1510 24094 33.11 1.2 
1960 74.55 30.2 104.75 0.893 1521 24383 33.36 1.21 
1980 73.72 30.62 104.35 0.896 1536 24666 33.68 1.23 
2000 72.69 31.13 103.82 0.895 1548 24954 33.95 1.24 
2020 72.55 31.59 104.14 0.895 1562 25236 34.25 1.25 
2040 71.73 32.03 103.76 0.896 1575 25520 34.54 1.27 
2060 71.38 32.41 103.79 0.898 1583 25817 34.71 1.28 
2080 70.06 32.88 102.94 0.898 1600 26095 35.09 1.3 
2100 69.51 33.3 102.82 0.899 1611 26378 35.33 1.31 
2120 69.09 33.62 102.72 0.901 1622 26658 35.57 1.33 
