20 353.87 0.68 354.54 0.062 19 56 0.08 0.0 
40 348.82 1.01 349.83 0.157 39 118 0.16 0.0 
60 344.83 1.34 346.16 0.247 59 180 0.24 0.0 
80 341.32 1.87 343.19 0.329 79 265 0.32 0.0 
100 337.22 2.26 339.48 0.4 96 339 0.39 0.0 
120 334.3 2.87 337.17 0.46 115 419 0.47 0.0 
140 331.46 3.25 334.71 0.48 132 529 0.54 0.0 
160 328.31 3.75 332.05 0.517 152 625 0.62 0.01 
180 323.44 4.31 327.75 0.546 172 737 0.7 0.01 
200 322.19 4.58 326.78 0.571 190 844 0.77 0.01 
220 319.42 5.05 324.47 0.591 206 953 0.84 0.01 
240 317.2 5.71 322.91 0.606 225 1096 0.92 0.01 
260 315.46 6.29 321.75 0.636 241 1220 0.98 0.01 
280 312.03 6.82 318.85 0.66 257 1318 1.05 0.01 
300 311.12 7.46 318.57 0.673 275 1448 1.12 0.01 
320 306.97 8.16 315.13 0.686 293 1578 1.19 0.01 
340 304.64 8.81 313.45 0.706 312 1722 1.27 0.02 
360 301.43 9.29 310.71 0.718 327 1881 1.33 0.02 
380 300.13 10.03 310.17 0.729 347 2047 1.41 0.02 
400 296.9 10.63 307.54 0.74 365 2193 1.49 0.02 
420 296.7 11.28 307.98 0.745 378 2345 1.54 0.02 
440 295.19 11.82 307.01 0.752 395 2519 1.61 0.02 
460 291.78 12.42 304.2 0.763 409 2679 1.67 0.02 
480 290.94 13.02 303.96 0.769 426 2847 1.74 0.03 
500 288.79 13.75 302.54 0.778 442 3002 1.8 0.03 
520 286.85 14.15 301.0 0.787 458 3182 1.87 0.03 
540 284.85 14.64 299.49 0.796 472 3310 1.92 0.03 
560 282.77 15.4 298.17 0.803 486 3487 1.98 0.03 
580 281.03 16.2 297.23 0.809 500 3671 2.04 0.03 
600 279.25 16.85 296.1 0.814 515 3835 2.1 0.04 
620 277.21 17.71 294.92 0.818 531 4019 2.16 0.04 
640 276.0 18.33 294.33 0.822 543 4217 2.21 0.04 
660 273.38 18.94 292.32 0.827 558 4405 2.27 0.04 
680 271.49 19.51 291.0 0.83 572 4579 2.33 0.04 
700 269.6 20.2 289.8 0.835 589 4786 2.4 0.04 
720 267.49 20.96 288.45 0.838 602 4975 2.45 0.05 
740 265.31 21.48 286.79 0.84 619 5135 2.52 0.05 
760 263.4 22.09 285.49 0.843 634 5358 2.58 0.05 
780 262.25 22.86 285.11 0.848 651 5551 2.65 0.05 
800 260.35 23.52 283.88 0.849 669 5746 2.73 0.05 
820 258.88 24.28 283.16 0.852 683 5960 2.78 0.06 
840 257.68 24.87 282.54 0.854 695 6175 2.83 0.06 
860 256.58 25.5 282.08 0.859 710 6397 2.89 0.06 
880 254.66 26.16 280.82 0.86 727 6654 2.96 0.06 
900 253.27 26.7 279.96 0.864 742 6882 3.02 0.06 
920 250.98 27.16 278.14 0.866 757 7068 3.09 0.07 
940 248.7 27.75 276.46 0.87 771 7286 3.14 0.07 
960 247.54 28.47 276.01 0.87 782 7535 3.19 0.07 
980 246.51 29.17 275.69 0.871 794 7775 3.24 0.07 
1000 245.48 29.86 275.34 0.873 808 8034 3.29 0.07 
1020 243.33 30.57 273.9 0.876 823 8247 3.35 0.08 
1040 242.57 31.27 273.84 0.879 841 8486 3.43 0.08 
1060 241.61 31.89 273.5 0.879 855 8729 3.49 0.08 
1080 239.77 32.6 272.36 0.882 870 8974 3.55 0.08 
1100 236.96 33.29 270.26 0.884 888 9204 3.62 0.09 
1120 236.24 34.0 270.23 0.885 907 9459 3.7 0.09 
1140 234.24 34.63 268.86 0.888 921 9710 3.75 0.09 
1160 233.57 35.4 268.97 0.887 939 9927 3.83 0.09 
1180 231.88 36.12 267.99 0.89 957 10156 3.9 0.09 
1200 229.07 36.74 265.81 0.892 973 10363 3.97 0.1 
1220 228.01 37.53 265.55 0.893 989 10653 4.03 0.1 
1240 225.84 38.21 264.05 0.894 1003 10911 4.09 0.1 
1260 225.49 38.95 264.43 0.895 1018 11183 4.15 0.1 
1280 223.87 39.62 263.49 0.897 1033 11450 4.21 0.11 
1300 223.03 40.33 263.37 0.9 1046 11726 4.26 0.11 
