20 357.8 0.3 358.09 0.089 19 30 0.08 0.0 
40 353.87 0.43 354.3 0.154 39 68 0.16 0.0 
60 351.1 0.43 351.52 0.207 59 109 0.24 0.0 
80 350.43 0.43 350.86 0.262 79 153 0.32 0.0 
100 348.21 0.5 348.71 0.343 99 198 0.4 0.0 
120 345.54 0.59 346.13 0.394 118 246 0.48 0.0 
140 341.89 0.96 342.85 0.445 138 292 0.56 0.0 
160 341.24 1.36 342.6 0.497 157 335 0.64 0.0 
180 338.97 1.67 340.65 0.53 176 386 0.72 0.0 
200 336.23 1.77 338.0 0.566 192 429 0.78 0.0 
220 334.56 1.83 336.4 0.586 211 480 0.86 0.0 
240 331.69 2.0 333.69 0.602 229 538 0.93 0.0 
260 329.65 2.08 331.73 0.62 247 589 1.01 0.01 
280 328.03 2.22 330.26 0.639 264 643 1.08 0.01 
300 327.01 2.33 329.34 0.652 284 697 1.16 0.01 
320 326.02 2.31 328.33 0.675 303 749 1.24 0.01 
340 325.94 2.36 328.3 0.685 318 805 1.3 0.01 
360 324.11 2.4 326.51 0.699 334 868 1.36 0.01 
380 323.95 2.6 326.55 0.705 352 925 1.43 0.01 
400 322.28 2.76 325.03 0.715 366 993 1.49 0.01 
420 321.18 2.81 323.98 0.722 385 1057 1.57 0.01 
440 320.98 2.79 323.76 0.736 399 1125 1.63 0.01 
460 319.44 2.87 322.3 0.743 416 1187 1.7 0.01 
480 318.41 2.89 321.29 0.751 432 1256 1.76 0.01 
500 317.0 2.83 319.84 0.757 450 1320 1.83 0.01 
520 315.32 3.13 318.45 0.766 466 1384 1.9 0.01 
540 314.58 3.27 317.84 0.768 482 1461 1.96 0.01 
560 314.77 3.37 318.14 0.774 499 1534 2.03 0.01 
580 312.08 3.4 315.48 0.783 513 1606 2.09 0.01 
600 311.26 3.54 314.79 0.784 530 1679 2.16 0.02 
620 309.81 3.78 313.59 0.793 544 1749 2.22 0.02 
640 308.49 3.68 312.17 0.802 557 1815 2.27 0.02 
660 308.71 3.71 312.42 0.808 573 1880 2.34 0.02 
680 306.44 3.53 309.97 0.813 588 1955 2.4 0.02 
700 305.3 3.6 308.9 0.818 604 2032 2.46 0.02 
720 305.03 3.72 308.76 0.82 621 2116 2.53 0.02 
740 304.13 3.84 307.97 0.825 639 2185 2.6 0.02 
760 303.47 3.82 307.29 0.827 653 2260 2.66 0.02 
780 303.18 3.78 306.96 0.829 669 2343 2.73 0.02 
800 301.71 3.86 305.56 0.832 686 2429 2.8 0.02 
820 301.38 3.89 305.27 0.837 706 2502 2.88 0.02 
840 300.37 3.85 304.23 0.839 720 2574 2.94 0.02 
860 300.05 3.76 303.81 0.843 734 2657 2.99 0.02 
880 299.31 3.93 303.25 0.844 749 2734 3.05 0.03 
900 299.01 4.05 303.06 0.849 765 2800 3.12 0.03 
920 298.29 4.06 302.35 0.853 779 2880 3.18 0.03 
940 297.98 4.12 302.09 0.853 793 2953 3.23 0.03 
960 297.23 4.12 301.35 0.857 808 3039 3.29 0.03 
980 295.43 4.21 299.64 0.859 825 3128 3.36 0.03 
1000 294.48 4.32 298.79 0.863 837 3214 3.41 0.03 
1020 294.73 4.29 299.03 0.866 852 3294 3.47 0.03 
1040 294.02 4.42 298.44 0.868 869 3384 3.54 0.03 
1060 293.92 4.4 298.32 0.871 883 3473 3.6 0.03 
1080 292.8 4.35 297.15 0.871 898 3556 3.66 0.03 
1100 292.15 4.31 296.47 0.873 913 3636 3.72 0.03 
1120 292.32 4.25 296.57 0.876 925 3727 3.77 0.03 
1140 291.05 4.39 295.44 0.878 939 3808 3.83 0.04 
1160 290.7 4.52 295.22 0.878 954 3914 3.89 0.04 
1180 289.69 4.56 294.25 0.88 968 4014 3.95 0.04 
1200 289.3 4.77 294.07 0.882 985 4091 4.02 0.04 
1220 289.76 4.74 294.5 0.886 995 4193 4.06 0.04 
1240 289.46 4.83 294.29 0.888 1010 4285 4.12 0.04 
1260 287.74 5.03 292.77 0.889 1023 4372 4.17 0.04 
1280 287.19 5.09 292.28 0.888 1036 4476 4.22 0.04 
1300 286.26 5.14 291.4 0.89 1052 4565 4.29 0.04 
1320 285.85 5.06 290.9 0.891 1068 4669 4.35 0.04 
1340 285.09 5.13 290.22 0.892 1083 4760 4.41 0.04 
1360 284.6 5.05 289.65 0.895 1095 4851 4.46 0.04 
1380 284.59 5.15 289.74 0.898 1111 4943 4.53 0.05 
1400 283.06 5.22 288.29 0.898 1122 5032 4.57 0.05 
1420 282.51 5.22 287.73 0.9 1135 5132 4.63 0.05 
