
0.55857754
0.5375479
0.5354426
0.5156739
0.5488609
0.5207415
0.50368834
0.5083493
0.5038675
0.5397684
0.5182114
0.52878594
0.50267535
0.52567637
0.50059307
0.5063536
0.5168536
0.49450666
0.51797223
0.5181867
0.47312003
0.47140095
0.46926644
0.47865337
0.48655078
0.4977333
0.49320036
0.45466492
0.45916194
0.4793649
0.47001457
0.48036757
0.4630766
0.46011272
0.47575822
0.4629246
0.4493892
0.44907874
0.4566631
0.4631989
0.4485115
0.45711148
0.4446628
0.44283122
0.45186815
0.44898263
0.43308398
0.46179944
0.42987397
0.4323053
0.4133854
0.4081521
0.4009449
0.42615494
0.41065377
0.41273707
0.39440253
0.39793968
0.4031267
0.39607775
0.3893567
0.39343253
0.3865137
0.39615422
0.39931348
0.39539167
0.40142018
0.40523022
0.38894904
0.37825593
0.37100562
0.37925223
0.38895732
0.3745467
0.36664233
0.36460495
0.36529306
0.36169642
0.36219507
0.3784473
0.35840097
0.36902463
0.34685096
0.3480004
0.35256863
0.341835
0.35510278
0.3638798
0.35674715
0.3515938
0.35145366
0.35367686
0.34337607
0.34659362
0.33942977
0.3463604
0.3536039
0.34027168
0.35629767
0.34971097
0.35131118
0.34870186
0.34083068
0.34633797
0.3448028
0.33129466
0.3378918
0.3300202
0.33232015
0.3331463
0.3228217
0.33220342
0.3270256
0.30857125
0.31932402
0.31211087
0.31735453
0.30994844
0.3096609
0.30832645
0.3071551
0.3165016
0.3116057
0.31185848
0.30984464
0.3040068
0.31302226
0.30852604
0.3145681
0.30532682
0.30287412
0.31094655
0.29985067
0.2945407
0.30705565
0.29972875
0.3019655
0.29857427
0.297895
0.31032085
0.29103586
0.29499596
0.2916686
0.2919015
0.29295594
0.28952798
0.29470655
0.30311778
0.29181457
0.29113686
0.28781292
0.30374753
0.28861737
0.28745595
0.2891017
0.29095808
0.2804802
0.28397438
0.28130868
0.28235626
0.28534758
0.28614357
0.29173726
0.29305187
0.28428793
0.28416672
0.2830388
0.29134542
0.28895742
0.28711212
0.29014158
0.28396115
0.27528575
0.27262095
0.27501094
0.27654523
0.27325478
0.27901322
0.26922613
0.27653506
0.2741385
0.27700403
0.27049202
0.27116627
0.268365
0.27248845
0.27598578
0.2706965
0.27888834
0.27132204
0.27289212
0.2695175
0.27571514
0.2699971
0.27519283
0.2726327
0.28697497
0.27680743
0.27248484
0.27187613
0.26381356
0.2590537
0.26889348
0.2686365
0.27166057
0.27327946
0.2696702
0.26931506
0.27607828
0.27177706
0.26540452
0.26321554
0.26102903
0.26184714
0.25816685
0.26963824
0.25552332
0.25276852
0.25665152
0.25899282
0.26101387
0.25661975
0.26258612
0.26036537
0.30485144
0.26762262
0.27167797
0.25381422
0.2591386
0.25772667
0.26037797
0.2584535
0.25151715
0.25301287
0.24363175
0.24720997
0.24708436
0.24726483
0.25006264
0.24351811
0.24505194
0.24397893
0.2466467
0.24513458
0.24194568
0.2436275
0.25242725
0.24425249
0.24428149
0.23990406
0.2488476
0.2423912
0.24330167
0.24681762
0.23486225
0.2391647
0.23802328
0.23676395
0.2402595
0.24613254
0.23763497
0.24156742
0.23281197
0.2341235
0.23418668
0.23229173
0.23010734
0.2406839
0.2358311
0.22747317
0.22943398
0.23215966
0.22738567
0.23286079
0.22950883
0.23804606
0.22773525
0.23223163
0.25002277
0.22827771
0.23414837
0.2295981
0.22955436
0.2255738
0.23161423
0.22995856
0.22352897
0.23515782
0.22557646
0.22687602
0.22213916
0.22847827
0.22968067
0.2195121
0.22195105
0.22712135
0.21708088
0.22162062
0.2187444
0.22580487
0.22373693
0.22018307
0.22107978
0.22226273
0.223901
0.21843709
0.22069113
0.2182565
0.21864888
0.2175865
0.22157189
0.21944423
0.21489024
0.2241083
0.21823345
0.22096105
0.21785155
0.21997228
0.2245868
0.22184123
0.2175256
0.21862951
0.2169462
0.21246295
0.21308796
0.21205601
0.23150326
0.21579698
0.21908447
0.21156944
0.2090488
0.20984286
0.21175836
0.21053427
0.20886907
0.21476234
0.21029216
0.21042135
0.20584449
0.21216865
0.21894376
0.20623241
0.20980525
0.21122034
0.21079348
0.20527294
0.20758802
0.20721911
0.20701773
0.21307829
0.20422986
0.20181938
0.2062162
0.20332906
0.20869894
0.20474029
0.20075862
0.20291711
0.19756301
0.2001673
0.2000775
0.20868361
0.2068416
0.20501426
0.20720167
0.19997321
0.20428778
0.20268384
0.2077554
0.19705546
0.20527886
0.20731802
0.20059562
0.19803299
0.19538578
0.20632231
0.19403362
0.20572655
0.19720377
0.19630367
0.20020123
0.19849621
0.19515976
0.19750842
0.203487
0.19595934
0.20013061
0.19732769
0.20189959
0.19406514
0.20391859
0.19321041
0.19526258
0.19551004
0.19511221
0.19168852
0.19542998
0.19104832
0.19743182
0.19419792
0.19649996
0.19601391
0.19405769
0.19281021
0.19422011
0.19663404
0.18984108
0.1902681
0.19937886
0.19245398
0.18748815
0.18905815
0.19630508
0.18730143
0.19079843
0.19248134
0.19187255
0.19081038
0.19154352
0.1888964
0.18601407
0.18748587
0.19432929
0.18884051
0.20205952
0.1884102
0.1861357
0.18847586
0.18832995
0.19342129
0.18818134
0.1878079
0.1876754
0.18584596
0.18297474
0.18267994
0.1826342
0.18341877
0.18508868
0.18602099
0.18897206
0.18866624
0.18693066
0.1827319
0.18160264
0.18299861
0.18640476
0.1822923
0.1850579
0.18289803
0.17850688
0.18197647
0.1857657
0.18683396
0.17869121
0.18342647
0.18080726
0.18064442
0.18337865
0.18589905
0.18448833
0.18421195
0.17919213
0.17998265
0.17655845
0.17839687
0.18299949
0.1800617
0.18490218
0.18054685
0.17843801
0.17903484
0.1783367
0.18079881
0.1808013
0.1813867
0.18025883
0.17995197
0.17560028
0.17305088
0.17639935
0.1795612
0.17660408
0.17598136
0.17534168
0.17591064
0.17680182
0.17349526
0.17779554
0.17201118
0.17611359
0.17704354
0.17699572
0.17916378
0.17260332
0.17418507
0.17992893
0.17448343
0.17129712
0.17932923
0.1691026
0.17205349
0.16729908
0.17427489
0.1729516
0.1768269
0.17411546
0.17015119
0.168148
0.16935806
0.16772527
0.17177968
0.17942983
0.16663282
0.17394093
0.17024967
0.1712424
0.17116064
0.16991581
0.16939268
0.16979203
0.17031993
0.16888827
0.16726875
0.16762835
0.16934235
0.17330436
0.17168278
0.16888268
0.17346689
0.16978875
0.16839838
0.17582844
0.18248473
0.16906464
0.1679645
0.16932806
0.16944788
0.1771888
0.1682754
0.16569383
0.16424705
0.16463529
0.16383101
0.16650471
0.1595099
0.1636778
0.16263941
0.16720866
0.16170523
0.16411513
0.16153736
0.16987981
0.1741962
0.16706876
0.16081735
0.16830607
0.16988726
0.16885868
0.16478868
0.17100868
0.16278984
0.16443469
0.15970625
0.15952276
0.16735518
0.16782656
0.16478564
0.16149417
0.1595426
0.16225347
0.1595803
0.15965961
0.15727133
0.16643423
0.16046824
0.16074504
0.16089764
0.16225564
0.15844575
0.1693579
0.16113643
0.15630935
0.16109587
0.1645265
0.15868242
0.15946446
0.16290905
0.16290407
0.15830356
0.16106352
0.16310452
0.15629864
0.15571608
0.15650347
0.15694752
0.16586354
0.15806466
0.15495618
0.15834723
0.15337186
0.15782814
0.15641725
0.15845808
0.16140859
0.1534716
0.1628771
0.1604114
0.16270602
0.1574887
0.15534838
0.16064359
0.15225545
0.15871334
0.15640989
0.15605414
0.15376648
0.1625337
0.15837397
0.1501091
0.15165356
0.15336658
0.15596771
0.15898836
0.15007362
0.15701999
0.1583497
0.15564597
0.1503592
0.15096855
0.15366217
0.14876719
0.15550815
0.15563777
0.15271783
0.14875373
0.15460554
0.15124628
0.15710026
0.14888677
0.14740326
0.1498203
0.1493139
0.15213132
0.1482533
0.14746402
0.14960678
0.1483236
0.15088473
0.14950237
0.15278465
0.14990571
0.15271066
0.15098423
0.15197536
0.15478818
0.1491609
0.14664449
0.15205404
0.14822042
0.14538717
0.15334311
0.15033773
0.14644438
0.14576708
0.1441712
0.14616683
0.14885096
0.14974302
0.15593919
0.14816049
0.14755753
0.14635882
0.14508888
0.14988767
0.15083325
0.14723626
0.14898911
0.1487026
0.14945066
0.14744936
0.14454646
0.14384218
0.14673063
0.14850247
0.14503607
0.1475863
0.14377253
0.1477987
0.14414346
0.14247867
0.14347103
0.14294066
0.14483076
0.15083814
0.1434971
0.14520162
0.14306906
0.14198181
0.14430584
0.14447439
0.14144051
0.1458816
0.14217292
0.14521275
0.14402305
0.14251962
0.14389177
0.14858563
0.14369503
0.1407919
0.13962607
0.14294761
0.14207855
0.1392828
0.14556995
0.14453374
0.14286011
0.14546731
0.13829006
0.1439935
0.14342183
0.13998897
0.14044426
0.14057301
0.13810481
0.13976517
0.14037885
0.13924868
0.14391755
0.14096233
0.14223067
0.14023162
0.13839789
0.1439275
0.14016557
0.13841611
0.13843432
0.14033473
0.14153638
0.14087003
0.14156786
0.13701545
0.14461689
0.14043668
0.14157008
0.13999872
0.14152564
0.13891655
0.1412485
0.14041343
0.14539324
0.14077517
0.13907771
0.13713482
0.14522587
0.13535921
0.13636218
0.14230521
0.13567004
0.1398392
0.13620122
0.14019434
0.13680719
0.13842869
0.13504927
0.13567849
0.14024344
0.13879877
0.13779004
0.13887471
0.13350107
0.13789216
0.13870834
0.13401683
0.13555437
0.13271049
0.13380161
0.13629681
0.13390757
0.13843527
0.13402133
0.13811515
0.13513745
0.13329214
0.13262405
0.13479468
0.13401283
0.13353276
0.13554502
0.1320477
0.13213071
0.1308224
0.13221127
0.13270463
0.13362226
0.13511007
0.13434383
0.12964015
0.13663803
0.13107273
0.13230981
0.13344431
0.13167617
0.13248837
0.13171627
0.1314985
0.13161297
0.1313838
0.13251437
0.13589753
0.13324587
0.13748509
0.13181092
0.13346227
0.13048086
0.12903468
0.12978444
0.1328218
0.12920019
0.13152339
0.13306506
0.1348938
0.13233645
0.13235453
0.13031006
0.12860043
0.12910908
0.12830608
0.1327882
0.1334316
0.12943946
0.12652127
0.12705344
0.1289561
0.13028876
0.1339457
0.12898652
0.13020754
0.12755513
0.12852646
0.1345297
0.1298016
0.12930879
0.12990458
0.1308215
0.13716938
0.12806317
0.13096061
0.126748
0.12868713
0.13056506
0.12769409
0.12766017
0.12592062
0.12738116
0.12814789
0.12677652
0.1256537
0.12636237
0.12764876
0.12659684
0.125392
0.12937376
0.12770468
0.12651072
0.12822852
0.12775299
0.123804174
0.12791622
0.12669933
0.1282475
0.12643042
0.1267018
0.12560298
0.13057794
0.12569922
0.1257687
0.12603803
0.12669998
0.12434084
0.13140258
0.12810858
0.12282759
0.12730913
0.12537888
0.12386341
0.12813155
0.12657017
0.12677473
0.12434227
0.12735203
0.12428392
0.12859459
0.122664504
0.123154566
0.12527682
0.12872972
0.12315561
0.12600756
0.13048916
0.12340141
0.12596773
0.12276012
0.123687096
0.12295265
0.12432775
0.12832196
0.12399831
0.12735195
0.13108557
0.12317257
0.12268362
0.12346389
0.124812245
0.12290643
0.121404916
0.12675509
0.12305161
0.12138678
0.11969693
0.121301174
0.11920396
0.12262269
0.12430315
0.1254604
0.12364244
0.13022213
0.12080608
0.1232656
0.12317165
0.12306423
0.12334879
0.12081835
0.11861918
0.12112671
0.12397759
0.12206326
0.123852104
0.12398802
0.12576051
0.11858936
0.12053952
0.11939693
0.12150442
0.12156223
0.12280155
0.119491704
0.12015521
0.12166827
0.12018897
0.121218905
0.122229956
0.11923456
0.11796429
0.11939311
0.12220067
0.120304406
0.123256266
0.124581836
0.12044991
0.12420334
0.12222625
0.121226974
0.120048344
0.12502404
0.119050995
0.12456624
0.12030655
0.11989841
0.12064397
0.1269936
0.123578414
0.11725002
0.12043986
0.11820705
0.122796185
0.12263067
0.1197411
0.11785063
0.118584014
0.1231141
0.11823934
0.11804745
0.120424286
0.12086412
0.11802497
0.11914102
0.11920312
0.1218058
0.11755525
0.12030626
0.11381869
0.1217041
0.11670937
0.12336418
0.11706506
0.118136406
0.119241744
0.119659886
0.119824596
0.11603301
0.118053004
0.11721992
0.12129171
0.119517334
0.11713401
0.117723174
0.11888592
0.11627048
0.11679509
0.11765274
0.11736053
0.11599421
0.11584441
0.11526583
0.11710672
0.11544424
0.114823356
0.11662128
0.116792284
0.11775864
0.1164763
0.11523084
0.11574277
0.11427527
0.11712112
0.11880865
0.12255942
0.11904067
0.11681448
0.1182176
0.11619273
0.115675315
0.114879064
0.11562457
0.114583395
0.11354111
0.118378215
0.1126872
0.11538584
0.11588297
0.11440508
0.1166835
0.115113705
0.116851896
0.11515107
0.11327412
0.11550657
0.112709865
0.113663144
0.11337413
0.11311381
0.11328766
0.11256573
0.11535922
0.11310404
0.111850806
0.114524424
0.11283408
0.11300913
0.11183009
0.11241583
0.11576241
0.10986508
0.11159692
0.11395203
0.110875085
0.11382777
0.11060418
0.113843046
0.11803341
0.110513434
0.110964194
0.11256033
0.114110015
0.11161972
0.11331809
0.11077739
0.11180169
0.11249259
0.11095173
0.10950155
0.10974758
0.11415647
0.111062475
0.113446
0.1100395
0.110048406
0.11219536
0.10904835
0.11185426
0.11348884
0.109334216
0.109912485
0.1115318
0.11227853
0.11576005
0.111747794
0.11169167
0.1099006
0.111491345
0.10901041
0.11071297
0.11265174
0.11142332
0.10801503
0.10865649
0.1109062
0.10914962
0.11280347
0.11139801
0.11094612
0.110860564
0.1097595
0.10716178
0.11207269
0.11225796
0.112601586
0.108714595
0.109102346
0.110036165
0.108778216
0.109147854
0.1106049
0.10962071
0.11033407
0.10883449
0.10977497
0.108619094
0.10811978
0.11150695
0.1111462
0.10804368
0.11155121
0.109726265
0.112140596
0.1094499
0.10916331
0.11456512
0.107739314
0.11380688
0.10778663
0.10763121
0.107555136
0.10790306
0.110684
0.110555716
0.10665111
0.10706885
0.10857387
0.10667028
0.11004853
0.10902768
0.10651814
0.10793384
0.10661748
0.10962856
0.10702005
0.107612535
0.110337995
0.10638054
0.10742841
0.10725848
0.10736774
0.10457865
0.107324995
0.10850699
0.10756172
0.10805336
0.107887216
0.109509386
0.10682972
0.107941344
0.106161766
0.106797755
0.10652821
0.1098725
0.10657211
0.10584482
0.10628718
0.10958611
0.10581378
0.104076594
0.10975773
0.10597403
0.10915068
0.10558132
0.10805043
0.10477682
0.11075245
0.10471666
0.10717625
0.106565475
0.10647736
0.10647795
0.10685941
0.105770655
0.11180228
0.10732017
0.106851764
0.11239909
0.10659032
0.1059372
0.10830683
0.104749866
0.10359284
0.10898508
0.10884699
0.10810185
0.10482201
0.10369331
0.10616663
0.10940004
0.105944835
0.10585262
0.1055713
0.10670571
0.109689444
0.10478265
0.1057543
0.10481435
0.103881374
0.10941801
0.10411784
0.11027089
0.10335801
0.10470911
0.10605155
0.10553552
0.11000883
0.10240474
0.10489288
0.10542737
0.10549574
0.1055474
0.103209764
0.10726893
0.106216975
0.10561564
0.10434805
0.10439034
0.10373649
0.10478988
0.10488963
0.10543055
0.101843506
0.10451681
0.105398946
0.104494125
0.10455989
0.104491584
0.1021334
0.10323243
0.103928626
0.10585136
0.10406919
0.1086503
0.10710098
0.10381054
0.10916984
0.10098127
0.102167174
0.10666817
0.106533624
0.10231962
0.103197955
0.10517106
0.10201882
0.100895695
0.10378352
0.10654408
0.10398037
0.10218204
0.10527426
0.10213717
0.10335051
0.10367924
0.10414908