
0.5676729
0.52961975
0.5194609
0.5589635
0.5419539
0.5159623
0.5177897
0.516385
0.51659584
0.5682148
0.56863165
0.49857906
0.4869719
0.5170826
0.49272504
0.49371344
0.55206174
0.48404709
0.4798929
0.4857372
0.49814722
0.48765695
0.46730515
0.47090283
0.4613719
0.48041773
0.45958304
0.45124444
0.4547322
0.4606302
0.4620876
0.46736813
0.45938414
0.47473994
0.456992
0.4583366
0.450692
0.45289046
0.44573018
0.45271075
0.44655994
0.44782853
0.44594556
0.45575893
0.43999353
0.43601325
0.42972803
0.42680514
0.4133839
0.41932848
0.44619453
0.4331191
0.42179862
0.41876602
0.40888044
0.40990707
0.3967895
0.40254945
0.39951637
0.39153627
0.4014734
0.3964582
0.39946145
0.3996617
0.39370167
0.39087573
0.3990461
0.3962891
0.3834151
0.39183617
0.40366447
0.39934146
0.38174534
0.38578412
0.37265986
0.39067394
0.3914951
0.37712383
0.35876536
0.3685986
0.35999626
0.37829772
0.35258412
0.35851142
0.35982424
0.36273018
0.36004177
0.35529548
0.3625821
0.35980764
0.35702264
0.35924208
0.35329294
0.3606487
0.33796024
0.3521428
0.37223426
0.3397902
0.33754754
0.33745486
0.3472096
0.34325668
0.33397028
0.3332804
0.32742405
0.3350216
0.3321641
0.33735985
0.35417104
0.32667184
0.3284557
0.32724977
0.3260114
0.3287634
0.34991735
0.3231268
0.31440258
0.32430583
0.3250895
0.31420758
0.3173983
0.31128812
0.31190616
0.3131974
0.314854
0.31318852
0.32195356
0.3137103
0.3140293
0.32457855
0.31836057
0.32298037
0.31353658
0.31020114
0.30715206
0.3098762
0.30137268
0.3039736
0.30414927
0.30268392
0.30594784
0.3023608
0.3035804
0.30314508
0.30015513
0.3061056
0.29554695
0.30164555
0.30516806
0.29944783
0.3010607
0.28941044
0.30056155
0.2968591
0.29873317
0.29196823
0.29815027
0.2835591
0.2910395
0.28854015
0.29204953
0.29267994
0.29146853
0.29026985
0.28314984
0.2885835
0.28577507
0.2822213
0.284302
0.28365007
0.2873331
0.30784032
0.28480786
0.28079784
0.28221363
0.2861515
0.28058934
0.28143987
0.28177
0.28270295
0.2903676
0.2736607
0.2711041
0.27241582
0.27173868
0.2725642
0.27624264
0.2765747
0.27217704
0.2678045
0.2763112
0.28483105
0.26722735
0.27702752
0.2764358
0.27464634
0.26795006
0.27299425
0.27846712
0.27295998
0.2670837
0.26998207
0.27594814
0.2716383
0.26943675
0.27593642
0.2645939
0.2643932
0.2691247
0.26396796
0.26165864
0.26343504
0.27336827
0.2605414
0.26214746
0.26379013
0.26009578
0.2582827
0.2581864
0.26221195
0.25639138
0.26247588
0.2642804
0.25980914
0.24927925
0.25380203
0.2526982
0.25452185
0.24764338
0.258626
0.26265517
0.24785866
0.24963398
0.24585389
0.24893153
0.24574098
0.250263
0.24696174
0.24731949
0.24218832
0.25147673
0.2546768
0.24298823
0.25070733
0.24830893
0.24466325
0.2475063
0.24034251
0.24116777
0.24898863
0.2436597
0.24018359
0.24820095
0.24313252
0.24106583
0.24729651
0.24284218
0.2481093
0.24683487
0.25156462
0.24625003
0.24163479
0.24213141
0.24330075
0.24432659
0.23979068
0.23669493
0.24286935
0.2367952
0.23901846
0.23754157
0.24002609
0.23570718
0.2306876
0.23151754
0.2368735
0.2340154
0.23308684
0.23269936
0.23341304
0.22979082
0.22865798
0.23154446
0.23180051
0.23524415
0.22767577
0.23730914
0.23178676
0.23426843
0.2355865
0.23417379
0.22575101
0.22585706
0.23754214
0.23132822
0.22726202
0.23189501
0.2273051
0.22367175
0.22648716
0.23040421
0.22565253
0.22809117
0.21736328
0.22085032
0.2196515
0.22378242
0.22299796
0.2180385
0.22125572
0.21888192
0.22037792
0.22535053
0.22528541
0.22446364
0.22183329
0.22585171
0.21702388
0.21754648
0.21564735
0.22586767
0.21821779
0.22345133
0.21489239
0.22131313
0.21534061
0.21246716
0.21658757
0.21943805
0.21768855
0.2138872
0.21659985
0.21311362
0.2112296
0.21010952
0.21360853
0.21260846
0.21356994
0.21172865
0.21114577
0.20989257
0.2092549
0.2098316
0.21121363
0.21125947
0.20899226
0.20964898
0.2141793
0.22445634
0.20841019
0.22272837
0.21310998
0.20730723
0.2106717
0.2078925
0.20882925
0.21009257
0.21149553
0.20560053
0.21068354
0.20859894
0.20576003
0.20507492
0.20534809
0.20815356
0.20674278
0.21163641
0.20538189
0.21172954
0.20269017
0.20797105
0.203366
0.21407725
0.20208508
0.21691239
0.204111
0.20325217
0.20679817
0.20262016
0.20173289
0.20267208
0.20664744
0.1992321
0.19995533
0.20436281
0.20496209
0.19714375
0.19780673
0.19817835
0.19298542
0.20045723
0.19587612
0.19485483
0.19477813
0.19306555
0.19526781
0.19373964
0.19485486
0.19459887
0.20056786
0.19743522
0.19397911
0.19840981
0.19320787
0.19828002
0.19315937
0.1946355
0.19388789
0.1925209
0.19093506
0.19658262
0.1934238
0.19384195
0.18864007
0.19219871
0.19166397
0.190423
0.19177523
0.18841487
0.19012499
0.18962795
0.18692656
0.18994102
0.18816897
0.18927449
0.19245873
0.19442305
0.19211784
0.18529691
0.18469104
0.1854364
0.18984342
0.19153833
0.18701921
0.18512376
0.18208665
0.19166712
0.18080847
0.18770258
0.18560213
0.18313508
0.18403494
0.18244445
0.18476564
0.1890502
0.18120392
0.18383484
0.18614398
0.18705258
0.18063638
0.18345012
0.1817952
0.18973278
0.18598
0.1836941
0.18163855
0.1842866
0.18238628
0.18544215
0.18194951
0.18184456
0.18688424
0.18492648
0.18015216
0.18530093
0.18221381
0.17780565
0.17769046
0.1834704
0.18249404
0.17652857
0.17733145
0.18098935
0.17968059
0.17596984
0.17805378
0.17987466
0.18022726
0.1800166
0.17874426
0.17794694
0.18389346
0.17874628
0.17509975
0.17696546
0.1777101
0.17809913
0.17488283
0.1712578
0.17654541
0.17624629
0.17463331
0.17972577
0.17535897
0.17465837
0.1795691
0.1705939
0.17167315
0.17268477
0.17014533
0.1722303
0.17297816
0.17106399
0.17194577
0.17158371
0.17581968
0.17094772
0.17195427
0.1716108
0.17594701
0.17281446
0.17267324
0.17648879
0.17149526
0.16992356
0.17111562
0.17186014
0.16933843
0.17354904
0.16787934
0.16672091
0.17130288
0.16964006
0.17165801
0.17780028
0.17312019
0.16959214
0.16774583
0.1680772
0.16863875
0.1711905
0.16568702
0.16513135
0.16315362
0.16610484
0.16780631
0.16619925
0.16529444
0.16417816
0.16445987
0.16484906
0.16551872
0.16460888
0.17063227
0.16606645
0.16433871
0.16232587
0.16653085
0.1629423
0.16647142
0.16458035
0.16023326
0.16407523
0.16193601
0.17557873
0.1632904
0.16151305
0.16696312
0.16509469
0.16136818
0.16125894
0.1645756
0.16904777
0.16456047
0.16373278
0.16050214
0.1637783
0.16338179
0.16106142
0.16105318
0.16295083
0.15998258
0.1607736
0.15715648
0.15863903
0.16098823
0.15801616
0.15914083
0.15658207
0.16094264
0.162878
0.15792309
0.15702222
0.1594795
0.15772338
0.15480879
0.15998511
0.16397995
0.15591124
0.15606041
0.17080933
0.15825535
0.16001771
0.15935206
0.15769422
0.15490693
0.15840334
0.15972088
0.15974216
0.15536009
0.15860048
0.15385844
0.15327501
0.15402885
0.15458274
0.15380913
0.15540725
0.15644254
0.15693398
0.15591665
0.15637031
0.15913923
0.1514279
0.15481323
0.15498582
0.15472229
0.15529759
0.15331708
0.15933181
0.15523179
0.16055697
0.15276772
0.15457188
0.15075946
0.15737782
0.15719847
0.15122378
0.15225117
0.15782838
0.1512043
0.15230528
0.15293007
0.14942986
0.14928536
0.15151994
0.150568
0.15329948
0.14776498
0.15055314
0.1516387
0.15191373
0.14990517
0.14666183
0.15167508
0.15446691
0.15143895
0.15280351
0.14553529
0.15425032
0.14598103
0.14800853
0.15683632
0.15181297
0.1470579
0.15314436
0.15293206
0.14906076
0.14958741
0.1464535
0.15123042
0.15067914
0.15038678
0.15076652
0.15278457
0.15100549
0.15130822
0.14918348
0.14640778
0.15045047
0.14470437
0.1480629
0.14828923
0.14595856
0.14500794
0.14971635
0.14676821
0.14896284
0.14557098
0.14525022
0.14414228
0.14728741
0.14508799
0.14419517
0.14913088
0.14250001
0.14724384
0.1430843
0.1474315
0.1440967
0.14242046
0.14504878
0.1420009
0.14302504
0.1440248
0.1456569
0.1465494
0.14754787
0.14347108
0.1445902
0.14107774
0.14272775
0.14250298
0.1401454
0.14113866
0.14260203
0.14189276
0.14058381
0.13963388
0.1401699
0.14638905
0.1451278
0.14151527
0.14474145
0.14340313
0.15149455
0.1409527
0.14289479
0.14004327
0.13901225
0.13903563
0.14218888
0.14219557
0.14178526
0.14373966
0.14116646
0.14010873
0.14284894
0.14340393
0.13932158
0.13916738
0.13992615
0.13864765
0.13533269
0.13765939
0.1399205
0.13815151
0.13884197
0.13602322
0.13861124
0.13700338
0.13977364
0.13755855
0.13536377
0.13757399
0.1362531
0.137032
0.13607514
0.13520461
0.13823341
0.13712639
0.13647139
0.13578862
0.134702
0.13416047
0.13588081
0.13726604
0.13526177
0.1402851
0.13381805
0.13610329
0.13263427
0.1339235
0.13474512
0.1394778
0.13666622
0.13516566
0.1321468
0.13885264
0.13445069
0.13266727
0.13992253
0.1333392
0.134067
0.13203438
0.13488522
0.1311935
0.13275342
0.13345082
0.13724916
0.13060066
0.13102739
0.13162729
0.13427399
0.13483965
0.13402964
0.1344087
0.13419574
0.13372213
0.13499148
0.13656081
0.13432519
0.13415645
0.13839766
0.137896
0.13204461
0.13351803
0.1324255
0.13371976
0.13361113
0.13321039
0.13328202
0.13228509
0.13083896
0.13154255
0.13339847
0.1314828
0.13606152
0.13259563
0.1295078
0.13524954
0.13180615
0.13284746
0.13250181
0.13256513
0.13293323
0.13065001
0.13340892
0.13783842
0.13345754
0.13115864
0.1339622
0.13090363
0.13571961
0.13445032
0.12964459
0.1330497
0.13322134
0.12963943
0.13170856
0.13030088
0.1290336
0.12951468
0.1306273
0.13140559
0.13056508
0.12985894
0.12745419
0.13112377
0.1288106
0.12599845
0.13476236
0.12986808
0.13028727
0.13139445
0.1334569
0.1278881
0.13467447
0.13146135
0.1328413
0.12794071
0.12774694
0.13374737
0.12657504
0.12900122
0.13110782
0.13450108
0.13004678
0.12755944
0.13006581
0.12721317
0.12957558
0.12968221
0.1298891
0.12832657
0.1251973
0.13098884
0.1285492
0.12528688
0.12877917
0.12615469
0.12780973
0.12602195
0.12557065
0.12498192
0.13189709
0.12614423
0.12616321
0.12562895
0.12640736
0.12337431
0.1262379
0.12498765
0.12757143
0.12903343
0.12776439
0.12605917
0.12907183
0.12500986
0.123143554
0.12807134
0.1243072
0.12764598
0.12499089
0.12327729
0.12667994
0.12525457
0.1253609
0.12701578
0.12635902
0.1275706
0.12461249
0.123968735
0.13027716
0.12642972
0.12656689
0.12797032
0.12332267
0.1262298
0.11978102
0.12703378
0.123788305
0.1267516
0.1244142
0.123827495
0.12138588
0.123654604
0.12337013
0.12219301
0.121751934
0.12363966
0.12290849
0.12319801
0.12360636
0.12640102
0.12125477
0.122984186
0.123734266
0.11837389
0.12394037
0.1203726
0.1243328
0.12500729
0.122076064
0.12477915
0.11953032
0.122654855
0.12248848
0.12196027
0.119375795
0.12062933
0.11903591
0.1190377
0.120596424
0.12167225
0.12023493
0.12025935
0.12210841
0.119681336
0.1185767
0.119882755
0.12397756
0.11800351
0.11830285
0.12068195
0.11890975
0.12071422
0.12087272
0.117055185
0.119655065
0.11823744
0.11885041
0.12332932
0.11818905
0.119360864
0.12174432
0.1181472
0.12267423
0.12373798
0.11993184
0.123382874
0.12018891
0.12215619
0.12053
0.11766683
0.11779318
0.121654786
0.11753525
0.12015995
0.11880778
0.11766944
0.11873878
0.12015325
0.116589814
0.11912219
0.117349446
0.11813734
0.12088518
0.11825621
0.11664651
0.11641298
0.11430726
0.11902436
0.116427526
0.11545408
0.120431595
0.1155714
0.12103465
0.11739482
0.11442648
0.11750005
0.11956417
0.11967632
0.11508341
0.1155786
0.11441482
0.117097795
0.11762449
0.11689222
0.11526553
0.1171326
0.11769218
0.11592462
0.11555433
0.115512036
0.11310475
0.113183245
0.11383203
0.115145795
0.11412434
0.11715546
0.11334855
0.11810591
0.11796401
0.116323344
0.11611761
0.115442894
0.11789574
0.11411984
0.113652475
0.118896276
0.11728435
0.11667884
0.11981364
0.12321029
0.119057804
0.11588557
0.11291539
0.11514452
0.11542257
0.1111072
0.11779409
0.11488792
0.11725096
0.115619175
0.11286894
0.11564296
0.11454281
0.11712466
0.11760473
0.11524442
0.11497153
0.11376808
0.11627952
0.11368305
0.111361645
0.11201547
0.11412611
0.11468025
0.116414726
0.11054771
0.11026231
0.118733786
0.112709455
0.113090254
0.110865854
0.1140328
0.11271084
0.11385345
0.11276639
0.11138299
0.114023015
0.10927311
0.1093037
0.11202141
0.11328289
0.11261228
0.11261256
0.11527379
0.11466965
0.1115225
0.11351395
0.1134748
0.111411706
0.110221855
0.1106846
0.110605404
0.11204001
0.10933585
0.11039332
0.11788151
0.109978944
0.11124897
0.11330747
0.11162638
0.11237641
0.111329615
0.11431423
0.114134535
0.11017203
0.11169232
0.11087802
0.10880976
0.10934324
0.1091607
0.11413441
0.11206367
0.111796565
0.112907626
0.10951053
0.10986534
0.10867967
0.11081478
0.11032185
0.10880306
0.10699734
0.10945141
0.11253324
0.110375725
0.11322635
0.11177604
0.11262992
0.10880817
0.11229562
0.1089053
0.11468291
0.10957426
0.11124303
0.10959804
0.107763305
0.108560145
0.11248054
0.108403325
0.10720631
0.11383222
0.107387505
0.108510405
0.10733018
0.109358564
0.10898723
0.10915587
0.10940289
0.10962074
0.11059687
0.10855547
0.10847212
0.11049451
0.10667175
0.11037785
0.111308254
0.111704715
0.106321186
0.107636474
0.10619434
0.10854675
0.10781958
0.110242344
0.1088717
0.10692016
0.10723877
0.11185099
0.11047061
0.1088511
0.10833618
0.10964992
0.10765504
0.107034564
0.1097219
0.106507994
0.10829382
0.10732904
0.10651807
0.106776714
0.107808284
0.10774574
0.104801856
0.10570714
0.1113851
0.10562352
0.1067148
0.10576081
0.10855749
0.1053005
0.10754564
0.10889267
0.1047064
0.106444806
0.10855951
0.11236194
0.10642718
0.11211239
0.10378399
0.10592945
0.106992096
0.103455976
0.10454332
0.10356343
0.1052109
0.10545343
0.106390595
0.10906359
0.10603985
0.10339264
0.106466874
0.106652886
0.108980544
0.10477425
0.10675611
0.10463255
0.10741196
0.10786497
0.10488251
0.10593098
0.105173156
0.10547901
0.10345276
0.10735282
0.1048429
0.109737486
0.10399788
0.104132906
0.10559034
0.103977114
0.104754366
0.10469506
0.10206951
0.10587044
0.10658968
0.10531665
0.10553551
0.10387977
0.10562696
0.10337672
0.105010785
0.10327141
0.10541324
0.1092271
0.103161626
0.10416517
0.10708717
0.104696706
0.10696664
0.104639485
0.10460689
0.10624265
0.10553803
0.10570425
0.10396117
0.10746157
0.10407513
0.10540676
0.10491178
0.10589697
0.10530981
0.10362455
0.104301326
0.104913756
0.106838785
0.10290272
0.10249121
0.10446568
0.10347848
0.10437074
0.10353578
0.10202508
0.10309049
0.10362852
0.10307195
0.10512989
0.109409936
0.10329174
0.10219761
0.10535671
0.10476859
0.10579679
0.10529312
0.10269372
0.10456751
0.10301205
0.10131086