20 196.55 -0.12 196.43 0.085 19 56 0.42 0.0 
40 195.06 -0.5 194.56 0.149 39 131 0.86 0.01 
60 193.88 -0.84 193.04 0.198 59 211 1.29 0.01 
80 192.95 -0.96 191.99 0.233 77 291 1.69 0.01 
100 191.44 -1.19 190.25 0.277 97 385 2.13 0.02 
120 190.18 -1.07 189.11 0.315 116 459 2.54 0.02 
140 188.57 -1.43 187.14 0.351 133 572 2.92 0.03 
160 186.46 -1.47 184.99 0.384 152 664 3.33 0.03 
180 185.55 -1.57 183.99 0.409 170 740 3.73 0.04 
200 182.91 -1.68 181.23 0.433 187 839 4.1 0.04 
220 181.56 -1.82 179.73 0.457 205 915 4.5 0.05 
240 180.16 -1.9 178.26 0.488 222 1012 4.87 0.05 
260 179.26 -2.23 177.02 0.497 240 1114 5.26 0.06 
280 176.76 -2.39 174.37 0.525 259 1222 5.68 0.06 
300 176.77 -2.68 174.09 0.543 278 1325 6.1 0.07 
320 174.42 -2.83 171.59 0.563 293 1457 6.43 0.07 
340 174.52 -2.97 171.54 0.574 311 1580 6.82 0.08 
360 173.89 -3.01 170.88 0.589 327 1699 7.17 0.08 
380 171.64 -3.1 168.54 0.601 343 1812 7.52 0.09 
400 170.83 -3.17 167.66 0.621 361 1936 7.92 0.1 
420 169.06 -3.3 165.77 0.63 378 2069 8.29 0.1 
440 168.48 -3.37 165.11 0.645 396 2187 8.68 0.11 
460 167.37 -3.52 163.86 0.657 411 2336 9.01 0.12 
480 166.9 -3.62 163.29 0.672 428 2446 9.39 0.12 
500 165.39 -3.7 161.7 0.682 444 2593 9.74 0.13 
520 164.26 -3.69 160.58 0.688 462 2721 10.13 0.14 
540 162.64 -3.77 158.87 0.697 480 2865 10.53 0.14 
560 162.03 -3.82 158.21 0.708 499 3021 10.94 0.15 
580 160.77 -3.97 156.81 0.714 515 3191 11.29 0.16 
600 160.31 -3.93 156.37 0.719 532 3336 11.67 0.17 
620 159.07 -4.05 155.02 0.723 544 3507 11.93 0.17 
640 157.98 -3.91 154.07 0.731 559 3642 12.26 0.18 
660 156.9 -3.93 152.97 0.736 575 3798 12.61 0.19 
680 156.14 -4.09 152.05 0.744 590 3953 12.94 0.2 
700 155.73 -4.13 151.6 0.748 606 4111 13.29 0.2 
720 155.02 -4.23 150.78 0.755 623 4256 13.66 0.21 
740 154.09 -4.28 149.81 0.761 637 4412 13.97 0.22 
760 153.85 -4.43 149.42 0.764 651 4584 14.28 0.23 
780 152.88 -4.48 148.41 0.766 665 4733 14.58 0.24 
800 152.54 -4.44 148.1 0.771 680 4890 14.91 0.24 
820 152.7 -4.5 148.2 0.779 692 5048 15.18 0.25 
840 151.36 -4.42 146.94 0.782 708 5201 15.53 0.26 
860 150.2 -4.35 145.85 0.784 722 5372 15.83 0.27 
880 149.9 -4.23 145.68 0.791 737 5543 16.16 0.28 
900 148.98 -4.17 144.81 0.792 750 5725 16.45 0.28 
920 148.52 -4.14 144.38 0.796 767 5905 16.82 0.29 
940 147.49 -4.1 143.39 0.798 778 6077 17.06 0.3 
960 146.73 -4.07 142.66 0.801 795 6252 17.43 0.31 
980 146.54 -4.11 142.42 0.805 808 6413 17.72 0.32 
1000 145.78 -4.05 141.73 0.806 822 6565 18.03 0.33 
1020 145.26 -4.21 141.05 0.809 836 6744 18.33 0.34 
1040 144.01 -4.07 139.94 0.813 852 6912 18.68 0.34 
1060 144.39 -4.13 140.26 0.813 862 7091 18.9 0.35 
1080 143.96 -4.02 139.93 0.816 877 7268 19.23 0.36 
1100 142.97 -3.95 139.02 0.82 894 7452 19.61 0.37 
1120 142.7 -3.99 138.72 0.821 906 7644 19.87 0.38 
1140 141.87 -3.88 137.99 0.824 923 7829 20.24 0.39 
1160 141.33 -3.91 137.42 0.825 940 8018 20.61 0.4 
1180 140.71 -3.9 136.81 0.83 954 8195 20.92 0.41 
1200 140.52 -3.83 136.69 0.83 970 8380 21.27 0.42 
1220 140.07 -3.62 136.45 0.829 984 8542 21.58 0.42 
1240 139.49 -3.61 135.88 0.832 998 8733 21.89 0.43 
1260 139.21 -3.51 135.69 0.837 1013 8900 22.21 0.44 
1280 138.07 -3.41 134.66 0.838 1026 9086 22.5 0.45 
1300 137.98 -3.37 134.6 0.837 1038 9275 22.76 0.46 
1320 136.95 -3.29 133.66 0.842 1050 9456 23.03 0.47 
1340 137.41 -3.3 134.12 0.843 1063 9626 23.31 0.48 
1360 137.14 -3.15 133.99 0.843 1076 9817 23.6 0.49 
1380 136.28 -3.07 133.21 0.845 1093 9986 23.97 0.5 
1400 135.46 -2.99 132.48 0.847 1108 10182 24.3 0.51 
1420 135.45 -2.94 132.51 0.848 1119 10376 24.54 0.52 
1440 134.7 -2.89 131.81 0.848 1132 10578 24.82 0.53 
1460 133.99 -2.89 131.11 0.851 1145 10774 25.11 0.54 
1480 133.74 -2.79 130.96 0.853 1157 10950 25.37 0.54 
1500 133.03 -2.71 130.32 0.852 1168 11119 25.61 0.55 
1520 133.23 -2.69 130.54 0.854 1182 11297 25.92 0.56 
1540 132.7 -2.54 130.16 0.857 1195 11504 26.21 0.57 
1560 131.54 -2.36 129.17 0.859 1209 11689 26.51 0.58 
1580 131.72 -2.32 129.4 0.858 1222 11882 26.8 0.59 
1600 130.79 -2.27 128.52 0.86 1239 12079 27.17 0.6 
1620 130.06 -2.18 127.88 0.863 1253 12276 27.48 0.61 
1640 130.12 -2.13 127.99 0.863 1267 12467 27.79 0.62 
1660 130.13 -2.15 127.98 0.864 1279 12656 28.05 0.63 
1680 129.29 -1.99 127.3 0.866 1292 12833 28.33 0.64 
1700 128.98 -1.88 127.1 0.867 1307 13030 28.66 0.65 
1720 127.92 -1.75 126.16 0.867 1318 13216 28.9 0.66 
1740 127.58 -1.59 125.99 0.867 1331 13414 29.19 0.67 
1760 127.55 -1.47 126.08 0.869 1346 13610 29.52 0.68 
1780 127.19 -1.36 125.83 0.871 1359 13808 29.8 0.69 
1800 127.12 -1.3 125.82 0.871 1366 13988 29.96 0.7 
1820 126.53 -1.21 125.32 0.873 1377 14198 30.2 0.71 
1840 125.78 -1.13 124.65 0.874 1385 14399 30.37 0.72 
1860 125.35 -1.06 124.29 0.875 1394 14588 30.57 0.73 
1880 124.57 -0.9 123.67 0.874 1406 14775 30.83 0.73 
1900 124.48 -0.78 123.7 0.875 1423 14954 31.21 0.74 
1920 123.81 -0.74 123.07 0.877 1439 15155 31.56 0.75 
1940 123.53 -0.58 122.95 0.877 1451 15347 31.82 0.76 
1960 123.09 -0.5 122.6 0.878 1462 15565 32.06 0.77 
1980 122.51 -0.35 122.16 0.878 1477 15749 32.39 0.78 
2000 122.41 -0.27 122.14 0.878 1488 15951 32.63 0.79 
2020 121.17 -0.13 121.03 0.882 1498 16145 32.85 0.8 
2040 121.13 -0.07 121.06 0.882 1511 16343 33.14 0.81 
2060 121.25 0.09 121.34 0.882 1518 16556 33.29 0.82 
2080 120.03 0.22 120.25 0.883 1529 16773 33.53 0.83 
2100 120.03 0.34 120.37 0.884 1543 16970 33.84 0.84 
2120 119.32 0.54 119.86 0.883 1555 17146 34.1 0.85 
2140 119.22 0.57 119.79 0.885 1565 17343 34.32 0.86 
2160 119.39 0.69 120.07 0.886 1580 17531 34.65 0.87 
2180 118.61 0.83 119.44 0.887 1593 17744 34.93 0.88 
2200 118.53 0.89 119.42 0.887 1607 17961 35.24 0.89 
2220 118.31 1.01 119.32 0.887 1619 18163 35.5 0.9 
2240 118.16 1.13 119.29 0.889 1635 18353 35.86 0.91 
2260 117.24 1.23 118.47 0.89 1645 18554 36.07 0.92 
2280 117.37 1.33 118.71 0.89 1653 18740 36.25 0.93 
2300 116.7 1.42 118.13 0.89 1663 18968 36.47 0.94 
2320 116.24 1.52 117.76 0.891 1675 19166 36.73 0.95 
2340 116.15 1.58 117.73 0.891 1685 19393 36.95 0.96 
2360 115.9 1.71 117.61 0.891 1695 19618 37.17 0.98 
2380 115.24 1.88 117.12 0.89 1705 19838 37.39 0.99 
2400 114.99 1.95 116.94 0.891 1714 20039 37.59 1.0 
2420 114.94 2.04 116.98 0.893 1722 20227 37.76 1.01 
2440 114.72 2.17 116.89 0.892 1735 20429 38.05 1.02 
2460 113.63 2.32 115.95 0.895 1747 20611 38.31 1.02 
2480 113.84 2.48 116.32 0.895 1754 20799 38.46 1.03 
2500 113.0 2.57 115.57 0.895 1766 20980 38.73 1.04 
2520 112.75 2.73 115.47 0.897 1776 21175 38.95 1.05 
2540 112.3 2.85 115.15 0.896 1788 21388 39.21 1.06 
2560 112.08 2.92 115.0 0.898 1801 21591 39.5 1.07 
2580 111.52 3.05 114.57 0.899 1811 21779 39.71 1.08 
2600 111.18 3.15 114.33 0.898 1819 22008 39.89 1.09 
2620 110.71 3.31 114.02 0.899 1831 22219 40.15 1.1 
2640 110.89 3.41 114.3 0.899 1841 22410 40.37 1.11 
2660 110.52 3.57 114.09 0.899 1850 22605 40.57 1.12 
2680 110.11 3.66 113.77 0.901 1858 22815 40.75 1.13 
