20 204.9 0.38 205.28 0.042 12 19 0.26 0.0 
40 203.7 1.43 205.13 0.057 20 39 0.44 0.0 
60 202.5 2.29 204.79 0.068 27 59 0.59 0.0 
80 201.58 3.38 204.96 0.08 36 79 0.79 0.0 
100 200.62 4.17 204.79 0.095 45 99 0.99 0.0 
120 199.17 5.03 204.2 0.114 51 119 1.12 0.01 
140 198.53 5.82 204.35 0.121 57 139 1.25 0.01 
160 197.1 6.66 203.76 0.142 64 159 1.4 0.01 
180 196.58 7.35 203.92 0.149 70 179 1.54 0.01 
200 196.06 8.36 204.42 0.155 76 199 1.67 0.01 
220 194.97 9.15 204.12 0.176 85 219 1.86 0.01 
240 194.54 9.73 204.27 0.183 88 239 1.93 0.01 
260 193.49 10.59 204.09 0.19 98 259 2.15 0.01 
280 192.46 11.54 204.0 0.188 105 279 2.3 0.01 
300 191.81 12.52 204.33 0.201 112 299 2.46 0.01 
320 191.62 13.27 204.89 0.223 118 318 2.59 0.02 
340 190.94 14.3 205.24 0.233 126 338 2.76 0.02 
360 190.41 15.3 205.71 0.242 131 358 2.87 0.02 
380 189.51 16.12 205.64 0.255 136 378 2.98 0.02 
400 188.66 16.98 205.64 0.265 141 398 3.09 0.02 
420 188.68 17.96 206.64 0.268 148 418 3.25 0.02 
440 187.69 18.93 206.63 0.277 158 438 3.46 0.02 
460 186.95 19.74 206.69 0.29 167 457 3.66 0.02 
480 186.44 20.51 206.95 0.298 171 477 3.75 0.02 
500 185.3 21.02 206.32 0.3 178 497 3.9 0.02 
520 184.72 21.84 206.55 0.305 184 517 4.04 0.03 
540 183.0 22.68 205.68 0.331 194 537 4.25 0.03 
560 182.11 23.43 205.54 0.334 203 557 4.45 0.03 
580 181.44 24.39 205.83 0.338 209 576 4.58 0.03 
600 180.7 25.11 205.81 0.332 213 595 4.67 0.03 
620 180.24 26.02 206.26 0.342 216 614 4.74 0.03 
640 180.08 27.08 207.15 0.35 222 634 4.87 0.03 
660 179.58 27.92 207.5 0.368 229 654 5.02 0.03 
680 178.61 28.74 207.35 0.375 235 674 5.15 0.03 
700 178.32 29.61 207.93 0.381 239 694 5.24 0.03 
720 177.9 30.39 208.29 0.383 245 714 5.37 0.04 
740 176.04 31.23 207.27 0.388 251 734 5.5 0.04 
760 175.54 31.98 207.52 0.395 252 753 5.53 0.04 
780 174.68 32.66 207.33 0.402 260 773 5.7 0.04 
800 174.42 33.59 208.01 0.399 267 793 5.86 0.04 
820 173.42 34.64 208.07 0.41 272 813 5.96 0.04 
840 172.72 35.49 208.21 0.407 278 833 6.1 0.04 
860 173.08 36.43 209.51 0.408 286 853 6.27 0.04 
880 171.91 37.43 209.34 0.425 289 873 6.34 0.04 
900 171.71 38.56 210.27 0.429 295 893 6.47 0.04 
920 171.35 39.4 210.75 0.432 298 910 6.54 0.05 
940 170.28 40.2 210.47 0.445 310 930 6.8 0.05 
960 170.07 41.16 211.23 0.439 314 950 6.89 0.05 
980 168.44 42.06 210.5 0.452 320 969 7.02 0.05 
1000 168.11 42.9 211.01 0.464 324 989 7.11 0.05 
1020 167.75 43.72 211.47 0.463 330 1009 7.24 0.05 
1040 167.03 44.55 211.58 0.466 339 1028 7.43 0.05 
1060 166.09 45.26 211.35 0.481 344 1048 7.54 0.05 
1080 166.11 46.19 212.31 0.487 351 1068 7.7 0.05 
1100 165.68 47.25 212.93 0.482 355 1088 7.79 0.05 
1120 165.13 48.32 213.46 0.484 366 1108 8.03 0.06 
1140 164.2 49.28 213.48 0.491 375 1128 8.22 0.06 
1160 163.72 50.15 213.87 0.496 381 1148 8.36 0.06 
1180 162.92 50.94 213.86 0.505 386 1167 8.46 0.06 
1200 161.73 51.9 213.63 0.509 393 1187 8.62 0.06 
1220 161.44 53.06 214.5 0.507 401 1207 8.79 0.06 
1240 160.28 53.88 214.15 0.514 410 1227 8.99 0.06 
1260 159.49 54.74 214.23 0.518 417 1247 9.14 0.06 
1280 159.62 55.81 215.42 0.513 422 1266 9.25 0.06 
1300 159.35 56.49 215.84 0.522 428 1286 9.39 0.06 
1320 158.84 57.48 216.31 0.527 434 1305 9.52 0.06 
1340 158.18 58.42 216.6 0.53 440 1325 9.65 0.07 
1360 157.4 59.38 216.78 0.536 447 1345 9.8 0.07 
1380 157.11 60.32 217.43 0.531 453 1365 9.93 0.07 
1400 156.89 61.08 217.97 0.534 458 1385 10.04 0.07 
1420 156.61 62.09 218.7 0.534 462 1405 10.13 0.07 
1440 155.9 63.05 218.96 0.536 465 1424 10.2 0.07 
1460 155.7 64.05 219.75 0.542 472 1444 10.35 0.07 
1480 154.56 64.82 219.39 0.546 477 1463 10.46 0.07 
1500 154.32 65.68 220.0 0.543 482 1483 10.57 0.07 
1520 153.84 66.61 220.45 0.547 489 1503 10.72 0.07 
1540 152.28 67.54 219.81 0.561 497 1523 10.9 0.08 
1560 152.24 68.5 220.74 0.562 503 1543 11.03 0.08 
1580 151.0 69.46 220.47 0.564 511 1562 11.21 0.08 
1600 150.9 70.46 221.37 0.574 513 1581 11.25 0.08 
1620 149.82 71.25 221.07 0.576 516 1601 11.32 0.08 
1640 150.05 72.23 222.28 0.574 521 1620 11.43 0.08 
1660 149.45 73.14 222.59 0.576 524 1638 11.49 0.08 
1680 148.95 73.95 222.9 0.583 526 1658 11.54 0.08 
1700 148.13 74.76 222.88 0.584 532 1678 11.67 0.08 
1720 148.14 75.65 223.78 0.583 537 1698 11.78 0.08 
1740 147.2 76.42 223.62 0.593 542 1718 11.89 0.09 
1760 146.62 77.43 224.05 0.591 548 1738 12.02 0.09 
1780 146.47 78.47 224.94 0.594 553 1757 12.13 0.09 
1800 146.24 79.36 225.6 0.594 554 1777 12.15 0.09 
1820 145.96 80.23 226.19 0.591 556 1797 12.19 0.09 
1840 145.35 81.13 226.49 0.593 562 1817 12.32 0.09 
1860 144.74 82.1 226.83 0.598 566 1837 12.41 0.09 
1880 144.42 82.94 227.36 0.602 571 1857 12.52 0.09 
1900 144.61 83.94 228.55 0.601 576 1877 12.63 0.09 
1920 143.84 84.93 228.77 0.607 579 1896 12.7 0.09 
1940 144.01 85.81 229.82 0.607 583 1916 12.79 0.1 
1960 143.89 86.64 230.53 0.607 589 1936 12.92 0.1 
1980 143.43 87.26 230.69 0.607 592 1954 12.98 0.1 
2000 143.07 88.01 231.09 0.605 594 1972 13.03 0.1 
2020 142.11 88.71 230.82 0.609 595 1992 13.05 0.1 
2040 141.94 89.62 231.56 0.614 598 2011 13.11 0.1 
2060 141.31 90.64 231.95 0.618 604 2031 13.25 0.1 
2080 140.76 91.42 232.17 0.618 610 2050 13.38 0.1 
2100 140.73 92.44 233.17 0.619 612 2070 13.42 0.1 
2120 139.55 93.42 232.97 0.624 615 2089 13.49 0.1 
2140 139.05 94.2 233.25 0.63 617 2109 13.53 0.1 
2160 138.73 95.07 233.8 0.626 624 2129 13.68 0.11 
2180 138.32 95.97 234.29 0.627 627 2149 13.75 0.11 
2200 137.66 96.82 234.49 0.629 629 2168 13.79 0.11 
2220 138.17 97.63 235.79 0.627 632 2188 13.86 0.11 
2240 137.4 98.55 235.95 0.633 637 2206 13.97 0.11 
2260 137.07 99.34 236.4 0.632 639 2226 14.01 0.11 
2280 136.94 100.01 236.95 0.633 643 2245 14.1 0.11 
2300 136.62 100.88 237.5 0.639 648 2263 14.21 0.11 
2320 135.63 101.84 237.47 0.639 652 2283 14.3 0.11 
2340 135.57 102.87 238.44 0.637 659 2303 14.45 0.11 
2360 134.95 103.82 238.77 0.638 663 2322 14.54 0.12 
2380 135.05 104.77 239.83 0.638 666 2341 14.61 0.12 
2400 134.64 105.48 240.12 0.64 671 2361 14.71 0.12 
2420 134.21 106.42 240.62 0.644 679 2381 14.89 0.12 
2440 133.59 107.26 240.85 0.646 687 2401 15.07 0.12 
2460 133.0 107.91 240.91 0.642 689 2419 15.11 0.12 
2480 132.7 108.79 241.49 0.647 695 2438 15.24 0.12 
2500 132.86 109.6 242.46 0.645 699 2458 15.33 0.12 
2520 132.35 110.68 243.03 0.646 705 2477 15.46 0.12 
2540 132.61 111.63 244.25 0.642 707 2497 15.5 0.12 
2560 132.09 112.29 244.38 0.646 711 2517 15.59 0.13 
2580 132.01 113.27 245.28 0.648 713 2535 15.64 0.13 
2600 131.36 114.26 245.62 0.647 716 2555 15.7 0.13 
2620 130.78 115.09 245.87 0.652 717 2575 15.72 0.13 
2640 130.11 115.87 245.98 0.652 721 2594 15.81 0.13 
2660 129.82 116.89 246.71 0.656 725 2614 15.9 0.13 
2680 128.96 117.91 246.87 0.658 729 2634 15.99 0.13 
2700 128.3 118.94 247.23 0.662 731 2654 16.03 0.13 
2720 127.38 119.69 247.07 0.663 736 2673 16.14 0.13 
2740 127.16 120.55 247.71 0.666 741 2693 16.25 0.13 
2760 126.83 121.29 248.12 0.669 746 2713 16.36 0.13 
2780 126.25 122.38 248.64 0.67 750 2732 16.45 0.14 
2800 125.59 123.17 248.75 0.675 751 2752 16.47 0.14 
2820 125.61 124.04 249.64 0.671 753 2772 16.51 0.14 
2840 125.48 124.86 250.33 0.674 757 2792 16.6 0.14 
2860 124.88 125.67 250.55 0.674 757 2811 16.6 0.14 
2880 125.02 126.44 251.46 0.673 763 2830 16.73 0.14 
2900 124.77 127.38 252.15 0.674 769 2850 16.86 0.14 
2920 124.56 128.27 252.84 0.677 772 2869 16.93 0.14 
2940 124.44 129.05 253.49 0.676 774 2889 16.97 0.14 
2960 123.9 129.96 253.86 0.68 778 2909 17.06 0.14 
2980 123.48 130.9 254.38 0.681 779 2929 17.08 0.15 
3000 123.52 131.68 255.2 0.676 783 2948 17.17 0.15 
3020 123.27 132.58 255.85 0.677 788 2968 17.28 0.15 
3040 122.98 133.56 256.55 0.681 794 2987 17.41 0.15 
3060 122.89 134.62 257.51 0.683 799 3007 17.52 0.15 
3080 122.45 135.55 258.0 0.681 802 3027 17.59 0.15 
3100 122.47 136.58 259.05 0.685 804 3046 17.63 0.15 
3120 121.49 137.57 259.06 0.689 813 3066 17.83 0.15 
3140 121.15 138.47 259.62 0.694 817 3085 17.92 0.15 
3160 120.35 139.42 259.77 0.7 821 3105 18.0 0.15 
3180 119.83 140.19 260.02 0.7 826 3124 18.11 0.16 
3200 119.45 141.03 260.48 0.698 830 3144 18.2 0.16 
3220 118.92 141.98 260.9 0.698 833 3163 18.27 0.16 
3240 118.8 142.89 261.69 0.702 834 3182 18.29 0.16 
3260 118.22 143.83 262.05 0.7 836 3200 18.33 0.16 
3280 117.43 144.63 262.06 0.702 841 3219 18.44 0.16 
3300 117.17 145.64 262.81 0.702 847 3239 18.57 0.16 
3320 116.61 146.54 263.16 0.701 850 3256 18.64 0.16 
3340 116.33 147.51 263.84 0.701 856 3275 18.77 0.16 
3360 115.97 148.31 264.27 0.702 858 3293 18.82 0.16 
3380 115.47 149.29 264.76 0.703 861 3311 18.88 0.16 
3400 115.29 150.15 265.44 0.7 863 3330 18.93 0.17 
3420 114.99 151.02 266.02 0.702 868 3349 19.04 0.17 
3440 114.55 152.03 266.57 0.706 871 3368 19.1 0.17 
3460 114.24 152.98 267.22 0.708 874 3388 19.17 0.17 
3480 114.04 154.03 268.07 0.709 877 3408 19.23 0.17 
3500 113.2 155.02 268.21 0.713 880 3426 19.3 0.17 
3520 113.02 155.92 268.94 0.715 888 3445 19.47 0.17 
