
0.6875892
0.7003121
0.68345606
0.68772066
0.6839042
0.70678645
0.6633506
0.64344406
0.63006985
0.63273495
0.6265757
0.6226286
0.61000955
0.6063651
0.5950943
0.5994721
0.5974356
0.61521745
0.59553295
0.5959794
0.60034585
0.58460057
0.5875513
0.58353394
0.5980978
0.58438057
0.5796406
0.5826669
0.590053
0.5688574
0.5724333
0.5712968
0.5644128
0.5979286
0.57767904
0.58792126
0.57931894
0.57623684
0.5830375
0.5771261
0.5965425
0.57267314
0.5675088
0.5738694
0.5682968
0.6122544
0.5788569
0.6058486
0.58063024
0.5780735
0.560497
0.56706023
0.5642434
0.5702052
0.5863303
0.55415356
0.5768408
0.56915367
0.5530636
0.5823239
0.5531184
0.56469524
0.56161594
0.55964935
0.55460715
0.56315064
0.56456757
0.55666435
0.54952013
0.5494991
0.55441195
0.55084485
0.54992473
0.54623324
0.5551579
0.55993533
0.55823135
0.5506604
0.5590186
0.5499411
0.56443506
0.5564077
0.55945295
0.5537226
0.55806315
0.5648895
0.57800645
0.59234154
0.5871601
0.5694328
0.55982643
0.57335865
0.571219
0.5662695
0.5619917
0.55311006
0.5629409
0.57196283
0.56770295
0.5744779
0.57336473
0.5467787
0.5629752
0.5567372
0.560184
0.5422707
0.5331508
0.53244793
0.5291011
0.5368555
0.5381939
0.5409506
0.52844894
0.54762477
0.5344754
0.54621124
0.54263324
0.5423722
0.5437463
0.572315
0.5514662
0.5364878
0.56462604
0.55653846
0.5455549
0.56113774
0.5470587
0.5486811
0.53105897
0.54239327
0.5376099
0.5259903
0.54051167
0.5275654
0.53053814
0.5235698
0.52099514
0.52862346
0.52370256
0.54211515
0.53138083
0.51944834
0.51846266
0.5167645
0.5198136
0.5282763
0.5472655
0.5317481
0.54562783
0.53653425
0.52026576
0.50294787
0.5176809
0.51811963
0.5336963
0.5199056
0.5139808
0.5368514
0.5205863
0.51201385
0.5115408
0.4994035
0.5194091
0.4992785
0.5148541
0.51276237
0.5122307
0.50313765
0.4978338
0.5116471
0.5023309
0.5144109
0.4970164
0.50533897
0.50707114
0.50981116
0.5036303
0.50773543
0.50282675
0.5010562
0.5125998
0.49550924
0.49713856
0.5048921
0.49993482
0.5200784
0.51288944
0.511361
0.5192701
0.5102406
0.51242673
0.51174027
0.49964744
0.50362873
0.51132977
0.5018404
0.50355524
0.4982273
0.49049196
0.4938421
0.49608022
0.49875328
0.49527693
0.49457237
0.4948013
0.5141654
0.49859092
0.4907786
0.48033062
0.4944695
0.49247223
0.51363814
0.5068869
0.48410416
0.49091637
0.4853578
0.49161452
0.48666567
0.49324328
0.5159398
0.4967343
0.49866977
0.49948782
0.49703702
0.5163666
0.5007252
0.49995112
0.49717656
0.49044186
0.4985997
0.50062835
0.5132383
0.4998567
0.5132509
0.52096784
0.49501437
0.49530938
0.48822764
0.49767035
0.48910844
0.49327293
0.48919803
0.4875366
0.48697564
0.4928782
0.49288908
0.49384975
0.48492926
0.48585397
0.47839302
0.4768075
0.47705084
0.48247492
0.47474146
0.48397923
0.48095426
0.47693145
0.48155668
0.4832104
0.47650883
0.4724722
0.47182342
0.49236864
0.49153215
0.46781045
0.4793142
0.49319986
0.47112408
0.47954255
0.47329506
0.46877462
0.46964008
0.4752143
0.46953544
0.4762157
0.472611
0.47213432
0.4763186
0.4735899
0.4709459
0.4759259
0.48440433
0.4720999
0.46763283
0.47379684
0.48063037
0.46935976
0.4702092
0.47050643
0.46837148
0.47578463
0.49102652
0.4675241
0.49386394
0.4903486
0.47424242
0.46872547
0.46670276
0.47655073
0.48299634
0.46842247
0.46751857
0.4927266
0.46243098
0.47669163
0.47031736
0.48700455
0.4712727
0.4595834
0.47671217
0.49695385
0.4770601
0.47820285
0.4698019
0.4817559
0.46900013
0.47756666
0.46997675
0.46277764
0.46409836
0.46454188
0.4853686
0.46499804
0.46426603
0.46957663
0.46626565
0.46829534
0.47125897
0.4705462
0.45928133
0.46051583
0.45243707
0.46548918
0.4732419
0.46370375
0.46032193
0.46142998
0.45502535
0.45482227
0.46301436
0.4586065
0.46407866
0.4607766
0.46312526
0.4541527
0.4584268
0.45509014
0.46868122
0.4544012
0.47290432
0.46065158
0.45795923
0.46001366
0.46029195
0.466066
0.4565474
0.47461358
0.45222798
0.44842127
0.45506063
0.457029
0.46323895
0.4518972
0.4544208
0.46293476
0.45568106
0.44838408
0.45403406
0.45576
0.4596198
0.45865574
0.454696
0.45192176
0.45095035
0.45815164
0.46507105
0.443825
0.44291726
0.45559013
0.44354025
0.4359554
0.4477194
0.4473354
0.45901462
0.43437102
0.44816756
0.4474856
0.44506815
0.44771492
0.44143328
0.43913618
0.43839672
0.4377756
0.4428216
0.4437178
0.4573028
0.43844888
0.43598384
0.44300216
0.44093361
0.43342465
0.43750966
0.43352455
0.43198892
0.43618244
0.43442732
0.43685848
0.45095348
0.43979636
0.4493376
0.43942305
0.43625516
0.43755186
0.43462074
0.44276363
0.43653888
0.43464452
0.44487938
0.44609186
0.43525898
0.4414468
0.44908723
0.4544128
0.4331102
0.4393289
0.44544652
0.43060786
0.43992102
0.44282228
0.43982702
0.44395375
0.45470974
0.43680042
0.4423442
0.44900334
0.43680897
0.44208854
0.4369332
0.43567222
0.42416868
0.44176555
0.4285909
0.4461413
0.4400383
0.42974985
0.4320221
0.43459648
0.43418804
0.4375132
0.4249649
0.43456146
0.4319974
0.42067176
0.42219928
0.43088424
0.42629588
0.42901114
0.4311538
0.43134335
0.42907527
0.42201036
0.42012155
0.4327154
0.4216994
0.43225628
0.42141932
0.42579976
0.43488884
0.43629315
0.43239242
0.42934957
0.42040166
0.4234264
0.4266082
0.41621122
0.4311619
0.42257738
0.42866164
0.42797178
0.43887696
0.42856157
0.4248017
0.44234827
0.425652
0.42330778
0.4278906
0.42173237
0.41585693
0.4228862
0.42826122
0.41633323
0.4190147
0.41792688
0.4185548
0.41196072
0.4137029
0.42039514
0.42625815
0.42453364
0.41064498
0.42546758
0.411428
0.4075036
0.4130345
0.41640785
0.41516188
0.42055354
0.43302882
0.4193598
0.41263828
0.41817093
0.41269726
0.41393334
0.41518807
0.43251705
0.42221144
0.41722253
0.41011468
0.41670743
0.4160062
0.41511512
0.41107675
0.40473118
0.41954368
0.4243461
0.4342851
0.42066568
0.41691592
0.41207433
0.41670406
0.42608103
0.4273083
0.41825768
0.42325994
0.40817982
0.42549908
0.42434958
0.44125366
0.44307014
0.43082163
0.42306912
0.42543763
0.412337
0.4019663
0.40331382
0.40448397
0.40850925
0.4125892
0.40267324
0.39814714
0.40800607
0.4172992
0.40893784
0.40120587
0.40423182
0.409028
0.39917085
0.41202763
0.40833104
0.40474015
0.4131669
0.41385165
0.4241767
0.41373613
0.4120098
0.4059604
0.39593905
0.41099247
0.40438035
0.40360153
0.40865982
0.41030648
0.40512452
0.40346238
0.402538
0.40725204
0.40028793
0.40665758
0.41172707
0.40134248
0.4101939
0.41339025
0.41198504
0.41072458
0.40261385
0.4085694
0.40213156
0.4109854
0.40737653
0.4073785
0.41071817
0.40564883
0.41203007
0.403065
0.40494922
0.40359455
0.4041207
0.39933848
0.39896408
0.40338105
0.40189996
0.4033794
0.40041295
0.40033883
0.3981863
0.39510027
0.39243016
0.4095031
0.3923267
0.40241733
0.4013917
0.39299333
0.4079184
0.3975789
0.39582548
0.40561473
0.4005805
0.39354458
0.39646986
0.3973284
0.39535883
0.38859951
0.39154485
0.39490616
0.40249154
0.3956043
0.4030016
0.40546885
0.41708758
0.3998267
0.4024855
0.39505398
0.39352167
0.39893243
0.39347085
0.39654377
0.38822898
0.39043218
0.39867246
0.41672307
0.41759846
0.3935088
0.3949596
0.39567438
0.3883588
0.3883106
0.39446583
0.3871187
0.3955056
0.3864374
0.38565868
0.38548318
0.39334875
0.39267048
0.38711998
0.39566237
0.39801311
0.40947586
0.39930606
0.4031931
0.39738497
0.41010725
0.4140448
0.3982906
0.38903236
0.38757735
0.39231163
0.38436887
0.3937824
0.38934362
0.3853236
0.39051875
0.38999087
0.38230008
0.3879813
0.38906515
0.38352767
0.39156306
0.39208215
0.39442217
0.38811207
0.38969466
0.39127126
0.3857196
0.3898049
0.3797499
0.38421145
0.38809714
0.38427383
0.38473004
0.39545667
0.38568297
0.38824803
0.38360807
0.3888079
0.38322186
0.3796276
0.3840529
0.38404396
0.3858378
0.37919986
0.38505462
0.38984066
0.39389414
0.38286644
0.3807359
0.3921568
0.39443633
0.3759615
0.3819014
0.38036364
0.38028935
0.3789635
0.3892423
0.39281216
0.3917575
0.38857532
0.38282946
0.38242885
0.3776255
0.3770539
0.3887424
0.3791523
0.38959426
0.38839078
0.38256943
0.37690347
0.37768006
0.38009176
0.37712544
0.38163602
0.38333073
0.37921017
0.38500744
0.37742308
0.38191807
0.3806941
0.379923
0.3811461
0.37402135
0.38056165
0.36870477
0.376088
0.37313497
0.3843082
0.37487757
0.37800896
0.37971294
0.37442073
0.3786494
0.37590253
0.3728856
0.37815607
0.3761801
0.3737001
0.36603326
0.3735627
0.37482688
0.37418532
0.3727611
0.38121596
0.3886862
0.37034872
0.37157077
0.37471536
0.3717478
0.36705962
0.36526436
0.37376744
0.37292445
0.37019083
0.3790978
0.36887503
0.38648823
0.37330854
0.38721934
0.3675885
0.36891922
0.3894475
0.37719965
0.3775371
0.37666562
0.36744478
0.3687323
0.37377706
0.37154087
0.36468938
0.3685339
0.37089685
0.37099537
0.37515855
0.38679546
0.3598965
0.36769703
0.37877968
0.36683938
0.36742795
0.36723125
0.3703283
0.3740877
0.36798817
0.36712766
0.35996678
0.3632456
0.36881375
0.36088428
0.36985135
0.36275786
0.36050466
0.3639179
0.36223567
0.3794587
0.36624905
0.3680789
0.3641269
0.36727908
0.36318615
0.3648382
0.36214954
0.35999572
0.3639222
0.36624357
0.36443982
0.3639554
0.36795804
0.37770858
0.37032005
0.36107948
0.3716953
0.361155
0.35778937
0.36163673
0.3674239
0.3607509
0.36435038
0.3700053
0.3573195
0.35904294
0.35850966
0.36408955
0.360384
0.35915703
0.3591983
0.36064515
0.361732
0.35745338
0.36858916
0.36018574
0.35962883
0.3583127
0.35923526
0.36133772
0.3615047
0.35222465
0.35677195
0.35395417
0.3671235
0.3554163
0.36369067
0.35779917
0.36158764
0.3598512
0.3590015
0.3518579
0.35958904
0.36406633
0.3513799
0.3576834
0.35756502
0.35459816
0.3629093
0.35035053
0.36093268
0.35712877
0.35852826
0.35490125
0.37217677
0.3574308
0.3569439
0.3545244
0.35517222
0.3547388
0.35401595
0.35540974
0.3544473
0.3568817
0.35110354
0.35728225
0.3524484
0.36583072
0.35384014
0.35763952
0.35328415
0.3555444
0.35012373
0.3489274
0.35234094
0.35387036
0.3555765
0.3558034
0.36122224
0.37277427
0.36415663
0.3600982
0.35732293
0.3533674
0.35808542
0.35046667
0.3492687
0.35148045
0.35072932
0.35376933
0.35297275
0.35672006
0.3459414
0.3530097
0.35584608
0.35529843
0.35117683
0.35146505
0.35619068
0.34932622
0.3557906
0.35413775
0.34774858
0.34881195
0.350263
0.3592585
0.36021677
0.34238103
0.3548157
0.35225785
0.3556719
0.3490733
0.357563
0.3519953
0.35345328
0.35204488
0.35131717
0.36311078
0.36094278
0.34490135
0.35847044
0.34773037
0.35330325
0.34578475
0.36355263
0.35426247
0.34885082
0.36543745
0.34761402
0.35636306
0.35461354
0.35652977
0.36881205
0.3538437
0.35281897
0.36398003
0.36126256
0.35452697
0.34881946
0.3524404
0.3539009
0.36342362
0.35481706
0.36022136
0.35084778
0.34735945
0.3451616
0.34540567
0.35305774
0.34701768
0.34855095
0.35302255
0.35554272
0.35293493
0.35465527
0.34902874
0.34595168
0.34715962
0.35430622
0.34573582
0.34002534
0.34383592
0.34606245
0.35563755
0.34361508
0.35056403
0.3443481
0.34598956
0.34961388
0.347039
0.3452508
0.34816474
0.34993017
0.34896973
0.34267747
0.34601247
0.34388393
0.35549456
0.35163352
0.34387156
0.3482557
0.34668103
0.3424247
0.35049725
0.34298322
0.34256628
0.33297104
0.33772713
0.34643987
0.33942878
0.3451621
0.33839604
0.34481317
0.3371453
0.33916652
0.3425505
0.34460825
0.34285194
0.34010914
0.3419705
0.33894315
0.33928227
0.34338462
0.33883196
0.33762586
0.3443145
0.3397169
0.33805543
0.34616423
0.34214088
0.3544133
0.3428829
0.33780774
0.33990508
0.3522266
0.33627385
0.33626682
0.34713995
0.34149498
0.3430159
0.3408838
0.335692
0.34190458
0.34380624
0.34522334
0.34055763
0.33893436
0.35703376
0.35321492
0.35425678
0.34302998
0.33921102
0.33555663
0.33770007
0.3519208
0.33733013
0.34415078
0.33690023
0.33889064
0.3398184
0.33493903
0.33651873
0.33377168
0.33745384
0.33279094
0.33464095
0.33154166
0.34133348
0.33748004
0.3319093
0.34581244
0.33337152
0.33355215
0.33752868
0.33594456
0.33493486
0.34205586
0.33330977
0.3387011
0.34055722
0.33405796
0.34331873
0.3363074
0.32629782
0.33370116
0.35225102
0.33041012
0.33057833
0.33648303
0.3338369
0.33435687
0.34524736
0.331664
0.34464043
0.33263785
0.3490519
0.32772458
0.33595517
0.33726105
0.33423272
0.33573526
0.33311653
0.3364086
0.33394122
0.33641595
0.34608957
0.33991817
0.33896342
0.34072506
0.33466417
0.34080482
0.3416543
0.3389255
0.3360859
0.34158838
0.33002073
0.3323754
0.33801347
0.3336112
0.33995366
0.34534523
0.33474213
0.3330237
0.33094946
0.33865172
0.3398728
0.33848545
0.3442963
0.33642194
0.33756903
0.34079972
0.33429077
0.34127814
0.33855703
0.33314463
0.33390683
0.33994564
0.33607158
0.3335519
0.33136877
0.32953283
0.33524165
0.33957627
0.3337917
0.33451125
0.3347603
0.33754402
0.32695228
0.34542012
0.33080366
0.3331741
0.3354165
0.33738574
0.34407863
0.32376724
0.33576584
0.3235176
0.32588565
0.3357543
0.32924166
0.33107817
0.33321774
0.328909
0.32854497
0.33255515
0.3454798
0.3276993
0.33670047
0.33289927
0.33462024
0.3247556
0.32923064
0.32726577
0.33080122
0.32890552
0.32746145
0.33065426
0.333312
0.3282337
0.3400513
0.33497152
0.33317423
0.32680377
0.32708192
0.3261842
0.33105087
0.3348658
0.33171034
0.3323934
0.34268793
0.33399707
0.33655635
0.33968708
0.3224136
0.33176142
0.33345476
0.33770937
0.33226117
0.324058
0.32961923
0.32299268
0.3231919
0.3239549
0.33635744
0.33152598
0.32061458
0.33055544
0.3239491
0.32916793
0.32367495
0.3248528
0.32562882
0.32566553
0.32377258
0.32943103
0.32893375
0.3259257
0.328599
0.32132983
0.3215139
0.324706
0.32765582
0.3252286
0.32655835
0.32625097
0.32872668
0.33140883
0.3256328
0.33264136
0.3285774
0.33712977
0.32530186
0.3271137
0.32845995
0.3337112
0.3243535
0.32852337
0.3253122
0.33166048
0.32445621
0.32555783
0.32376814
0.33315924
0.33115765
0.3332053
0.33240312
0.33023956
0.33635756
0.3320972
0.3285289
0.33065733
0.3419501
0.32842147
0.31951115
0.3267952
0.32567856
0.3235837
0.32629135
0.3259469
0.32346871
0.32187352
0.33638734
0.32067809
0.32068846
0.3177173
0.333807
0.32480592
0.32495016
0.33041766
0.32582942
0.32346207
0.32892826
0.32183588
0.33168888
0.3260697
0.32400396
0.32339868
0.3177058
0.3177989
0.31993157
0.31658724
0.31655
0.31841505
0.31836343
0.31419918
0.32242373
0.31363302
0.3177639
0.3166255
0.3150238
0.32029662
0.32196456
0.32152772
0.32678786
0.32633123
0.3345494
0.32152566
0.3292416
0.32426247
0.3250827
0.3236687
0.3204387
0.32482514
0.3247694
0.31945956
0.3169561
0.32316545
0.31491116
0.32005396
0.3209645
0.31971553
0.32022625
0.3224625
0.32316744
0.32642877
0.32161164
0.31970653
0.31680343
0.31556496
0.31589428
0.32671162
0.3203711
0.31591853
0.32147855
0.31214973
0.31789562
0.31710166
0.3145285
0.3218094
0.3124052
0.32037058
0.31961393
0.3158999
0.318673
0.31733045
0.3157268
0.31216496
0.31541055
0.3226353
0.31823197
0.31570297
0.3120727
0.31397647
0.31435508
0.30949992
0.31593353
0.32132265
0.31500167
0.3147988
0.31176728
0.31397906
0.3259924
0.31327945
0.31483284
0.3116265
0.32126498
0.31530723
0.3156307
0.31401658
0.31288865
0.3212608
0.31658402
0.31570977
0.3113906
0.31617665
0.31779516
0.31253177
0.3144964
0.32047176
0.3166642
0.31817952
0.3105728
0.3158014
0.31493136
0.3186958
0.31515285
0.31191495
0.31354633
0.3093532
0.31540105
0.30929098
0.31376314
0.31474778
0.30984932
0.31204355
0.3153396
0.30957934
0.3110921
0.31193632
0.31760144
0.3083456
0.31490493
0.3161162
0.3135404
0.3175708
0.32222155
0.31171107
0.31195045
0.30994156
0.31258896
0.31024006
0.30976728
0.30788696
0.31234673
0.31108364
0.30881202
0.31413838
0.31767038
0.31714588
0.31444246
0.31985664
0.30905962
0.3083307
0.3202055
0.3178894
0.3112594
0.32238483
0.30993754
0.31151098
0.3137173
0.31174618
0.3118113
0.31403023
0.31129336
0.31058612
0.3116657
0.31345236
0.31164718
0.31284058
0.31967854
0.31355113
0.31737512
0.3151031
0.30994418
0.30941665
0.3142623
0.31420484
0.31263176
0.31645545
0.30912244
0.31693223
0.31079486
0.31121755
0.310211
0.30779332
0.3079076
0.32044318
0.30684456
0.3070838
0.3080177
0.30730435
0.30868933
0.3208347
0.31311762
0.30548066
0.30896458
0.3078797
0.30365476
0.3103258
0.313664
0.32161742
0.30779803
0.30957448
0.30834946
0.3111278
0.3101122
0.31360883
0.3203415
0.30978945
0.3103158
0.30893716
0.30967996
0.3108632
0.30959484
0.3119957
0.31303176
0.3145675
0.30895302
0.31571183
0.31593776
0.30886775
0.31599042
0.3098121
0.31562033
0.30881765
0.3071713
0.3124529
0.31217164
0.31368935
0.3123507
0.31270662
0.3112106
0.31475544
0.31034094
0.30961642
0.30906957
0.31604838
0.31114793
0.30943778
0.3065275
0.30728468
0.30701375
0.30609894
0.3085237
0.3097235
0.30868354
0.3123955
0.30581027
0.31369787
0.3143946
0.31040263
0.30984312
0.30602118
0.31197897
0.31150115
0.31036785
0.3117158
0.3084376
0.3093044
0.3135721
0.30955586
0.3070271
0.30806336
0.30411705
0.3055133
0.30910394
0.3080031
0.3050872
0.3090429
0.302465
0.30525193
0.30485612
0.3047946
0.30679482
0.31267905
0.30418694
0.30653065
0.30783284
0.30443203
0.30397713
0.30794567
0.30365372
0.3111533
0.30472592
0.30710968
0.3009663
0.3053478
0.30409485
0.3062354
0.30767867
0.31647357
0.30324808
0.30487096
0.29981354
0.3063949
0.31205994
0.31331524
0.30724397
0.31255102
0.30995664
0.30505502
0.30593714
0.30502838
0.30757546
0.30601496
0.30208394
0.30583838
0.30082422
0.30752054
0.2998153
0.3064473
0.30583102
0.31111395
0.30590343
0.30627355
0.31058195
0.3124416
0.30363256
0.30354983
0.302976
0.3031847
0.3053735
0.30185527
0.30653307
0.30757356
0.3052341
0.30349377
0.3063966
0.31177574
0.30619276
0.30450487
0.2982803
0.30243286
0.3018143
0.30552113
0.30421305
0.30546
0.30248943
0.31120414
0.30935755
0.3114512
0.30915025
0.30378297
0.30312696
0.3092335
0.30280164
0.30559045
0.31421202
0.3049275
0.30750027
0.30526322
0.30169016
0.3087617
0.2986628
0.3001042
0.30726
0.3025005
0.3009425
0.3078123
0.3022059
0.30336532
0.30862102
0.3021092
0.30327263
0.30237296
0.3088653
0.30146852
0.30292547
0.30094677
0.3075565
0.29862854
0.306121
0.29949632
0.31123376
0.30080333
0.29771522
0.3023371
0.3076557
0.30184892
0.30076635
0.3070699
0.29992193
0.30154213
0.30248073
0.30322212
0.31209946
0.3008599
0.30060425
0.3050214
0.29430208
0.29893085
0.29836246
0.30639306
0.2968915
0.29741487
0.3097999
0.29486945
0.31080762
0.297873
0.29801866
0.29878187
0.2944847
0.29695415
0.3004713
0.30448025
0.296565
0.3013189
0.30016613
0.30311033
0.3062356
0.3119807
0.30127364
0.29935703
0.30612558
0.30247864
0.3043186
0.30268228
0.2989184
0.30077496
0.29634997
0.30209816
0.3009671
0.29297218
0.3019417
0.29407638
0.30112448
0.2972363
0.2939853
0.29809147
0.29953903
0.2919737
0.29600328
0.3013661
0.29320252
0.2930692
0.30321342
0.30125353
0.2974103
0.29937676
0.29677817
0.29497537
0.29601538
0.29654217
0.29833952
0.29642642
0.3026123
0.29434007
0.3029213
0.30082768
0.29352507
0.30056748
0.30021074
0.30053097
0.295698
0.29599828
0.29922855
0.29538402
0.29816535
0.29473123
0.29134804
0.2979036
0.3024468
0.31333566
0.30095604
0.2937008
0.29814306
0.29905224
0.29952887
0.29735124
0.30470273
0.29105943
0.29610723
0.2995432
0.29383877
0.2977584
0.29032075
0.29098782
0.29359505
0.29183254
0.29141822
0.2890479
0.28955576
0.28650096
0.3068258
0.29823497
0.28766093
0.29192036
0.29716796
0.2945413
0.3002428
0.29266787
0.2889616
0.29362953
0.2976498
0.30283174
0.29788247
0.29239532
0.2969411
0.29352087
0.29162386
0.29324913
0.2926681
0.2884541
0.29583195
0.30422637
0.30654207
0.30126524
0.30241495
0.29622817
0.30392644
0.2958371
0.29181612
0.29860255
0.29652888
0.2936905
0.29790753
0.30041742
0.29537526
0.29251915
0.29749337
0.29488683
0.2992815
0.2959892
0.29500803
0.2971283
0.2930031
0.28973764
0.29275128
0.2960546
0.29463783
0.2883736
0.29469144
0.297545
0.29462346
0.29230124
0.29242504
0.2960375
0.29158184
0.2935888
0.29999125
0.29848924
0.29220197
0.30235493
0.29376027
0.30108055
0.29566026
0.2909774
0.29647684
0.2923438
0.28919446
0.29670548
0.29596832
0.29095426
0.29393217
0.2912219
0.29170805
0.28909257
0.2905381
0.2887803
0.29045215
0.29037645
0.2922824
0.29118794
0.29306057
0.293612
0.29177436
0.2919195
0.29055497
0.29326823
0.291308
0.29260865
0.29398364
0.29697442
0.2933876
0.30005518
0.2933033
0.29181236
0.28947887
0.29134926
0.28972235
0.28792268
0.293719
0.28662398
0.28664598
0.2874782
0.28565404
0.285532
0.28729773
0.28821534
0.29061523
0.29247233
0.3035278
0.29240927
0.28610954
0.28942803
0.29479745
0.282731
0.2861985
0.2831894
0.2884674
0.28672257
0.29174566
0.28293815
0.29055953
0.28537127
0.2848926
0.28841326
0.28705567
0.2857989
0.2835145
0.29015195
0.2904317
0.2905869
0.28614408
0.28706303
0.2832425
0.28648898
0.28709942
0.2845992
0.29446974
0.28338593
0.28533566
0.28596178
0.28459713
0.29826987
0.29269928
0.28491277
0.28684473
0.2850506
0.28678194
0.28801882
0.2838568
0.28934392
0.2887198
0.28863254
0.28978717
0.29286215
0.2874058
0.28607515
0.288953
0.28110474
0.29045406
0.28227505
0.28873184
0.28873733
0.28499907
0.29041985
0.29047227
0.28468415
0.28554505
0.28957805
0.28811565
0.28530094
0.28429237
0.2908252
0.2889012
0.29291475
0.28568846
0.28516662
0.28982756
0.28502333
0.2886571
0.28887227
0.28477013
0.2902264
0.28940985
0.29180828
0.2902941
0.28350297
0.2829547
0.283792
0.28692806
0.28567165
0.28415307
0.29279307
0.27870286
0.2808851
0.2824512
0.2819893
0.27914494
0.28433606
0.28370342
0.28242365
0.28344253
0.2825115
0.28074732
0.28347087
0.2845326
0.28458774
0.28768018
0.2924404
0.29864538
0.29348642
0.2938199
0.29400682
0.29514673
0.29150915
0.29181916
0.28757125
0.2919159
0.28901678
0.289929
0.288413
0.287647
0.28497946
0.29295003
0.29772776
0.29652938
0.29465774
0.2922755
0.29071438
0.28888446
0.29392943
0.29147258
0.28387636
0.28555742
0.2873055
0.28804114
0.29097638
0.2849119
0.29076546
0.28515896
0.2852615
0.28461295
0.28705454
0.28867987
0.2808307
0.28842553
0.28629553
0.28993347
0.2888335
0.28468657
0.28669098
0.28845608
0.2891243
0.29103935
0.28434223
0.2860278
0.29194146
0.28224403
0.28508714
0.28280872
0.28698522
0.29189786
0.2849664
0.2861802
0.28399652
0.28472897
0.29050148
0.28106162
0.29224443
0.28790188
0.28053
0.2844042
0.28464165
0.28019837
0.283756
0.28509817
0.28500372
0.28085276
0.27996266
0.290124
0.28408983
0.27784887
0.2815991
0.2835162
0.28496906
0.28182822
0.2840605
0.28874853
0.29015362
0.28456515
0.29491952
0.28641164
0.28501117
0.28272277
0.28242064
0.2813451
0.27939883
0.2882177
0.28049436
0.28271437
0.28169203
0.28100443
0.28052104
0.27937198
0.28226122
0.27835545
0.28091148
0.28365847
0.29266408
0.28915063
0.2832799
0.2862965
0.28504708
0.29436076
0.27771404
0.28351617
0.28518912
0.28358755
0.28211457
0.27926347
0.2799038
0.28287253
0.28207606
0.2841225
0.27932954
0.2812803
0.27604634
0.27640235
0.27609035
0.28462264
0.2799877
0.2828225
0.27371386
0.2767462
0.2810805
0.28160757
0.2805157
0.28153783
0.2767207
0.27795488
0.2794482
0.2743797
0.27786765
0.28255984
0.27731147
0.2745705
0.2764876
0.28189257
0.2831365
0.27688333
0.27996182
0.27650344
0.27463588
0.27838066
0.27714357
0.2755412
0.27426857
0.27729288
0.28660157
0.2773504
0.28023905
0.2749921
0.2775311
0.2787398
0.27771753
0.27939844
0.27876216
0.27033666
0.27741638
0.27919537
0.27489737
0.28060535
0.2772048
0.283487
0.27180701
0.27454275
0.27553266
0.28143033
0.27500144
0.27785343
0.27778304
0.28021958
0.27650648
0.2732348
0.27844742
0.27551937
0.27993152
0.27617043
0.2738388
0.28216365
0.27727965
0.274098
0.27828315
0.2783418
0.2743449
0.28449562
0.2764305
0.27526957
0.27463222
0.27795115
0.27542165
0.2780706
0.27575317
0.27248022
0.27622074
0.2739434
0.2779629
0.27319884
0.27594632
0.28069553
0.27402112
0.27183607
0.27703744
0.2705615
0.28566682
0.27467743
0.27418512
0.27580696
0.2728713
0.2754353
0.27828318
0.27892625
0.28009292
0.2727473
0.27452198
0.26896802
0.27199546
0.27849013
0.27275088
0.27282894
0.27286282
0.27752328
0.27990454
0.27301678
0.27202094
0.27782682
0.27392268
0.27212676
0.27749902
0.27555564
0.27508095
0.2718661
0.2764742
0.28506395
0.2769649
0.2789581
0.27653798
0.27386847
0.27320537
0.27585492
0.2705448
0.27141118
0.27172223
0.26882312
0.27524415
0.27092612
0.274169
0.27447212
0.27549103
0.2791047
0.27585918
0.2776913
0.27714476
0.27311748
0.27716306
0.27371913
0.2717257
0.28149524
0.27445707
0.2756959
0.27044758
0.27788946
0.27513763
0.27233574
0.27379838
0.276365
0.27138066
0.27849236
0.27374732
0.27487746
0.27991468
0.26905078
0.2714666
0.26989576
0.270994
0.26835778
0.26720893
0.2700011
0.271774
0.273176
0.2742811
0.2711854
0.27442133
0.27520466
0.27439138
0.2701456
0.27068433
0.27138513
0.27533552
0.28297862
0.27933043
0.2736012
0.27000806
0.275249
0.27460098
0.27706274
0.27993873
0.2818903
0.2677173
0.27170864
0.27634144
0.2743081
0.2734825
0.28225815
0.27856636
0.28000078
0.27866626
0.27280858
0.2745807
0.27383968
0.28098592
0.269025
0.27357167
0.2785023
0.27614215
0.2708493
0.27108264
0.2728363
0.2734745
0.26929232
0.27586508
0.27310586
0.27481556
0.2686656
0.27559948
0.2690534
0.27196136
0.2689223
0.2723506
0.27153403
0.26466373
0.2709291
0.272989
0.26743272
0.27874622
0.27216706
0.26799616
0.2694494
0.27115247
0.26997304
0.27075478
0.27407113
0.2682385
0.27189037
0.2709141
0.27543032
0.26970947
0.26984978
0.26835012
0.27104464
0.270961
0.27002928
0.2710928
0.26813033
0.27239615
0.26498285
0.26998815
0.26797462
0.26854104
0.2627927
0.2694932
0.26650834
0.27205884
0.27045423
0.2670512
0.26447585
0.26773322
0.26735404
0.26837456
0.2657064
0.26546386
0.26426134
0.26873848
0.26639652
0.26705945
0.27203947
0.27595145
0.26770395
0.26787713
0.26780742
0.2694941
0.26355818
0.26947084
0.26800728
0.2645901
0.26900896
0.27000087
0.27115282
0.27161646
0.267353
0.26910096
0.2774477
0.26840097
0.26878044
0.2682439
0.26225892
0.26593396
0.26647082
0.26313156
0.2730563
0.26946148
0.26175871
0.27123576
0.26898202
0.27059606
0.2655487
0.2688604
0.26715624
0.26608095
0.2679776
0.2678996
0.26458955
0.26448795
0.26535335
0.27241164
0.2646817
0.26672864
0.26505643
0.26251632
0.2678078
0.26517263
0.26337847
0.26972803
0.26525477
0.26723644
0.27156425
0.27117485
0.27168882
0.26890695
0.27228966
0.26771453
0.2643053
0.26262772
0.26602066
0.26932323
0.26528603
0.27144697
0.2690272
0.26518488
0.26733935
0.26873985
0.26255053
0.27069142
0.26760432
0.27042896
0.26572433
0.2731114
0.26518187
0.2720097
0.2693411
0.26461145
0.2748687
0.2660499
0.26737633
0.2704737
0.2681433
0.2661311
0.2663132
0.2698102
0.26544896
0.27223906
0.27447948
0.2717078
0.2710659
0.2679258
0.26907355
0.2713039
0.27041906
0.26634333
0.2692093
0.26713717
0.27531323
0.2684326
0.2683872
0.26593012
0.26850367
0.2718327
0.26430482
0.26797616
0.26914605
0.2667548
0.26652825
0.26982322
0.26800218
0.26944083
0.2646478
0.27108848
0.26228136
0.26719406
0.2680908
0.2638089
0.26519224
0.26512307
0.26583606
0.26814654
0.26615137
0.26291564
0.2705112
0.26321167
0.26297048
0.2697997
0.26164868
0.26189995
0.26992768
0.26994935
0.26440582
0.26428452
0.26699188
0.27173096
0.27564883
0.26605624
0.2636854
0.26279575
0.2643727
0.26598516
0.26678142
0.26083046
0.2706768
0.26258585
0.25992697
0.26942682
0.26083893
0.26450855
0.26784888
0.26188377
0.26326513
0.26026613
0.26050583
0.26069948
0.26221943
0.26608646
0.26237467
0.26191074
0.2566192
0.25973886
0.25939
0.26282215
0.26438296
0.265101
0.26408443
0.25888136
0.26295242
0.26336718
0.26251876
0.2633974
0.26114377
0.2611888
0.2652758
0.2632649
0.26610485
0.26719412
0.26314184
0.259538
0.25972754
0.2626834
0.26466918
0.268224
0.26493576
0.2736015
0.26589713
0.26385787
0.2700229
0.26746306
0.26574662
0.27076566
0.27000406
0.2672383
0.27001908
0.2743972
0.2674269
0.2662126
0.2741142
0.27094588
0.26167974
0.26801234
0.27207908
0.27715918
0.2675201
0.27093163
0.26886252
0.26368886
0.2723588
0.26397535
0.2716642
0.26898924
0.262378
0.2622332
0.27292228
0.26979598
0.26439598
0.2678851
0.2716369
0.269332
0.26490998
0.2631058
0.26400676
0.26665735
0.2656162
0.26335886
0.26459938
0.26761103
0.27423936
0.26896086
0.26399648
0.2764509
0.27443016
0.2801596
0.2708104
0.2655498
0.27589747
0.26717272
0.26201913
0.26757
0.26391196
0.27504328
0.26490444
0.26281005
0.26248708
0.26177096
0.26501605
0.2648327
0.26110697
0.26960373
0.26409802
0.26403084
0.25962532
0.26802853
0.27669337
0.26893517
0.26496133
0.26662874
0.2674906
0.26939768
0.26398662
0.26838386
0.2590409
0.27174672
0.26822215
0.26394227
0.26559877
0.26405284
0.2646423
0.26098487
0.27129674
0.26237807
0.26110294
0.2691554
0.2620001
0.26620784
0.2633232
0.2612414
0.2644626
0.2647608
0.26636714
0.2645148
0.2626706
0.25841376
0.26772255
0.26281348
0.2575689
0.262841
0.26357022
0.27160278
0.25699517
0.25865573
0.26015967
0.25928688
0.26208675
0.26137182
0.2583034
0.26501554
0.27137226
0.2661084
0.2715038
0.27284616
0.27204674
0.27358994
0.27306533
0.26710573
0.2625135
0.26522133
0.25833967
0.25803486
0.25902256
0.25967693
0.2613987
0.26375479
0.26189095
0.2575597
0.26538223
0.26014853
0.2607102
0.26019046
0.2639881
0.25721335
0.25844875
0.259215
0.25937048
0.259682
0.26341462
0.26357904
0.2671878
0.26086143
0.26314422
0.26127005
0.25949153
0.2535206
0.258524
0.26290482
0.26183102
0.26234004
0.25947663
0.26213422
0.26342282
0.2604792
0.2579204
0.26196355
0.2651925
0.26187456
0.2609687
0.25812912
0.25967062
0.26210025
0.25471017
0.2568183
0.26142126
0.25903362
0.25589165
0.2580138
0.2559403
0.2579887
0.2612647
0.2564531
0.25899467
0.26203373
0.25976846
0.26270428
0.2558608
0.263928
0.25819987
0.2596342
0.26107413
0.25439638
0.25353
0.2666768
0.25773278
0.2636075
0.2573761
0.25372908
0.25608316
0.26204774
0.25628543
0.25945675
0.262563
0.25495797
0.25776115
0.25859356
0.25650027
0.25588077
0.26071784
0.25391915
0.2591935
0.26058558
0.2539511
0.26079082
0.2576347
0.2571156
0.2567376
0.26003128
0.25687248
0.25836274
0.25674802
0.26036692
0.25409657
0.25791952
0.26092824
0.25746047
0.25628933
0.25271732
0.25789
0.25656447
0.25701082
0.2528884
0.2569025
0.25428495
0.25881788
0.2649785
0.25739104
0.25370535
0.26068687
0.25915676
0.2542709
0.25589395
0.25509733
0.2520078
0.25490335
0.24987262
0.2575984
0.2506639
0.257044
0.26316145
0.26026922
0.26086378
0.25631946
0.2575226
0.25511515
0.25911346
0.25775433
0.2576078
0.25611103
0.25430915
0.2552185
0.25374308
0.25657934
0.2548846
0.25991526
0.25519255
0.25537243
0.25636235
0.25536302
0.25360337
0.2577277
0.25523403
0.2555196
0.2591764
0.25357014
0.25543338
0.25056475
0.25675684
0.2551579
0.25699508
0.25468427
0.253644
0.25094002
0.25561583
0.25629202
0.25653037
0.25592846
0.25418538
0.25730085
0.2541714
0.2576279
0.26442483
0.25542012
0.2589278
0.2534165
0.2575968
0.25912648
0.25566176
0.25738797
0.25757095
0.25442287
0.25562468
0.25395256
0.2546547
0.25409234
0.2525423
0.25830966
0.25993678
0.25629705
0.2671631
0.25224397
0.25723198
0.2626152
0.26834878
0.2735961
0.2764385
0.27597284
0.26626432
0.26453757
0.261388
0.26774555
0.26307938
0.25947127
0.2570536
0.26020175
0.25492772
0.25949565
0.26155546
0.2617226
0.25984457
0.2561274
0.25850928
0.2564625
0.2548282
0.25602585
0.26200175
0.25363424
0.2560888
0.25231913
0.25643706
0.25208607
0.25300664
0.25798026
0.252158
0.25205547
0.2530865
0.25170365
0.26073807
0.2595954
0.2511675
0.25550428
0.24968407
0.255651
0.25246924
0.25131845
0.2511114
0.2555145
0.25183585
0.25128606
0.25112745
0.25207108
0.2582299
0.2549301
0.25543898
0.25309366
0.25429308
0.25388956
0.2579824
0.25781468
0.250914
0.2536107
0.2501249
0.24815826
0.2510255
0.25895646
0.24945652
0.25735795
0.24825463
0.25506544
0.25310677
0.25839305
0.25546074
0.25010797
0.25444692
0.25561467
0.26336372
0.25299263
0.25003037
0.25509074
0.24810123
0.24947722
0.25007224
0.2531644
0.26065314
0.2537778
0.25145465
0.25503385
0.25700995
0.25803983
0.25078446
0.25166813
0.25594795
0.25063556
0.2496354
0.25434202
0.25119343
0.25024754
0.25821027
0.24869297
0.2547412
0.24909277
0.26273236
0.24913153
0.2503618
0.24900137
0.25425276
0.25162902
0.25075746
0.25214815
0.25000784
0.25178123
0.24672769
0.24899888
0.25128242
0.25563437
0.25417858
0.25039554
0.25398135
0.25439426
0.24711972
0.2504436
0.24924047
0.2458085
0.2574577
0.2528522
0.2495346
0.25004536
0.2518927
0.24711895
0.25248957
0.24785401
0.25049263
0.24938034
0.25238693
0.25560614
0.24800707
0.25036958
0.24923383
0.25417778
0.25041732
0.24852107
0.25324112
0.24973546
0.25528607
0.2502599
0.24702074
0.24822716
0.24729523
0.25136143
0.25355738
0.25605628
0.25180605
0.25435683
0.24801278
0.25093734
0.25468093
0.25092563
0.24821047
0.25096077
0.25022966
0.2506259
0.25701407
0.24540585
0.25267917
0.24614453
0.2525743
0.24770273
0.24875383
0.25110298
0.25325927
0.25213888
0.2512115
0.24777761
0.25194815
0.2494365
0.25358468
0.24965364
0.2505674
0.2518025
0.24858786
0.25129077
0.25367823
0.25527754
0.25094727
0.24625799
0.2469621
0.25075772
0.25009757
0.25496536
0.251593
0.25163227
0.2501461
0.2548784
0.25060976
0.25247294
0.2536225
0.24878933
0.24713002
0.2508544
0.2491609
0.2561115
0.25086862
0.24873899
0.25570792
0.26104024
0.25120294
0.25253367
0.25246888
0.2505796
0.2510112
0.25166416
0.25644332
0.25184563
0.24607484
0.24482629
0.2524038
0.2526617
0.24770042
0.25039002
0.25328332
0.24862906
0.2469193
0.2567293
0.2484488
0.24982803
0.24822888
0.25148493
0.24885735
0.24696702
0.24586272
0.24637425
0.24863663
0.24592482
0.24902675
0.25215557
0.24409333
0.24357706
0.2511043
0.24821557
0.24536917
0.2472602
0.25075176
0.24518739
0.24834323
0.24672793
0.2462738
0.24631244
0.24814156
0.24546076
0.2508551
0.25566706
0.25235048
0.24951793
0.24758863
0.24556486
0.24819142
0.24670069
0.24519008
0.24884291
0.24936575
0.2500599
0.24657215
0.2482442
0.24820621
0.24735986
0.24598607
0.24956438
0.24734446
0.24477573
0.24307804
0.24548194
0.2469502
0.24400109
0.24937813
0.24622247
0.24863742
0.25204358
0.25249174
0.24622832
0.24474916
0.24504976
0.2453869
0.2427716
0.24481033
0.25196385
0.24894316
0.24917738
0.24488983
0.2428118
0.24863966
0.2478662
0.2519879
0.24902053
0.24626449
0.24484861
0.24736138
0.24295273
0.24536303
0.24863586
0.24984296
0.24050821
0.24713281
0.24706696
0.24712276
0.24373592
0.24278949
0.24764557
0.24294752
0.24657391
0.24656728
0.24186674
0.24386245
0.2490067
0.24640134
0.24552837
0.24443698
0.24617188
0.2483772
0.24481122
0.24559256
0.24846026
0.2414233
0.24238922
0.25482547
0.24596034
0.25038564
0.24845517
0.24125504
0.24512625
0.24139932
0.24485749
0.2429993
0.24514396
0.24116467
0.2421038
0.243074
0.24342668
0.24450813
0.24435976
0.24608988
0.24375169
0.24500126
0.24367107
0.24629864
0.24617003
0.24290736
0.24520253
0.24296255
0.23743238
0.24333008
0.2440195
0.24504189
0.24243023
0.24867293
0.2407612
0.24394673
0.24440564
0.24122068
0.2423823
0.24586177
0.2408531
0.23845164
0.23942882
0.2464162
0.24252146
0.24463744
0.24428107
0.24266009
0.24399339
0.2434006
0.24023485
0.24004148
0.24360333
0.24606909
0.24052384
0.24597484
0.2425018
0.2416346
0.2463423
0.24952564
0.24455522
0.24635676
0.24199459
0.24427012
0.24172586
0.24862017
0.24251418
0.24141641
0.2434107
0.24415822
0.24517709
0.24623124
0.24130683
0.24145837
0.24076998
0.24448946
0.24758206
0.24252011
0.2502357
0.24457404
0.2434255
0.24513696
0.24718589
0.24148019
0.25094217
0.24341828
0.24697377
0.24423769
0.24330035
0.24830696
0.2420698
0.24530347
0.24864629
0.24453844
0.24319655
0.244909
0.23809737
0.24409857
0.2471072
0.24604005
0.24603695
0.25508454
0.25004822
0.24680284
0.25340673
0.2491957
0.25310022
0.2423398
0.24293773
0.24206111
0.24836652
0.2462726
0.24633493
0.24617109
0.24480963
0.24923533
0.24961379
0.24786657
0.24471438
0.24386606
0.2509511
0.2453858
0.24388996
0.24452944
0.24188587
0.2458976
0.24382976
0.2378409
0.2377803
0.24437046
0.2429607
0.24206056
0.24612118
0.24339318
0.240645
0.2416249
0.23972662
0.24842593
0.24168974
0.24348134
0.24115272
0.24585904
0.24344206
0.24406144
0.24106851
0.2503477
0.24678577
0.24369471
0.24173316
0.23945087
0.23957126
0.24657178
0.23974046
0.24845919
0.2392927
0.2451971
0.2411706
0.2385865
0.24138376
0.24025972
0.24309433
0.24733669
0.24484907
0.24118388
0.24109177
0.24111152
0.24467035
0.24858922
0.24727815
0.24399215
0.24192816
0.24215488
0.24253498
0.24538614
0.23864116
0.24221385
0.24220112
0.24112749
0.23979768
0.239494
0.24169198
0.24291815
0.24364287
0.24286732
0.24547918
0.23907153
0.24027687
0.24387999
0.24379848
0.24056938
0.23883897
0.24237946
0.24015087
0.23804976
0.24247317
0.24316482
0.24259302
0.24139698
0.24242745
0.24351344
0.24161819
0.24454631
0.23885591
0.24575837
0.23994906
0.23912367
0.23989016
0.24117057
0.24144655
0.2401524
0.24414073
0.23601438
0.23840445
0.23698628
0.24000701
0.23810907
0.24181552
0.2375291
0.24043456
0.24186529
0.24169911
0.23662654
0.24246277
0.24499455
0.24328
0.23685911
0.2394959
0.24518538
0.2390622
0.24649307
0.24189568
0.24074647
0.23938008
0.24015845
0.24098398
0.24384789
0.24111146
0.24222772
0.23941313
0.24746577
0.24417982
0.23978207
0.240616
0.24422395
0.23913467
0.24745312
0.24188723
0.24127549
0.24275528
0.23917831
0.23799646
0.24097641
0.2379555
0.23893102
0.24120386
0.24227354
0.23869096
0.24411461
0.23886716
0.2406795
0.23785125
0.23956369
0.23825179
0.24588385
0.23785107
0.23411651
0.2395976
0.2424297
0.24057986
0.23654813
0.23578843
0.24346133
0.24181508
0.24039517
0.24506222
0.24037823
0.24090979
0.2388963
0.24391414
0.2350449
0.23898353
0.23888145
0.2379989
0.2378522
0.23840834
0.24369237
0.23916623
0.2388355
0.23838529
0.24335015
0.23848662
0.24168184
0.23919526
0.24450134
0.23603822
0.24102482
0.24113457
0.24051936
0.24072172
0.24792887
0.24026792
0.24223569
0.2390745
0.23954324
0.23708242
0.24147224
0.2380662
0.24132591
0.24065745
0.2386532
0.24516626
0.2394534
0.23377939
0.23706792
0.24427375
0.23631929
0.23935482
0.23837295
0.24674985
0.24109218
0.24166763
0.24134994
0.24454246
0.23762201
0.24273366
0.24614322
0.23893622
0.24148047
0.23683676
0.24018236
0.24490577
0.24411725
0.24091111
0.24243845
0.2381856
0.2446172
0.24099039
0.24341154
0.24254096
0.24003486
0.24134314
0.23844688
0.23778151
0.23579577
0.23736335
0.23688348
0.23624687
0.23890737
0.23866582
0.23834892
0.2419448
0.24259003
0.23644184
0.23638926
0.23945318
0.2367425
0.23754402
0.24219416
0.23911597
0.23811954
0.23269248
0.23884165
0.23656332
0.24547668
0.23611164
0.23137082
0.24627902
0.23909907
0.23725007
0.23841292
0.23764096
0.23588899
0.2377002
0.23902841
0.2364464
0.23777135
0.23539603
0.2411077
0.2389689
0.23749906
0.23642692
0.24135184
0.2366344
0.23876351
0.23670612
0.2385469
0.23478656
0.24521175
0.23604926
0.2396274
0.24022079
0.24782744
0.2379424
0.2414551
0.24062018
0.24157855
0.24428366
0.23677306
0.2382359
0.2386857
0.23375444