
0.1135609
0.1064202
0.0970497
0.098473154
0.09628742
0.09916168
0.09640825
0.09341635
0.09347858
0.10626854
0.0937823
0.090536326
0.08767079
0.083650075
0.084410645
0.089926876
0.083349615
0.08258576
0.0807768
0.079141766
0.08210948
0.079777464
0.078809194
0.07942581
0.07984785
0.08079466
0.07822052
0.080368355
0.07954046
0.07801993
0.07504588
0.076970406
0.07371306
0.075001076
0.07467451
0.07732099
0.07594941
0.07819621
0.07394197
0.07253725
0.07366518
0.0726027
0.07316189
0.0722577
0.07557994
0.07256123
0.07224961
0.07224645
0.07479867
0.071568795
0.073599376
0.07338457
0.071934216
0.07175983
0.071678035
0.07335366
0.07265135
0.074348435
0.071865134
0.07111804
0.072503455
0.0726228
0.071737535
0.07084724
0.0704535
0.06946394
0.0687661
0.06898271
0.06856743
0.06806724
0.06721421
0.06785638
0.06583071
0.06711515
0.06766116
0.06699739
0.06839446
0.06808367
0.06592936
0.0666434
0.067608885
0.06673555
0.06664661
0.06764069
0.0632914
0.06660202
0.06433496
0.0642638
0.06524006
0.063321136
0.06532486
0.06417977
0.06385052
0.06437773
0.06347346
0.065646425
0.062234234
0.06158432
0.06113145
0.06332344
0.06419692
0.0640909
0.06081854
0.062902965
0.06384432
0.06275945
0.06158883
0.060773585
0.06212252
0.060666163
0.060746618
0.061325844
0.062187478
0.06170739
0.061002567
0.059284005
0.06053412
0.059630748
0.059834097
0.06180358
0.061488166
0.05992239
0.059754163
0.059619896
0.06095352
0.05898458
0.058583118
0.058128223
0.058396075
0.05897357
0.05754624
0.05951311
0.058971882
0.057981882
0.05838691
0.058337845
0.057530954
0.059760123
0.05852833
0.05804727
0.058557373
0.056943964
0.058830954
0.056515224
0.057177987
0.055639926
0.058128428
0.055840272
0.056905992
0.059898634
0.05539242
0.055841185
0.05701259
0.056779332
0.05776858
0.055686127
0.054215286
0.05370498
0.0556688
0.055292662
0.055802785
0.053819112
0.054294713
0.054067902
0.053294916
0.05592009
0.053362314
0.054891225
0.054254457
0.053417604
0.054118797
0.05365777
0.054454584
0.05268357
0.053069126
0.05542116
0.053637918
0.05247241
0.05244296
0.052956946
0.052104905
0.05143771
0.0525343
0.05414303
0.05268033
0.052406933
0.052618656
0.051504128
0.05184526
0.0516466
0.052830793
0.050675984
0.051267095
0.052235384
0.051866382
0.051558074
0.050722566
0.050467134
0.051763255
0.050206237
0.050115302
0.05016435
0.049616873
0.049683455
0.049882144
0.050493885
0.049265992
0.049268305
0.049848475
0.048572358
0.049921744
0.049708586
0.049520493
0.052779283
0.049531
0.04897427
0.04802412
0.04865923
0.049734
0.047932167
0.048618414
0.047755655
0.047708984
0.048837222
0.048719984
0.04761298
0.048377424
0.04714074
0.048049465
0.04871189
0.049379412
0.04811446
0.04796884
0.04772869
0.047297347
0.04866897
0.047165584
0.0470057
0.048599195
0.04896239
0.04657467
0.04689352
0.04692383
0.047233205
0.047311272
0.046647746
0.047657173
0.046250362
0.047649104
0.04726401
0.045721482
0.045210496
0.04703994
0.045617312
0.044725917
0.045433223
0.044666786
0.044917934
0.044238325
0.04536652
0.04638104
0.044840552
0.045447066
0.04523916
0.044247016
0.044885874
0.045160796
0.04567038
0.04554373
0.046171896
0.044863988
0.043750964
0.04387999
0.043259345
0.044037614
0.04589274
0.044161342
0.04444869
0.044342786
0.04419724
0.04308711
0.043553755
0.042614028
0.042566802
0.043434467
0.04322696
0.043353833
0.043874886
0.042354066
0.043029618
0.042542495
0.042494416
0.04193887
0.04236108
0.042234287
0.042515792
0.050688446
0.042738974
0.042567316
0.042003866
0.0416687
0.042607695
0.041789543
0.04135311
0.04400635
0.04344628
0.0425301
0.040776167
0.041030455
0.04233322
0.041386355
0.042241577
0.04262688
0.04275277
0.04142342
0.04132012
0.041954383
0.04128116
0.041729543
0.04061177
0.041206256
0.042384665
0.041218653
0.040110994
0.042783145
0.03954795
0.040595938
0.041952316
0.040288303
0.041555513
0.04079721
0.040629115
0.040206686
0.04089995
0.04086891
0.039832085
0.03982942
0.040538643
0.04100509
0.03988876
0.03985755
0.03949456
0.042032126
0.039957285
0.041237637
0.04048121
0.04127374
0.039953396
0.04070738
0.039834954
0.04005382
0.040840045
0.04031529
0.03939877
0.039715562
0.03975146
0.039510455
0.039098285
0.03832824
0.040395536
0.03897086
0.040027887
0.039235365
0.03890783
0.03923552
0.038188886
0.03964754
0.040575475
0.03914345
0.03827998
0.038171783
0.03806668
0.03792503
0.03858755
0.03872643
0.038102143
0.03762732
0.037435494
0.04049892
0.0382656
0.03793315
0.037713096
0.037595455
0.038866352
0.037587732
0.037903395
0.03727331
0.03723601
0.037540752
0.03991604
0.03798064
0.037073128
0.037478223
0.03650195
0.037166048
0.03619879
0.037362408
0.03695907
0.03740983
0.036255084
0.036108118
0.037346598
0.036367152
0.03652627
0.035970576
0.036652785
0.035864674
0.035889376
0.035128213
0.035951212
0.0357068
0.036389865
0.035493053
0.036086567
0.037446335
0.035002034
0.036515877
0.03497869
0.03617338
0.03477023
0.036069546
0.035014566
0.035530277
0.034418304
0.03472617
0.03509058
0.03558982
0.034856807
0.035773836
0.034529828
0.03463805
0.0350084
0.03457562
0.034885705
0.035156198
0.034590855
0.034700748
0.034583267
0.034650963
0.035728697
0.036186088
0.03490519
0.034230802
0.03474996
0.03383898
0.035661105
0.034255724
0.034585617
0.03420004
0.033971585
0.034112006
0.034670815
0.03382436
0.033580188
0.03437182
0.033598624
0.03347611
0.035141833
0.032861497
0.03305757
0.03301597
0.033757243
0.0330103
0.033712845
0.033495158
0.033640265
0.033384454
0.033576123
0.03377637
0.03307898
0.03248515
0.03323484
0.032829024
0.033408765
0.03312734
0.033508968
0.033076905
0.032946605
0.032490037
0.033072706
0.03347687
0.032640852
0.032320388
0.03258246
0.03225086
0.033042688
0.032867942
0.0328323
0.03296427
0.031802367
0.032136574
0.032054473
0.033615913
0.03205845
0.031833626
0.03190146
0.032412972
0.031515535
0.03389458
0.03282024
0.031225884
0.03172752
0.032175932
0.031314775
0.03161189
0.031523533
0.03094155
0.03206181
0.031195095
0.0317362
0.031095581
0.030831406
0.031694267
0.031183455
0.0308595
0.032295424
0.030747972
0.03088889
0.030818565
0.030664988
0.030868512
0.030721158
0.03039587
0.030468054
0.030947337
0.030674757
0.030428404
0.032785613
0.03063825
0.030465253
0.030110836
0.031162053
0.030203635
0.030619383
0.030630093
0.03118945
0.030052762
0.03053597
0.030750247
0.029927675
0.030386692
0.03130351
0.030452626
0.030170236
0.02942342
0.029593538
0.029413259
0.030640919
0.031238297
0.02951132
0.030190274
0.029239735
0.029724652
0.029497294
0.029154541
0.029496774
0.031116968
0.029690819
0.030001497
0.02898977
0.030514894
0.02942411
0.029758897
0.029634668
0.02968534
0.028853685
0.029701099
0.029494487
0.030318597
0.02961141
0.0298724
0.030140245
0.028797038
0.029472137
0.030300226
0.029831996
0.029855873
0.029146194
0.029263614
0.030798808
0.029035041
0.029529972
0.029802058
0.02864856
0.028838849
0.02810981
0.028321799
0.028524697
0.028070884
0.029193189
0.029245213
0.028714625
0.028638091
0.028437112
0.02868643
0.028352482
0.028644793
0.030022893
0.027884606
0.028761914
0.027920002
0.0288429
0.029104825
0.029010518
0.02819248
0.028616732
0.028238654
0.028865792
0.027825726
0.028071852
0.028205616
0.027988814
0.027281577
0.027151724
0.02806864
0.027870107
0.028520595
0.02766169
0.027700707
0.02828473
0.028701423
0.027509362
0.02783883
0.028076863
0.028630888
0.028068392
0.02856798
0.027952882
0.027500644
0.027598431
0.028126363
0.028091427
0.02718623
0.0273536
0.028366672
0.027059564
0.0282715
0.027680183
0.02782605
0.027334759
0.027020177
0.026984183
0.026534226
0.02733293
0.027014464
0.027389314
0.027051628
0.027334642
0.027371157
0.027093893
0.026675425
0.027240353
0.02671079
0.026783612
0.026506174
0.027227659
0.027571032
0.027080256
0.026899891
0.026962979
0.02741306
0.026861135
0.027153375
0.026815563
0.026413705
0.02632025
0.027078198
0.026860144
0.02723516
0.027125485
0.02659317
0.026750103
0.026399834
0.026606461
0.026432281
0.02755686
0.026790688
0.026115261
0.026477756
0.026266612
0.02610885
0.026483823
0.02690988
0.027175255
0.025970023
0.026328262
0.026033778
0.026837276
0.026120396
0.026555266
0.02631119
0.026108425
0.025860418
0.025972102
0.025968814
0.026657628
0.025984108
0.0258904
0.0252653
0.02569818
0.025887778
0.025520813
0.0256513
0.025390428
0.025208056
0.025223203
0.026230142
0.026456654
0.026161704
0.025831264
0.027122106
0.026514532
0.026062312
0.025981653
0.025622012
0.02495958
0.025431942
0.025191305
0.025491484
0.025423639
0.025029797
0.026164627
0.025295112
0.025763027
0.025202967
0.025589652
0.02509066
0.02496188
0.02576824
0.025577055
0.025625672
0.02501918
0.025246266
0.025027808
0.024877815
0.025055937
0.025046837
0.025176259
0.025121048
0.025209812
0.025094643
0.024963384
0.025417365
0.02456109
0.025347497
0.02496607
0.024496092
0.025973653
0.025249813
0.025702989
0.025279135
0.024670828
0.024882728
0.024065323
0.024028338
0.02503165
0.025098268
0.02490477
0.02508932
0.024886245
0.024589531
0.024447763
0.025728067
0.025051497
0.024758836
0.025520349
0.024762634
0.02453245
0.025008319
0.02478126
0.024483584
0.024750277
0.02565911
0.024366554
0.024729513
0.024060857
0.025023105
0.02449137
0.024566842
0.02464268
0.024757033
0.024941685
0.024636954
0.023560148
0.024271876
0.02452337
0.0246154
0.024062151
0.023928294
0.024756158
0.025292616
0.024615755
0.024643848
0.023581553
0.024510454
0.024130015
0.023931284
0.02353927
0.024149973
0.023939483
0.025011053
0.0242937
0.02386833
0.023816414
0.023890404
0.024312489
0.023631455
0.023691239
0.02407535
0.024968939
0.023656908
0.024110027
0.024040325
0.02363868
0.023825536
0.023379436
0.024972953
0.024210863
0.023893911
0.023620903
0.023819562
0.023484627
0.023719866
0.023842014
0.02346766
0.023833439
0.024937892
0.023671735
0.023394482
0.023133712
0.023455743
0.024424415
0.022980662
0.023721714
0.024030767
0.023849698
0.023686038
0.023105286
0.023332037
0.023533013
0.02316465
0.023267157
0.024592884
0.023403993
0.023433272
0.023174262
0.024442164
0.023019476
0.023391636
0.023168407
0.022931261
0.022934567
0.02384263
0.023260608
0.02389515
0.022673368
0.022548418
0.023541246
0.023589788
0.023365408
0.022871794
0.023247778
0.023493554
0.02341139
0.022670615
0.022829672
0.023106407
0.023004126
0.022728525
0.02351235
0.022717899
0.024094803
0.022460952
0.022640778
0.022246048
0.02327819
0.023810487
0.022762105
0.023243317
0.02291889
0.023183815
0.022521334
0.022564564
0.02278294
0.022765115
0.022099977
0.022870688
0.022326345
0.022554707
0.023003757
0.022453502
0.022580605
0.022773212
0.022328347
0.022691835
0.022448277
0.021703986
0.02347394
0.022442427
0.022222627
0.02216175
0.022496564
0.022934143
0.021969855
0.023558535
0.021969538
0.021669272
0.0227223
0.021514958
0.021888278
0.02260887
0.02131144
0.021860357
0.021804195
0.02162571
0.022293318
0.022340095
0.022360077
0.022088727
0.021201465
0.021815518
0.021529496
0.021952732
0.021926446
0.02143912
0.02144159
0.021834787
0.021102577
0.021572871
0.021799566
0.021799719
0.02182928
0.022241859
0.021719547
0.021895127
0.02165941
0.021367284
0.02171388
0.021478672
0.021650858
0.021939823
0.021471202
0.022111034
0.021941472
0.021862565
0.021882277
0.021542797
0.021065729
0.02154261
0.021227038
0.021788636
0.021479359
0.021259988
0.021441728
0.021855906
0.021374611
0.02088735
0.020990157
0.021570973
0.020834068
0.02129379
0.021282325
0.022066984
0.021246854
0.022728834
0.021376273
0.022614652
0.021260154
0.021536238
0.02139864
0.021868244
0.021146312
0.02130467
0.021737821
0.021192897
0.021201523
0.021249713
0.020988483
0.021078667
0.021358127
0.021669293
0.021448474
0.021796107
0.021163924
0.021557534
0.021233771
0.021188537
0.021655401
0.021082224
0.020903915
0.021366416
0.021759093
0.021913413
0.02147111
0.021033546
0.021453042
0.021013593
0.021188509
0.021375643
0.020501232
0.02122615
0.021306068
0.021109942
0.020693177
0.021822212
0.021119015
0.021209342
0.021984242
0.020874493
0.02069579
0.02077087
0.021334378
0.02086974
0.02101706
0.020658903
0.020275677
0.020674733
0.02164363
0.020591933
0.021398658
0.020956421
0.020847911
0.020281132
0.020427724
0.021323161
0.020421302
0.020961352
0.020599628
0.020450579
0.020516459
0.02016414
0.020179119
0.020520426
0.020435559
0.020647943
0.019953916
0.020854788
0.020212183
0.020410573
0.020288695
0.020234762
0.0203418
0.0200622
0.02018174
0.020688344
0.020416994
0.020196568
0.020983974
0.020613622
0.02023445
0.020685276
0.020326212
0.0208765
0.02067057
0.020292446
0.020870566
0.020083798
0.020026801
0.020527208
0.020611389
0.020103952
0.020503107
0.020586463
0.020355824
0.021157935
0.020195352
0.020206563
0.020389974
0.019929502
0.020104887
0.020070547
0.020261837
0.020375585
0.020450315
0.020106263
0.02074422
0.02078839
0.020478718
0.02079442
0.020377921
0.019876437
0.020131337
0.020602372
0.02006685
0.01980898
0.019810429
0.020474544
0.020665083
0.020115666
0.019838748
0.02016195
0.020053275
0.0200455
0.01971161
0.020285636
0.020024005
0.0198486
0.0205495
0.020117315
0.020015799
0.020392003
0.020374285
0.019410104
0.020181773
0.020294383
0.020359261
0.019648463
0.019528504
0.019781813
0.020121915
0.019977553
0.020758903
0.019818768
0.020014841
0.019425344
0.019851325
0.019788736
0.020158304
0.019668879
0.019536758
0.01992555
0.020129072
0.020162802
0.019881772
0.020157412
0.019415792
0.0195032
0.019626867
0.01975589
0.020499296
0.019753246
0.0201465
0.01969506
0.019277165
0.019944372
0.019917551
0.019007776
0.019591177
0.01991708
0.0196395
0.020502368
0.019394515
0.019621827
0.01935738
0.019631632
0.018830173
0.019214105
0.019454192
0.019269241
0.019183429
0.019454421
0.019632984
0.019073835
0.01925974
0.01998587
0.019594649
0.019051969
0.019127307
0.0197687
0.019342838
0.019526348
0.019152096
0.019202383
0.018826932
0.019377572
0.019121643
0.018935855
0.019024221
0.019066697
0.019745294
0.019254643
0.019304307
0.019251954
0.019280924
0.019536683
0.018988151
0.019454258
0.019274654
0.019160334
0.019094346
0.019080484
0.018730342
0.018962905
0.019598128
0.018590601
0.019447701
0.019080281
0.019032137
0.019277113
0.019003559
0.019239316
0.019695267
0.020159896
0.019247878
0.019417332
0.018999953
0.018974684
0.018964859
0.019074658
0.019112444
0.0188297
0.01859295
0.019012377
0.019403653
0.019044697
0.019148316
0.018954834
0.019272612
0.019945873
0.01951919
0.018846182
0.018722707
0.01886651
0.018983636
0.019038947
0.018781532
0.018463133
0.01874003
0.019928757
0.019089278
0.018637627
0.018792013
0.018823672
0.01916301
0.018654086
0.018979093
0.018879566
0.019177739
0.019220062
0.018351449
0.018507408
0.018863333
0.01886815
0.018838106
0.018521436
0.018372603
0.01851408
0.018927794
0.01931275
0.018334925
0.01848511
0.017886655
0.01900016
0.018895468
0.019176155
0.019469507
0.018332249
0.018799232
0.01939056
0.018629687
0.01823289
0.018994307
0.019161683
0.018371642
0.018559927
0.01818377
0.018307952
0.018573686
0.01824721
0.018240834
0.018234562
0.018915948
0.01826204
0.018659778
0.018729024
0.01924805
0.018528692
0.018464163
0.018365495
0.018315896
0.01847815
0.018759888
0.018826734
0.018609418
0.018823268
0.017975258
0.01838571
0.017735228
0.018992705
0.017933173
0.018518519
0.018116724
0.018365018
0.017872391
0.018524922
0.018209917
0.019064648
0.01861644
0.018036574
0.018119153
0.018259155
0.018616619
0.01917479
0.01821679
0.018180767
0.018525166
0.0183529
0.018367313
0.018187743
0.018496871
0.01800958
0.01792237
0.018408954
0.018226063
0.018020002
0.018147672
0.017573724
0.018005844
0.017671075
0.01825469
0.018189346
0.019584814
0.0188967
0.018204022
0.018175445
0.018716542
0.018186105
0.018163718
0.018378135
0.017986238
0.018272996
0.017901318
0.017795233
0.018119218
0.018171865
0.01866923
0.017724873
0.018488532
0.01792904
0.01823005
0.01871052
0.018031059
0.019173006
0.01840606
0.018069569
0.017604604
0.017696721
0.018281607
0.018361645
0.017414724
0.017385209
0.018257912
0.01808135
0.018096158
0.01800655
0.01786535
0.018114503
0.017839093
0.018081136
0.017590802
0.01741572
0.017846595
0.017702391
0.01805887
0.017453061
0.017980222
0.018076053
0.017969348
0.017635204
0.017893171
0.01752903
0.017849231
0.017445585
0.017857948
0.017335683
0.01828926
0.017605789
0.01755649
0.018230828
0.017404703
0.017555755
0.017488929
0.017294593
0.017814798
0.017845852
0.01753988
0.017272323
0.01766609
0.017290985
0.017415375
0.017833166
0.017690318
0.017298857
0.017490022
0.017282067
0.017189078
0.01707383
0.017802972
0.018434577
0.01846531
0.017420528
0.018121919
0.01765897
0.017399715
0.017837945
0.01777748
0.017824346
0.017053997
0.017316926
0.017712088
0.01794196
0.017001601
0.017456552
0.017429275
0.017984157
0.017867936
0.017600343
0.017466329
0.017908381
0.01742155
0.017179878
0.017516658
0.017075349
0.017268054
0.017789397
0.017439561
0.01717628
0.017073104
0.017027255
0.017246753
0.017532585
0.016758565
0.01777079
0.017325295
0.01783197
0.017483803
0.01711453
0.01703177
0.017186107
0.016922472
0.017334469
0.017456224
0.017119324
0.017479736
0.017418075
0.017272262
0.01710479
0.017012672
0.017551893
0.017384177
0.017388726
0.01731775
0.017453399
0.01802217
0.0169823
0.017210457
0.017853312
0.017522726
0.01677948
0.016799675
0.016887622
0.017357998
0.016888237
0.016626569
0.01659763
0.016525699
0.017348038
0.017268484
0.016806364
0.016954908
0.016891655
0.017061703
0.01683531
0.01729824
0.017434394
0.017356943
0.016742306
0.01726482
0.017328603
0.017561425
0.016985402
0.016990257
0.016787594
0.016866107
0.016668007
0.01730782
0.016596012
0.016472895
0.016407749
0.017083801
0.017608503
0.016998379
0.016973848
0.01720967
0.017530099
0.016857656
0.016869957
0.016871065
0.017115252
0.016493542
0.016790936
0.017163474
0.016562035
0.016545383
0.016701518
0.01649653
0.0163494
0.016461967
0.016904294
0.016473545
0.016491126
0.016509429
0.01671282
0.016652783
0.016446507
0.016884329
0.01747553
0.01675886
0.016247999
0.016796729
0.016855175
0.016948964
0.016996961
0.016772788
0.016761633
0.016480038
0.016568916
0.016891943
0.016708266
0.01735783
0.016999664
0.016528213
0.016730413
0.016720844
0.016351394
0.016754866
0.016400622
0.01641279
0.016555153
0.016963616
0.0164678
0.01660056
0.01665483
0.016902493
0.017055254
0.016485171
0.016570479
0.016721357
0.016738031
0.016615637
0.016226772
0.016066402
0.016498072
0.01620552
0.01673609
0.017172078
0.016605185
0.016595596
0.016864443
0.016445147
0.016486418
0.01641328
0.016293207
0.016271086
0.016311219
0.016777566
0.016889203
0.016283931
0.016070459
0.016481176
0.016306994
0.016363597
0.016949777
0.016368797
0.016829388
0.016010394
0.016805967
0.01633562
0.016224349
0.016492179
0.01645392
0.01687052
0.016687144
0.016125007
0.016450565
0.016857108
0.016278038
0.01632047
0.01649792
0.016202256
0.016310934
0.01610627
0.016418932
0.0164103
0.016307594
0.016365482
0.016892094
0.016243612
0.016552592
0.01634704
0.016877957
0.016353866
0.016607996
0.016445288
0.01623891
0.016413689
0.016994407
0.015897704
0.016157692
0.016143527
0.015939703
0.015920006
0.01657088
0.016090384
0.01614044
0.01633329
0.016208703
0.015953038
0.01685552
0.016230127
0.016065681
0.016628658
0.016126057
0.016513048
0.01619352
0.016630704
0.016365288
0.016832622
0.016344782
0.01609009
0.01657803
0.016181456
0.015945226
0.015857704
0.016076727
0.015725417
0.015975928
0.015974715
0.015692016
0.016107056
0.016106416
0.01598606
0.01580816
0.015522847
0.01586897
0.015900183
0.015717885
0.01571606
0.015723675
0.015929742
0.016017234
0.015978675
0.016001983
0.016061407
0.015675861
0.01598543
0.015710413
0.016880078
0.015591072
0.015570706
0.016067775
0.015755132
0.015920745
0.0156249935
0.015980527
0.016653752
0.016152358
0.015609983
0.015664276
0.016038755
0.01681412
0.01666142
0.01587166
0.01631817
0.015644068
0.016196407
0.015989838
0.015664525
0.015731126
0.015488497
0.015971633
0.01576649
0.016198542
0.016122432
0.015802767
0.015578393
0.015659614
0.016152238
0.015737694
0.015940627
0.015983813
0.015985021
0.016216192
0.015665088
0.016034449
0.016002236
0.015754137
0.015994268
0.015782408
0.015996028
0.01632117
0.015653852
0.015487386
0.016021874
0.016236411
0.016451668
0.01553215
0.015676156
0.01547173
0.015501363
0.015916394
0.015624216
0.01579726
0.015517117
0.016119106
0.015444094
0.015321213
0.016644
0.016492266
0.015703889
0.015505491
0.015706845
0.01570348
0.01617522
0.0152255725
0.015567928
0.015600977
0.016022561
0.016241439
0.016438525
0.015415938
0.015651211
0.015632251
0.015909368
0.015668761
0.015604099
0.01578457
0.016135681
0.015288182
0.015719345
0.015519665
0.015696462
0.015615006
0.015483955
0.015400664
0.0153202405
0.0153497895
0.015560804
0.015534357
0.01547324
0.015152498
0.015826875
0.015536024
0.015130411
0.015207284
0.0153234685
0.015725771
0.01565815
0.015574536
0.015375967
0.015551881
0.015580221
0.015509444
0.015345343
0.015526473
0.015429567
0.015740184
0.015414199
0.015396029
0.015104208
0.015290171
0.01590415
0.015310335
0.0154091185
0.015731147
0.015269783
0.01585169
0.015117841
0.015967498
0.0157347
0.015300644
0.01505986
0.015336421
0.014737954
0.014913367
0.015115316
0.015329062
0.015730118
0.015033181
0.0155603895
0.015322809
0.0149081275
0.0153778205
0.015302917
0.01534896
0.015412012
0.015308523
0.015214768
0.015283964
0.01563469
0.014995818
0.015258836
0.0153134465
0.015747624
0.0152952615
0.015164642
0.015345887
0.015567672
0.015781393
0.015260977
0.014871371
0.015208489
0.014939293
0.01535438
0.0153896855
0.015477574
0.015107831
0.014930965
0.015079514
0.015974253
0.015255506
0.0151806185
0.015366506
0.015198064
0.015159806
0.015288921
0.015355226
0.014918487
0.014697722
0.015363169
0.014870717
0.01489116
0.01555946
0.014705111
0.015099024
0.015087284
0.015786283
0.015427456
0.0152137065
0.015624764
0.015224742
0.015015132
0.015194371
0.014807367
0.014990944
0.015485434
0.0148252705
0.014641249
0.015087583
0.0148696955
0.015122753
0.015312696
0.014763375
0.015523807
0.014972768
0.014693236
0.01506584
0.0151076075
0.014913086
0.01533688
0.014692346
0.014745085
0.01525954
0.015031824
0.015687888
0.015579428
0.014886084
0.015075843
0.014970425
0.014414436
0.014662335
0.015359051
0.015118366
0.015432011
0.015095237
0.014679808
0.0147345485
0.014973727
0.014847327
0.015217866
0.0156177515
0.0147080235
0.0148092015
0.0151384715
0.015112682
0.015044262
0.014978905
0.014800457
0.014917761
0.014873654
0.014842719
0.014928039
0.01468332
0.015006221
0.014734289
0.014606491
0.014694105
0.014933735
0.014570739
0.014671419
0.014557112
0.0145545835
0.015002106
0.01468896
0.0146068605
0.014711371
0.014924924
0.014908192
0.015002718
0.014545348
0.015434679
0.014415151
0.014908634
0.014907021
0.01480438
0.014812125
0.0148728145
0.014916955
0.01494133
0.014434447
0.014687659
0.01488818
0.014649225
0.014479805
0.014805937
0.014559669
0.014882199
0.014544593
0.014804741
0.014716632
0.014975897
0.014872398
0.014392327
0.014997309
0.014501622
0.014722671
0.015204686
0.0147087285
0.0148996115
0.014378526
0.014260623
0.014659257
0.014873389
0.014651721
0.014519115
0.014912935
0.014894622
0.014625945
0.014513033
0.014595385
0.014237793
0.015093965
0.014157427
0.015115373
0.014662825
0.014641278
0.014591481
0.014755871
0.014796557
0.014650837
0.014289847
0.014778541
0.014177799
0.014815702
0.01450548
0.014634319
0.014682705
0.014369135
0.014591562
0.0146094905
0.014878147
0.014385576
0.014948137
0.014676069
0.014549114
0.014492539
0.014413739
0.014944923
0.014890869
0.014945585
0.014569244
0.014642023
0.014359374
0.01491248
0.014213263
0.014313899
0.014578373
0.014367685
0.014479982
0.014615619
0.014254097
0.014195218
0.014718944
0.014548828
0.014543334
0.014237103
0.01477174
0.014107314
0.014748755
0.014174232
0.014523319
0.014623295
0.014240991
0.014331591
0.014320082
0.014520989
0.01447099
0.014670272
0.0142876385
0.014565787
0.01460529
0.015015882
0.014249199
0.014686919
0.014341012
0.014258199
0.014837508
0.014078475
0.014478206
0.01449117
0.0145003805
0.014270028
0.01419009
0.014219794
0.014158181
0.0142554585
0.014551765
0.014312229
0.014474881
0.014138217
0.01445399
0.014275288
0.014486116
0.014000725
0.014850302
0.014267858
0.014195138
0.013940174
0.013797123
0.014247165
0.014158039
0.01427299
0.014118184
0.013845001
0.014081904
0.014701306
0.014080027
0.014170176
0.014249327
0.014041789
0.013969394
0.014160594
0.014024106
0.013898201
0.014226857
0.014438599
0.014458388
0.013969583
0.0148329595
0.014167526
0.014271526
0.0138898175
0.013858164
0.013995392
0.014930861
0.014472087
0.014117208
0.014069917
0.014121217
0.013885676
0.01431237
0.014024291
0.014124565
0.013934312
0.013793192
0.014154592
0.014638565
0.014331359
0.013851913
0.014110919
0.014308202
0.013981332
0.014047154
0.014846138
0.013639935
0.013558136
0.013607376
0.01354922
0.013978608
0.013808734
0.013896211
0.014284398
0.01368475
0.013832633
0.013927146
0.014217677
0.013818933
0.01376153
0.01383228
0.014024153
0.014017971
0.013810324
0.014228416
0.014120891
0.013811347
0.014047727
0.013960886
0.013892975
0.013827087
0.013943962
0.013842491
0.0138791585
0.013607383
0.014687245
0.013527709
0.01404269
0.013731087
0.014030815
0.0139801325
0.013820331
0.014067584
0.014419263
0.014272968
0.014088267
0.013677193
0.013849666
0.014021551
0.01444006
0.013898454
0.013600642
0.01385936
0.013934758
0.013845168
0.014789026
0.014306784
0.013853265
0.013537449
0.013721327
0.014090321
0.013672827
0.013862308
0.0137323225
0.013988203
0.014899637
0.01380997
0.013989376
0.014032535
0.013990359
0.01365435
0.013887208
0.014836737
0.013819043
0.013912132
0.013605508
0.014038403
0.013810057
0.013685726
0.0136657525
0.013705415
0.013881845
0.014031789
0.013640173
0.013891665
0.013363725
0.013757588
0.013554228
0.0142009845
0.013617763
0.013656666
0.013715591
0.013869988
0.013673921
0.013664685
0.013497101
0.013602718
0.013529978
0.013307814
0.013702538
0.0135548925
0.013875354
0.014110423
0.013581634
0.01383953
0.013420979
0.014121632
0.013805347
0.01365354
0.0137970345
0.013424157
0.0138804605
0.013943753
0.013514953
0.013874578
0.0136406245
0.013261706
0.013927865
0.0134188095
0.013743286
0.013455317
0.013515501
0.013422381
0.013355151
0.013588711
0.013468489
0.01338489
0.013864287
0.013465171
0.013455548
0.013527723
0.0137897255
0.013673904
0.013517466
0.013211392
0.013370316
0.013667473
0.013579131
0.013267554
0.013628361
0.0135055715
0.013906366
0.013631932
0.013785979
0.013390684
0.013448626
0.013432391
0.013636445
0.013692078
0.01403771
0.013383891
0.014088084
0.013790176
0.013495706
0.013920134
0.0135236215
0.013640985
0.013727189
0.013768429
0.013907077
0.013296102
0.013231303
0.013605082
0.013671887
0.013838257
0.0137498155
0.013762181
0.013161518
0.013325377
0.01362335
0.013532961
0.013496307
0.013466045
0.013487635
0.013160165
0.0135006765
0.013759838
0.01375287
0.014075015
0.013940451
0.013722375
0.013553082
0.013751844
0.0133894095
0.013350127
0.013381699
0.0131488945
0.013419118
0.013050916
0.013503375
0.013074871
0.013158497
0.013618244
0.013180678
0.013275369
0.013373568
0.013729276
0.013726641
0.0137020275
0.0131274555
0.01317421
0.013200922
0.013368166
0.013081602
0.013755852
0.013447465
0.014560812
0.013469864
0.013131933
0.013591682
0.013131187
0.012881521
0.01331923
0.013738102
0.013873168
0.013557422
0.013183736
0.013370534
0.013391331
0.012954665
0.013034786
0.013137426
0.013687707
0.013092875
0.013210347
0.013371378
0.013380814
0.0131388465
0.013250377
0.013224226
0.012963008
0.0132139595
0.013298673
0.013491295
0.01362904
0.013349707
0.013599342
0.013425911
0.013605264
0.013740868
0.013544699
0.013268803
0.013288805
0.013059311
0.013260331
0.013021585
0.013249912
0.013234202
0.013410472
0.0132673215
0.0138248475
0.013018604
0.013655767
0.0129357865
0.013264876
0.013039702
0.013101045
0.0129854325
0.012840316
0.013188245
0.013301767
0.013430028
0.013565711
0.013556095
0.013285482
0.01294092
0.012862313
0.013057244
0.013506759
0.013202489
0.013620839
0.013195417
0.01318367
0.013208441
0.0134191075
0.0131760435
0.013437361
0.013387895
0.012993578
0.013289728
0.013014553
0.0131424265
0.0130245825
0.0129875345
0.012889743
0.013181843
0.0130948
0.013274798
0.013561628
0.012934241
0.013210738
0.012999375
0.013181047
0.013289744
0.012924128
0.013148331
0.0128015
0.013228126
0.013081895
0.013143122
0.012792028
0.0131223425
0.012918948
0.013185264
0.013392679
0.013049646
0.012794978
0.013406619
0.01329393
0.013109259
0.013291037
0.012857691
0.012923374
0.013303943
0.013601652
0.01345787
0.01293146
0.013191505
0.012935452
0.013375147
0.013061275
0.013799022
0.013801651
0.013040513
0.013141299
0.013401324
0.012887322
0.013127821
0.013932594
0.013132324
0.013268663
0.013077507
0.013262883
0.013229098
0.012988425
0.013104633
0.0131815225
0.013092062
0.013149322
0.012875431
0.013176869
0.012883077
0.013061685
0.013184687
0.01336302
0.013339679
0.013641392
0.012794371
0.013148077
0.012799165
0.0132960295
0.013247669
0.01292436
0.012834391
0.01304907
0.013178059
0.012963107
0.012750755
0.0128207235
0.013044591
0.012821923
0.01298493
0.012745989
0.012828224
0.012892385
0.012706922
0.012957222
0.013047993
0.0127712935
0.013001775
0.012749211
0.0127741285
0.013000402
0.012755509
0.013521858
0.0130001
0.013159512
0.012950821
0.013262256
0.012681538
0.013426698
0.013200706
0.013148413
0.012987779
0.013088792
0.012899239
0.012879867
0.01352851
0.012505432
0.012809466
0.01309487
0.012715938
0.01297101
0.013317736
0.0130492905
0.012780091
0.013182969
0.013555765
0.01288933
0.012770227
0.012630952
0.01283924
0.01259459
0.013051091
0.012741447
0.012781029
0.013000573
0.01332211
0.012984259
0.013548487
0.012761386
0.013215376
0.013283179
0.012633965
0.013222824
0.0133217005
0.012866571
0.0125826625
0.012909192
0.013170103
0.012690043
0.012885492
0.013012054
0.01260685
0.0129283
0.012452529
0.013330639
0.012713567
0.012634876
0.012908565
0.01249555
0.01268296
0.012396436
0.012952383
0.013038631
0.012599835
0.012774791
0.01286319
0.012865121
0.013000549
0.012506759
0.0126192225
0.012597382
0.012500911
0.0131348735
0.012696029
0.012734953
0.013090326
0.01260318
0.012776827
0.0125476075
0.01295402
0.012487388
0.012722286
0.012671694
0.012743886
0.012526211
0.012329757
0.013130329
0.012836447
0.0126297325
0.012901278
0.013139357
0.012698937
0.013113284
0.012483957
0.012558062
0.013079126
0.013025721
0.0131956935
0.01278309
0.012798036
0.012300423
0.012602948
0.012851699
0.013032845
0.0128639005
0.012698187
0.012557563
0.01280244
0.012573578
0.012645508
0.012577679
0.012982244
0.012860522
0.0124502545
0.012595793
0.012959672
0.012304526
0.012524761
0.012551083
0.01280356
0.012482234
0.012397346
0.012454445
0.012367483
0.0124951685
0.012517451
0.012740209
0.012414914
0.012511181
0.012382125
0.012292807
0.0123424055
0.012256094
0.012672415
0.01235715
0.01248761
0.012312868
0.012516117
0.012644086
0.012383118
0.012391894
0.012927504
0.012552177
0.012877927
0.012889399
0.012544071
0.012404984
0.012540171
0.012290358
0.012768668
0.012610108
0.012602335
0.012500206
0.012619738
0.012649689
0.012165231
0.012277521
0.012852779
0.012710321
0.0124708135
0.012210626
0.012316498
0.012256056
0.012668116
0.0122905625
0.01256546
0.012381227
0.012653051
0.012401024
0.012594463
0.012414051
0.012383801
0.012198071
0.0128249
0.012587516
0.0125600165
0.012624172
0.01228819
0.0122701395
0.01214891
0.012507889
0.012194523
0.012445287
0.012894316
0.01220908
0.013076095
0.012499356
0.012675224
0.01279898
0.0130546475
0.0126768565
0.012521191
0.012445252
0.0127177555
0.012676207
0.012410414
0.012367689
0.012472148
0.012788107
0.012567502
0.012515847
0.012548993
0.012407766
0.012114935
0.012483665
0.012183254
0.012386268
0.012444714
0.012439351
0.012495954
0.012309295
0.012342223
0.012277199
0.012273635
0.0122715365
0.012526853
0.012525717
0.012395837
0.012675725
0.012780439
0.012161756
0.0123581495
0.012568627
0.012300863
0.012799479
0.012335885
0.012399739
0.012622178
0.012436899
0.012387359
0.012243778
0.012391677
0.012239892
0.012037219
0.012772119
0.012901434
0.012266458
0.012412567
0.0121243475