
0.015144595
0.0144177405
0.0154682
0.0142822815
0.0142973
0.013486787
0.013957277
0.013688963
0.013278689
0.013073881
0.013160398
0.012436626
0.012574115
0.012775531
0.012743273
0.011808233
0.012055486
0.011406607
0.011325742
0.010968493
0.011308281
0.011509967
0.010532995
0.0104165645
0.010516835
0.010223221
0.010696616
0.010373599
0.010417856
0.009850746
0.0098386025
0.009904161
0.009423717
0.009883484
0.0099658985
0.009631154
0.009510114
0.009596455
0.009612778
0.010331191
0.009311684
0.009509914
0.009272761
0.009323783
0.009604796
0.009046681
0.009710125
0.0093049025
0.009252604
0.008850147
0.008641831
0.008845324
0.0088228
0.008558594
0.008639954
0.009079241
0.008853887
0.009102833
0.008310434
0.008682447
0.00880498
0.008190816
0.008332167
0.008509826
0.00836702
0.008244917
0.008054977
0.008166705
0.008601603
0.008115054
0.008246858
0.00826072
0.007876074
0.008051346
0.007764942
0.007834374
0.008081746
0.0075275665
0.007871839
0.007306369
0.007570338
0.007751655
0.0077551724
0.00773852
0.008009074
0.007949257
0.0074738204
0.007505131
0.007294883
0.0074545257
0.007294416
0.007182428
0.0073518236
0.007120543
0.00726208
0.00762249
0.007097769
0.00719581
0.0071219346
0.0071780607
0.007239773
0.0071736923
0.007104055
0.007068395
0.0073759104
0.0072115655
0.007090435
0.006988406
0.0069021084
0.0069519184
0.007079924
0.0071086893
0.0070442795
0.0069360067
0.007234127
0.0071289632
0.0068410058
0.0069172513
0.006900354
0.0068419115
0.006756509
0.006734317
0.0067295134
0.006868641
0.007004021
0.0068750177
0.006955558
0.0068169544
0.0070000654
0.006728051
0.0064542564
0.0067660115
0.0065962444
0.0066657467
0.006802006
0.006846425
0.0077997497
0.0065374835
0.0065450305
0.006473125
0.0064310133
0.006190068
0.006712625
0.0062219924
0.00630736
0.0063594957
0.006129534
0.006442101
0.006397925
0.006182315
0.0063555134
0.0061489586
0.006683257
0.006203389
0.007443917
0.006052487
0.0063068396
0.006079139
0.0060192198
0.0060576014
0.005872009
0.0061802524
0.005891167
0.0061374665
0.005940747
0.0059693097
0.005968556
0.0059695467
0.005878996
0.0060759173
0.0059620957
0.0058783414
0.0060471497
0.006033358
0.0058817677
0.0060445275
0.0058528064
0.0057506165
0.0059342263
0.005695062
0.0057233954
0.0058506154
0.0058486066
0.005689654
0.005728421
0.0058158557
0.0060320324
0.0056864466
0.0058293105
0.005921751
0.005913632
0.0055951243
0.005695111
0.0058845333
0.0055923206
0.0056804833
0.0056404085
0.0058969227
0.005541461
0.0058242683
0.00557629
0.0053728423
0.0054554422
0.005477469
0.0054851286
0.005597968
0.0054041664
0.005300501
0.0056083268
0.0053814263
0.0054551656
0.0053819125
0.005573904
0.0053291013
0.005487043
0.0052563506
0.0052604526
0.0055170767
0.0051659793
0.0053719794
0.0053239977
0.005322962
0.005098144
0.005186998
0.005032815
0.0052021784
0.0051663416
0.0050155176
0.0053408872
0.0052974178
0.005022635
0.0050491723
0.0050469004
0.005194212
0.005214869
0.0050216233
0.004986903
0.005081353
0.005002429
0.0049531073
0.0053213374
0.00507513
0.0050269454
0.005153588
0.004913209
0.005018438
0.005123897
0.0049291346
0.005079581
0.00484422
0.0050803153
0.004972843
0.0048906244
0.0049444665
0.0048501724
0.0050039315
0.004783461
0.0048229625
0.004829328
0.004804232
0.004790231
0.0050789625
0.0048954794
0.004792091
0.00478932
0.00466761
0.0047502117
0.004961844
0.0046556345
0.004731453
0.004822343
0.0046068104
0.004572545
0.004693817
0.004787657
0.004584266
0.0045826416
0.0045409407
0.0046819067
0.0044792183
0.004575295
0.0044836146
0.0046640127
0.0045435606
0.004678278
0.0043739504
0.004688237
0.0045830547
0.004679499
0.0044612116
0.0043980163
0.004398286
0.0043775127
0.004569688
0.0044803047
0.0043471986
0.0043268017
0.0044523603
0.004293566
0.004365034
0.0043906723
0.0044716285
0.004522983
0.0044216495
0.0044719856
0.0043260623
0.0043331403
0.0043773535
0.0042080614
0.0043107267
0.0044596647
0.004340902
0.004332823
0.0043370533
0.004457588
0.004355858
0.0042270394
0.0041914945
0.004354772
0.004440836
0.004282387
0.0043136417
0.0040513477
0.004117482
0.004207486
0.0041717333
0.0041959817
0.0042221216
0.004361194
0.0042531146
0.004189801
0.0043546227
0.00428452
0.004163543
0.004169631
0.004251382
0.004236041
0.0041767177
0.004109885
0.0041475957
0.0041934866
0.004066931
0.0042071696
0.0042099375
0.004296003
0.0041870205
0.004231867
0.004129808
0.0040338864
0.0040397123
0.0042115035
0.003962571
0.004141471
0.0040469845
0.004157399
0.0039232406
0.003956964
0.0039265207
0.0039232336
0.004019628
0.0039802147
0.0039639366
0.003908173
0.004109795
0.0038741275
0.0038475986
0.0040191836
0.0038765995
0.0039652623
0.004021344
0.0039717937
0.0039624176
0.0039453916
0.0038241218
0.0040102787
0.0039071315
0.0038762223
0.003918607
0.003785075
0.003859624
0.0040590414
0.0038106407
0.0038810924
0.0038300375
0.0040164166
0.0037161754
0.0036971995
0.0038138656
0.003717087
0.0038453816
0.0037725132
0.0037912563
0.003782162
0.003622916
0.0037849627
0.0037090455
0.0037853015
0.0039643697
0.0038301214
0.0038131492
0.0037487748
0.0039770706
0.0037879234
0.0036496657
0.0037977544
0.0037160653
0.004066782
0.00377362
0.0038995764
0.003685473
0.0036547345
0.0037966233
0.003710401
0.003828362
0.0036235861
0.0038945773
0.0042184126
0.0038696916
0.0036586155
0.0036638489
0.0035645948
0.0035856403
0.0035986307
0.0038050958
0.0036505244
0.0037677868
0.0035189632
0.0037830693
0.0036318945
0.00361682
0.0037429747
0.0035597116
0.0035577598
0.0035959836
0.003594342
0.00362481
0.0036539068
0.0037871285
0.003674048
0.0035689222
0.0035000637
0.0035601049
0.0037580167
0.0035858392
0.0035916965
0.0034907123
0.0035424763
0.0035822345
0.003658805
0.003659245
0.0036512353
0.0035279638
0.0034501741
0.0034498249
0.0034415864
0.0034387533
0.0034867513
0.0034283032
0.003490946
0.0035124363
0.0035322912
0.0034561977
0.0035393692
0.0034564578
0.0034106772
0.0033635974
0.0034840144
0.003452971
0.0032725772
0.0033908605
0.0034196815
0.0034044757
0.0034265805
0.0033784714
0.0033937544
0.003398224
0.0034798218
0.003423466
0.0033894605
0.0034615393
0.0033788395
0.0033639397
0.0032694088
0.0033525976
0.003363352
0.0034037654
0.003473934
0.003305544
0.0032831386
0.003408968
0.0032593051
0.0033459633
0.0033574803
0.0032972884
0.003340101
0.003242267
0.0031964835
0.0031664714
0.0033109062
0.003227518
0.003141336
0.0031541935
0.0032010323
0.0032343995
0.0032719888
0.0032411607
0.0032598157
0.0032174378
0.0032633233
0.0033492148
0.003231858
0.0032318444
0.0032662884
0.003212203
0.0032171255
0.003294086
0.0032940425
0.0032060205
0.0031471143
0.0031454277
0.0030923085
0.003161921
0.0032211244
0.0031140714
0.0031833528
0.0032001373
0.003246227
0.0030911074
0.0031406994
0.0030910263
0.0030512407
0.0030596477
0.003097898
0.0031159185
0.0031203423
0.003311435
0.0030819743
0.0032468361
0.0030224908
0.0031965107
0.003014755
0.0030614012
0.003172109
0.003131339
0.003016309
0.0030884235
0.0030059123
0.003046218
0.0030349528
0.0031987154
0.0030134772
0.0029475158
0.0030520915
0.0030741608
0.003067762
0.0030389878
0.003066365
0.0029616412
0.0029693125
0.0029589012
0.0029372373
0.0029788052
0.0029906402
0.0029721141
0.0030747226
0.0029049267
0.0030240668
0.0029553717
0.0030057023
0.0029180006
0.0030211413
0.00302191
0.0030107242
0.0028627513
0.002936251
0.0029817885
0.0029590654
0.0029176744
0.0029036242
0.0029423388
0.002929108
0.003056118
0.002896059
0.0028815235
0.002894782
0.0028027091
0.0028532736
0.002950305
0.0028857335
0.0028463195
0.0029100073
0.0028323657
0.0028511002
0.0028620206
0.0029920477
0.0028571947
0.0028773476
0.0029148485
0.0030698855
0.002859791
0.0028658174
0.0027885644
0.002868358
0.0028555389
0.002812167
0.002806469
0.0027882447
0.0029396685
0.0029057446
0.0028936432
0.002804745
0.0028005415
0.0028056286
0.002853788
0.0028071932
0.0027158111
0.0029601327
0.0027976679
0.002998475
0.0027745739
0.0028677913
0.002752613
0.0027998746
0.0027249043
0.0027256738
0.0027130167
0.002778974
0.0027260922
0.002647997
0.0027536466
0.00270629
0.0027392444
0.0028389818
0.0027074623
0.0027767213
0.0027129054
0.002776523
0.0027671813
0.0027663766
0.0028190007
0.0028443257
0.0027878133
0.0026570398
0.0026903127
0.002638039
0.0026900326
0.0026936391
0.0026725593
0.0027032348
0.0027312015
0.0027008373
0.0026547913
0.0027068364
0.0026778115
0.0027740526
0.002692779
0.0025837466
0.0027261723
0.0026461438
0.0026611632
0.0026771124
0.0026961595
0.0026338522
0.0026267937
0.0026463452
0.0025801004
0.0026168285
0.0026940154
0.0027742842
0.0027363119
0.002638113
0.0026611448
0.002713042
0.0026576777
0.0025823936
0.0025777793
0.0025678757
0.0026545292
0.0026045658
0.0026797613
0.0026030394
0.0025718235
0.0026449296
0.0025329068
0.002560634
0.0025077572
0.0026340457
0.0027253325
0.0026115554
0.0026156376
0.0025391427
0.0025244255
0.0025053038
0.002536163
0.0025474569
0.0026620815
0.002545982
0.002520679
0.002520211
0.0025184376
0.0025210641
0.0025203228
0.002523575
0.0025347583
0.0025177428
0.0025454112
0.0024863002
0.0025074221
0.0026266803
0.0024920895
0.0025422794
0.0025185626
0.0024994875
0.0024845852
0.0025721213
0.0025327627
0.0025964342
0.0025914046
0.0024616786
0.0024239146
0.0024555628
0.0024565067
0.0025603846
0.0025243394
0.0024909799
0.002612784
0.0024963685
0.0024672814
0.0024867514
0.00247165
0.002382064
0.0024351147
0.0024200685
0.002473054
0.0024046572
0.0024210007
0.002381296
0.0026166902
0.002502247
0.0025093912
0.0024620632
0.0024473025
0.0024602185
0.0024131876
0.002406656
0.002404321
0.0025492513
0.0023712828
0.0024012253
0.0024961946
0.0024792745
0.0024056726
0.0024004434
0.002361399
0.0023401985
0.002420034
0.0023345086
0.0023919726
0.002441233
0.0023649365
0.002392307
0.0023990877
0.0024011836
0.0024620548
0.002375683
0.0024871293
0.0023353242
0.0025072845
0.0023401151
0.0023842037
0.0023154428
0.0024368986
0.0023644536
0.002337317
0.0023413834
0.002330039
0.0024404288
0.0024407126
0.0024467865
0.002347688
0.0024410489
0.0023272252
0.0023566564
0.0023711252
0.002341131
0.0022511987
0.002370363
0.002384987
0.0023254524
0.0023141492
0.0023268366
0.0023210186
0.0022563348
0.0022919907
0.0023058658
0.0023286305
0.0023153692
0.0022574181
0.002329603
0.0022239264
0.0021951417
0.0023469846
0.0022449861
0.00225742
0.0022725489
0.0021963166
0.002268731
0.0022651765
0.0022449847
0.002204006
0.0023433901
0.0022127014
0.002230285
0.0022281394
0.002168276
0.0022026577
0.0022457994
0.002231671
0.0022030277
0.0021807528
0.002251571
0.0022239627
0.002256814
0.002242174
0.0022573387
0.0021779777
0.0022262288
0.002243067
0.0022657115
0.0022182257
0.0021926456
0.002190363
0.002141438
0.0021116957
0.0021912355
0.0021599848
0.002218797
0.0021615133
0.0021634705
0.0021176385
0.0021405357
0.002168157
0.0021202767
0.0021650179
0.0022247178
0.002145609
0.002132225
0.0021257098
0.002201348
0.0021399134
0.0021368733
0.0021906123
0.0020771238
0.0022510851
0.0022634154
0.00209562
0.0021300355
0.0021168818
0.0021947972
0.0022423195
0.0021736745
0.0022002459
0.0020939398
0.0023329733
0.002109052
0.002215585
0.0021599303
0.002135737
0.002188533
0.0020757217
0.002191891
0.0021028311
0.0021958651
0.0020863253
0.0021086866
0.0022207228
0.0021114612
0.0020417366
0.0021166934
0.0021340959
0.002062926
0.0021320637
0.0020583665
0.0021676298
0.0020795276
0.002108087
0.00208263
0.0021112065
0.0020673932
0.002099963
0.0020484044
0.0020913964
0.0020571933
0.002156579
0.0020570906
0.0020604534
0.002060946
0.002041527
0.00206632
0.0021344936
0.0020853367
0.0020890976
0.0020461367
0.002029137
0.0020585405
0.0021166753
0.0021458846
0.0021275065
0.002049269
0.0021115474
0.002099443
0.0020437117
0.002068215
0.0020286203
0.002029268
0.0020225476
0.002051257
0.0020985545
0.0021003366
0.002003648
0.0020619042
0.0019948084
0.0020516245
0.0019885253
0.0021744862
0.0020489611
0.0020418882
0.0020359664
0.0020479243
0.0020546142
0.0020443015
0.002122375
0.0020757567
0.0020333792
0.0021175744
0.0020203697
0.001986849
0.002139345
0.0019892703
0.0019682709
0.0020035515
0.0019596936
0.0019396179
0.0021060822
0.0020087087
0.0019933688
0.0019220782
0.0019987372
0.0020362982
0.002000736
0.0019717051
0.0019709447
0.0020631044
0.0019959782
0.0019833285
0.002032049
0.0019215177
0.0020127923
0.0020261616
0.0019845157
0.0019365398
0.001973386
0.0020477867
0.0019888831
0.0019623812
0.0019729137
0.0019437792
0.001976234
0.001987946
0.0019173616
0.0019661924
0.0020954288
0.0019210619
0.0019292748
0.0019436551
0.001894862
0.0019190408
0.0020058465
0.001943088
0.0019284459
0.0019074496
0.0019687368
0.0019100363
0.0019560612
0.0019846486
0.0019246
0.0019660555
0.0019080325
0.0019259162
0.0019945288
0.0019129474
0.0018953942
0.0019242739
0.0019310563
0.0019044119
0.0019803182
0.001913907
0.0019620059
0.0018914744
0.0018946198
0.0019268268
0.001994147
0.001990288
0.0019734814
0.0019146882
0.001868671
0.0018696968
0.0018434488
0.0018744419
0.0018606483
0.0018834083
0.0019552037
0.0018705395
0.0018871656
0.001892462
0.0018703268
0.0018778304
0.0018817249
0.0018309135
0.0018651759
0.0018697329
0.0018951661
0.0018653298
0.0018989086
0.0018500299
0.0017956892
0.0018391879
0.0018922149
0.001848323
0.0018550021
0.0018433031
0.0019837948
0.0018301747
0.0019184435
0.0019111654
0.0018564995
0.0018852116
0.001805398
0.0018459971
0.0018409777
0.0018831065
0.001906152
0.0018313053
0.0018284456
0.0018149652
0.001812164
0.001821821
0.0018408946
0.0018305259
0.001894752
0.001822125
0.0017727634
0.0018133909
0.0018219572
0.0018516952
0.0018087442
0.0018466946
0.0018713882
0.0018422506
0.0018414573
0.001879184
0.00180568
0.0018479495
0.0018211289
0.0018097488
0.0018567127
0.0018734926
0.001835318
0.0018575854
0.001841051
0.0018002833
0.0018536207
0.001793802
0.0018154646
0.001806956
0.0018191484
0.0017947225
0.0018450245
0.0018784738
0.0018408729
0.0018754756
0.00182674
0.0018257236
0.0017843151
0.0018121749
0.001840328
0.001834073
0.0018433044
0.0018436317
0.0017949711
0.0018336935
0.00182192
0.0017865435
0.001845712
0.0018433582
0.0018172158
0.0018145666
0.001815107
0.0018617174
0.0018598551
0.0018275578
0.0018067914
0.001795579
0.0018591947
0.001817839
0.001903228
0.0017800315
0.001782171
0.0018659937
0.0017870008
0.0017842277
0.0018101678
0.0017813323
0.001829514
0.0017727718
0.0018138977
0.0018238489
0.0017827286
0.0017879963
0.0017361518
0.0018176018
0.0017896249
0.0017752333
0.0017130527
0.0017677586
0.0017945091
0.0017108596
0.0017731562
0.0017879719
0.0017717001
0.0017692662
0.0017822188
0.0017578059
0.0018436308
0.0018353271
0.0017687115
0.0017406122
0.0017333108
0.0017210767
0.0016975424
0.0017380974
0.0017473599
0.0017249039
0.0017389506
0.001745385
0.0019003826
0.0018367802
0.0017014014
0.001752724
0.0017173329
0.0017705888
0.001730665
0.0016929847
0.0017122091
0.0018102637
0.0017863668
0.0017621488
0.0018387807
0.0017958792
0.001819171
0.00170001
0.0017636265
0.0016661519
0.0017690192
0.0016854967
0.00184679
0.0017342482
0.0018134359
0.0018805859
0.0017184706
0.0016520544
0.0016302778
0.0015996868
0.0016622951
0.0017999446
0.0017075648
0.0016458447
0.001683907
0.0017152174
0.0016762131
0.0016459464
0.0016579631
0.001675999
0.0016763688
0.0017441529
0.0016603882
0.0016679344
0.001722421
0.0017184702
0.001728081
0.00164478
0.0019111932
0.0016653335
0.0016537529
0.0016288095
0.0016616726
0.0017052605
0.0016852199
0.0016739883
0.0017137311
0.0017190408
0.0017644657
0.0016881145
0.0017121931
0.0016881215
0.0016928293
0.0018089983
0.0016714322
0.0017467781
0.0016564394
0.0016952297
0.0016666187
0.0017303247
0.0016705821
0.0016251613
0.0016449561
0.0016256779
0.0016115566
0.0016611943
0.0016735318
0.0016745897
0.0016141715
0.0016261085
0.0016164694
0.0016568438
0.0016732606
0.0016383895
0.0016007262
0.0015824051
0.0016305118
0.0016235516
0.0016746925
0.0015936418
0.001623865
0.0016615269
0.0016578272
0.0016803616
0.0016342264
0.0016214652
0.0016117482
0.0016618749
0.0016018916
0.001671006
0.0016159422
0.0016013
0.0016635061
0.0015683125
0.0017675874
0.0016198589
0.0015870465
0.0015873574
0.0016810835
0.0016670177
0.0015635698
0.0016876841
0.001591149
0.0015509555
0.0016029789
0.0016327851
0.0015430369
0.0015800429
0.0015832464
0.0016223348
0.0015827718
0.0015627941
0.0015462165
0.001603287
0.0015722597
0.0016171382
0.0016121765
0.0015703507
0.001554709
0.0016487335
0.00156974
0.0015394809
0.0016253543
0.0015393499
0.0015673784
0.0016044114
0.0015716526
0.0015513465
0.0015367918
0.0016484549
0.0015563741
0.0016006037
0.0016586038
0.0015904357
0.0016646603
0.0015728165
0.0015950762
0.0015677719
0.0015898418
0.0016384793
0.0016208058
0.0016261633
0.0015988849
0.0015894272
0.0016387715
0.0015837235
0.0016207028
0.0015884191
0.0015750891
0.0015832061
0.0015588445
0.001589722
0.0015512501
0.001574571
0.0015935481
0.0015547049
0.0015138666
0.0015229393
0.001620566
0.001564761
0.0015196233
0.0014834903
0.001573838
0.0015089329
0.0015193955
0.0015194857
0.0015339159
0.001605391
0.0015717894
0.0015183662
0.0015112376
0.0016129173
0.0015521139
0.0015053259
0.0014774487
0.0015158039
0.001547942
0.0015328549
0.0014911675
0.0015027873
0.0015413726
0.0015362994
0.0015305005
0.0015457084
0.001609242
0.001538327
0.0015197076
0.0014871974
0.0015220053
0.0015009649
0.0015179522
0.0015013666
0.0015277393
0.0014842781
0.001559614
0.0015200477
0.0015814037
0.0015801127
0.0016716131
0.0015442839
0.0014746308
0.0015799213
0.0014833509
0.0014969691
0.0014656265
0.0016057042
0.0014926981
0.001575462
0.0015123258
0.0015061432
0.0015126637
0.0014542276
0.0014922529
0.0014345633
0.0014726035
0.0014938003
0.0015147076
0.0014697135
0.001445809
0.0014793801
0.0014854304
0.0014449245
0.0014786844
0.001505644
0.0015402152
0.0015645903
0.0014929301
0.0014735898
0.0014964914
0.001514476
0.0014914518
0.0015350545
0.0015631249
0.001465206
0.0014856647
0.001490454
0.0015373523
0.0014605449
0.0014889236
0.0014642451
0.0014856324
0.0014716535
0.0015012546
0.0014639099
0.00147026
0.0015151083
0.0014879064
0.0014818076
0.0015759508
0.0015478062
0.0014732665
0.0014991962
0.0014836743
0.0014790314
0.0015900044
0.00142494
0.0014647981
0.00150876
0.0015008284
0.0014578461
0.0014891267
0.0014322704
0.0014606048
0.0014526132
0.0014314507
0.0014601593
0.0014323097
0.0014879359
0.0014738791
0.0015259142
0.001422039
0.0014585052
0.0014648263
0.0014819265
0.0014796114
0.0014728575
0.0014526623
0.0015087632
0.0014776991
0.0014582443
0.001435931
0.0014307929
0.0014638606
0.0014739851
0.0013988083
0.0014755301
0.0014206371
0.0014445552
0.0014208748
0.0014235436
0.0014225233
0.0014294505
0.0015020438
0.00141912
0.0014322548
0.0014534895
0.001407875
0.0014371973
0.0014251159
0.001405997
0.001494754
0.0014667717
0.0014346899
0.0014028045
0.0014068207
0.001473816
0.0014199965
0.0014909547
0.0015352482
0.0014067872
0.001435756
0.0014076845
0.0014410118
0.0014426673
0.0014431807
0.0013952913
0.0014662755
0.0014084843
0.0013867738
0.0013889078
0.0014056612
0.0014643755
0.0013820392
0.001451201
0.0014035227
0.0013917269
0.0013670407
0.0014134211
0.0014239926
0.0014544294
0.001400241
0.0014684352
0.0013909142
0.0013645947
0.0014087445
0.0014321137
0.0015166189
0.0014286713
0.0014194591
0.0014207627
0.0014098814
0.0014544845
0.0013701833
0.001380487
0.0014069478
0.0014214077
0.0013828555
0.0013970697
0.0013818495
0.0014185195
0.0013768519
0.0014860362
0.0014840451
0.0014447788
0.0014019719
0.001388602
0.0014248507
0.0013627675
0.0014610483
0.0013781855
0.0014298183
0.0014101955
0.0014133379
0.0014001444
0.0013978399
0.0013553305
0.0013812426
0.0013782795
0.0013846882
0.0014788129
0.001377671
0.0013677044
0.0013934936
0.0013769019
0.0013793166
0.001420577
0.0013788715
0.0014636182
0.001375247
0.0014483863
0.0013900824
0.001404655
0.0013689351
0.001406891
0.0014022976
0.0013707628
0.0013838663
0.0013463103
0.0013600666
0.001331452
0.0013577617
0.0013802951
0.0014596061
0.001345634
0.0013940333
0.0013348223
0.0013335461
0.0013361981
0.0013677608
0.0014155358
0.0013884484
0.0013869224
0.0013808074
0.0013686409
0.0013414401
0.0013602233
0.0013248737
0.0013482696
0.0013290653
0.0013559598
0.0013490886
0.001406737
0.0013058825
0.0013334878
0.0013505676
0.0014120638
0.0013526187
0.001362756
0.0012901089
0.0012993946
0.0013355826
0.0013326354
0.0013676005
0.0013348518
0.0013218966
0.0013453894
0.0013629432
0.0013220639
0.001366949
0.0013746482
0.0013674475
0.0014113577
0.0013592795
0.0013530653
0.0013736823
0.0013317992
0.0013801415
0.0013149234
0.0013271483
0.0013426719
0.0013073765
0.001353132
0.0013260535
0.0013101927
0.0013451319
0.0013353917
0.0013026517
0.0013472814
0.0014175639
0.0013099378
0.0013649219
0.0013606866
0.0013364065
0.0013227756
0.0013506549
0.0013454525
0.0013834239
0.0013558303
0.0013306335
0.0012975502
0.0012872015
0.0013045814
0.0013420115
0.0013030111
0.0013207594
0.0013270421
0.00138154
0.0014215969
0.0013120983
0.0013566153
0.0012675053
0.0012882554
0.0014402966
0.0013500428
0.0013128705
0.0013284745
0.0012927181
0.0012663134
0.0013224422
0.001326132
0.0013159252
0.0013200579
0.0012819069
0.001317201
0.0013149504
0.0013395406
0.0013207396
0.0013262421
0.0012544175
0.0013542703
0.0013280775
0.0013352858
0.0012706649
0.001298989
0.0013169239
0.0013028916
0.0012705685
0.0013058117
0.0013166056
0.0013213224
0.0013278603
0.0013418134
0.0012966337
0.0012933047
0.0013169694
0.0012709959
0.0012826993
0.0013248874
0.0012763268
0.0013363973
0.0012591773
0.0012349219
0.0012730439
0.0012997983
0.0012930548
0.0012401367
0.0013013412
0.0012926522
0.0012979998
0.0013380973
0.0012591471
0.0012947015
0.0012679605
0.0012668506
0.0013212046
0.0012742962
0.0013703696
0.0012817145
0.0013389095
0.0012951526
0.0012559973
0.0013186573
0.001315763
0.0012528824
0.0012820559
0.0012619669
0.0013412174
0.0012998919
0.0013260752
0.0012767444
0.0013257737
0.0012529453
0.0012852072
0.0012651666
0.0012726989
0.0012355014
0.0012719404
0.0012968606
0.0012738447
0.0013000005
0.0013049584
0.0012725975
0.0012873763
0.001391221
0.0012923125
0.0012782817
0.0012568352
0.001287799
0.0012273937
0.0012490605
0.0012742345
0.0012879517
0.0013437588
0.0012975695
0.0012336449
0.0012788665
0.0013027521
0.001247848
0.0012672148
0.0012910954
0.0012221176
0.0012339356
0.0012081922
0.0012723246
0.0012514497
0.0012740602
0.0012495964
0.0012353413
0.001290219
0.0012850971
0.0012844098
0.0012287823
0.0012250391
0.0012441899
0.0012573901
0.001275712
0.0013483877
0.0012673992
0.0012319415
0.0012568751
0.0012825822
0.001296156
0.0012647605
0.0012249788
0.001219247
0.0012172067
0.0012617187
0.0012235446
0.0012659742
0.0012209519
0.0012368172
0.0012354598
0.0012377877
0.0012394395
0.0012497907
0.0012727666
0.0013140847
0.0012804304
0.0013222469
0.0012113776
0.0012498315
0.0012152176
0.0012266678
0.0012909954
0.0012310602
0.0012399299
0.0012372956
0.0012091853
0.001198919
0.0012367461
0.0012281288
0.0012427359
0.0012715214
0.0012429119
0.0012197742
0.0012357698
0.001277649
0.001210809
0.0012541679
0.0012311965
0.0012762783
0.0012118309
0.001231575
0.0012369788
0.0012249929
0.0012194237
0.0011868317
0.0012102234
0.0011909867
0.0012089434
0.0012222464
0.0012037785
0.0012944777
0.001216392
0.0012132437
0.0011876031
0.0011990662
0.0012112869
0.0012240905
0.0011997009
0.0012054488
0.0011923535
0.0012675561
0.0012216382
0.0012103944
0.0012268373
0.0012591656
0.001227781
0.0012002896
0.0012942882
0.0012550879
0.0012590988
0.0012453053
0.0012497691
0.0012550392
0.001225392
0.0012585529
0.0012114566
0.0013302128
0.0012454921
0.0012042538
0.0012267221
0.0012108034
0.0012823377
0.0012435297
0.0012101642
0.0012153366
0.0011799483
0.0012215307
0.0011926498
0.0011960312
0.0012019393
0.0012277118
0.0011645419
0.0012077441
0.0012404281
0.0012112359
0.0012465193
0.0012370939
0.0012629069
0.0011965545
0.0011989633
0.0011784578
0.0011782524
0.0012013271
0.0012046656
0.0011594753
0.0011723493
0.0012116015
0.0011814366
0.0011550313
0.0011653575
0.0011891996
0.0012065598
0.0011865824
0.0011425364
0.0011926643
0.0011753823
0.0012179737
0.0011453403
0.0012305652
0.0011565243
0.0011907339
0.0011624511
0.001145456
0.0011882241
0.0011863784
0.0012018821
0.0011877165
0.0011624176
0.001167848
0.0011474751
0.001168679
0.0011812648
0.0011868273
0.0011564045
0.0011676796
0.0011615737
0.0012042283
0.0012072847
0.0011833842
0.0011910547
0.0012239147
0.0011932761
0.0011579703
0.0011671042
0.0011810272
0.0011777716
0.0012128217
0.0011412473
0.0011850194
0.0011423274
0.0011840475
0.0011912519
0.0011539686
0.0011977301
0.0012294281
0.0012591404
0.0011974883
0.0011852
0.0012363577
0.0011644512
0.0011999742
0.0011541166
0.0011536718
0.0012202656
0.0011801048
0.0011413993
0.0011600126
0.0011886598
0.001218
0.0011793685
0.0011952106
0.0011411968
0.0012062865
0.0012676662
0.0012119756
0.0011531563
0.0012335936
0.0011969163
0.0012321045
0.0011645613
0.0011881306
0.0011661999
0.0011597655
0.0011798858
0.0011965174
0.0012261646
0.001163373
0.0011797904
0.0012122388
0.0011893221
0.0011971758
0.001245145
0.0011996913
0.0012077532
0.001242937
0.0011460149
0.0011659069
0.001163471
0.0011120763
0.0011656105
0.0011737652
0.0011595014
0.0011372265
0.0011923737
0.001135888
0.0011850292
0.0011382208
0.0011651443
0.001220597
0.0011914277
0.0011458328
0.0011770163
0.0011704385
0.001217376
0.0011564576
0.0011510703
0.001168947
0.0011512458
0.0012098199
0.0011377186
0.001185911
0.0011878544
0.0011579479
0.0011278677
0.0011159561
0.0011527439
0.0011671025
0.0011317896
0.0011384174
0.0011467421
0.0011196237
0.001181803
0.001186752
0.0011945403
0.0011131528
0.0011702228
0.0011076665
0.0011736192
0.0011454694
0.0011769836
0.0011152357
0.0011003391
0.0011145605
0.0011205447
0.0011359755
0.0011083807
0.0011552908
0.0011635461
0.001106627
0.0010992616
0.0011175857
0.0011009185
0.0011090663
0.0011244882
0.0011086238
0.0011366439
0.0010955821
0.0011757386
0.0011254628
0.0011377104
0.0011387112
0.0011336721
0.0011223721
0.0011377175
0.0011785497
0.0011410518
0.0011321136
0.0011017913
0.0011264365
0.0011247206
0.0011754717
0.00113086
0.0011544344
0.0011485041
0.0011111136
0.0011190512
0.0010964136
0.0011565867
0.001173937
0.0010986079
0.0011401026
0.0011504538
0.0010802479
0.0011622494
0.0011283538
0.0011577916
0.0011158772
0.0011789848
0.0011618325
0.0011460629
0.0011327924
0.0011153442
0.0011113589
0.0011204215
0.0011429316
0.0010896571
0.0011090746
0.0011916412
0.0011319763
0.0011443415
0.0011360436
0.0011125102
0.0011266202
0.0010693065
0.001109454
0.0011560011
0.0011507045
0.001146468
0.0011440223
0.0011400797
0.0010979129
0.0011444166
0.0011180056
0.0011285492
0.0011397977
0.0011419022
0.0011432166
0.0011720296
0.0011157024
0.0011207031
0.0010883431
0.0011141235
0.0011063492
0.0011300783
0.0011237274
0.0010907918
0.0011010292
0.0011021212
0.0010962166
0.0011086973
0.0011054578
0.0010871522
0.0010603346
0.0011884429
0.0010997673
0.0011319022
0.0011001688
0.0011156977
0.001091216
0.0011277756
0.0011015123
0.0011256816
0.0011494705
0.0010928739
0.0010996665
0.0011022424
0.0010948095
0.0011187841
0.0010864976
0.001092186
0.0011308003
0.0010959767
0.0011276306
0.0011098422
0.0011049976
0.0011534498
0.0010956031
0.0010947481
0.0011012948
0.0010792825
0.0011179339
0.0011454534
0.0011601209
0.0011037876
0.0011480212
0.0010816262
0.0010881213
0.001117264
0.0011180323
0.0011038472
0.0010806721
0.0010533528
0.0011120954
0.0010764428
0.0010993965
0.0011402549
0.0011000171
0.0010415498
0.0010732209
0.001079281
0.0010820648
0.0011124996
0.0010697426
0.0011383268
0.0010808213
0.0010836829
0.001078378
0.0010588075
0.0010742343
0.0010656886
0.0010712477
0.0010644497
0.0010618631
0.0010872742
0.0010872318
0.001107152
0.0010978035
0.0010984264
0.0011056633
0.0010893329
0.0011193827
0.0011029841
0.0011342341
0.0010684242
0.0010842467
0.0010438585
0.0010519562
0.0010877392
0.0010563378
0.0011103789
0.0010856425
0.0010659727
0.0010424259
0.0010470947
0.0010641003
0.0010977519
0.0010986734
0.0011011488
0.0010694064
0.0011329305
0.0010930765
0.0010845099
0.0010889126
0.0011154144
0.001057764
0.001049901
0.0010770714
0.0011041096
0.0011191119
0.0010479339
0.0010565937
0.0010531854
0.0010173791
0.0010669929
0.0010302112
0.0010349201
0.001047972
0.0010807982
0.0010970943
0.0011003878
0.0010935283
0.0010686722
0.0010203512
0.0010614228
0.0010678115
0.0010700191
0.001141438
0.0010492479
0.0010393839
0.0010211439
0.0010553184
0.0010662733
0.0010834427
0.0010557538
0.0011586628
0.0010443196
0.0010691342
0.0010786047
0.001075709
0.0011160925
0.0010478188
0.0010734363
0.001042172
0.0010707731
0.001057048
0.0010617883
0.0010381038
0.0010942041
0.001019248
0.0010626281
0.0010529566
0.0010132515
0.0010506803
0.0010229807
0.0010643598
0.0010617846
0.0010541162
0.0010514703
0.0010481707
0.0010614728
0.0010514712
0.0010429666
0.0010093705
0.0010444978
0.0011963791
0.0010538867
0.0010810843
0.001106023
0.0010795859
0.0010276842
0.0010543952
0.0010323197
0.001069153
0.001071719
0.0010613936
0.0010290185
0.0010736473
0.0010367769
0.0010426157
0.0010104175
0.0010285774
0.0010172366
0.0010471033
0.0010238156
0.0010442944
0.001041559
0.00102488
0.001045765
0.0010512791
0.0010783384
0.0010657449
0.0010424713
0.0010877885
0.0010528213
0.0011617261
0.0010172091
0.0010235109
0.0010796627
0.001059415
0.0010639355
0.0010311931
0.0010435812
0.0010768526
0.0010434515
0.0010282358
0.0010630747
0.0010586441
0.0010289972
0.0010566624
0.001032882
0.0010042257
0.0010550312
0.0010291841
0.0010239413
0.0009863263
0.0010594163
0.0010187364
0.0010728544
0.0010341435
0.001004277
0.0010326138
0.001008404
0.0010515024
0.0010526341
0.0010358137
0.0010360021
0.0010250319
0.0010312704
0.0010738075
0.0009921389
0.0010169259
0.0010394867
0.0010344252
0.0010146119
0.0010050116
0.0009946136
0.0010294736
0.0010043074
0.0010573724
0.0010353191
0.0010559319
0.0010170512
0.0010080318
0.0010062073
0.0011183186
0.0010454634
0.0010821348
0.0009888725
0.0010088284
0.0009995608
0.0010079448
0.0010052796
0.0010174201
0.0010394758
0.0010103894
0.0010024164
0.0010394077
0.0010263688
0.0009948581
0.0010284929
0.0010201192
0.000987701
0.0009991941
0.0010176338
0.001005571
0.0010567178
0.001012986
0.0010239185
0.0010209177
0.0010546802
0.0010256816
0.001004212
0.001005019
0.0010036371
0.0009965665
0.0010540277
0.0010378662
0.0010519301
0.0010356534
0.0009953801
0.0010080338
0.0010232915
0.0010124249
0.0010556947
0.0010030707
0.0010094333
0.001012107
0.0010206263
0.0010109952
0.0009922688
0.0009656473
0.0010477329
0.0009853307
0.0010105508
0.0009782722
0.0009826418
0.0010075421
0.0010164892
0.0010268885
0.000979257
0.0010035695
0.0009919697
0.0010608509
0.0009920712
0.0009954722
0.0010154817
0.0009828053
0.0010160665
0.0009958323
0.0010114461
0.0010344404
0.0009794089
0.0009843274
0.0010265463
0.0009952739
0.0010389765
0.0009929754
0.0009782232
0.0009876603
0.0009741194
0.0010173203
0.0010134804
0.0010022523
0.0009834048
0.0009990003
0.0009840504
0.0009905294
0.0009891599
0.0009984775
0.0010400125
0.0010142488
0.0009965105
0.0009786866
0.0010326703
0.0009810937
0.001033346
0.0009984748
0.0010004939
0.0010155427
0.00097085355
0.00096116477
0.0010147522
0.0009811796
0.001036137
0.0009837102
0.0010195975
0.00096519076
0.00096936134
0.0010429122
0.001014191
0.0009930725
0.000955772
0.0010242581
0.0010212072
0.000983478
0.0009985319
0.0010192101
0.0010252994
0.0009864479
0.0009781497
0.0010055995
0.0010800908
0.0009691102
0.0009479624
0.00095147354
0.0009761833
0.0010006261
0.00096006575
0.0010205664
0.0009651514
0.0009881621
0.0009585706
0.0009928481
0.00097506325
0.0010056639
0.0009804871
0.0010309253
0.0009977311
0.00096294575
0.00096002436
0.0009658679
0.0009804704
0.00095940405
0.0009836421
0.0009807465
0.0009630161
0.0009650214
0.0009432491
0.0009884586
0.0009864348
0.0009771967
0.0009670895
0.00095745473
0.0009820586
0.0009547259
0.0009769953
0.0010224305
0.0009894661
0.00097625685
0.0009819011
0.0010013921
0.0009859229
0.0009722432
0.0009909124
0.000990068
0.00097362103
0.0009918438
0.0009984872
0.0009756149
0.0009670843
0.000985507
0.00093630154
0.00095662364
0.0009822103
0.0009686761
0.0009653841
0.0009727086
0.0010030745
0.0009926634
0.0009818296
0.0010268796
0.001025407
0.0010205446
0.0010173449
0.0009805987
0.00095616124
0.0009772786
0.0009923232
0.0011337035
0.00093973684
0.0009825417
0.0009579206
0.0009793678
0.0010102222
0.0009435632
0.0009507431
0.00097207
0.0009406145
0.0010086966
0.00095522276
0.0009733655
0.00095254823
0.0009407194
0.0009240634
0.0009600741
0.000978327
0.0009778191
0.0009575721
0.00096188346
0.00097059435
0.0010006556
0.0009860015
0.0009596301
0.00096583564
0.000998814
0.00096208387
0.00095814397
0.0009829248
0.0009892789
0.0009607107
0.00096407987
0.0009515933
0.000975049
0.0009956413
0.0009677514
0.000961939
0.0009851325
0.0009808795
0.0009401779
0.00094956177
0.00094754196
0.0009253047
0.0009227596
0.000960248
0.0009550822
0.0009226759
0.0009865015
0.0009810757
0.0009460416
0.00095718243
0.0009388793
0.000986881
0.00098122
0.0009752224
0.0009559312
0.0009765975
0.00094517716
0.00093603047
0.0009400183
0.00096166134
0.0009689614
0.00091144507
0.00094126596
0.0009506424
0.000943992
0.00092679996
0.0009099462
0.0009559836
0.0009258409
0.00092783227
0.0009383708
0.000968068
0.00094214594
0.00092165626
0.0009153784
0.0009367373
0.0009659319
0.0010126426
0.0009239771
0.0009875864
0.0009125276
0.0009167911
0.0009545134
0.00092883914
0.00095665606
0.0009342646
0.00094477274
0.00092322566
0.00094739057
0.00093186717
0.0009283331
0.0009163268
0.00094294234
0.0009352268
0.00091749115
0.0009990986
0.0009599545
0.0009296658
0.0009593717
0.0009876208
0.00093328964
0.00093331636
0.00091336353
0.00094793213
0.000910061
0.00095820584
0.00091750047
0.0009443662
0.00094806834
0.0009934274
0.00093458313
0.0009172037
0.00091703533
0.0009533102
0.00092257204
0.00092859817
0.00093855563
0.00092242623
0.000971689
0.0009414053
0.0009619744
0.00094462704
0.00093832525
0.0009040351
0.0009177704
0.0009244929
0.0009264915
0.0009328057
0.00094310346
0.0009224012
0.0008903009
0.00091213215
0.00090773084
0.0009239048
0.0009395227
0.0009313958
0.0009124098
0.00095277384
0.00092618464
0.00093570084
0.0009198584
0.0009338323
0.0009139847
0.0009256861
0.00093363086
0.0009428097
0.0009218958
0.0009265883
0.0009198926
0.0009398988
0.0009236998
0.0009019972
0.0009790709
0.000942791
0.0009169877
0.0009414226
0.00090685237
0.0009712947
0.0010168052
0.0008803383
0.00096621196
0.00092275784
0.0009412513
0.0009056819