20 358.17 0.42 358.59 0.079 19 24 0.08 0.0 
40 356.92 0.99 357.91 0.129 39 52 0.16 0.0 
60 354.59 1.47 356.06 0.184 58 81 0.24 0.0 
80 353.93 1.58 355.5 0.256 78 119 0.32 0.0 
100 351.61 2.01 353.62 0.307 98 152 0.4 0.0 
120 350.33 2.27 352.6 0.346 118 179 0.48 0.0 
140 348.56 2.34 350.9 0.387 138 218 0.56 0.0 
160 346.13 2.68 348.81 0.436 157 249 0.64 0.0 
180 344.19 2.93 347.12 0.473 177 284 0.72 0.0 
200 343.21 2.98 346.2 0.503 194 323 0.79 0.0 
220 341.98 3.13 345.11 0.528 214 363 0.87 0.0 
240 339.59 3.09 342.68 0.556 233 402 0.95 0.0 
260 339.5 3.16 342.66 0.565 251 442 1.02 0.0 
280 337.24 3.18 340.42 0.592 268 488 1.09 0.0 
300 336.55 3.43 339.98 0.607 285 523 1.16 0.0 
320 336.73 3.46 340.19 0.616 304 567 1.24 0.01 
340 335.2 3.85 339.05 0.633 322 608 1.31 0.01 
360 334.06 4.03 338.09 0.643 339 645 1.38 0.01 
380 333.33 4.1 337.42 0.659 356 686 1.45 0.01 
400 332.1 4.35 336.45 0.669 374 724 1.52 0.01 
420 331.11 4.31 335.41 0.68 390 768 1.59 0.01 
440 330.27 4.45 334.72 0.691 403 814 1.64 0.01 
460 329.08 4.65 333.73 0.7 421 859 1.72 0.01 
480 326.83 4.71 331.53 0.706 439 903 1.79 0.01 
500 325.32 4.8 330.12 0.717 457 945 1.86 0.01 
520 326.07 4.74 330.82 0.728 475 985 1.94 0.01 
540 323.81 4.79 328.6 0.733 494 1029 2.01 0.01 
560 323.17 4.82 327.99 0.742 506 1074 2.06 0.01 
580 323.39 4.77 328.15 0.747 524 1124 2.14 0.01 
600 322.15 4.88 327.02 0.753 540 1160 2.2 0.01 
620 321.02 4.97 325.99 0.759 553 1213 2.25 0.01 
640 320.91 5.04 325.95 0.763 568 1260 2.32 0.01 
660 322.42 4.95 327.37 0.771 582 1314 2.37 0.01 
680 319.61 5.14 324.76 0.776 597 1351 2.43 0.01 
700 319.91 5.16 325.07 0.781 608 1403 2.48 0.01 
720 319.3 5.22 324.52 0.786 624 1451 2.54 0.01 
740 318.48 5.28 323.77 0.791 641 1505 2.61 0.01 
760 317.04 5.47 322.52 0.794 655 1548 2.67 0.01 
780 316.5 5.61 322.11 0.795 673 1600 2.74 0.01 
800 317.26 5.77 323.03 0.8 690 1651 2.81 0.02 
820 315.56 5.83 321.39 0.803 701 1695 2.86 0.02 
840 315.26 5.81 321.07 0.807 716 1742 2.92 0.02 
860 315.05 5.85 320.9 0.808 729 1798 2.97 0.02 
880 314.73 5.86 320.59 0.813 744 1855 3.03 0.02 
900 313.23 6.04 319.27 0.817 759 1901 3.09 0.02 
920 312.56 6.09 318.65 0.821 776 1966 3.16 0.02 
940 312.96 6.15 319.11 0.824 789 2011 3.22 0.02 
960 311.54 6.33 317.87 0.826 802 2056 3.27 0.02 
980 311.19 6.35 317.54 0.828 816 2109 3.33 0.02 
1000 310.73 6.47 317.2 0.831 826 2152 3.37 0.02 
1020 310.76 6.64 317.4 0.835 841 2203 3.43 0.02 
1040 309.63 6.7 316.32 0.835 856 2259 3.49 0.02 
1060 309.91 6.73 316.65 0.839 871 2312 3.55 0.02 
1080 310.2 6.72 316.92 0.843 888 2364 3.62 0.02 
1100 308.66 6.77 315.44 0.845 903 2420 3.68 0.02 
1120 308.49 6.77 315.25 0.847 916 2480 3.73 0.02 
1140 308.73 6.88 315.61 0.849 933 2535 3.8 0.02 
1160 307.92 7.04 314.96 0.85 945 2589 3.85 0.02 
1180 306.9 7.14 314.04 0.852 959 2645 3.91 0.02 
1200 305.05 7.33 312.38 0.855 972 2689 3.96 0.02 
1220 305.66 7.33 312.99 0.856 989 2750 4.03 0.03 
1240 304.58 7.31 311.89 0.857 999 2803 4.07 0.03 
1260 305.05 7.41 312.46 0.859 1014 2849 4.13 0.03 
1280 304.55 7.39 311.94 0.862 1030 2915 4.2 0.03 
1300 304.54 7.43 311.98 0.862 1044 2964 4.26 0.03 
1320 304.84 7.42 312.26 0.864 1058 3025 4.31 0.03 
1340 304.28 7.51 311.79 0.867 1071 3078 4.37 0.03 
1360 303.76 7.55 311.32 0.868 1086 3130 4.43 0.03 
1380 302.92 7.77 310.69 0.868 1101 3187 4.49 0.03 
1400 302.16 7.85 310.01 0.871 1111 3237 4.53 0.03 
1420 302.27 7.88 310.15 0.873 1124 3289 4.58 0.03 
1440 301.24 7.89 309.13 0.874 1136 3348 4.63 0.03 
1460 301.9 7.9 309.8 0.874 1146 3415 4.67 0.03 
1480 301.21 7.97 309.19 0.875 1157 3475 4.72 0.03 
1500 300.5 8.18 308.68 0.877 1170 3537 4.77 0.03 
1520 299.68 8.29 307.97 0.879 1184 3586 4.83 0.03 
1540 300.16 8.26 308.42 0.88 1196 3650 4.88 0.03 
1560 299.57 8.32 307.89 0.881 1208 3711 4.92 0.03 
1580 298.9 8.28 307.18 0.883 1222 3780 4.98 0.03 
1600 299.37 8.45 307.82 0.884 1236 3844 5.04 0.04 
1620 298.29 8.43 306.72 0.885 1250 3919 5.1 0.04 
1640 298.97 8.47 307.44 0.885 1265 3983 5.16 0.04 
1660 298.23 8.47 306.7 0.886 1278 4063 5.21 0.04 
1680 297.47 8.56 306.03 0.887 1289 4112 5.25 0.04 
1700 297.15 8.7 305.86 0.888 1301 4156 5.3 0.04 
1720 296.84 8.66 305.5 0.889 1313 4217 5.35 0.04 
1740 296.84 8.8 305.65 0.891 1325 4273 5.4 0.04 
1760 295.85 8.86 304.71 0.891 1339 4319 5.46 0.04 
1780 295.74 8.95 304.69 0.891 1353 4373 5.52 0.04 
1800 295.62 9.0 304.62 0.891 1362 4436 5.55 0.04 
1820 294.91 9.17 304.08 0.891 1377 4489 5.61 0.04 
1840 294.28 9.24 303.52 0.895 1385 4549 5.65 0.04 
1860 293.77 9.37 303.13 0.895 1397 4608 5.69 0.04 
1880 293.47 9.39 302.86 0.896 1408 4678 5.74 0.04 
1900 293.15 9.6 302.76 0.896 1423 4737 5.8 0.04 
1920 292.53 9.59 302.12 0.898 1433 4804 5.84 0.04 
1940 292.76 9.58 302.34 0.898 1444 4872 5.89 0.05 
1960 292.59 9.59 302.18 0.899 1459 4929 5.95 0.05 
1980 291.89 9.61 301.5 0.9 1472 5000 6.0 0.05 
