
0.038334206
0.035983823
0.037604492
0.038310464
0.034060914
0.033163622
0.03396532
0.03541134
0.032881804
0.0331512
0.03360233
0.0318911
0.031042706
0.03197308
0.029930988
0.031566333
0.030251123
0.029884128
0.030488549
0.031038024
0.027140504
0.02788799
0.026454138
0.026438065
0.027420606
0.026343893
0.027151728
0.027048362
0.026553974
0.026139569
0.026157882
0.026174547
0.025063593
0.025895154
0.024954855
0.024426742
0.024912605
0.024611166
0.024797026
0.023804331
0.02407515
0.024165763
0.024033241
0.023542186
0.024375398
0.024089193
0.023797167
0.02582024
0.023807317
0.023855142
0.023086527
0.022680623
0.02331603
0.022217296
0.022656173
0.022268232
0.022259837
0.02313315
0.021830482
0.022525663
0.022082534
0.02162731
0.022628125
0.021117987
0.021549674
0.02154218
0.021459544
0.02159642
0.021740222
0.020342343
0.020898014
0.02107383
0.020981228
0.020603668
0.020178238
0.020610882
0.021025475
0.02109111
0.021069195
0.02125572
0.02025692
0.021268124
0.02017156
0.019888911
0.022258777
0.019826472
0.019415636
0.01959826
0.018908143
0.018653674
0.018618815
0.018292295
0.01839159
0.019843651
0.019305523
0.01946678
0.019189477
0.018344993
0.01846919
0.018257974
0.018606992
0.018937685
0.019125413
0.018622376
0.018768914
0.018336808
0.019521296
0.018592812
0.018199315
0.018313693
0.018391538
0.018134039
0.018074013
0.017976666
0.018314328
0.017861249
0.018831367
0.0195844
0.017850645
0.017925693
0.017752593
0.01731803
0.017351491
0.017729038
0.0178702
0.017888526
0.017215159
0.017163234
0.016884545
0.017701536
0.01771861
0.017350966
0.01707978
0.017584255
0.017000759
0.017383242
0.016525635
0.017126087
0.017009098
0.0168147
0.016964689
0.016555533
0.016382858
0.01624812
0.01649805
0.016728234
0.016227318
0.015978364
0.016196523
0.01624519
0.016157268
0.01608811
0.015684495
0.016184136
0.015834996
0.015710631
0.01642125
0.015826344
0.0156039065
0.015891673
0.015941525
0.015116772
0.015957173
0.015497242
0.015449872
0.015339676
0.015204262
0.01518794
0.015276364
0.015503731
0.015452981
0.015163927
0.015273132
0.014778787
0.014737053
0.014612547
0.015197506
0.014684754
0.01503195
0.014942332
0.014541894
0.015273475
0.0147991665
0.014888173
0.0150127495
0.014436592
0.014837538
0.014425215
0.01452118
0.014817283
0.014413009
0.015135084
0.014691133
0.014659482
0.013998168
0.01407283
0.013857448
0.014122294
0.014056069
0.01435675
0.014419995
0.014011612
0.0143326875
0.014290893
0.01424103
0.013554695
0.013733017
0.013366853
0.013820914
0.013532476
0.013753311
0.014080921
0.013613673
0.013705255
0.013413544
0.013307906
0.013618053
0.013534717
0.013768578
0.013301948
0.013340325
0.013259153
0.01438372
0.013895259
0.013208279
0.013135026
0.012985759
0.013186052
0.01331068
0.012895739
0.013064795
0.013687721
0.012950317
0.01343811
0.013022791
0.01270339
0.01282017
0.013030951
0.012445317
0.012402779
0.012343813
0.012523379
0.012277421
0.012568343
0.012689307
0.012771828
0.0125795165
0.012835447
0.01230558
0.012454462
0.012432761
0.012555752
0.012758488
0.012289597
0.012490459
0.0122336
0.011940217
0.012333635
0.012083806
0.012014309
0.012858972
0.012486491
0.012012971
0.012071841
0.012463109
0.011787527
0.011957235
0.01199015
0.012249491
0.01199479
0.012067856
0.0124859065
0.011885483
0.011649406
0.012292208
0.011974771
0.011986615
0.0119121075
0.011779542
0.011786855
0.011977522
0.012445942
0.012172134
0.011778446
0.011993501
0.0115817515
0.011499575
0.011545335
0.01128233
0.01150237
0.011951438
0.0113008395
0.011498777
0.01147485
0.011622133
0.011100337
0.01170266
0.011867363
0.011913334
0.011610452
0.012075746
0.011199565
0.011543306
0.011048443
0.011046494
0.011116994
0.011306335
0.011639795
0.011426731
0.011162615
0.011288114
0.011608511
0.011549562
0.010859182
0.010937377
0.011314262
0.011075882
0.011264484
0.010756226
0.010949477
0.010748696
0.011408281
0.0106978435
0.010991346
0.011077624
0.011011803
0.011068019
0.011039372
0.010776314
0.01070226
0.010810706
0.010674755
0.010396733
0.010887909
0.010376758
0.011166024
0.010417271
0.010605308
0.010877047
0.010656365
0.010554622
0.010721457
0.010638042
0.010156634
0.010452149
0.010580385
0.0104260845
0.010042731
0.010499684
0.010237828
0.010061106
0.01006001
0.010272869
0.010012449
0.01034002
0.009871713
0.01013206
0.01010624
0.010393561
0.010250631
0.0102382125
0.010142096
0.0100430325
0.010093226
0.010018537
0.009990755
0.00998706
0.009857433
0.010050347
0.010503502
0.010082968
0.010065392
0.010267173
0.010120772
0.009892951
0.009910466
0.009864414
0.010655269
0.009934047
0.0101073105
0.010007333
0.010085068
0.010183776
0.0098887
0.009767649
0.009720971
0.0097212875
0.009686566
0.009503621
0.010026221
0.009709765
0.009684257
0.009293384
0.009521521
0.009713949
0.00941502
0.00952238
0.009775969
0.009680747
0.009428961
0.00969525
0.009621884
0.009608358
0.009802486
0.009778604
0.009778077
0.009743105
0.009449084
0.009306829
0.009258009
0.009194605
0.009164843
0.009314184
0.009521971
0.00939888
0.0092837075
0.009708315
0.0095729055
0.009436312
0.009921553
0.009436659
0.009604421
0.009298243
0.009945597
0.009660162
0.009527857
0.009685453
0.00910446
0.009195506
0.009222173
0.009169718
0.00926446
0.009002808
0.008990178
0.009248433
0.009145131
0.009309481
0.009518957
0.009551119
0.009348586
0.009190136
0.009170072
0.009245708
0.009037361
0.009145625
0.009039805
0.0090187015
0.008896468
0.008895535
0.008928488
0.0088816425
0.008969076
0.008955669
0.008865802
0.009397587
0.008941843
0.009080809
0.009116618
0.008840735
0.008702228
0.00881931
0.009489448
0.008870657
0.008959385
0.009193246
0.008969737
0.0092236735
0.008740633
0.008757071
0.008576328
0.00873303
0.008840199
0.008890197
0.008742682
0.008946592
0.009027519
0.0082707
0.008627051
0.008397187
0.008466976
0.008219273
0.008452646
0.008236807
0.008792988
0.008480416
0.008173536
0.008061324
0.008031082
0.008489045
0.008536156
0.008258844
0.008276554
0.008263749
0.007955141
0.00830018
0.008359438
0.007976814
0.007847587
0.0077802297
0.007876364
0.007852283
0.008153574
0.007979927
0.008251417
0.008173912
0.007880289
0.007849438
0.007867276
0.007942743
0.0077652545
0.007978231
0.007952771
0.0081441915
0.008069767
0.007975818
0.008191514
0.007662955
0.00788615
0.007886312
0.007915828
0.00802113
0.008124202
0.0077881548
0.008124888
0.007867787
0.008167201
0.007810747
0.0077668005
0.007931459
0.00804233
0.007870712
0.007711432
0.007882308
0.0077372817
0.0081255175
0.0076202224
0.007531822
0.007823392
0.007589781
0.007875824
0.008020801
0.007878294
0.00762378
0.0075819776
0.007738556
0.007934694
0.007573518
0.0074832547
0.0074860347
0.0074400427
0.0075943377
0.007481354
0.0077073667
0.00748692
0.0075319256
0.007487898
0.00745224
0.007705879
0.0073893582
0.0076504583
0.0073084836
0.007596099
0.0071630827
0.0073693832
0.0073278314
0.0073124273
0.0077181906
0.0071890587
0.0075011607
0.007166957
0.00781181
0.007407335
0.0072010504
0.007636749
0.0073168706
0.0074592982
0.0072770654
0.007309387
0.0072679897
0.007226494
0.00714506
0.007220869
0.0073299417
0.007209553
0.0072354437
0.007221342
0.0077775507
0.0072987257
0.007105664
0.0071826624
0.0074379584
0.007259997
0.0073558534
0.0069821244
0.007281779
0.0071218214
0.0070453538
0.007160681
0.007247961
0.0070060627
0.0070076035
0.006968355
0.006973663
0.0069830134
0.0072235186
0.006985095
0.0071655265
0.0070533613
0.0069909524
0.007275938
0.0070363153
0.0068256576
0.0071154498
0.006941289
0.007040751
0.0069504105
0.0072105816
0.006980869
0.0071455287
0.006908713
0.0069222315
0.0069506755
0.0066878176
0.007064968
0.0065935175
0.006776517
0.0068309368
0.006776701
0.0069291876
0.006877255
0.0069917087
0.007263975
0.0073451693
0.0068143406
0.0069031585
0.0071946997
0.006840689
0.0067539755
0.0069231912
0.006905361
0.0067294617
0.00675352
0.0071223183
0.0067701107
0.006812173
0.0069604325
0.006524466
0.0065606325
0.0064913016
0.006700842
0.0068435753
0.006660868
0.0066112764
0.006810271
0.0069525917
0.0066308174
0.0067783347
0.006616476
0.0070230574
0.00688071
0.006793743
0.0068124216
0.0068737664
0.006599329
0.0066560456
0.0066043646
0.0068254573
0.0068042683
0.0066254097
0.0067443373
0.0066904966
0.006970122
0.006570935
0.006501081
0.0065432047
0.0064990623
0.006386882
0.0066674165
0.006415324
0.0063488414
0.0063805664
0.0064917407
0.0063744835
0.006322747
0.006448677
0.006539084
0.006680806
0.0064343303
0.006424945
0.0064444277
0.0063140607
0.0063707544
0.006568534
0.0063939807
0.0062495084
0.0063996403
0.00652535
0.006319692
0.006417297
0.00624923
0.006293481
0.0063841413
0.0062175007
0.0063518584
0.006299864
0.006384137
0.006424938
0.006346127
0.006424968
0.006148375
0.0063160686
0.006398679
0.006451662
0.0069193584
0.006092299
0.006278362
0.0062653935
0.006285346
0.0062790397
0.0062778764
0.006455158
0.0063633085
0.006217954
0.0063690147
0.0061126677
0.0062304223
0.00609527
0.0065068942
0.0063023474
0.006464024
0.0063502686
0.005985645
0.0062852344
0.006316452
0.0059467764
0.0060233865
0.006225922
0.0061310655
0.005981403
0.0061144987
0.006373436
0.0060550077
0.0062095253
0.0061009796
0.0061119418
0.0062168604
0.0059447973
0.006386715
0.00619209
0.005928889
0.006072826
0.0059804567
0.006032762
0.0058128014
0.006200491
0.006048761
0.0062566376
0.006102919
0.006308476
0.005904005
0.005879897
0.005944674
0.00609595
0.005941025
0.0059102075
0.0061803125
0.0060067
0.005835923
0.0057958765
0.005848239
0.005892999
0.005779891
0.006310981
0.005970716
0.0059641483
0.0058060717
0.0060272836
0.005893628
0.0059210598
0.0059553403
0.0057966174
0.0057775434
0.00593743
0.005750795
0.0057836743
0.005835458
0.006063323
0.005705316
0.005882893
0.005881231
0.0060549597
0.006001069
0.0062177326
0.005929603
0.006033553
0.006060481
0.005971161
0.005823547
0.005907036
0.0059318
0.0059370226
0.006058135
0.005832626
0.005891455
0.0059970543
0.005674816
0.00585718
0.005794246
0.0057853335
0.005743827
0.0058033518
0.0057908017
0.0056825536
0.0057823556
0.005619867
0.005868428
0.0056224163
0.005855045
0.005710969
0.005606318
0.0056970557
0.00591196
0.0056987265
0.0055673686
0.005582693
0.005717408
0.005593698
0.0057675797
0.0056611476
0.0055132443
0.005483613
0.005418904
0.0054981937
0.005862952
0.005520606
0.005625523
0.005728543
0.0055618016
0.005933516
0.0055071753
0.005560316
0.005698648
0.0055607837
0.005561211
0.0054965313
0.0054773283
0.00555736
0.0054067145
0.0055628736
0.0055622654
0.005614103
0.0054037008
0.005494981
0.00562669
0.005610425
0.0054848613
0.0057968046
0.005541276
0.005549789
0.005509133
0.0056572566
0.0053751953
0.0054992083
0.005461966
0.0056679193
0.0057745306
0.0055213724
0.005455453
0.0054505705
0.005418695
0.0053872922
0.0052128276
0.005339311
0.0052334075
0.0053544217
0.0052146367
0.0053768223
0.0054052686
0.005543503
0.005675646
0.005320728
0.005430541
0.00520243
0.0051191538
0.0053902944
0.0051891254
0.005235954
0.005315347
0.0051421737
0.0054302
0.0052605453
0.0052689025
0.005396904
0.0052514323
0.005287345
0.005306168
0.0052442933
0.005440644
0.0052613704
0.0052011134
0.005223111
0.005332349
0.005438104
0.005242193
0.005247017
0.0052488246
0.005095994
0.0052453745
0.0050196326
0.005171456
0.0051811677
0.005099782
0.005115545
0.005318927
0.0050892755
0.0052535674
0.005317752
0.005377789
0.005193457
0.0051642493
0.0052641025
0.0055205603
0.0051348303
0.0056534526
0.0054858304
0.0051192734
0.005094918
0.005259095
0.0051793014
0.005288658
0.005183986
0.005096874
0.0055911336
0.005040051
0.0051264805
0.0051541463
0.0053380225
0.0052447985
0.005215043
0.005127992
0.005153738
0.0051601
0.0051074917
0.005425182
0.0050773667
0.005158497
0.0050622644
0.0051135737
0.0051568905
0.0050427048
0.005174436
0.005041003
0.0050280904
0.005088821
0.0051855166
0.0049501057
0.0048736474
0.00510916
0.005032283
0.004973676
0.004958163
0.0050784494
0.0049957884
0.0049596387
0.0049058134
0.00505903
0.004842733
0.0049987263
0.005031825
0.005079897
0.0049503148
0.005068287
0.004981884
0.005055675
0.004881529
0.0049300287
0.0048494986
0.0048824735
0.00487683
0.0050472505
0.004814505
0.0049613086
0.0048791324
0.004907504
0.004998405
0.0048361127
0.0049330993
0.0049642017
0.004823453
0.0050948868
0.0047429684
0.004977825
0.005019471
0.004958127
0.0049918056
0.004848065
0.0050964095
0.005033843
0.0048746467
0.00511868
0.005263203
0.0049333
0.005020741
0.004944841
0.0050321077
0.0049933605
0.0049904985
0.004839451
0.0050878944
0.00492384
0.004930942
0.0049631423
0.0049318154
0.0049050464
0.0051737824
0.0047571994
0.0048824116
0.00495584
0.004918645
0.0049460856
0.0047986526
0.0049235174
0.0048302105
0.004874779
0.004824766
0.0046849493
0.0047662044
0.004723852
0.0050515383
0.0047172555
0.0047605555
0.0048784497
0.004766792
0.004702196
0.0046646125
0.0047639753
0.0047460934
0.004670726
0.0048432187
0.004608956
0.004791465
0.0047603883
0.0047232443
0.0046641524
0.004562205
0.0046240715
0.0046630166
0.0047681183
0.004826602
0.0047457097
0.0046737515
0.004640705
0.004594311
0.0047822036
0.0047915075
0.0045948173
0.004663417
0.0047130007
0.0045651435
0.0047515146
0.0045685973
0.004574338
0.0047363453
0.0046311347
0.0046275584
0.00479383
0.004752846
0.0047734524
0.004761206
0.0046205246
0.004573224
0.0046388903
0.004713094
0.004593112
0.0047716885
0.00464423
0.00460713
0.004577722
0.004633842
0.004559633
0.004494858
0.004563649
0.0045901146
0.0045573534
0.004902677
0.004584229
0.004750613
0.0046116253
0.0044818637
0.004693302
0.0044470686
0.0045236475
0.0044849403
0.0046378504
0.004568127
0.0044944147
0.00441269
0.0045290273
0.0045215962
0.0045793145
0.00447724
0.004482287
0.004461708
0.004493703
0.0045201466
0.004441064
0.0044075414
0.0044452297
0.004536936
0.0045654136
0.004383456
0.004471976
0.0045079365
0.0044636
0.0044226525
0.004286974
0.004487349
0.00441598
0.0046290485
0.0043870695
0.0044618286
0.0044435384
0.0047220895
0.004429397
0.004395116
0.004423196
0.0046621696
0.0044034915
0.004422025
0.004466099
0.004457492
0.0043408824
0.004497761
0.0044355816
0.004485693
0.0044965046
0.004565815
0.004533213
0.004360213
0.004389504
0.004291221
0.004404711
0.0042997207
0.0043835123
0.0043268944
0.004453901
0.004371202
0.0043180375
0.004345658
0.0042612464
0.0043721506
0.004355981
0.004404548
0.004428879
0.0042770114
0.0043506236
0.0043345126
0.0045540757
0.0043060486
0.0043565086
0.0042297593
0.0042744875
0.0043431306
0.00442489
0.0043198825
0.0042451015
0.0043621864
0.0044190916
0.0042496445
0.0042656637
0.0043058656
0.0044185827
0.0042167325
0.0043233405
0.004268316
0.004456562
0.004444602
0.00416869
0.0043596528
0.0042848024
0.0042860755
0.004248597
0.0042387475
0.0044185487
0.004194495
0.0041813822
0.004428784
0.00431379
0.00420172
0.0042143823
0.0043906244
0.004391391
0.004270144
0.0041504675
0.004158134
0.004351711
0.0042871376
0.004120235
0.004209949
0.0042356863
0.0042459783
0.004235505
0.004182302
0.004220301
0.0041626077
0.0041830568
0.004324461
0.0043481896
0.004189014
0.0043704687
0.0043298574
0.0041591725
0.0041224933
0.0041424166
0.004296329
0.004280589
0.004201084
0.004294248
0.0040704496
0.0041386746
0.00424769
0.004194663
0.004207424
0.004073485
0.004097448
0.0041545383
0.0041056885
0.0041463575
0.004244743
0.004166962
0.004135171
0.004136866
0.0041498845
0.004246009
0.0042837295
0.0041702823
0.0041643833
0.0042337473
0.004236894
0.0041867117
0.0042404374
0.0040660393
0.004158107
0.004167464
0.004230927
0.0042576147
0.004209514
0.004166831
0.004193485
0.0042284667
0.004222254
0.0041400637
0.004146338
0.0040755747
0.0041313586
0.004202717
0.0040624496
0.004042148
0.004258425
0.004041605
0.0040399134
0.0041780197
0.004351646
0.0041846517
0.004103232
0.0039436263
0.004011852
0.0041428315
0.004075542
0.0041831885
0.0042570955
0.004106678
0.0039199046
0.0040775794
0.004057058
0.004132254
0.004199874
0.0040384643
0.004082337
0.004072919
0.004072138
0.0041806744
0.0042722276
0.0045152395
0.004075079
0.004221986
0.0040719435
0.004201185
0.004079751
0.00406442
0.004024859
0.0039702794
0.0040342812
0.0040889042
0.004066706
0.0043141
0.0042363633
0.0039972705
0.004080579
0.0039446256
0.0040496793
0.004077354
0.004330216
0.004147371
0.0039822664
0.004068847
0.004005022
0.0039982493
0.0039841095
0.0040999884
0.0040915743
0.0039384523
0.004053425
0.0040818336
0.003906343
0.003955223
0.00416465
0.0039357613
0.0039371443
0.0040576165
0.0038952348
0.0040019136
0.0039001089
0.004143193
0.0039056814
0.0039515733
0.0039968
0.0040681167
0.0045515555
0.003884228
0.004039043
0.00413017
0.003933278
0.0041523045
0.00400902
0.0039872583
0.0039826604
0.003949622
0.0038776437
0.0038512745
0.0039149676
0.003862923
0.003861988
0.0038642748
0.0038064728
0.0039086137
0.003958662
0.0040634116
0.003910439
0.0038904983
0.0038292818
0.0038797257
0.00395401
0.0038864305
0.0039551654
0.0038856284
0.003906744
0.0038537174
0.0038339503
0.0038722067
0.0042117564
0.0037361972
0.0040568346
0.0038572364
0.0038013265
0.0039588627
0.0038934366
0.0038378742
0.0038566194
0.003988943
0.004029121
0.0038171941
0.003796669
0.003939278
0.004083899
0.003907357
0.003807764
0.0038575572
0.003959795
0.0038014827
0.0038371978
0.003961942
0.003929737
0.0039613573
0.0038106553
0.0038228626
0.0039356425
0.0039054265
0.003722708
0.003972089
0.003906504
0.0037795107
0.0037583061
0.003871758
0.0037620524
0.0037220526
0.003895435
0.0037171463
0.0041747
0.0037651884
0.0038248498
0.0036129057
0.003807317
0.003730438
0.0039501674
0.00380371
0.0037895057
0.0037946114
0.0037937982
0.0037593306
0.0037252647
0.0038054662
0.0038541146
0.003925143
0.0037183473
0.00392594
0.0037679528
0.0037312682
0.0036996931
0.0037081519
0.0038337447
0.0037959039
0.0038384097
0.0038916809
0.0037732923
0.0038611607
0.0038175723
0.0037067584
0.0038258035
0.0037488593
0.003937215
0.0039410293
0.0036816227
0.0038774288
0.0037928382
0.0037247762
0.0038585935
0.003774922
0.0037652568
0.0038335125
0.0037843268
0.0037214719
0.0037366855
0.0037886372
0.003943623
0.003833542
0.004063306
0.0037355546
0.0037927327
0.0037558726
0.003919755
0.0036505917
0.0037680275
0.0037338573
0.0036414599
0.0038103478
0.0036794334
0.0037372133
0.003666395
0.003625557
0.003706557
0.0037370722
0.0036392403
0.0036435835
0.0036202676
0.003698516
0.0038063144
0.0037827184
0.003779356
0.0036888232
0.0037697225
0.0036903634
0.0036868292
0.0036593142
0.0036348582
0.0037206393
0.0036108666
0.0036861778
0.0035290134
0.0036236446
0.0036976845
0.0038063508
0.0035960907
0.0036367984
0.0038170358
0.0038388611
0.0036793072
0.0036801163
0.0036630607
0.0037045882
0.0036913517
0.0039302744
0.003620676
0.0037770416
0.0036059115
0.0038445408
0.003689962
0.0036255869
0.0036569128
0.0036542197
0.0035238683
0.0034843152
0.0035256136
0.0035866166
0.0037198227
0.0035815365
0.0036019078
0.0035588166
0.0035276355
0.0035333065
0.0035212345
0.0035243183
0.0036808492
0.0036638048
0.0036201254
0.0036860593
0.0037405984
0.003527502
0.0036846884
0.0037863222
0.0035581803
0.0034650802
0.003597925
0.0034595497
0.003552201
0.003565367
0.003509853
0.0034369333
0.0034970618
0.003507618
0.0034541956
0.0035668684
0.0035087578
0.0035730659
0.0034645877
0.0034970895
0.0036314235
0.0036645166
0.0035578837
0.003442861
0.0034040045
0.0035071499
0.003536496
0.0035267414
0.0035388686
0.0036938193
0.0037030622
0.0035433944
0.0036910966
0.0037544374
0.0035368889
0.0034947451
0.0036902113
0.0035574124
0.0034843595
0.003506435
0.003511568
0.003625978
0.0036222863
0.0034638774
0.003600075
0.003753149
0.0035349857
0.0034582643
0.0037918198
0.0034329162
0.003635311
0.0035246897
0.003592746
0.0034976127
0.003615248
0.003621842
0.0035445346
0.0036043632
0.003396376
0.0035396572
0.0035548508
0.0035311955
0.0036543563
0.0035306425
0.003647258
0.0035743655
0.0037490204
0.0035433953
0.003439263
0.003414498
0.0034494416
0.0035403303
0.0035713858
0.0035206135
0.0034342462
0.003487573
0.0036123104
0.0035740412
0.0036199759
0.003471655
0.0034733112
0.003496618
0.0034145142
0.0035047345
0.0035612066
0.0035317095
0.0033970037
0.003491279
0.0035312362
0.0033992568
0.003496744
0.0034521394
0.0033798816
0.0034385798
0.0034184516
0.0035482282
0.0034701012
0.0033214295
0.0033997628
0.0033965665
0.0033426296
0.0035345545
0.003328252
0.0034615714
0.0033608926
0.0033713044
0.0036706398
0.0034171457
0.0033311348
0.0033817294
0.0033274791
0.0033242838
0.0033547992
0.0035160321
0.0034057961
0.0033814283
0.003388913
0.0034718912
0.0035026441
0.0033973658
0.0033165896
0.0034815401
0.0033866323
0.0033964806
0.0032209554
0.0034915446
0.003359735
0.0034264438
0.0033282414
0.003385436
0.003486963
0.003324307
0.0033089204
0.003431733
0.0033737575
0.003456891
0.003291101
0.0033318126
0.00341094
0.0033626242
0.0032768238
0.003241953
0.0032669583
0.0032437232
0.0034355305
0.0036124757
0.0032208897
0.0032832443
0.0033227305
0.003375754
0.0034269076
0.0033435954
0.0032903966
0.003292534
0.0033306058
0.0033078648
0.00326325
0.0033750182
0.0033136075
0.0033172064
0.0033094066
0.0032890562
0.0033358124
0.0033136373
0.0034002769
0.0033245757
0.00331384
0.0032787248
0.003377907
0.0033205447
0.0033714327
0.0032941583
0.0033573492
0.00334283
0.0033548651
0.0032852276
0.0032714729
0.003264144
0.0032675038
0.0034060308
0.0033787517
0.0032750356
0.0032627364
0.0032409513
0.0032861172
0.003409365
0.0032611436
0.003333623
0.0033273478
0.0032492694
0.003194225
0.0031826631
0.0032433174
0.0032131586
0.0032451474
0.0033895276
0.0031782356
0.0032713178
0.0032484203
0.003336428
0.003433388
0.0032955308
0.0031353796
0.0031413618
0.0032455751
0.0032414238
0.0032294418
0.0032395981
0.0032186948
0.003400566
0.0032891128
0.0033402334
0.0033173186
0.00329692
0.0033038417
0.0033516355
0.0033586083
0.0032944814
0.0031505413
0.003326963
0.0032763996
0.0031426856
0.0032589028
0.0032878818
0.0035294797
0.0032863708
0.0033411738
0.0032014693
0.0031735268
0.003462948
0.0032646614
0.003307394
0.003388694
0.0033283075
0.0032216858
0.0032005229
0.0033080962
0.0031964085
0.0032786408
0.0031397045
0.003412554
0.0032447171
0.0032395062
0.0031992325
0.0032957725
0.0032062223
0.003140432
0.0031093734
0.0032974111
0.0032604048
0.003226078
0.0032073306
0.003353562
0.0031980427
0.0032568977
0.0033448576
0.0031526596
0.003165958
0.0031608462
0.0031225455
0.0033662035
0.0031868452
0.0032175297
0.0031473227
0.003239569
0.0032576206
0.0033357926
0.0032713518
0.003383854
0.0032370433
0.003243853
0.0034179972
0.003274327
0.0032309543
0.0032248693
0.0032549128
0.0033519631
0.0032505968
0.0031584997
0.0031414109
0.0031360758
0.0032144554
0.0032184229
0.0033615294
0.0031641796
0.0031830887
0.003212854
0.0031777227
0.003175361
0.0031253474
0.0031832866
0.00327619
0.0031007903
0.003081599
0.0032931215
0.0031175818
0.0030794041
0.0030896014
0.003157125
0.0031096095
0.0031847588
0.0032140992
0.0032133348
0.003124008
0.0031463616
0.003180529
0.0031211602
0.00309951
0.0031276245
0.003084368
0.003263549
0.0030969682
0.0031529046
0.0032626637
0.0033781992
0.0031924255
0.0031810505
0.0033192816
0.003162228
0.0031661703
0.0032138496
0.0031661603
0.0032403988
0.0032016095
0.0031850152
0.0031346842
0.0031224564
0.0031564538
0.0030406034
0.0031955796
0.0030430995
0.0031104693
0.002987453
0.0031050777
0.0030344478
0.0029438
0.0031058472
0.0030446688
0.0030261867
0.003038803
0.0032027422
0.0030300706
0.002995164
0.0030622182
0.0030821443
0.0030183122
0.0030701833
0.0031245328
0.003123958
0.0030943658
0.0030944862
0.003081058
0.0030281644
0.0030970718
0.0030067586
0.0031129338
0.003004266
0.0031764288
0.0031002355
0.0030579967
0.0031534415
0.0030203331
0.0031143676
0.003062988
0.0031075496
0.0031021247
0.0030352017
0.0030621523
0.0029904696
0.003060356
0.0029901667
0.0029677257
0.0030899183
0.003089271
0.003047482
0.0030293427
0.0030727487
0.003027849
0.0031911274
0.0030065917
0.0031663387
0.0030424823
0.003048831
0.00299501
0.0030131838
0.0030051968
0.0029841843
0.0031739187
0.0030222966
0.003084675
0.0029645609
0.0031782773
0.0030462719
0.0030975505
0.0029819105
0.0031725226
0.0032393858
0.003068162
0.0029750203
0.0029436985
0.0030547068
0.0030221108
0.003040922
0.0030471422
0.0029774238
0.0033514882
0.0030346366
0.0029994468
0.0030071826
0.0029936929
0.002892198
0.0031192733
0.0029770844
0.0029686678
0.0029317143
0.0029447617
0.0029555487
0.00304603
0.0029349213
0.003032932
0.0031431457
0.0030047998
0.0029407865
0.0029451598
0.0030189252
0.002935729
0.0029284968
0.003030704
0.002898606
0.0030858524
0.00299516
0.002936705
0.002928506
0.0029097798
0.0030359977
0.0029119719
0.002912404
0.0028993925
0.0033071644
0.002994738
0.002891672
0.0031505658
0.0029252027
0.0029453675
0.0029071365
0.0029008607
0.0028651562
0.0029155512
0.0029263133
0.0028788554
0.0028679732
0.0031159252
0.0029542695
0.0028999618
0.0029181857
0.0029421044
0.0029356577
0.002964031
0.0029007716
0.0029753784
0.0028875887
0.0029529552
0.0029078645