20 44.81 0.18 44.99 0.655 16 60 1.42 0.21 
40 41.99 0.45 42.44 0.698 23 113 2.04 0.4 
60 39.66 0.6 40.26 0.744 34 171 3.01 0.61 
80 38.32 0.82 39.14 0.777 44 230 3.9 0.82 
100 36.91 1.07 37.98 0.801 56 285 4.96 1.01 
120 36.01 1.28 37.29 0.825 67 356 5.94 1.26 
140 35.39 1.5 36.89 0.847 84 424 7.45 1.5 
160 34.74 1.72 36.47 0.859 100 492 8.87 1.74 
180 34.24 1.96 36.2 0.875 115 556 10.2 1.97 
200 33.77 2.2 35.97 0.886 132 627 11.7 2.22 
220 33.19 2.41 35.6 0.894 147 694 13.03 2.46 
240 33.2 2.64 35.83 0.902 162 765 14.36 2.71 
260 32.55 2.85 35.39 0.907 178 833 15.78 2.95 
280 32.14 3.07 35.21 0.914 190 887 16.84 3.15 
300 31.86 3.25 35.11 0.917 201 951 17.82 3.37 
320 31.37 3.46 34.84 0.922 213 1018 18.88 3.61 
340 31.22 3.65 34.87 0.927 228 1084 20.21 3.84 
360 30.63 3.84 34.47 0.93 243 1156 21.54 4.1 
380 30.33 4.02 34.35 0.936 257 1214 22.78 4.3 
400 30.06 4.23 34.28 0.936 270 1278 23.94 4.53 
420 29.77 4.43 34.2 0.939 288 1354 25.53 4.8 
440 29.67 4.66 34.34 0.941 301 1415 26.68 5.02 
460 29.26 4.87 34.13 0.943 314 1489 27.84 5.28 
480 29.04 5.05 34.09 0.947 327 1559 28.99 5.53 
500 28.71 5.22 33.93 0.949 340 1620 30.14 5.74 
520 28.42 5.4 33.82 0.948 352 1687 31.21 5.98 
540 28.14 5.59 33.73 0.949 362 1747 32.09 6.2 
560 27.71 5.77 33.49 0.95 370 1813 32.8 6.43 
