20 357.64 0.13 357.77 0.075 19 23 0.08 0.0 
40 355.18 0.48 355.66 0.134 38 52 0.15 0.0 
60 355.27 0.74 356.02 0.181 58 80 0.24 0.0 
80 354.36 1.1 355.46 0.236 78 111 0.32 0.0 
100 351.53 1.49 353.02 0.294 98 148 0.4 0.0 
120 350.12 1.74 351.86 0.342 117 180 0.48 0.0 
140 348.41 2.01 350.42 0.382 137 211 0.56 0.0 
160 348.02 2.13 350.15 0.431 156 246 0.64 0.0 
180 345.84 2.47 348.31 0.468 174 281 0.71 0.0 
200 345.12 2.62 347.74 0.513 193 316 0.79 0.0 
220 343.97 2.76 346.73 0.528 212 359 0.86 0.0 
240 341.83 2.88 344.71 0.556 229 399 0.93 0.0 
260 340.5 3.02 343.52 0.582 248 439 1.01 0.0 
280 339.98 3.08 343.06 0.592 266 477 1.08 0.0 
300 337.35 3.22 340.58 0.606 286 521 1.17 0.0 
320 336.75 3.22 339.97 0.624 304 569 1.24 0.01 
340 335.05 3.43 338.48 0.637 322 608 1.31 0.01 
360 333.23 3.57 336.8 0.644 340 653 1.39 0.01 
380 332.07 3.68 335.75 0.66 359 698 1.46 0.01 
400 332.14 3.88 336.02 0.668 375 740 1.53 0.01 
420 329.89 4.09 333.98 0.68 391 782 1.59 0.01 
440 329.23 3.93 333.17 0.696 408 823 1.66 0.01 
460 328.9 4.06 332.95 0.704 421 865 1.72 0.01 
480 327.42 4.1 331.52 0.71 439 910 1.79 0.01 
500 326.07 4.06 330.13 0.719 455 958 1.85 0.01 
520 324.85 4.05 328.9 0.726 472 1002 1.92 0.01 
540 324.17 4.0 328.17 0.735 487 1056 1.99 0.01 
560 322.94 4.0 326.95 0.743 504 1102 2.05 0.01 
580 322.28 4.05 326.33 0.745 518 1146 2.11 0.01 
600 322.5 4.14 326.64 0.753 533 1187 2.17 0.01 
620 321.26 4.37 325.62 0.76 547 1232 2.23 0.01 
640 320.31 4.37 324.68 0.768 563 1278 2.3 0.01 
660 319.56 4.53 324.09 0.775 581 1323 2.37 0.01 
680 319.47 4.5 323.97 0.779 595 1372 2.43 0.01 
700 319.03 4.63 323.65 0.783 608 1420 2.48 0.01 
720 318.8 4.73 323.53 0.789 622 1468 2.54 0.01 
740 317.37 4.71 322.08 0.791 635 1521 2.59 0.01 
760 318.09 4.72 322.82 0.796 651 1566 2.65 0.01 
780 317.56 4.87 322.43 0.798 666 1606 2.71 0.01 
800 316.39 4.91 321.31 0.8 680 1658 2.77 0.02 
820 315.82 5.08 320.9 0.805 692 1700 2.82 0.02 
840 314.84 5.3 320.14 0.81 709 1751 2.89 0.02 
860 314.19 5.3 319.49 0.815 726 1798 2.96 0.02 
880 313.9 5.43 319.33 0.819 742 1853 3.02 0.02 
900 313.29 5.31 318.6 0.821 757 1911 3.09 0.02 
920 313.08 5.38 318.46 0.822 772 1965 3.15 0.02 
940 312.28 5.37 317.65 0.826 789 2016 3.22 0.02 
960 312.43 5.47 317.9 0.829 803 2066 3.27 0.02 
980 311.24 5.6 316.84 0.833 818 2113 3.33 0.02 
1000 311.0 5.68 316.68 0.833 832 2164 3.39 0.02 
1020 310.54 5.85 316.39 0.837 846 2218 3.45 0.02 
1040 308.86 5.86 314.71 0.84 860 2270 3.51 0.02 
1060 309.2 5.85 315.04 0.842 873 2326 3.56 0.02 
1080 308.76 5.89 314.65 0.842 889 2375 3.62 0.02 
1100 307.7 6.0 313.7 0.846 901 2426 3.67 0.02 
1120 308.26 6.06 314.32 0.848 913 2488 3.72 0.02 
1140 306.58 6.21 312.79 0.848 927 2539 3.78 0.02 
1160 307.84 6.29 314.13 0.85 938 2582 3.82 0.02 
1180 307.09 6.46 313.56 0.853 951 2635 3.88 0.02 
1200 305.85 6.63 312.48 0.855 967 2683 3.94 0.02 
1220 305.43 6.7 312.13 0.857 983 2743 4.01 0.03 
1240 305.01 6.64 311.65 0.855 998 2803 4.07 0.03 
1260 304.42 6.63 311.05 0.86 1010 2863 4.12 0.03 
1280 303.85 6.7 310.55 0.861 1023 2923 4.17 0.03 
1300 304.01 6.74 310.75 0.861 1036 2979 4.22 0.03 
1320 302.68 6.84 309.52 0.864 1051 3038 4.28 0.03 
1340 302.39 6.82 309.21 0.864 1066 3091 4.35 0.03 
1360 301.89 6.96 308.85 0.868 1076 3139 4.39 0.03 
1380 301.16 6.93 308.09 0.869 1093 3195 4.46 0.03 
1400 300.77 6.94 307.71 0.869 1104 3250 4.5 0.03 
1420 300.73 7.09 307.82 0.872 1119 3312 4.56 0.03 
1440 300.31 7.21 307.52 0.874 1130 3378 4.61 0.03 
1460 299.02 7.27 306.29 0.873 1145 3435 4.67 0.03 
1480 298.86 7.15 306.01 0.875 1158 3496 4.72 0.03 
1500 298.78 7.17 305.95 0.877 1173 3548 4.78 0.03 
1520 297.54 7.16 304.7 0.877 1186 3617 4.83 0.03 
1540 297.96 7.16 305.11 0.879 1196 3681 4.88 0.03 
1560 297.26 7.25 304.51 0.881 1211 3736 4.94 0.03 
1580 296.99 7.26 304.25 0.881 1222 3801 4.98 0.04 
1600 296.35 7.19 303.54 0.884 1232 3857 5.02 0.04 
1620 295.95 7.34 303.28 0.883 1247 3913 5.08 0.04 
1640 294.9 7.37 302.27 0.885 1262 3980 5.14 0.04 
1660 294.9 7.51 302.41 0.885 1276 4039 5.2 0.04 
1680 294.44 7.48 301.92 0.887 1292 4094 5.27 0.04 
1700 294.27 7.45 301.72 0.888 1304 4166 5.32 0.04 
1720 293.97 7.47 301.44 0.889 1317 4232 5.37 0.04 
1740 293.54 7.61 301.15 0.89 1332 4287 5.43 0.04 
1760 293.65 7.51 301.16 0.892 1344 4352 5.48 0.04 
1780 292.87 7.71 300.57 0.892 1353 4418 5.52 0.04 
1800 292.2 7.7 299.9 0.894 1367 4481 5.57 0.04 
1820 292.5 7.75 300.26 0.895 1380 4544 5.63 0.04 
1840 292.33 7.84 300.18 0.895 1395 4597 5.69 0.04 
1860 291.37 7.78 299.15 0.897 1410 4662 5.75 0.04 
1880 291.52 7.62 299.14 0.896 1423 4721 5.8 0.04 
1900 291.28 7.72 299.0 0.897 1437 4791 5.86 0.04 
1920 290.61 7.72 298.33 0.899 1452 4854 5.92 0.04 
1940 290.68 7.72 298.41 0.899 1467 4923 5.98 0.05 
1960 290.28 7.72 298.0 0.899 1482 4999 6.04 0.05 
1980 289.72 7.8 297.53 0.901 1494 5064 6.09 0.05 
