
0.0390559
0.034944206
0.03643152
0.035030767
0.033866987
0.037030842
0.03415332
0.035234984
0.032222714
0.032707535
0.033094093
0.032715026
0.032752283
0.03140757
0.029674457
0.03030088
0.030938793
0.030070573
0.02881409
0.027969627
0.02791371
0.028211962
0.027168727
0.027690433
0.026619343
0.028029127
0.026792586
0.027299928
0.026465844
0.026528087
0.026419563
0.025810037
0.02603443
0.026913764
0.025929134
0.025934346
0.025559595
0.025286917
0.024197422
0.024735311
0.025199749
0.024394866
0.024477892
0.023080159
0.023870995
0.024213998
0.023022257
0.022785388
0.022869838
0.022952229
0.023895456
0.023301769
0.023014314
0.022496933
0.024393428
0.022538343
0.021950094
0.02186613
0.022093229
0.022731861
0.021738628
0.021367617
0.022248395
0.021780413
0.021494262
0.022949042
0.020884091
0.021137489
0.021328479
0.021098385
0.021008303
0.020814262
0.020415979
0.021121146
0.02094123
0.024687978
0.020163622
0.019946804
0.02117876
0.021683397
0.02088114
0.02079964
0.020627234
0.022828374
0.020926584
0.020705534
0.022771062
0.020318896
0.019818181
0.019820709
0.019209385
0.019265274
0.01906596
0.018776597
0.018954724
0.019142393
0.019021865
0.01886882
0.021649363
0.018807312
0.018857572
0.018445773
0.018145498
0.019387811
0.018336078
0.01905096
0.018588692
0.018708963
0.019073408
0.017809855
0.01820928
0.018178802
0.017441586
0.018727167
0.018288217
0.0179023
0.01858375
0.017666278
0.017634496
0.01716477
0.018246155
0.017178401
0.017542202
0.01742277
0.017812312
0.017063051
0.017114514
0.017078454
0.017407244
0.017088968
0.016898805
0.016764406
0.01675819
0.017351395
0.016063724
0.01616088
0.016750535
0.016432894
0.01686621
0.016656518
0.01649718
0.015763799
0.016536746
0.016107187
0.016104806
0.016108504
0.015815845
0.01598952
0.015858363
0.015990432
0.016102474
0.01569996
0.017257368
0.016006421
0.015859647
0.016581804
0.015859615
0.01580894
0.015748482
0.015784863
0.015496634
0.015503827
0.015125931
0.015424104
0.015373608
0.015457196
0.015060034
0.015285434
0.01545197
0.015075815
0.014931248
0.014914932
0.014979285
0.014865192
0.015137073
0.0149873495
0.014815876
0.01475504
0.014989583
0.015046913
0.014657165
0.014486754
0.0151410755
0.015109387
0.015199101
0.01489694
0.014906167
0.015497476
0.014391002
0.014102134
0.014479814
0.014716592
0.015143118
0.0144689465
0.014491902
0.014508597
0.0141712725
0.014371376
0.014239936
0.013960187
0.01407898
0.014333356
0.014272488
0.01419711
0.014365924
0.013879939
0.013947662
0.0136033585
0.013784827
0.013939415
0.0137089575
0.013667662
0.013361251
0.013842388
0.013846298
0.0138621675
0.01331291
0.013544618
0.013696674
0.013409291
0.013340902
0.0136812115
0.013160959
0.013134811
0.013385862
0.013404039
0.013261841
0.013424975
0.013114278
0.012589207
0.012845835
0.012985043
0.013015408
0.012865253
0.01308713
0.012797547
0.012428024
0.012788594
0.012818618
0.012819403
0.012299048
0.012480672
0.012382225
0.01247795
0.012682284
0.012620377
0.012447042
0.012206411
0.012292776
0.012359339
0.0125717735
0.012733803
0.012475294
0.012688413
0.012657614
0.011988743
0.01265204
0.011992737
0.012245085
0.012532508
0.012204363
0.012301886
0.01200893
0.011864817
0.011717931
0.012083224
0.012461525
0.012052266
0.012179416
0.011922212
0.012170222
0.012082726
0.0118204085
0.011849743
0.011765456
0.011708217
0.011801823
0.011726952
0.011843202
0.011993515
0.011764813
0.0117742885
0.011838402
0.011979693
0.011531803
0.011383989
0.011752894
0.011328312
0.011497808
0.011810363
0.0117035275
0.01120143
0.0114005245
0.011602854
0.012033773
0.011137454
0.011189365
0.01148514
0.011772363
0.011872647
0.0115236575
0.011221548
0.011564831
0.011722285
0.0112286005
0.011034697
0.011069063
0.011049275
0.010657374
0.010761756
0.010869892
0.010942066
0.010587612
0.010854843
0.011017246
0.010978258
0.010905183
0.010595861
0.010695362
0.010859827
0.010819245
0.010874393
0.011493976
0.0106442785
0.010717993
0.0104727745
0.010412755
0.01073861
0.010431966
0.010801904
0.011307908
0.010326528
0.01045346
0.010965795
0.011149295
0.01062062
0.010845643
0.010698238
0.011048344
0.010160315
0.0106066745
0.010281194
0.010485765
0.01009317
0.010002378
0.010185873
0.010685394
0.010210514
0.010255414
0.010167033
0.01010836
0.010469193
0.010029505
0.010142965
0.010142632
0.010256965
0.010222059
0.009940729
0.010202893
0.009882567
0.010144785
0.010196621
0.009848985
0.010129006
0.0107817175
0.009990837
0.0099240765
0.010337389
0.009902912
0.009945345
0.00998941
0.010013639
0.009718914
0.009853
0.009774145
0.009723646
0.00982024
0.009951454
0.010011431
0.010171844
0.009771995
0.009902451
0.009737849
0.009877627
0.01005259
0.009844325
0.01019254
0.00977299
0.00961264
0.009645511
0.009598494
0.009687225
0.009750201
0.009624111
0.009622642
0.009509371
0.009579551
0.009409282
0.009366557
0.009458173
0.009463926
0.009378561
0.009360513
0.0094638495
0.009458208
0.009144463
0.009171525
0.009685244
0.009449969
0.009232244
0.009264589
0.009503245
0.009171745
0.009300241
0.0091606155
0.009545384
0.009473678
0.009426646
0.00957818
0.009420569
0.0091424
0.009505321
0.009235458
0.008940456
0.009226573
0.00938629
0.008921914
0.009643412
0.009114079
0.009159388
0.009049691
0.009149597
0.009201652
0.009208398
0.0088636605
0.009952707
0.009123533
0.009110878
0.00882904
0.009126444
0.008982547
0.008842589
0.008905377
0.008943028
0.008854177
0.008835143
0.008825739
0.008824636
0.008739718
0.008913857
0.009705969
0.0087203095
0.008846913
0.0089760125
0.008699304
0.008919383
0.009029316
0.008727404
0.008790574
0.00881389
0.008621359
0.008492872
0.008815116
0.0086856205
0.008911648
0.008665161
0.00861519
0.0083995415
0.008811252
0.00832199
0.008551902
0.008528509
0.008922321
0.00846918
0.008586551
0.008765094
0.008608734
0.008843108
0.008752746
0.008403111
0.008572803
0.008788008
0.0083369585
0.008383959
0.008693407
0.008363253
0.008587444
0.008341009
0.008378394
0.008658733
0.008339037
0.0083587915
0.00824134
0.008140493
0.008383817
0.008626193
0.008075782
0.008658146
0.008082795
0.008106152
0.008205429
0.008013001
0.0081221685
0.008165305
0.00807337
0.008154355
0.007998002
0.007682366
0.007820939
0.007738975
0.007884587
0.008358458
0.008048204
0.007827978
0.00787153
0.0075574503
0.0077770725
0.0076326313
0.007694766
0.0078055174
0.007771072
0.007461447
0.007595159
0.008003067
0.007956397
0.0077530732
0.008096735
0.008218917
0.00789727
0.007592211
0.0076542674
0.0076547465
0.0075712623
0.007751115
0.007948269
0.007817056
0.00785592
0.0076200916
0.007669443
0.007809739
0.007874885
0.007683566
0.0076540415
0.007625
0.0074070594
0.0074764355
0.007493076
0.008010226
0.00812539
0.0076678107
0.0076165497
0.0077304794
0.007446245
0.007440588
0.0073524187
0.0072765294
0.007463866
0.007561028
0.0072988234
0.00749143
0.007030237
0.007150895
0.007373896
0.007436655
0.0073513296
0.007237678
0.0072002984
0.0075634876
0.007419887
0.0073687364
0.0072807157
0.007380506
0.0073395176
0.0073212087
0.007230063
0.0072794496
0.007259694
0.007222167
0.007121886
0.0075433496
0.0071149757
0.007250076
0.0071747536
0.007441359
0.007210447
0.0072381645
0.00712066
0.007134672
0.00720174
0.007063407
0.007017425
0.0072061084
0.007056468
0.0071033845
0.007111497
0.006896132
0.007236543
0.007105984
0.0070709456
0.00734055
0.0070913965
0.0071546785
0.0071969675
0.0069783595
0.0069251936
0.006920546
0.0071855667
0.006906972
0.007175875
0.006848951
0.0068171932
0.0070417305
0.0068531563
0.006973266
0.0069005187
0.0070557287
0.0068724966
0.00680226
0.0068728453
0.006982825
0.0069128657
0.006946264
0.0068855314
0.006775658
0.006991761
0.006976069
0.0068602115
0.0067227827
0.0068083405
0.0067152637
0.006793825
0.0070454576
0.0068994616
0.006877753
0.0068790903
0.0066095656
0.0071181008
0.006665884
0.006846788
0.0066398135
0.0065104906
0.0068638762
0.0068031186
0.006649773
0.0067842547
0.0065928004
0.0066964547
0.0071447925
0.0066715535
0.0067692758
0.006660567
0.006711557
0.006622209
0.0069554173
0.0068032173
0.0067201606
0.006699859
0.0065597454
0.00667043
0.006621867
0.007814964
0.0065815235
0.006421071
0.0066209086
0.006704327
0.0067759235
0.006658332
0.0066603166
0.006613654
0.0065210783
0.0065948246
0.0067104306
0.0066211717
0.006474315
0.0066051623
0.006425203
0.006534109
0.006411321
0.0065336428
0.0064040995
0.006327305
0.006405063
0.0064124996
0.00629085
0.0064348425
0.00630225
0.0063731587
0.006424479
0.0062491787
0.006368578
0.0064649642
0.0064307977
0.0065753344
0.0063040685
0.006267779
0.0062198476
0.0063147596
0.0063709714
0.0063182474
0.0062019923
0.006335177
0.0062198564
0.006406488
0.0063988175
0.00601833
0.0062978114
0.0061533414
0.0061373077
0.0065578334
0.0060158395
0.006037006
0.006071248
0.0061527
0.0062044715
0.006289992
0.0061688344
0.0060580075
0.00614725
0.006063883
0.0062301094
0.0060170414
0.0062889005
0.0062132357
0.0060359254
0.005996976
0.006020113
0.0064213243
0.0060094055
0.006113841
0.006212702
0.006121732
0.006011257
0.0062091392
0.006192474
0.006241942
0.0058653536
0.0059130876
0.0059801037
0.006052518
0.006214811
0.005965196
0.005838175
0.006069127
0.0058811493
0.005996922
0.005952173
0.005973891
0.0061219353
0.0060487264
0.006145198
0.006045531
0.0062550725
0.006177323
0.0060757822
0.0062323557
0.0062433393
0.00599947
0.005963722
0.0059093777
0.0057268767
0.0060127047
0.0061379853
0.0059622317
0.0060605677
0.0059627253
0.00592245
0.0059363814
0.0059743333
0.0059865317
0.0058964
0.005898621
0.006336073
0.005897516
0.00584178
0.005911719
0.0059091505
0.0061623715
0.005877063
0.0060579227
0.005835909
0.005993096
0.005808261
0.005867606
0.005926127
0.0058240457
0.005647705
0.0057321857
0.0059620114
0.0057570264
0.005752147
0.00573141
0.005736489
0.005792771
0.005738102
0.006063503
0.0057719387
0.0057055014
0.005731746
0.006095481
0.00561934
0.006071155
0.0062372657
0.0056199217
0.0057988944
0.0057744063
0.0057849223
0.0058330777
0.005829934
0.0056729945
0.006037171
0.0055755097
0.0056383098
0.005892693
0.005669427
0.0055711595
0.0055772723
0.005576419
0.006090777
0.0056282426
0.0056470493
0.005763858
0.0055987206
0.0055265273
0.005566603
0.0056726453
0.005489435
0.0056300466
0.0055363546
0.0061084325
0.0058275852
0.005653119
0.0056278664
0.0055783056
0.0055559417
0.0056914696
0.0054961336
0.00545938
0.005727122
0.0055075493
0.005535202
0.0054875114
0.005488398
0.0055994475
0.0053824787
0.0054582832
0.005364132
0.005422905
0.005225144
0.0055090194
0.0053299484
0.0053978553
0.005307003
0.0053885337
0.0053506587
0.0056622443
0.005473775
0.005273866
0.0055469694
0.005390736
0.0053345114
0.0054766876
0.0053909705
0.0053219832
0.00534295
0.0053939517
0.0052684112
0.0054852543
0.0055663334
0.0054342165
0.0053889947
0.0054526506
0.0055234553
0.005424821
0.0056054406
0.0055681122
0.0053446004
0.005299139
0.005304612
0.0051800646
0.0054911096
0.0053159655
0.0054869466
0.0053533786
0.005332509
0.0052879807
0.0053861123
0.0051629525
0.0052360906
0.005293195
0.0052165077
0.0054764873
0.005185141
0.0053862147
0.0053793387
0.005157514
0.005352741
0.005435791
0.005063334
0.005140578
0.005042809
0.0052524894
0.005485138
0.0051178806
0.005216482
0.005159564
0.005618897
0.005020108
0.005322612
0.005266199
0.0052560274
0.005143707
0.0053481045
0.0054145656
0.0052808523
0.0051488574
0.0051489994
0.0053540934
0.0052654524
0.005117074
0.0051926416
0.005175449
0.0052904133
0.0054409266
0.0051790215
0.0051064226
0.0050566294
0.005164788
0.0052140527
0.0052968087
0.004988788
0.005120404
0.0050468347
0.0054597543
0.005203377
0.0051234635
0.005138335
0.005155384
0.0052867527
0.0051419446
0.005235177
0.005098904
0.005075164
0.0050736642
0.005133927
0.0049902336
0.005062225
0.005013382
0.005207504
0.0050413287
0.0051143263
0.0050523942
0.0051365537
0.005045348
0.005309242
0.0051627937
0.005172821
0.0051620584
0.0050060293
0.0050613647
0.0049910713
0.005023166
0.005189797
0.0049601654
0.005000471
0.0051115644
0.0049996777
0.0050312374
0.0049551204
0.0048870747
0.004916397
0.005107571
0.0047914446
0.0051163114
0.0050050872
0.004985183
0.0048870877
0.0049537676
0.0051556146
0.0050600604
0.0051074387
0.005061569
0.0048337597
0.004951882
0.0049656234
0.0049692215
0.0047674146
0.0051726154
0.0049386774
0.004999531
0.00502495
0.004962018
0.005151939
0.0048160655
0.004907303
0.0048629907
0.005051303
0.004830052
0.005033727
0.0047078603
0.0049335454
0.0048883543
0.00506168
0.0049412525
0.005033821
0.0048241396
0.0048219063
0.0047870884
0.0047623203
0.0048007783
0.0047297003
0.004765832
0.004954529
0.0047594737
0.0047650677
0.0049987417
0.0047540655
0.0048036985
0.0049582706
0.004831172
0.0048417
0.004816105
0.004668051
0.004805795
0.0047683106
0.0050156433
0.004774107
0.0047666663
0.00476452
0.0046931677
0.0046392013
0.004741403
0.004669107
0.004726402
0.004997539
0.004755616
0.0046423534
0.0047331313
0.004952663
0.004909108
0.0047452333
0.004760422
0.004617932
0.004818088
0.0047038714
0.004784497
0.004617829
0.0047419495
0.004689451
0.0047486015
0.0047426913
0.0046723844
0.0046654814
0.0047169877
0.004465253
0.0046693888
0.0047111167
0.004731034
0.0044976072
0.004510305
0.0046607675
0.0047098654
0.0045000985
0.004563929
0.004583617
0.00492106
0.004581094
0.0046357624
0.00487897
0.0048077023
0.0046606357
0.004457306
0.004585844
0.004706135
0.0045501343
0.00456959
0.0045908717
0.0046345084
0.0045495746
0.0046104128
0.0047719995
0.0046416335
0.004603135
0.0045895283
0.004656308
0.0045639337
0.0045522023
0.004485535
0.0046236566
0.0047496366
0.0045552007
0.004435431
0.0043831966
0.004435912
0.004534835
0.004550897
0.004509961
0.0044425344
0.0045437673
0.004542667
0.004484556
0.0043932423
0.0045724935
0.0046711913
0.0045723123
0.004472306
0.0046859467
0.0045064846
0.0044745533
0.0045553125
0.0044145007
0.004455162
0.00447678
0.0044297744
0.0043362067
0.004297598
0.0045533706
0.00440149
0.004607616
0.0045687295
0.0044661327
0.0046885367
0.004444662
0.004606336
0.004498681
0.0044773635
0.004447133
0.0044398606
0.0045097508
0.0043524667
0.004306911
0.004347422
0.0044866316
0.0044819494
0.0044098245
0.004390747
0.004348639
0.0043413895
0.0043716226
0.0042883283
0.004315083
0.0045665577
0.004440605
0.004367965
0.004435971
0.0044701244
0.004472849
0.0044048405
0.004432498
0.0044751237
0.00454133
0.004494531
0.004538639
0.0045447117
0.004381836
0.004619211
0.004396311
0.0044167903
0.004444523
0.0043697804
0.004357314
0.0043362337
0.00436814
0.0043421183
0.0043456433
0.0044100643
0.004352183
0.0042725205
0.0043270616
0.004501889
0.0044686575
0.0042684195
0.0042455834
0.004509808
0.004322243
0.0043722154
0.004548141
0.004395524
0.0045526703
0.004339222
0.0044274176
0.0045365607
0.004303972
0.004236843
0.0043167598
0.004343978
0.004407121
0.0041917115
0.0043081525
0.004220595
0.004291876
0.0041540307
0.004233644
0.004579494
0.004407224
0.0042502875
0.004176389
0.004437135
0.004299149
0.004206732
0.004282709
0.0042594764
0.0041024946
0.004063368
0.0042523458
0.0043526655
0.004237052
0.0041762134
0.004154593
0.0041275984
0.0041114762
0.004286642
0.0042537116
0.0042156167
0.0041213483
0.0041769105
0.004611762
0.004349445
0.004092808
0.0042238855
0.0041108783
0.0042444994
0.0041063204
0.0042405594
0.0043688845
0.0042005
0.004157237
0.0041748183
0.004239213
0.00417755
0.004016961
0.0041772667
0.0040666163
0.004125078
0.004280482
0.00417497
0.004161223
0.004159547
0.004180408
0.0043869405
0.004114234
0.00424298
0.0040992573
0.004310647
0.0042943275
0.0042087683
0.0041716658
0.0041610873
0.00410185
0.004131489
0.0040962137
0.004083012
0.0040133656
0.004054847
0.0041063344
0.0040985732
0.003992303
0.0040299855
0.0040774583
0.00419992
0.00410762
0.004062294
0.004086821
0.0041273246
0.0040602786
0.004122471
0.0040667425
0.0039184145
0.003998637
0.004060464
0.003950797
0.0039923997
0.0040225247
0.00407844
0.0040063807
0.0040756245
0.004079031
0.0040279785
0.0040107383
0.004144927
0.0039851223
0.0039495714
0.0040789517
0.0039167074
0.004129014
0.004097115
0.0040525435
0.004049433
0.0039338074
0.0040679523
0.003858372
0.004058544
0.004085262
0.004071411
0.004027576
0.004117673
0.0040666745
0.0038959095
0.0040587117
0.0042030783
0.0039344635
0.0040855072
0.004079903
0.0040272027
0.00396438
0.0041283476
0.0039587705
0.0039598984
0.0040208455
0.004073478
0.003974862
0.0041085253
0.00404346
0.0039714547
0.0039538974
0.0040652785
0.003934199
0.0039031245
0.0039750193
0.0039633475
0.0039521162
0.003937442
0.003935718
0.003931327
0.004025309
0.0038706986
0.004099158
0.0040746764
0.00393933
0.0040385947
0.003926673
0.003917438
0.003935681
0.0039455374
0.003898903
0.0040104603
0.003987536
0.003960243
0.003805069
0.003801166
0.0038852298
0.0038728449
0.003955568
0.003875835
0.003872009
0.0039179698
0.0038566245
0.0037397791
0.00383484
0.0040129134
0.0038443292
0.004663272
0.0038020748
0.0037251455
0.0039343135
0.003963537
0.0039413334
0.0038072618
0.0037615683
0.0038795653
0.0038837437
0.0038827278
0.0038058078
0.003777752
0.003790662
0.0039764275
0.0038823213
0.0038640874
0.0038844093
0.0038609568
0.0038624203
0.004045423
0.0039471644
0.004132642
0.0038853132
0.0037867334
0.003918989
0.0037884081
0.0038643144
0.0039391383
0.0038147864
0.0037497454
0.0038155885
0.003809469
0.0037007255
0.003935538
0.003937133
0.0036948388
0.0038595235
0.0037638037
0.0038313654
0.0037566214
0.0037985248
0.004157414
0.0037501385
0.0038125203
0.0038736234
0.003952824
0.0037841457
0.003739765
0.0038192878
0.0038181713
0.003730563
0.0037005504
0.003749144
0.0037449049
0.003837267
0.0037591734
0.0037515708
0.0037828519
0.0042417473
0.0037056056
0.0038679277
0.0036069923
0.0038129343
0.0037100974
0.0036955946
0.0038158877
0.003743896
0.0036928963
0.0038683205
0.003867197
0.0037605136
0.0039429613
0.0037412345
0.0036434273
0.0037364636
0.0037662326
0.0036800958
0.003862577
0.0038019475
0.0038972658
0.0036722468
0.003712591
0.0036020565
0.0037002268
0.0037499839
0.0037511531
0.0038230377
0.0037183303
0.0036972654
0.0038649132
0.0036808853
0.0038152665
0.0037359844
0.0037012554
0.0035908779
0.003665614
0.0036587266
0.0037465259
0.0036602085
0.0036620165
0.0037640468
0.0036191347
0.0037549648
0.0037551187
0.0036513752
0.003564832
0.0037203878
0.0036049255
0.0038120884
0.0037892575
0.0038596645
0.003524015
0.0035524804
0.0037705016
0.0036556376
0.0036920463
0.0037631264
0.0035267763
0.003551113
0.0036015024
0.003596829
0.0037095807
0.003583344
0.0036409213
0.0036516387
0.0036607357
0.003752413
0.003635329
0.003551845
0.0036318263
0.0035977382
0.0035826203
0.0036396417
0.0036385022
0.0037434406
0.0037579678
0.003828314
0.0036040435
0.0034630504
0.0037137317
0.0036068116
0.0036886348
0.00361555
0.0036198797
0.0038932823
0.0037329101
0.0037304156
0.0036763083
0.0036499281
0.0037379293
0.003542653
0.003562554
0.003572634
0.0035509942
0.0035187835
0.0035147236
0.0034738656
0.0036908204
0.0035593421
0.0035094502
0.0035613016
0.003517089
0.0035289368
0.0034391782
0.003522546
0.0036726252
0.0035815646
0.0037124082
0.0036392303
0.0035554199
0.0036122932
0.0036485805
0.0036398838
0.0035965284
0.0034867038
0.0035409557
0.003588565
0.0035490969
0.0034784763
0.0034498263
0.003450939
0.0035881484
0.00353856
0.0035482517
0.003602583
0.0036241852
0.0034862382
0.0036001543
0.0034231574
0.0035563176
0.0034349118
0.0034988425
0.003518761
0.003633666
0.003691713
0.0035790827
0.0035505418
0.0034816875
0.003449239
0.0036459183
0.0034175795
0.003552422
0.0035206524
0.0035233614
0.0034739613
0.0035150237
0.003571102
0.0034480095
0.0034651868
0.003634045
0.0035955207
0.0034785129
0.0034572985
0.0036295464
0.0033881175
0.0035354479
0.0034518063
0.003435536
0.0033494388
0.0034057915
0.0034010857
0.003415256
0.003440476
0.003579807
0.003343173
0.0033874025
0.0035180864
0.0033540253
0.003422551
0.0034211294
0.003393367
0.0033738262
0.0034843578
0.00337074
0.003479422
0.0035388386
0.0035197358
0.0035411099
0.0033822227
0.003469979
0.0033443638
0.0035000518
0.0033912952
0.0035141823
0.0034023628
0.0034844768
0.0034735003
0.0033911262
0.0034300291
0.0033242996
0.003436841
0.003662086
0.0034304217
0.003454837
0.0033356035
0.0033554803
0.0033347805
0.003348583
0.0033863124
0.0034784353
0.003338415
0.0035811125
0.003308741
0.0035447571
0.0033078059
0.0034020536
0.0034063957
0.0033809447
0.003427203
0.0033944023
0.0033374375
0.0032730433
0.0033128858
0.0034097368
0.0036685127
0.003405481
0.0034574252
0.0033160353
0.003287575
0.0032774194
0.00330014
0.0033592195
0.0032896807
0.0032322498
0.003284133
0.0032290276
0.0034378965
0.003321098
0.0033866465
0.0035496324
0.0034581874
0.0035786985
0.0033656592
0.003360646
0.0033535473
0.0034560827
0.0033117926
0.0033196325
0.0032976058
0.0034159506
0.0033341218
0.0033243054
0.0033603597
0.003301964
0.0034648182
0.0033763628
0.0034076597
0.0033441533
0.0034307472
0.00337461
0.0032612702
0.0032967338
0.0033303637
0.0035111867
0.003303138
0.0034035698
0.0034751787
0.0033534672
0.0032753376
0.0036068205
0.0032774413
0.0034818528
0.0032435257
0.0035069701
0.0033045048
0.0032214867
0.0032818224
0.0032417986
0.0034391978
0.0033517596
0.0032752824
0.0033219284
0.0032381879
0.0032325473
0.003318549
0.0033159237
0.0034606776
0.0031963876
0.0032493235
0.0033087146
0.0032865864
0.0034385973
0.0033830458
0.0032804543
0.0032237642
0.0033813987
0.0032703006
0.0032264397
0.0032554944
0.003303575
0.0033425875
0.0032574385
0.0033334275
0.0032044067
0.003537416
0.003494149
0.003270977
0.0032024295
0.0032320032
0.0034399296
0.003255428
0.0032400098
0.0033240176
0.0032538977
0.0032467982
0.003130888
0.0031642406
0.0032316116
0.0031941338
0.0032295438
0.0034381126
0.0031836254
0.0032460797
0.0033538595
0.0032418747
0.003224183
0.0032298283
0.0033732697
0.0034666057
0.0035104821
0.0035002874
0.003274169
0.0032820702
0.0034964625
0.003292898
0.0032183963
0.0033040293
0.0032171926
0.0031887977
0.0032330782
0.0032877
0.0032366128
0.0031306013
0.0031917868
0.003185249
0.0031409212
0.0032378812
0.003259401
0.0032579382
0.0032214716
0.003163884
0.0031349913
0.0031969002
0.0032008963
0.0030921698
0.003166638
0.0031691547
0.0031883365
0.0031225737
0.0031205076
0.0032503542
0.003181234
0.0031959163
0.0032505202
0.0031997727
0.003205608
0.0032719553
0.0032517172
0.0031672313
0.0033956768
0.0031710218
0.0030845376
0.0031659028
0.0031334287
0.003142134
0.003280522
0.0031018038
0.0031335256
0.0031166605
0.003248291
0.0031328476
0.0030683407
0.0033572474
0.0031049498
0.0031421555
0.003057899
0.0031064455
0.0031907603
0.0031657207
0.0031458067
0.0031224594
0.003174981
0.0030907474
0.0031321226
0.002999963
0.0030411105
0.0031628946
0.0031839374
0.0032036242
0.0030953023
0.0031180123
0.0030632096
0.0031399578
0.0031012346
0.003065156
0.0031622762
0.0030316212
0.0030861984
0.0030432497
0.003145961
0.0031704241
0.0030998373
0.003035073
0.0031014937
0.0031353978
0.0030989985
0.0031544734
0.0031388067
0.0031447296
0.0030818016
0.0030518407
0.0030870768
0.0031832405
0.003095191
0.00301733
0.0030456185
0.0030304682
0.0030656983
0.00314398
0.0031571714
0.0031418626
0.0030674508
0.0030344378
0.003111168
0.0031300143
0.003040753
0.0030676376
0.0030432197
0.0030112055
0.0032138112
0.003174517
0.0030360096
0.0030981184
0.0030429214
0.0030424702
0.0030207857
0.0030694942
0.0031445292
0.0030027989
0.0030973947
0.0032291226
0.0030736541
0.0032058726
0.0031457404
0.0030340094
0.0029982247
0.0030712339
0.0030105312
0.0030455536
0.0030343793
0.0030206607
0.0030513352
0.002930927
0.003070872
0.0029808807
0.003133326
0.0031887616
0.0029429335
0.003168452
0.0030307062
0.003023124
0.0030700578
0.003189039
0.0029591932
0.0032128661
0.002998266
0.003214175
0.0031579938
0.0030668513
0.0031287344
0.00292655
0.0030633332
0.0030709067
0.003024329
0.0030200158
0.003011936
0.0030734562
0.0030806202
0.0031550287
0.0030902668
0.0031337086
0.00300075
0.0030166868
0.0031497285
0.003023011
0.0029324028
0.0030475226
0.002963491
0.0030199974
0.0030345172
0.002925796
0.0031013475
0.0031445157
0.0030147585
0.0030079845
0.0029630077
0.003183755
0.00299871
0.003258212
0.0029882817
0.0030609241
0.0031181264
0.0030764309
0.0030603975
0.0031493362
0.002941103
0.0031066637
0.0031419378
0.0030209855
0.0029987886
0.003023236
0.003010682
0.002955834
0.002942004
0.0031856024
0.003071525
0.0029226465
0.0029891583
0.0029662023
0.0031595286
0.00288944
0.0030052615
0.0030060448
0.003105092
0.0029419207
0.0029540346
0.0029854525
0.0030790684
0.002937254
0.0029491456
0.003009542
0.002925798
0.002988319
0.0029558535
0.0030389274
0.002947916
0.0030786314
0.0029649446
0.0029775398
0.0030250775
0.0030636836
0.0030247464
0.003022971
0.0030046913
0.0030149305
0.0030896482
0.0030568324
0.0032394344
0.0029445374
0.0030036778
0.00284144
0.0029313874
0.0029821035
0.0028927543
0.0030064532
0.0028758212
0.0029354033
0.002996135
0.00289933
0.0029844337
0.0030571688
0.0029759596
0.0029713348
0.0031664302
0.0029791438
0.0029347881
0.00291682
0.00290146