20 358.22 0.46 358.69 0.083 19 29 0.08 0.0 
40 354.38 0.44 354.82 0.136 39 74 0.16 0.0 
60 352.68 0.68 353.36 0.196 59 119 0.24 0.0 
80 348.91 0.68 349.58 0.279 79 170 0.32 0.0 
100 345.68 0.81 346.49 0.369 99 216 0.4 0.0 
120 343.12 0.79 343.91 0.418 117 265 0.48 0.0 
140 341.16 0.92 342.08 0.461 133 311 0.54 0.0 
160 339.06 1.03 340.09 0.494 153 355 0.62 0.0 
180 337.3 0.93 338.24 0.519 170 416 0.69 0.0 
200 335.98 0.74 336.72 0.548 188 474 0.77 0.0 
220 332.22 0.73 332.95 0.574 206 535 0.84 0.0 
240 330.86 0.85 331.71 0.598 225 592 0.92 0.01 
260 329.06 0.88 329.94 0.621 245 657 1.0 0.01 
280 326.98 0.78 327.76 0.641 264 715 1.08 0.01 
300 326.57 0.89 327.46 0.66 281 773 1.15 0.01 
320 326.33 1.0 327.33 0.67 299 840 1.22 0.01 
340 324.01 1.02 325.03 0.686 318 897 1.3 0.01 
360 322.09 1.14 323.23 0.692 333 965 1.36 0.01 
380 319.93 1.14 321.07 0.704 350 1025 1.43 0.01 
400 319.73 1.22 320.94 0.709 367 1102 1.5 0.01 
420 318.1 1.43 319.53 0.723 383 1170 1.56 0.01 
440 318.27 1.43 319.7 0.732 399 1248 1.63 0.01 
460 316.9 1.6 318.5 0.743 416 1327 1.7 0.01 
480 314.15 1.86 316.02 0.757 433 1397 1.77 0.01 
500 313.63 1.88 315.51 0.76 447 1466 1.82 0.01 
520 312.03 1.97 314.0 0.768 462 1546 1.88 0.01 
540 310.72 2.08 312.8 0.773 474 1624 1.93 0.02 
560 310.12 2.14 312.26 0.78 490 1701 2.0 0.02 
580 308.15 2.23 310.37 0.787 505 1771 2.06 0.02 
600 307.12 2.18 309.3 0.791 521 1863 2.12 0.02 
620 306.58 2.2 308.78 0.797 536 1945 2.18 0.02 
640 306.03 2.23 308.26 0.804 553 2025 2.25 0.02 
660 305.17 2.29 307.46 0.809 571 2106 2.33 0.02 
680 304.26 2.39 306.66 0.811 589 2197 2.4 0.02 
700 303.75 2.42 306.17 0.816 605 2269 2.47 0.02 
720 302.93 2.5 305.43 0.822 621 2356 2.53 0.02 
740 300.74 2.67 303.41 0.825 639 2447 2.6 0.02 
760 301.09 2.57 303.66 0.83 657 2517 2.68 0.02 
780 298.61 2.59 301.2 0.833 673 2609 2.74 0.02 
800 299.2 2.67 301.87 0.838 689 2697 2.81 0.02 
820 296.54 2.8 299.34 0.841 708 2803 2.89 0.03 
840 296.56 2.84 299.41 0.846 724 2875 2.95 0.03 
860 296.03 2.76 298.79 0.848 740 2973 3.02 0.03 
880 295.54 2.83 298.37 0.851 755 3067 3.08 0.03 
900 293.18 2.9 296.08 0.852 771 3162 3.14 0.03 
920 293.65 2.8 296.45 0.854 783 3258 3.19 0.03 
940 292.75 2.91 295.66 0.858 795 3330 3.24 0.03 
960 291.92 2.97 294.89 0.863 811 3437 3.31 0.03 
980 291.55 2.93 294.48 0.865 823 3553 3.35 0.03 
1000 289.19 2.94 292.13 0.867 836 3669 3.41 0.03 
1020 289.12 3.07 292.18 0.87 849 3755 3.46 0.03 
1040 290.57 3.08 293.65 0.873 860 3853 3.51 0.04 
1060 288.78 3.19 291.96 0.873 875 3951 3.57 0.04 
1080 287.91 3.24 291.15 0.874 889 4053 3.62 0.04 
1100 286.86 3.32 290.18 0.877 901 4156 3.67 0.04 
1120 286.97 3.25 290.22 0.88 916 4250 3.73 0.04 
1140 287.03 3.37 290.41 0.882 926 4352 3.77 0.04 
1160 286.14 3.41 289.56 0.884 939 4451 3.83 0.04 
1180 285.09 3.47 288.56 0.885 953 4565 3.88 0.04 
1200 283.48 3.5 286.98 0.888 968 4682 3.95 0.04 
1220 283.09 3.5 286.59 0.889 982 4789 4.0 0.04 
1240 283.43 3.6 287.02 0.892 1000 4883 4.08 0.05 
1260 282.52 3.68 286.2 0.893 1014 4989 4.13 0.05 
1280 282.34 3.78 286.12 0.894 1027 5114 4.19 0.05 
1300 281.14 3.86 285.0 0.894 1041 5226 4.24 0.05 
1320 280.75 3.84 284.6 0.896 1056 5321 4.3 0.05 
1340 280.19 4.02 284.21 0.899 1072 5424 4.37 0.05 
1360 278.89 4.05 282.94 0.902 1087 5541 4.43 0.05 
