
0.21201427
0.19020858
0.1826044
0.18503653
0.20246264
0.19256647
0.184484
0.20234323
0.18786253
0.19374631
0.17021011
0.17629047
0.16262089
0.16795266
0.17466675
0.16960225
0.16989972
0.17086904
0.165908
0.16320947
0.16850747
0.16566949
0.16026339
0.16032735
0.1572473
0.16061793
0.16050532
0.15452774
0.15573186
0.15878114
0.15795192
0.15085079
0.15383244
0.14844485
0.15234746
0.14971538
0.15485866
0.15086265
0.14957494
0.14675973
0.15073946
0.14839128
0.14839591
0.14921926
0.14663762
0.14545102
0.1500004
0.14555414
0.14527553
0.149535
0.14683668
0.14697476
0.14038582
0.1392513
0.14227362
0.139541
0.13899532
0.14727922
0.14948338
0.13786285
0.1447012
0.13837548
0.13711303
0.13715409
0.13465716
0.13578503
0.13431808
0.13611688
0.13454975
0.13268894
0.13635114
0.1327931
0.13579573
0.12969786
0.13003394
0.12927818
0.13061504
0.14278986
0.12619361
0.1260021
0.13187133
0.12830636
0.123539746
0.12427199
0.120046735
0.12092858
0.12193916
0.121489376
0.121259645
0.122015074
0.120003775
0.12026782
0.118201785
0.11992672
0.11389364
0.11372661
0.114144735
0.116366155
0.12011158
0.11475287
0.11606033
0.113854565
0.1200515
0.11168597
0.111350365
0.11276265
0.11145923
0.110850416
0.11233607
0.10723268
0.10982708
0.10588955
0.10507258
0.11216834
0.10559533
0.107661024
0.10364525
0.10326978
0.10450189
0.10389865
0.10794492
0.10790822
0.10185961
0.1026756
0.102787785
0.10507524
0.10655497
0.102994286
0.10549461
0.10484777
0.10330986
0.10128008
0.09946688
0.102067806
0.09816872
0.09830061
0.09865636
0.10003407
0.09927904
0.09825305
0.09762175
0.098758444
0.09590033
0.10134214
0.10416463
0.10087119
0.09787928
0.10255447
0.10548195
0.095255494
0.095887475
0.097116664
0.095987156
0.098262265
0.09507215
0.09561526
0.09811704
0.098126814
0.09565295
0.09544737
0.09794775
0.09835865
0.09614792
0.093079686
0.094549954
0.09377074
0.09087338
0.09343399
0.09310432
0.095543794
0.09267021
0.0920375
0.0910616
0.092479475
0.09365248
0.09197803
0.09242706
0.09006435
0.09092527
0.09136655
0.09003251
0.09292371
0.09024034
0.090032525
0.09170519
0.08935217
0.08866434
0.09042125
0.08864596
0.08837678
0.090207085
0.09039364
0.08868214
0.0887013
0.08757375
0.08937454
0.08824164
0.08629718
0.087837644
0.0856077
0.089920685
0.08753419
0.08386763
0.08529373
0.08387855
0.0877937
0.0883135
0.08963775
0.0879963
0.08494921
0.08521631
0.08432263
0.08323997
0.08214053
0.083854765
0.08384731
0.08257872
0.08503397
0.0808056
0.08703343
0.08203818
0.08170767
0.08653427
0.08151473
0.08207835
0.079968475
0.08027947
0.08457037
0.08262431
0.07960918
0.080589935
0.08059323
0.08020872
0.08027522
0.07985617
0.078569464
0.08228798
0.07845131
0.08030423
0.08048731
0.08179599
0.08176656
0.08190762
0.078794055
0.07954619
0.077344306
0.08368263
0.08083688
0.075684525
0.07764478
0.075525165
0.077483036
0.076691344
0.07625814
0.076941215
0.07648902
0.075285174
0.076019794
0.07700907
0.07407914
0.07681534
0.0749857
0.07525922
0.07425074
0.07573775
0.0739713
0.07639131
0.07262407
0.07544174
0.07406454
0.07326374
0.075489834
0.07365945
0.07313525
0.07324239
0.074211195
0.0735684
0.073925555
0.0724613
0.07168908
0.073239274
0.07463486
0.07435557
0.070104204
0.07159278
0.07155226
0.07251975
0.07171692
0.06902129
0.06956541
0.069622256
0.069650844
0.0685706
0.07436356
0.06917075
0.06844175
0.07132543
0.069109656
0.06947508
0.070098095
0.06926911
0.06823423
0.068709396
0.0698355
0.07066969
0.06907928
0.06824159
0.06762633
0.06801821
0.066888675
0.07067805
0.067721464
0.067859486
0.06743182
0.068458945
0.06741134
0.067976765
0.0679107
0.065489925
0.06714255
0.06746757
0.06674742
0.06543747
0.06536834
0.06522177
0.06611128
0.06691022
0.065257005
0.065509215
0.06743877
0.0675393
0.065935545
0.06347393
0.06622709
0.065755814
0.06438312
0.0649736
0.06518491
0.066086665
0.0634025
0.06465762
0.06405012
0.064338826
0.062818654
0.063610576
0.06401739
0.06470249
0.063914046
0.06293825
0.064636655
0.064669
0.06631365
0.06337288
0.063008204
0.06070953
0.062140163
0.06309762
0.062284004
0.062025737
0.06373274
0.062538125
0.06191533
0.062368892
0.06270359
0.06210485
0.065459095
0.06117733
0.062428527
0.06039558
0.061126307
0.06033835
0.062232405
0.06444023
0.06153773
0.061389163
0.060547817
0.06148374
0.06176693
0.060132306
0.062030066
0.061946377
0.06195814
0.06262976
0.05881376
0.06001131
0.059345763
0.060835496
0.06093763
0.059828907
0.06141405
0.059958786
0.058983278
0.058638517
0.06077857
0.06062888
0.06106189
0.058655173
0.05914166
0.060213838
0.060645718
0.059725106
0.058967635
0.059883263
0.057767287
0.05830716
0.057314053
0.059522863
0.06014212
0.0569843
0.058657847
0.05819413
0.058699194
0.057772543
0.058320746
0.05733431
0.05732723
0.056840982
0.056326047
0.058774512
0.058512956
0.05545516
0.058008697
0.05743642
0.056372657
0.05656291
0.057088092
0.057791732
0.05536495
0.056618147
0.05747276
0.057589456
0.058732804
0.055520717
0.05617014
0.055491377
0.057547197
0.057551537
0.057472866
0.05532374
0.055816695
0.055077262
0.057303876
0.055743985
0.056904856
0.055710834
0.055865414
0.054338485
0.05673233
0.057695445
0.05613156
0.055151593
0.054487254
0.056015633
0.056102782
0.05477047
0.055158556
0.054544374
0.054535143
0.054822456
0.054874748
0.055516932
0.056202885
0.054694366
0.05417028
0.05393854
0.053929206
0.05348103
0.05325838
0.052929964
0.054667406
0.05484586
0.053845745
0.053600512
0.053198826
0.052781735
0.053705648
0.053203505
0.053698823
0.053748608
0.05305561
0.0524059
0.053108416
0.054131825
0.05221146
0.052866604
0.05165614
0.05188616
0.053303376
0.053226825
0.051590025
0.05332501
0.052057713
0.051507056
0.05072905
0.05276258
0.051618654
0.051959027
0.051418476
0.0521983
0.051513907
0.051126715
0.052349966
0.05051219
0.050289873
0.052039374
0.05247639
0.050246015
0.052886244
0.0511549
0.05166803
0.049837127
0.051029146
0.051382855
0.050113313
0.05079046
0.05162403
0.05034783
0.051388778
0.05133165
0.0513424
0.050170567
0.050349288
0.05062151
0.051083986
0.051009588
0.049947158
0.051424768
0.049704313
0.0497237
0.049890433
0.050037004
0.048519943
0.050806962
0.050556067
0.05012855
0.051217828
0.049198512
0.047976088
0.051833086
0.05096533
0.049440697
0.049485043
0.048870042
0.049273897
0.04941559
0.048947975
0.049662925
0.0481476
0.048127573
0.04808908
0.048370246
0.048376437
0.04825525
0.047333613
0.04867057
0.046278022
0.047875784
0.04840024
0.048696958
0.046879258
0.047725145
0.046612013
0.047688756
0.046869412
0.046942115
0.047795773
0.047396004
0.046338987
0.045833368
0.047710475
0.04601087
0.047650293
0.047056884
0.046066493
0.047142897
0.046104375
0.045743737
0.04542205
0.04753298
0.04582993
0.04524099
0.044681042
0.044712566
0.04533709
0.04634236
0.045125466
0.046024486
0.04646904
0.045669958
0.045768626
0.046157125
0.044883113
0.044843804
0.046260662
0.045137275
0.045285255
0.045933463
0.044370286
0.046802007
0.04487178
0.0456069
0.04521253
0.045929726
0.044516962
0.044217408
0.046894163
0.04519982
0.045297578
0.044132393
0.045009434
0.044203468
0.045274455
0.046419475
0.04454269
0.04433698
0.045382243
0.043918975
0.044315733
0.043640096
0.04479951
0.043652635
0.04418749
0.04544369
0.043556992
0.04531404
0.044366512
0.044194803
0.043286778
0.04337223
0.042810168
0.04300249
0.043854088
0.044891085
0.041948013
0.043344904
0.042518944
0.04389861
0.043106705
0.044559456
0.045079798
0.044739317
0.04352518
0.04249332
0.044840246
0.045364752
0.04438736
0.04353445
0.04246292
0.043752566
0.042706747
0.04407539
0.043192383
0.042476695
0.043552846
0.042526666
0.042779002
0.044267338
0.04207446
0.042529564
0.04371218
0.042232472
0.043418873
0.04437453
0.04286345
0.042108443
0.042219732
0.04235189
0.04350615
0.043690566
0.042495504
0.04434264
0.042132486
0.042786784
0.04353345
0.042559605
0.04156828
0.041685108
0.042525176
0.042048108
0.043424983
0.041794833
0.043186147
0.04270683
0.04092741
0.04120277
0.041709855
0.041221615
0.041421372
0.040575396
0.040713564
0.04082558
0.042214356
0.041540086
0.04158287
0.043032493
0.040755603
0.041196465
0.04146374
0.042256404
0.040696967
0.040940937
0.040366843
0.040183377
0.040334243
0.04061113
0.041450627
0.04254969
0.04011381
0.041015983
0.039986864
0.041995518
0.040166993
0.040643502
0.040684238
0.0405267
0.042984016
0.0388871
0.04081226
0.04065151
0.03982612
0.039478842
0.04159573
0.03999722
0.040001974
0.04030621
0.040449783
0.038873933
0.041248675
0.04050667
0.040069964
0.040607464
0.040972658
0.03974754
0.03842462
0.04041235
0.039272044
0.03940632
0.03871031
0.040513974
0.040750656
0.040658046
0.03854985
0.040688504
0.039268088
0.0399554
0.039484132
0.038648892
0.039083846
0.038382784
0.039201062
0.039319184
0.039108895
0.039223474
0.03821517
0.03807592
0.039474852
0.037974786
0.038604595
0.038769927
0.03901555
0.038407184
0.03932514
0.0391486
0.03861684
0.039216794
0.03908859
0.038630493
0.038126875
0.03893348
0.039269246
0.037799884
0.03827196
0.037914727
0.039659806
0.040173933
0.03851973
0.03808021
0.038507137
0.038792104
0.039808534
0.038263384
0.037556246
0.03860599
0.03799587
0.0390696
0.03823506
0.040289078
0.039570324
0.04096511
0.039011195
0.037961964
0.038412675
0.03727613
0.0378606
0.037572227
0.03864229
0.03700297
0.037450716
0.037895963
0.03733499
0.037665498
0.0370988
0.038236495
0.03684335
0.03801784
0.03709041
0.037452664
0.037679
0.03779926
0.038261805
0.037664387
0.038920373
0.0379747
0.037445247
0.037775576
0.038627166
0.037440613
0.037453424
0.03724339
0.03663437
0.038382538
0.03750125
0.03831336
0.03659559
0.036725897
0.036686562
0.0395136
0.037173007
0.03663758
0.037332572
0.03617658
0.03852841
0.0368632
0.037234496
0.036504325
0.03735555
0.03757938
0.03699296
0.03746105
0.036619563
0.03815856
0.036480054
0.036358785
0.03697814
0.036051806
0.036035657
0.03721687
0.0362632
0.036289383
0.036189053
0.036505606
0.03669409
0.03826036
0.035795625
0.035890605
0.037480004
0.035500575
0.036040094
0.03617311
0.036176983
0.035422325
0.036207132
0.03614723
0.035397187
0.03582922
0.035883088
0.036001686
0.03607925
0.036299836
0.03545307
0.036169395
0.035673246
0.035064947
0.035826653
0.035264257
0.03600531
0.037066612
0.035544813
0.03597498
0.035386834
0.035961878
0.03532006
0.035066996
0.036801893
0.03498036
0.034409914
0.03567579
0.035036884
0.034096234
0.035515927
0.03484332
0.034984816
0.03572121
0.03576266
0.035535283
0.0352071
0.034996726
0.034935392
0.033935037
0.03535453
0.034833077
0.035036523
0.03498914
0.0364905
0.036385335
0.035709973
0.035104495
0.034983795
0.03472292
0.03453715
0.03543265
0.03635916
0.034208983
0.03409633
0.034121145
0.03438894
0.033569086
0.033453614
0.034754597
0.034176048
0.033821013
0.034460142
0.034177333
0.034902416
0.033432953
0.03375823
0.035276532
0.035084676
0.034115165
0.03408401
0.033849213
0.03417792
0.0339079
0.034121707
0.033629004
0.033881325
0.033844106
0.03400866
0.0331272
0.033180825
0.033251654
0.033208165
0.03345732
0.03345223
0.034372967
0.03380597
0.03373807
0.036753897
0.03337047
0.03457756
0.032802302
0.032595206
0.033898026
0.03416894
0.033285987
0.03273786
0.033694547
0.033621
0.032788675
0.03349367
0.03283833
0.033407893
0.033688206
0.0332509
0.032825567
0.03432058
0.032225914
0.033500157
0.033842694
0.033615574
0.03233046
0.03438707
0.032377735
0.032520764
0.032651402
0.032261226
0.03253933
0.032008715
0.032506265
0.033890497
0.03373265
0.03261256
0.033698384
0.032283086
0.032909907
0.032763217
0.03306652
0.032711048
0.031847984
0.032632407
0.03360079
0.032148596
0.03141098
0.031655185
0.03162635
0.03243172
0.031922255
0.031742766
0.032223247
0.03172022
0.032845423
0.03175942
0.032547385
0.032058217
0.031600323
0.032502327
0.032758433
0.031497966
0.033149526
0.031746123
0.03281806
0.03186672
0.032743778
0.03228601
0.033454765
0.032500464
0.03258887
0.03196156
0.03297699
0.033115882
0.032748338
0.03236405
0.031088391
0.031605054
0.031156823
0.033975303
0.031149594
0.032564316
0.031641677
0.0315357
0.03264613
0.031416874
0.031769242
0.032354537
0.030999212
0.030818151
0.032257773
0.03199185
0.03309028
0.03325273
0.0321657
0.03176655
0.032213822
0.031956725
0.03114969
0.03138493
0.03196707
0.03183901
0.031061357
0.031109218
0.031535354
0.03142604
0.030864727
0.032058388
0.030928431
0.031125855
0.030781712
0.031971376
0.030542737
0.030977175
0.03211584
0.030784227
0.031842224
0.030576786
0.031362854
0.030308649
0.0307054
0.029902464
0.032744803
0.03048118
0.031635296
0.03047649
0.031170703
0.031122727
0.030024966
0.032056596
0.030513445
0.031732984
0.030842729
0.030138157
0.03129323
0.030655306
0.030390423
0.031325072
0.030740114
0.03108342
0.030338291
0.030767735
0.02973894
0.029884843
0.030813983
0.030875225
0.03060705
0.031130537
0.03150578
0.030950027
0.029946512
0.030541936
0.03137886
0.02986961
0.03102801
0.030738043
0.029566301
0.029406708
0.030887363
0.031121228
0.03139736
0.0314548
0.030102422
0.029969381
0.029887518
0.030382697
0.030678375
0.030832866
0.030532086
0.030063916
0.030565487
0.030193998
0.030507086
0.030009849
0.029650897
0.032081045
0.030859325
0.029840004
0.02966563
0.029831909
0.03082534
0.030132512
0.029844014
0.030244233
0.031088108
0.03052158
0.030100891
0.0301606
0.029555336
0.029626386
0.03050355
0.029227758
0.03030738
0.029018307
0.02935123
0.029303582
0.0317295
0.030362971
0.030070232
0.030945538
0.029679107
0.030268505
0.029519526
0.029705234
0.029471861
0.029557899
0.029845314
0.031362757
0.029316843
0.029199336
0.03055288
0.029243503
0.029234277
0.029793695
0.029299624
0.029991504
0.029618444
0.029542338
0.02966656
0.02921833
0.02848248
0.028954493
0.029988037
0.028284736
0.029094959
0.028892517
0.028802026
0.028726434
0.028749304
0.028737972
0.029356303
0.028947465
0.029381009
0.02918486
0.028667878
0.028559668
0.028520793
0.02905076
0.028755523
0.028879095
0.028352411
0.028867561
0.028819919
0.029032772
0.028583417
0.029228495
0.028186286
0.028880363
0.02830262
0.030109499
0.029421758
0.028923405
0.028034981
0.02949019
0.02859269
0.028937591
0.028028212
0.028318932
0.02833494
0.029049996
0.0287068
0.029406257
0.029171754
0.028175082
0.027896896
0.028346702
0.029277697
0.029249227
0.028635377
0.02868761
0.029628074
0.028565723
0.031180995
0.028121037
0.028092846
0.028079087
0.02787014
0.029425291
0.029402519
0.028194347
0.028212735
0.027871495
0.028092327
0.028001506
0.027664611
0.028117325
0.028305715
0.029015018
0.02750598
0.027467858
0.028420173
0.028010404
0.027854556
0.028352868
0.027777435
0.028028818
0.028412033
0.02752937
0.027865775
0.027569566
0.029182442
0.028979037
0.02715365
0.028832022
0.027475674
0.028459026
0.028648935
0.027680298
0.028701091
0.028131349
0.027100354
0.027495904
0.028256252
0.02761782
0.027604561
0.027038656
0.027661059
0.027909271
0.027564125
0.027248124
0.0280638
0.027624805
0.027371908
0.027444772
0.027147545
0.026809659
0.026836172
0.027919235
0.027177868
0.027593931
0.027006794
0.027256155
0.027254688
0.027067328
0.028374314
0.027102325
0.027298205
0.02726794
0.027179178
0.026675131
0.026955862
0.027544094
0.026932314
0.026624829
0.026779959
0.027323887
0.026921224
0.026901701
0.026367918
0.025859816
0.026462665
0.027152153
0.027443092
0.026766572
0.026710266
0.026985375
0.027257008
0.02646297
0.0275886
0.026999256
0.02721864
0.027075319
0.026148248
0.026407948
0.026486147
0.026529476
0.02695643
0.026180303
0.027568942
0.027468432
0.026666008
0.027469907
0.026087511
0.027273633
0.026720975
0.026443822
0.027452867
0.026299722
0.025751116
0.027747966
0.025857229
0.026909508
0.027252734
0.026536852
0.026435649
0.025810655
0.026316218
0.027006451
0.026526846
0.025892347
0.02607824
0.025699189
0.026013082
0.02686036
0.025850547
0.025331376
0.026217014
0.027098862
0.025478775
0.026233302
0.025361339
0.025913171
0.025684392
0.025719626
0.02701729
0.025845515
0.026136205
0.026875235
0.026536942
0.026268013
0.026207693
0.025553297
0.026273975