[0.011425608109832553, 0.019246487744497477, 0.04438100917128673, 0.10806011449130346, 0.0016778315683610486, 0.036967490889248306, 0.055092936989170456, 0.12576053489797287, 0.05316874002496327, 0.004189787501129525, 0.03161266942201044, 0.13434354768080858, 0.07411678304052882, 0.0016703838265255191, 0.003596594275536247, 0.12893672233641615, 0.04097378612778251, 0.014524046234457515, 0.017301503129559588, 0.0011322724257803365, 0.0011961217098038952, 0.0018041084287881912, 0.003306106331694742, 0.0011961217098038952, 0.007664051637463995]
[0.0030444989276682153, 0.007525571121907746, 0.017405408137127168, 0.10401447291943008, 8.50936587894541e-6, 0.0706887300296996, 0.06625780045856232, 0.16887887219143857, 0.028016710012562833, 0.0015537379410614075, 0.025890709314158194, 0.0037794150945109767, 0.07200522136311738, 0.0006871038384118518, 0.00047569724030390543, 0.18116452643272052, 0.03482387469259127, 0.034649012506978126, 0.013474888228776993, 0.0007609966483555716, 0.0005661521693803818, 0.000661395811083364, 0.0009718146390005988, 0.00023850037533757222, 0.0]
[0.012275474876444951, 0.012304215650267564, 0.03303867685649116, 0.12175189729234308, 0.0009718146390005988, 0.02486582244773205, 0.04272370298819965, 0.16761381152242374, 0.039278804999153094, 0.0020626912917920217, 0.026709808588596482, 0.0020788231003673087, 0.06137713190898368, 0.0027788086895783083, 0.003306106331694742, 0.13268586721154924, 0.03117770953129816, 0.006825134032236158, 0.01597470501026286, 0.0012304203053819236, 0.0014319761624032807, 0.0007609966483555716, 0.00345080401581042, 0.0007609966483555716, 0.008358448186184635]
[0.019058633699713147, 0.0017644270160780428, 0.04201663816873928, 0.09859826788557932, 0.0007125021962934002, 0.10752671970665362, 0.014000955613522327, 0.11441155235164294, 0.04854872784050843, 0.004984966815186005, 0.000598664879062869, 0.05911343298489147, 0.029785034197624155, 0.00021861679638100675, 0.0001337529898158904, 0.12137144507088715, 0.008819146643585421, 0.05792927757373913, 0.011283712605194054, 0.0027280671496903515, 0.0011069111910358511, 6.864537953827959e-5, 0.00345080401581042, 0.00047569724030390543, 0.0011534814465179771]
[0.0022585013498821974, 0.020496672370602088, 0.03187285064516185, 0.08143343602943356, 0.0013136827127070436, 0.02249529813333068, 0.047837309622797954, 0.12799119988967964, 0.03682452562761709, 0.0038912679985896636, 0.014786510892079587, 0.1082918775240371, 0.06154159160389644, 0.007343580568221757, 0.0027630857231201547, 0.07052365533408184, 0.02857005308714601, 0.011709490319670026, 0.0029842609452665828, 0.0014319761624032807, 0.0023285488830018857, 0.0009718146390005988, 0.0028790899246125493, 0.0023285488830018857, 0.010183695326579728]
[0.0029447787925729963, 0.00015677030695678527, 0.015053294937879113, 0.01758274712308052, 0.0, 0.09676740907779631, 0.043276432856260164, 0.10112789726544155, 0.013510943184004871, 0.00449185401128523, 0.006516994242188704, 0.0859328910099191, 0.05445467998741275, 0.00030798405568517205, 0.00017313646071325298, 0.11323473721737998, 0.011154220217929642, 0.05808174711248543, 0.0017190947575579539, 0.0008645791071191788, 0.0002101776142287902, 0.000390531031640381, 0.003596594275536247, 3.2165726121963624e-5, 0.0]
[0.00816813711429903, 0.011873458835387726, 0.026520712289759458, 0.1679970194773828, 0.0015537379410614075, 0.016516130952125428, 0.037871558333876676, 0.007829894708274172, 0.034165044474837876, 0.0018041084287881912, 0.023244013581668457, 0.014067209773039949, 0.040924142383510484, 0.00034715649682217405, 0.0014319761624032807, 0.1581217508708314, 0.027107899457215402, 0.003979011211609974, 0.011859986600042565, 0.0003178979984688995, 0.0013127100730284439, 0.0009718146390005988, 0.0008645791071191788, 0.0005661521693803818, 0.00913305088696269]
[0.0018156089949847402, 0.006273959903639876, 0.01447677272717531, 0.0976346155972282, 6.864537953827959e-5, 0.04874159951113344, 0.05469026505548684, 0.2512406941053924, 0.019953155753317096, 0.0014319761624032807, 0.023306363554569928, 0.007666994483989262, 0.05177092180471102, 7.434787307213889e-5, 0.00047569724030390543, 5.088289120465947e-6, 0.028510218292387316, 0.02092358477719267, 0.010226433285597282, 0.00023850037533757222, 0.0005661521693803818, 0.0, 0.0023285488830018857, 0.00017313646071325298, 0.0]
[0.0008357043210501201, 0.01152222407727563, 0.02346540142983691, 0.09406209156944471, 0.0010075255018523726, 0.01886752511681442, 0.04241724508693556, 0.004200121101013636, 0.032920792399138, 0.003306106331694742, 0.010463944947491352, 0.1493614611471975, 0.05005459649585371, 0.002520577404824956, 0.0015849178984805338, 0.1028841132199576, 0.022189532469141387, 0.00583589064806286, 0.0028427574362980424, 0.002194762932941256, 0.0008645791071191788, 0.0018041084287881912, 0.0023285488830018857, 0.0014319761624032807, 0.010933145936572316]
[0.0025262338111710202, 0.0019360756249692038, 3.488117641776631e-5, 0.0049281049476587666, 0.0006138114691240802, 0.0016158865880776738, 0.004036971775820856, 0.00091416044835418, 0.050294272618851846, 0.002154758528505921, 0.001383588224853181, 5.215214449750009e-5, 0.0001161225136579305, 0.0003385378097190486, 0.000390531031640381, 0.006028774218651565, 0.00796918663209898, 0.0013092524258103448, 0.013126808525567288, 0.010835551205689159, 0.0011961217098038952, 0.01028883198785215, 0.00015677030695678527, 0.0021504620682835252, 3.90941815505368e-6]
[0.0006771260985169074, 0.003430295078569309, 0.008594916044822268, 0.006898103786105392, 0.0002695648739566832, 0.00662545834845157, 0.02429419997223325, 0.0006719348906156358, 0.013422129726468588, 0.0011961217098038952, 0.002339337615181814, 0.02356648855483562, 8.210635007345566e-5, 0.00010940575248915597, 0.0012290308626388355, 0.0012948306995330533, 0.011068781236686058, 0.0003410493834976559, 0.00015486805805420495, 0.0009718146390005988, 0.000661395811083364, 0.0008645791071191788, 0.0011961217098038952, 0.0008645791071191788, 0.011754666823934674]
[0.0019805675332349483, 1.834252535487177e-5, 0.0007546488009849955, 3.8097115877359315e-5, 0.008616107590289426, 0.0021319457853095514, 0.0035408128062274, 0.00827656268008703, 0.0013894698142470682, 0.002545055779596324, 0.0006118024881415617, 0.017511182812428715, 0.0010247458493557876, 0.005437107616335056, 0.0066868061174560215, 0.0023862291845505278, 0.00018649054480369314, 0.0010236144818525847, 0.014121243635762924, 0.009643157780890164, 0.0007941002516182599, 0.005844665972888907, 0.01461778191925682, 0.004556744074232809, 0.00019353928849193645]
[0.002678281699724479, 0.0006050635666773373, 0.0009881852211463017, 0.011336462072297042, 0.00041899788421303086, 0.005353288931071306, 8.375911287520819e-5, 0.0010214100841250476, 0.0003349883160066536, 0.004866606995291288, 0.0002695648739566832, 0.001131910501583747, 0.012332059194373666, 0.004489940414071978, 1.5092465077829516e-5, 0.0015516695616321734, 0.020551219294915192, 0.017726599742180063, 6.882499793364099e-5, 0.013510943184004871, 6.864537953827959e-5, 0.0002695648739566832, 0.01816772709035716, 0.0011069111910358511, 0.003750089544871083]
[0.003483803417352667, 2.2629312474449883e-5, 0.0003505064857099111, 0.00237739463384834, 0.021477494047939895, 0.0012372782738269052, 0.004599313358722594, 0.002829508839569953, 0.0037414831293418396, 0.0003056305034324367, 4.582813777680595e-6, 0.008494947862161713, 0.0019476161634553717, 0.00012384657861901852, 0.0010443187876882057, 5.858978946932385e-6, 7.698060084725209e-5, 5.234652320795915e-5, 0.0067195283436279965, 0.00010390261502389489, 0.020370151600071988, 0.000390531031640381, 0.0009110260654366033, 0.021458543422488777, 0.011568723503094291]
[0.0008647519952103399, 0.0004137053116585027, 7.024297937736673e-5, 4.604948621169877e-5, 5.0694601800408226e-5, 9.164323212542628e-5, 0.00411675503254404, 0.0020717639269094354, 0.04023245822366395, 0.0020525261392578056, 0.0006903036654773102, 0.002938102299070578, 3.5241732582110246e-5, 7.778753638485467e-5, 0.000390531031640381, 0.002606496730553659, 0.01367276280439872, 0.0004262149678199243, 0.021116701257553314, 0.005369277005148711, 0.0020138714737617516, 0.0033364596001449823, 0.00040435873239786984, 0.0109385393786474, 0.009100841532408395]
[0.013618191303864723, 0.0003723225960361944, 0.0003727106932365676, 0.00047569724030390543, 6.864537953827959e-5, 0.03459318626050241, 0.0022665457166662203, 0.0016080101237799923, 0.0010824141040125777, 0.00015677030695678527, 0.0038397518208052317, 0.02418527295151003, 2.543981685086444e-5, 0.006094664968489928, 0.003596594275536247, 0.015616167451327906, 0.0012598879101798598, 1.0578794493833806e-6, 0.000680172520376136, 0.0027280671496903515, 0.0031601971318280997, 0.0006407741019007463, 0.0003112367062416818, 3.2165726121963624e-5, 0.0]
[0.00820451965661961, 0.0035923263127921705, 0.0010798577503363313, 0.006519172608929525, 0.006177710998386352, 0.000750782318649129, 0.00014641501747770852, 4.295078816303347e-5, 0.001314067131680233, 0.013049698335553722, 0.0010487877403453283, 0.005228604833784277, 2.1567111030984976e-5, 0.0002873381773840144, 0.0002369111266247552, 0.0026251774288297385, 0.0011617999787109003, 0.0027039066517208533, 0.013377564220947727, 0.0053909843986124015, 0.031514754409492314, 0.00013967428283488312, 0.0026487712681104647, 0.0005238356417450827, 2.1925119187941097e-5]
[0.007903231495023692, 0.0018349170190462786, 0.0010435569317729671, 0.0025762821749177826, 0.0024321828005254707, 0.001332816535136323, 0.0019622109064910635, 0.0037899679432370596, 0.0017866952071887978, 0.0015500997340361067, 0.0011067467793836041, 0.00024892337618803544, 0.0007211192073648173, 0.006782006743684496, 0.0035890470681161097, 0.0028447523217502, 0.0004843128649763915, 0.0007629426386663403, 0.019253564099226208, 0.009147641027574526, 0.0022966791852403936, 0.00902242191713188, 0.020934812410997865, 0.003136487858095515, 0.00016508757056445458]
[2.162864780653963e-5, 0.0009133818920871143, 0.004828306867838151, 0.01433491488556686, 6.864537953827959e-5, 0.00033597078155871217, 0.00022589604241954548, 0.00908116180244601, 0.011480868575478038, 0.0008645791071191788, 0.008519334170347823, 0.004147466925271737, 0.02765418090123651, 0.0002720084040676537, 0.0003112367062416818, 1.0737396442668003e-5, 0.012834170638728505, 0.0027988841865959624, 0.0046625665089792, 0.0001161225136579305, 0.000390531031640381, 0.000390531031640381, 0.00047569724030390543, 8.50936587894541e-6, 0.0]
[0.00021418237036994353, 0.0017931562298681217, 0.00014166383499543758, 0.0018227451890476202, 0.003306106331694742, 0.0002644980565204929, 0.009527371447833666, 0.0007774446100019808, 0.002039196474781395, 0.001648928868008887, 0.0045096304579615425, 0.0008670984221025493, 4.3771184429984697e-5, 0.0009985062880217572, 0.0019884330578223103, 0.0001956273427299593, 0.004824594178063066, 0.0004503399439328001, 0.0021360010533269264, 0.005647821620958885, 0.0012072611233221173, 0.0010641544906944455, 3.852645303271452e-5, 1.6471368155184478e-7, 0.010860765420350096]
[0.0002785087037426902, 0.0009937729117917467, 0.0054323381640789346, 0.008439146889302536, 0.0001161225136579305, 0.0001686039068775414, 0.0009578441772175208, 0.0022343833958910417, 0.013556136259145233, 6.864537953827959e-5, 7.026672345979482e-5, 6.88550844566661e-5, 0.0005794311973169033, 1.4046567553022978e-9, 0.000390531031640381, 0.0029859306605524126, 0.013688244450071298, 0.000582904573689722, 0.002327331483383476, 0.0001161225136579305, 0.0003112367062416818, 0.00023850037533757222, 0.0016778315683610486, 0.0001161225136579305, 0.0]
[0.004434073025656054, 0.0001487801784000862, 0.0006964394981440565, 0.002131965943207789, 0.0034265304119786627, 0.0004473126291777464, 8.185800962049947e-5, 0.003865953580231025, 0.0013241265694471736, 0.003127660622402494, 0.0011593893321870975, 0.0004366610836435674, 0.0003526415732772359, 0.0007809858848719046, 0.0024058713700459136, 0.006378766795100573, 0.0005426794942534532, 0.0006615868430101431, 0.00030121404286808165, 0.0006593555018232721, 0.0072637432558275965, 0.001969840054194946, 0.00023342049767312517, 0.006059659288406146, 0.008148049610817207]
[0.004107683548765187, 0.0003662515899110659, 0.0010235526029148114, 0.0015781720989605195, 0.0030845394106158736, 0.0005757036316509367, 8.89823218962638e-6, 0.007050720710155792, 0.00211102086255769, 0.001165290228267609, 0.007377387914271189, 1.4063401392625766e-5, 0.00031707642511971104, 0.0003919577552656192, 0.003199269685819341, 0.005099723350749475, 0.0006745081648554651, 0.0010436036732199405, 0.000904059248808502, 0.0005753750174001442, 0.005432177910476297, 0.002149843461281424, 0.00023342049767312517, 0.004138730763327285, 0.0003649822090379135]
[0.001048013968698496, 0.00035639023802262835, 0.001859224186702339, 0.004089526930265437, 0.0018025084134213995, 0.004267919794238427, 0.0027264020706824817, 1.7683512672927114e-5, 9.627527277511374e-6, 0.00048023553783545616, 0.0016286932743521942, 0.007315109278602527, 0.00028292073861401965, 0.0005297225246427301, 0.003194535250883767, 0.0035582394006450895, 9.69133719601876e-7, 0.00010275079627483164, 0.0006404422198502142, 0.002208098939129167, 0.000667154426345698, 8.317195409802188e-5, 0.0017625866394032508, 0.014230373082985224, 0.00010492844042716068]
[0.0025376803784195674, 0.0008175965414339579, 0.012110413190883247, 0.006234593013163302, 6.864537953827959e-5, 0.0010967331105816705, 0.0011212497406890786, 0.0019033867908189485, 0.0005716256836004949, 0.0027393036303854047, 0.0031146699538915617, 0.00015258308227491905, 0.0003494478970385627, 0.00023389074754177203, 0.00023850037533757222, 0.004460776448872987, 0.011496708681764414, 4.940020557710851e-6, 0.0005688433634250343, 0.0007609966483555716, 6.70844513224548e-7, 0.00017313646071325298, 0.003596594275536247, 0.0, 0.0]
[7.936470893115896e-6, 0.003025032655975776, 0.0005890029491714341, 0.0014501174314740326, 0.0033684559071214693, 0.0033562700916568086, 1.3488760544775355e-5, 0.00027632816944004115, 0.003376575066986372, 0.0023565399639891935, 0.0011214063726924612, 0.0048968321208296695, 1.3636923965583002e-5, 0.007330562751177806, 0.0013319034830913913, 0.004629144417701642, 0.007044875614807359, 0.0035997104309036434, 0.0001319003427123727, 0.0036895530718751308, 0.0003204615198521268, 0.0007102813683430827, 1.1429597616239456e-8, 0.0008832657837982228, 0.00011819285645284401]
[0.0049652593217771514, 0.004457975922759515, 0.0002414055917398393, 0.0023581886669714197, 0.000390531031640381, 0.01041350528651388, 0.0006269622116317438, 0.004329504445508912, 0.00013934820865016179, 0.0011961217098038952, 0.00010438608444257721, 3.8232910303393885e-7, 2.235737274802654e-5, 0.0034827742726510104, 0.0007609966483555716, 0.00019754699159602474, 0.000507261066963572, 0.0002006443202406021, 0.006464539697556898, 0.0003178979984688995, 0.000390531031640381, 0.00047569724030390543, 0.0016778315683610486, 0.000390531031640381, 0.00913305088696269]
[0.0004428398208049791, 0.0011655243411184124, 0.00013963141871138791, 0.0013961382250465178, 0.0007609966483555716, 0.0001887553323283624, 0.007300528378252669, 0.0016664395816886786, 0.00013086162331276503, 0.0015537379410614075, 0.00112798139618241, 0.005527573018596629, 0.001979698224342151, 0.0016029114545639198, 0.0014319761624032807, 0.0005239269147647658, 0.003955982557370253, 0.004244652830685699, 0.00011906655529440825, 0.0010824141040125777, 0.0011157446264155597, 0.0011961217098038952, 0.0027393036303854047, 2.024434460984895e-6, 0.010874283943282959]
[0.0017978528298569375, 0.0021005861227047957, 0.0003252800465890571, 0.0006602395466107263, 0.0002695648739566832, 0.004839154964340318, 0.005588013575760879, 0.0009170746814278069, 0.0011806680613906627, 0.0016778315683610486, 0.0002687560941670693, 0.005506844370315841, 0.006864074167640295, 9.689537203853458e-6, 0.0007609966483555716, 0.005807150920004101, 0.0049283696172837226, 3.930808149311916e-5, 0.002815527025840519, 0.0007609966483555716, 0.000390531031640381, 0.0013127100730284439, 0.0018041084287881912, 2.024434460984895e-6, 0.0077718942460579254]
[0.005943284734685041, 0.02368868422695243, 0.006365811857825521, 0.002541509379713874, 0.004040066585295597, 3.2165726121963624e-5, 0.006681960397991943, 0.0, 0.0, 0.0, 8.50936587894541e-6, 0.0008052245735472542, 3.2165726121963624e-5, 3.2165726121963624e-5, 8.50936587894541e-6, 0.0, 0.005470771158620065, 0.0, 6.864537953827959e-5, 0.0, 8.50936587894541e-6, 0.004511052458656799, 0.0, 0.0, 0.0]
[0.00034489285449930017, 0.0009185228805661354, 0.0005517798597017582, 0.003655158999820742, 0.0001701868356425698, 0.00013309698735018563, 0.0001995286719850991, 0.0005928208796011757, 0.0031163495625663225, 0.0005996037676937052, 0.00015805567128109694, 0.005607342603492601, 0.0035192737596203283, 0.00493908480137872, 0.0015087096885181223, 0.000215245394438422, 0.0002101776142287902, 0.0016645776749775014, 0.0023664264110407757, 3.7621540137495004e-5, 0.0014789946300690737, 0.00038915873423278147, 0.005558185013237536, 0.0008649709650399347, 0.004043784017254227]
[0.0006651698437165959, 0.0025742739731223242, 0.005748874351782639, 0.0007253081645045879, 0.00047569724030390543, 0.003974344548595242, 0.0015420169790554081, 0.0004924570340939915, 0.00037246461407664314, 0.0013136827127070436, 0.002484521422336355, 8.113785782655003e-6, 0.0014206540799162806, 0.00011750141549371875, 0.0028790899246125493, 0.00625045730207598, 0.0017470974064567723, 0.00021158435083391477, 0.0013993179289932527, 0.0013127100730284439, 0.002604709787954858, 0.001720318957210011, 0.0003881539133224563, 0.0007548609806730788, 0.003230103185403902]
[0.003653049425878146, 0.0, 8.50936587894541e-6, 0.00022222584355664808, 0.0, 0.004770552229556482, 0.006909464255008969, 3.9651264406722676e-5, 0.0050369341444843445, 3.852645303271452e-5, 0.003306106331694742, 0.0, 0.0, 8.50936587894541e-6, 0.0, 0.007014387666352644, 0.005117698073017303, 0.001100861411849415, 0.0006232815701863121, 0.0027393036303854047, 0.003596594275536247, 8.50936587894541e-6, 0.0, 0.0, 0.0]
[0.002588947975873156, 0.0008697679516384057, 0.00036364083427985975, 0.00030831149191937017, 0.0010824141040125777, 0.0062124278846517715, 0.0019439263115539791, 0.00035401653665712365, 0.00022067739530238963, 0.0024639572695156374, 8.655602666295592e-5, 0.0011433683988481477, 0.0004111664167529361, 0.00275498482458658, 0.0043403938867335725, 0.002023267138629605, 0.0034353952276874426, 0.00039724741244652646, 0.0004128684557192751, 0.0009334548527483678, 0.00047569724030390543, 0.0009718146390005988, 0.0018041084287881912, 0.0003112367062416818, 0.004273467837762319]
[0.002841216598301501, 0.0048325569161638895, 0.00017656453030591435, 0.002396643327015918, 4.151550357711615e-6, 0.005845303174007169, 0.0013776063941185225, 8.122578607488475e-5, 0.0070881777841139346, 0.003272103240284034, 0.0023450534860307622, 2.5984585114167892e-5, 8.50936587894541e-6, 0.00022638104527063089, 0.00017313646071325298, 0.003718740198095381, 0.00025260900304657427, 4.95438841533987e-5, 0.0008324062214520745, 0.0003415203899897678, 0.0008645791071191788, 2.7350800450179542e-5, 3.852645303271452e-5, 0.002760928464004891, 4.9726225690232715e-5]
[4.372377560868e-5, 2.077490722611681e-5, 0.00029173438098477333, 0.0001409225415945183, 0.00727733687046362, 0.003301288684391508, 0.00273975220607018, 3.171226822815251e-5, 0.0033119287542377925, 0.00011662931318099246, 0.0013618606674480954, 7.339827288883427e-6, 1.51252934874416e-5, 0.0036824823595777104, 0.00013607453732271033, 4.2337721812542176e-5, 0.0004254392950507474, 0.0003067873523179051, 0.008936471965207686, 0.002489189070033794, 5.644744774652697e-5, 0.004081649127536583, 3.687053598516916e-5, 0.0016044388407427763, 0.00015378711740688484]
[0.0031499446162655473, 0.00028399683946219974, 9.256593504143856e-5, 0.0033061491578041027, 0.004382150604814837, 0.0009211373696532254, 0.00010170893276615278, 0.0016167099481614357, 0.00016938319040630916, 0.0012362550675485418, 0.0007316453183489526, 9.738942467950708e-5, 0.00031707642511971104, 0.0006348726170288619, 0.0014878816301264973, 0.005557736736496639, 0.002976136237201856, 6.276856016518978e-5, 2.7825336537163573e-5, 0.0013347363604143065, 0.000285013061952678, 0.0020592012179254894, 0.00028138639768643197, 0.004965974055141967, 0.004315530295572724]
[5.8138672635172067e-5, 0.0007609966483555716, 0.005758637852413973, 6.864537953827959e-5, 0.0005661521693803818, 2.341798177973712e-5, 0.0001161225136579305, 6.774293548724949e-5, 0.00017313646071325298, 0.00047176138721685104, 0.0014299995721250708, 3.626350992766143e-5, 0.0023690653096490755, 0.0009718146390005988, 0.00047569724030390543, 0.0011266332253218672, 0.000661395811083364, 0.013271995719251313, 7.466266277588048e-5, 0.0005661521693803818, 0.0017517107531481169, 0.0016251722750966137, 0.00727586444528177, 0.00034874864693592374, 0.0016778315683610486]
[8.50936587894541e-6, 5.638530942194265e-7, 8.50936587894541e-6, 0.00247537292179282, 0.0, 0.0, 0.00043921663655041056, 8.50936587894541e-6, 0.0016251722750966137, 0.0, 0.004066070874945114, 0.0019096159142280161, 0.0038912679985896636, 0.001838613749800027, 0.004916929833756933, 0.00047569724030390543, 0.0015179100903952528, 0.0001161225136579305, 0.010027061861114966, 0.0001161225136579305, 0.0, 0.00345080401581042, 0.0, 0.0010824141040125777, 0.0]
[0.0017723588391929095, 0.006225862117379199, 1.5043754681088304e-5, 0.001333980841110114, 2.024434460984895e-6, 0.00025079940397189924, 0.0037207678797949433, 0.00023314915524380846, 0.0005571865935322037, 0.000390531031640381, 4.543025404334599e-5, 0.00018031397065278263, 4.103541630005327e-5, 5.4849612855636725e-6, 3.852645303271452e-5, 0.005165571329891854, 0.0054459216366318074, 1.7461614515875442e-5, 0.0011866357146881057, 0.00010990865092432424, 1.057131840734543e-5, 0.0011112728225894895, 0.0014605623939815413, 0.003979410946692255, 0.0006138237828085297]
[0.00012502657373540758, 0.00010850033414907829, 4.1264396168955554e-5, 7.112545454227188e-5, 0.0010202156546955266, 0.000588475077831622, 0.0006156966742832766, 0.0034669336414105446, 0.00040200540322389653, 0.0016243969110955065, 0.0008826466514868254, 0.001136502663867776, 0.0003558546047838099, 0.0012836240510994464, 0.002431509996730953, 0.0034236748632032344, 6.731875783017125e-7, 0.0014813143313199516, 0.005377785114250563, 5.289827187824345e-5, 0.00022538857976480862, 0.0005850639380518279, 0.00017021892438223545, 0.0003983791697779052, 0.007103184134251511]
[0.0003247256742238344, 8.582739021524761e-5, 0.0015008750165438857, 0.001369246085638441, 0.0002297957688326027, 0.00030807174113159537, 1.1807476715534524e-7, 0.00038808861113847574, 0.004981760595845704, 2.4036017829943534e-5, 0.00044638796147908983, 2.6031744797378863e-5, 0.004623503588735623, 0.0018740050993835827, 0.001508971475572796, 0.0003561843921764743, 5.539007323196671e-6, 0.00037508841867076384, 0.006200716361906604, 0.00015521743937366682, 0.00010990865092432424, 1.2173954852305277e-5, 0.0002882263387706731, 0.00014503011164087578, 0.005513582171892548]
[0.00047569724030390543, 0.0013176597792224735, 0.007078879258957824, 0.0021855154565019333, 0.0001161225136579305, 0.00047569724030390543, 0.0004812679931401106, 0.0007221101673146142, 0.0019246839474798983, 0.0001161225136579305, 0.0008794191450112118, 0.004978918693471175, 0.001080372246593709, 0.0007553165772682027, 0.000390531031640381, 6.864537953827959e-5, 0.0002880105150590735, 0.0013309767210751052, 0.001641464029961467, 3.2165726121963624e-5, 0.0002695648739566832, 0.001408097118539644, 0.0017550423676039608, 0.0015333419753027194, 0.0013127100730284439]
[0.003084684536106096, 0.0004497477793289307, 0.0026910174455846633, 0.0013325898601321672, 0.0006809101993583309, 0.0008046088973229434, 0.0027264020706824817, 0.0002890313725678593, 0.00011430900279114269, 0.0003588341974797575, 2.620623775082204e-6, 0.0010316231874113527, 0.0006096707233159207, 0.0029487831762850074, 0.0018243792119184473, 0.0008283650253886358, 9.104444385916967e-6, 0.0007864760166922478, 0.0009026991285099161, 0.0010149170965918376, 0.006799789303363505, 0.0007229339224970963, 0.0004705578154762108, 0.001481415138628532, 0.0006195757173444207]
[2.9375547781578556e-5, 0.005175831656343565, 0.0001374496044633973, 5.041048231458169e-7, 0.0001161225136579305, 0.0005904072969410441, 0.008413157190573839, 0.0012943392922418612, 0.000380279714242468, 0.003306106331694742, 0.0005654747369273887, 0.00010042750579177537, 0.00042019488528707155, 4.4758766206481285e-6, 0.0014319761624032807, 0.0046616684424010055, 0.0002824474418282202, 1.1021471991741211e-5, 0.002305844734179216, 0.0007609966483555716, 0.00017313646071325298, 0.0001161225136579305, 0.0010824141040125777, 0.0, 0.0]
[5.563235803626937e-5, 0.0022528393602153068, 9.758043377577669e-5, 0.0005701516956331028, 0.0011961217098038952, 0.0009222351816153967, 0.005340698542052429, 5.121812882879313e-5, 0.001903229335762386, 7.392412758222729e-6, 0.0030822885896662194, 0.0006798345941184279, 4.3771184429984697e-5, 0.0009109963697685715, 0.00033443711415834937, 1.835924182849258e-5, 0.0005903877698809137, 0.0023548417985289156, 0.0018377953380353564, 0.0032494934041307484, 0.002595775328510488, 0.0007270692178032584, 2.610027356245582e-6, 1.0162888454374552e-6, 0.0030956099329281974]
[0.0001161225136579305, 0.0013440941571527514, 0.0005661521693803818, 0.0005262125493177838, 0.0, 3.2165726121963624e-5, 0.0023285488830018857, 0.00019122457470154442, 0.004189787501129525, 3.2165726121963624e-5, 0.0028594202841311445, 0.016816841262201253, 0.005822509999711736, 0.0017592225068550063, 0.002194762932941256, 0.0, 0.00345080401581042, 8.50936587894541e-6, 2.610027356245582e-6, 0.0, 0.0, 0.0024639572695156374, 0.0, 0.000390531031640381, 0.0]
[7.214870925303192e-5, 6.334192809512589e-7, 1.2979203204015882e-5, 0.005073299399155854, 0.0007366383753310383, 7.165843537100145e-5, 0.0005703947975932528, 0.003575939673016759, 0.0015096121264118502, 0.0004068718072736425, 0.0004177809045794465, 3.4561832829593494e-5, 0.00227757702326236, 0.006060434466359135, 0.00015468073657965093, 6.67024293319325e-5, 0.0008431957327860572, 0.002104410509742089, 0.0013404051174796885, 8.095674299940167e-5, 0.00417282276353757, 0.001269163702415291, 6.321921323464575e-5, 0.0006608248898831888, 0.001085175114471374]
[0.00010755897719105919, 0.001271925539786091, 0.00011507898136785895, 0.011068845866269899, 0.0002613002190977917, 0.002528275860201915, 0.0007174932212675091, 0.0001177315248191103, 0.005644432724980941, 0.0012769852458319334, 0.0018121287770499353, 6.882168281902978e-5, 0.0, 0.00022638104527063089, 0.00023850037533757222, 0.006028774218651565, 0.0007673867635853426, 0.00018238464529284006, 0.00011735075428602904, 0.00013520849371419924, 0.0010824141040125777, 8.896407315027373e-8, 3.852645303271452e-5, 0.0007436490442509196, 0.0007454245170346978]
[0.00033371144423212633, 0.00011945298520968243, 0.0017431017801819342, 4.8695228196258405e-5, 0.0011094510761254228, 0.000785871117441866, 1.5092465077829516e-5, 0.000615324125780406, 5.247491713579076e-5, 0.00033071240201833826, 7.636732210307027e-6, 0.0018351595779053445, 0.0005345286118865642, 3.2314530269078948e-6, 0.0018516017611728205, 0.00027216931225151507, 0.0023285488830018857, 1.1292667309886425e-5, 0.0020626912917920217, 0.0065003342686928076, 8.50936587894541e-6, 0.0010824141040125777, 6.864537953827959e-5, 1.3148020443656903e-5, 0.004189787501129525]
[0.004916929833756933, 0.004246792929333491, 0.0007609966483555716, 0.000707819653647742, 0.0028564995802520376, 0.0, 0.0052578231233957225, 3.2165726121963624e-5, 0.00040962675700996465, 0.0, 0.0, 0.0004918195722166578, 8.50936587894541e-6, 0.00033443711415834937, 0.0, 8.50936587894541e-6, 9.423344963482958e-7, 3.2165726121963624e-5, 0.006918950855758671, 8.50936587894541e-6, 3.2165726121963624e-5, 0.0011069111910358511, 0.0, 0.000661395811083364, 8.50936587894541e-6]
[0.000390531031640381, 0.00018312120541110356, 0.000239360772720898, 0.011218689494395029, 3.2165726121963624e-5, 0.00023850037533757222, 0.0006891564815721014, 0.005109382623121992, 0.001249373677658613, 0.0005661521693803818, 8.50936587894541e-6, 4.45794651775743e-6, 0.0005018509120293599, 0.0004994903922723979, 8.50936587894541e-6, 0.000132397845846664, 3.595471856675074e-5, 0.0014563794776903992, 9.601096283348232e-5, 0.0003112367062416818, 7.778390567299298e-5, 0.0008388339776424832, 2.2909942787126302e-5, 0.0012066540361480582, 3.2165726121963624e-5]
[9.85290594449446e-5, 3.75053532722248e-5, 0.0018041084287881912, 0.0001095312184806155, 0.0009718146390005988, 0.002634873058746507, 0.00238213980448437, 0.00043651742524434883, 0.007023031650583126, 0.0008645791071191788, 2.212869312732263e-5, 0.0012868614304691198, 6.839784745591392e-5, 0.001650226875076593, 0.00033443711415834937, 0.0055965367824620665, 4.659356895326714e-5, 0.000390531031640381, 0.00020742940879738794, 0.0001161225136579305, 0.0006891057853934722, 3.2165726121963624e-5, 6.864537953827959e-5, 6.864537953827959e-5, 3.2165726121963624e-5]
[0.000975891224209277, 0.0023634265562079634, 0.0012277633855330723, 0.0036648318895568695, 0.0002494975182102733, 0.005353288931071306, 0.002107801283794338, 8.187820302833619e-5, 4.341785202724067e-6, 0.0006962918796799586, 0.0007510571723836697, 0.00012182225109607378, 6.70844513224548e-7, 1.3647064077282095e-5, 3.626350992766143e-5, 0.0012713972949864177, 1.506258859316112e-6, 0.0026692399693364604, 0.0014791395523490285, 0.0003325146760135016, 0.0001161225136579305, 5.103285606542629e-7, 0.00023850037533757222, 0.001480165396503504, 0.0]
[0.0011568666587881676, 0.00020898724980233886, 0.00014010567684681272, 0.007089450945541219, 0.004040066585295597, 0.0010740754331422108, 0.00036741556800884943, 0.000979608761575542, 0.00011436273564726946, 0.0008682240583033898, 0.001080372246593709, 0.0024660811793364903, 7.541051912355028e-5, 0.00012900677066246188, 0.000412207554055652, 0.0008173680874859965, 3.24592567110929e-5, 0.0009677952844284639, 0.00022867535402348003, 0.00241030168369409, 0.0, 8.50936587894541e-6, 0.00023471311217404143, 3.488117641776631e-5, 6.864537953827959e-5]
[0.00010220800437490095, 0.0011801487898941976, 0.0003025131471081537, 0.0021166820397410073, 4.514979894667875e-5, 0.0024494589475755613, 0.002430566181040362, 0.0007940676927161733, 0.00558680878776837, 0.001438215273944955, 1.2948110708740608e-5, 0.00023194060616435128, 0.0001900727054775812, 0.0008122571631120901, 0.0021896542037217887, 0.0002785471834621271, 0.0006306184626549468, 4.40807274121875e-5, 0.0012295046148858516, 1.1171873322349691e-5, 0.0007515683583043634, 0.0009718146390005988, 0.0014319761624032807, 4.696996322584138e-6, 0.00010407149923241329]
[2.9804434969621114e-5, 0.002623742953715022, 6.784062793957772e-6, 0.0013772090038677767, 0.005653639702698157, 0.0003953669967417979, 2.0682080482613795e-5, 0.00010318735096444959, 3.086443099114492e-5, 0.0014352599906021137, 0.004918457288490063, 1.9071602999577632e-5, 6.733157643895355e-5, 0.0021455186787394734, 0.0003083299361685658, 0.002881303904766116, 0.00024898867241115487, 9.417394322863189e-9, 0.0014287567249358663, 0.0008754023344720455, 0.0010346590138601598, 0.0006851796040898911, 4.5039166273129895e-5, 0.0006464267677430305, 0.00015378711740688484]
[0.0011322658879126136, 0.0027019062314006873, 1.587326938684119e-5, 0.00010431721992118373, 0.0016041972939213004, 9.145107875406402e-5, 0.00041070309493546585, 0.00021308655193226934, 7.444752659223255e-6, 3.813060353971521e-6, 0.0002649447101889372, 0.00021637454398232888, 0.0005851906891815081, 0.00024302360638627256, 3.1449979897151285e-5, 0.0009471996058362641, 0.0002121334601833491, 1.0989956496181615e-5, 0.00259751080785774, 0.0012717826421755167, 0.0018729812219901738, 0.0016718799328313012, 0.004624459354172762, 0.005000397946282339, 0.0020147025894123767]
[9.59028866537575e-5, 0.0004959535464092611, 1.9111600806362764e-8, 0.0016632585363347187, 3.342684637316776e-5, 0.0015539683332233632, 0.0002401808345488341, 0.0038951627267861492, 0.0008253851887983455, 0.001160272727030209, 0.001079788581545801, 0.0008351881373969668, 2.45225996277406e-5, 0.00034374181758269236, 0.00023078130511488496, 0.0024084416870816874, 0.0008038748976179119, 0.005482976555841769, 0.0043368116071152395, 2.221597287700044e-7, 0.00027281546216788733, 6.880686932537669e-5, 7.120479447336866e-6, 0.0005567006022524417, 0.00014873766481049606]
[0.00017313646071325298, 0.00036962810556479334, 0.0, 0.0006532803945555419, 3.2165726121963624e-5, 0.0008645791071191788, 0.002285960951156754, 0.0001161225136579305, 0.0008097464864558427, 0.0009718146390005988, 0.0001161225136579305, 0.0002842966403231459, 0.0, 0.0011184416374002927, 3.2165726121963624e-5, 6.70844513224548e-7, 0.001650502761118014, 0.0001161225136579305, 0.00036619926717123674, 0.000390531031640381, 0.0014319761624032807, 0.005112509061543216, 0.00017313646071325298, 0.007622337524443662, 0.0017553638798742058]
[4.670745421764483e-5, 0.0038258380924270537, 2.2597831506143847e-5, 0.0023562127419026815, 5.758215464259217e-5, 0.000528649802795168, 0.0005656664853623712, 0.0006648038110363694, 0.0010233060349437249, 0.0025160155061609065, 0.0015857357542051805, 0.002076774925609721, 0.0005134810676283531, 0.0018985242804457972, 4.487228160278932e-6, 1.3906345736222582e-5, 0.0002925908020576821, 2.4035904138267018e-5, 0.0011351779422175863, 0.002212275042647408, 0.0013795361339059386, 3.409859409216455e-5, 0.00011094020313682574, 0.002093350274667662, 0.00047569724030390543]
[0.00039819614376257733, 0.0001227718920249663, 0.0005901003891671565, 0.0019039625515169592, 5.46964733216318e-5, 0.0010046188326574175, 0.00028964681410396454, 0.0004279059339798823, 2.5625788795879132e-5, 0.0001525052225453778, 0.0012502600172810685, 0.0015432327201669281, 2.2768316776588735e-5, 0.0008459494865056053, 0.005463285252538358, 0.0014302471182992358, 0.00035521546667745827, 8.803822179604526e-8, 1.2105114903410998e-6, 0.0013254733840579996, 0.002742494962945468, 0.0005425430135944462, 0.0003055470528600954, 6.344591129753708e-5, 0.0026456875676570887]
[0.0028067385680206093, 0.00015375311646921054, 3.1204045306132823e-6, 0.0025380571486081603, 0.007191119322028148, 0.00265130758834314, 2.754965952722209e-6, 0.0004362092769829948, 0.003610883955094745, 7.717882094726873e-6, 0.0008946688662662132, 0.00013600992590919597, 0.0006323935312716508, 1.8366501708560242e-6, 0.0011826932726475316, 0.0005280086341927599, 0.00022554740608574965, 0.0009718146390005988, 0.00017546074885685338, 0.0009531888329585678, 0.00015135212418167406, 0.0003875744792136704, 0.00011507898136785895, 4.846014329074901e-6, 1.1409005294904582e-5]
[0.0011856688820980534, 0.0014897005983983466, 6.939630175489602e-5, 0.0008886253567169013, 0.0006576076229272178, 1.3086050791477784e-6, 0.0005526031339976468, 0.00012858178503614027, 0.00021351084778290733, 1.2006845824732797e-5, 3.8699809820552525e-5, 5.815807435491675e-6, 0.003055411947230845, 0.000189093964228369, 0.0010127622349712304, 6.155786640196651e-5, 0.00039384740370415963, 0.00020246359932324636, 0.00032872500554426056, 0.0007165208507749297, 0.002164356996934926, 0.0013972551941461085, 0.005101661144060719, 0.0004080840389616208, 0.0030360087604124272]
[8.362790265524392e-6, 0.0012281626180924744, 0.005264772319497157, 0.0015243747627192872, 0.0010757354862415223, 9.355422427443066e-5, 0.0013756509635318897, 2.5131005540337354e-5, 0.000934239838737673, 0.0010638779591839748, 0.0008199504379748802, 4.810739559944592e-5, 2.7081196392970226e-5, 7.482168574827986e-6, 0.0007808028844032248, 0.0030976966868204153, 7.633963142247456e-5, 0.00029660803924750137, 0.0029434612629501596, 0.0006793152555279614, 3.1826060941778686e-7, 0.0001341888857492703, 0.00037929784822562235, 0.0012070161195795103, 0.00022311591877898027]
[0.0007609966483555716, 0.0007505392787982134, 0.00036696714759454265, 0.0004072747152027425, 3.2165726121963624e-5, 5.901929856370479e-5, 0.0009229560285121015, 0.00044535404264614987, 0.0002491744510528188, 0.0009950680588409, 0.000661395811083364, 0.0004283423892003004, 1.3148020443656903e-5, 0.0007697704070030956, 6.864537953827959e-5, 0.008733009056931917, 0.0010291860111869312, 0.000699092741276889, 0.0031302303349019095, 0.00361744346311472, 0.000390531031640381, 0.00014498851081200075, 6.839784745591392e-5, 0.0005830127829128517, 8.50936587894541e-6]
[0.0017550423676039608, 0.008002039189857313, 0.0015537379410614075, 0.001106580713733383, 0.004189787501129525, 0.0, 0.004176860064428289, 0.0, 0.0, 8.50936587894541e-6, 0.0, 0.0004202359535364457, 3.2165726121963624e-5, 0.0, 3.2165726121963624e-5, 0.0, 0.005006193532449229, 8.50936587894541e-6, 0.0, 0.0, 8.50936587894541e-6, 0.0034920888809515955, 0.0, 0.0, 0.0]
[0.00015097891851811526, 0.0014542341985314539, 0.0008990204356028419, 0.0012586534007285426, 0.00026974076027284064, 0.00046773238976642725, 1.4427382111478109e-5, 0.0008553170210168853, 0.00022916494040171355, 0.0004666872532770403, 6.114180851017202e-6, 0.000117001370116495, 0.006753295336749971, 3.1823035360502554e-6, 0.0011184943331036083, 0.0004557250618189542, 0.0012263954130557059, 0.0005754728889419349, 0.0049066694308062715, 0.000280215009184767, 6.648029702756579e-5, 8.558886641021977e-5, 0.00026595634618683823, 0.0018751906700886847, 0.00012572792902516188]
[0.0007188289532173084, 0.00013159620424155367, 0.0006100736754848174, 0.0014067304868504282, 0.00039310009944936147, 1.8627820635756624e-5, 0.0029654385428332687, 0.0011464131096766243, 0.00451369626249196, 0.0009757872808513965, 8.061284870298103e-5, 3.264701981198952e-5, 0.0010447134210597349, 0.003059728680055159, 6.820839733503244e-5, 0.0006884198473099423, 5.7083697173756966e-5, 1.3600820290602484e-5, 0.00010703990413488997, 0.00043974549569711797, 3.852645303271452e-5, 0.0006366602508954804, 3.2165726121963624e-5, 0.002729619531964952, 0.00023850037533757222]
[0.001125641965489069, 0.00010049868507390437, 3.530176740517126e-5, 0.0014045081228092806, 3.883488125166687e-5, 0.0005095473962857446, 1.1079713805032436e-5, 0.006953811920679804, 6.27270485228067e-5, 0.003036612413834499, 0.00025739202767113877, 0.000687503700952643, 0.00048498209875822915, 0.0003566798319135857, 0.0017485877899508038, 1.6445307748027172e-9, 0.0011819058760996846, 6.43149193941552e-5, 7.187154589427167e-6, 0.0004549555309041244, 4.836147261033045e-5, 0.00037018462157975465, 0.004493857096919993, 8.428746266542805e-7, 0.00033013520090628776]
[0.0007466884964767353, 7.521420917270703e-5, 0.0002308221523689663, 0.0004128660439712585, 0.0002416141405415179, 0.0007269111929001423, 0.0011310857885680455, 0.0009265536273787862, 0.0020092250232215426, 0.00013090003401391558, 0.00023437411233249647, 0.0006254237750324141, 2.219907519802216e-5, 0.00033688060228453075, 0.00033124727655360706, 0.0006771942250547143, 0.0013158156853516172, 0.005678157661636039, 0.0016584822801975416, 0.001442440393140688, 0.005724460346162714, 0.0016387811817830094, 0.0013706734659698744, 3.8896903240718834e-5, 8.452578251123095e-5]
[0.003984984154126278, 0.000829657662156015, 0.00014402624965811602, 0.00246308526200811, 4.2364119801930125e-5, 0.0004673921148731046, 8.7753222429788e-5, 0.0008123621577898962, 0.0013211184593288922, 0.0001543610699471145, 0.0001391751757455241, 9.587395640589394e-5, 3.074866321833001e-5, 3.683146745992816e-5, 2.0576502769444473e-5, 0.00038900410227977415, 0.002071495389285947, 0.0003069594587711273, 0.0005396339175265611, 0.0019262027542063485, 0.002519522041143028, 0.002655323373859564, 0.0009232641526964402, 0.0003527156770293917, 0.0006973512182092655]
[0.0004582873961591345, 0.0017859979461869353, 0.0011151359994369405, 0.0003994185862655859, 6.372070418706821e-7, 6.9835839282676206e-6, 0.00186036215276969, 0.0008626563496342676, 0.0018223499614575603, 0.0015409838306142815, 0.0002891732300664986, 6.924218564378004e-5, 0.0004202270844594503, 0.0008412817796347493, 0.000162033744800632, 8.984264027644311e-5, 0.003216061772842633, 0.0009261038125567573, 0.0029139253665510147, 0.0018767952837235816, 6.864537953827959e-5, 0.00017313646071325298, 6.864537953827959e-5, 1.1292667309886425e-5, 8.50936587894541e-6]
[0.002657519278931408, 0.0028773430679621247, 0.00017505298192252395, 0.0011428781523473135, 0.0001554153451207279, 3.530304507061693e-5, 0.00021512358763815798, 5.453554322535888e-6, 9.849741685387294e-6, 0.004265559808259746, 0.0002693046488018748, 0.0004487962701596867, 0.0003433537553298536, 4.858464938814044e-5, 0.002313992768230971, 0.000421753896464064, 8.710010709316344e-5, 0.0009593333367787938, 0.0009247088349397942, 1.896996814474772e-5, 0.00023850037533757222, 0.00047569724030390543, 0.0003112367062416818, 0.0011961217098038952, 7.519041657051879e-6]
[0.002009129084046341, 0.0023885132663798393, 0.002201114172177058, 2.06324356256094e-5, 4.47359344795666e-5, 0.0013429262204685266, 1.0606755220265692e-5, 0.0027630620078339073, 0.0018999375917152644, 1.2657106389921325e-6, 7.870062382050536e-5, 0.0007549764955258184, 0.001107966919723525, 0.0021373680629219825, 7.330528993627645e-5, 4.578650740148273e-6, 0.0007621779710140185, 0.0008066075813633299, 0.00024006587905646025, 5.53687069505449e-7, 8.11534394129168e-6, 6.864537953827959e-5, 0.0015819926168270755, 0.00020737983781246474, 8.50936587894541e-6]
[0.004477706463446012, 2.6114774892040116e-7, 0.0007588961547720136, 0.00016891114823999612, 0.0005396579835510338, 0.0008628961819553468, 0.0003575799302697816, 0.00016565034542282038, 4.9305862001855234e-5, 0.0011410016716839055, 5.4835365739805235e-5, 0.0004495884208336066, 0.00025533088063249294, 2.0366714042925096e-12, 0.0011637671525186882, 0.00011232853867388683, 1.6627429993724832e-5, 0.001385324434170881, 0.0012870091548189688, 0.0013315417427188416, 0.0007353216816162952, 0.005109895385659331, 0.00027960972695067815, 0.0005082819877038763, 0.001753446590680283]
[0.00014565993376799416, 0.00048107185063094287, 0.0005426924142440566, 9.230769760628223e-6, 1.3018305596594745e-5, 0.0007647139080325183, 4.2913350724015694e-5, 0.00029869713531583027, 0.005149237072901967, 2.024434460984895e-6, 0.00034032186327566903, 1.560662825310908e-5, 7.983374619043243e-5, 0.0017871322938864832, 0.000162866822305364, 4.271764192697886e-5, 4.954314357452378e-5, 0.0009021046405038504, 0.0014657345573705315, 0.00012116434767793418, 0.005501501525476748, 0.0010248548093703073, 0.0005151259047447686, 0.00011235579918485736, 0.0013476544580856482]
[0.0010528428315982885, 0.00012048972112942754, 0.0002746458519738192, 0.000301762902968291, 0.0021028425741760745, 9.486692831856404e-7, 0.002173212804950161, 0.0009640588346341936, 0.001266990254691569, 0.0002601280918779411, 0.001724761702096119, 5.4252753508765225e-5, 0.00023028459109982868, 0.0021840564596996345, 0.0008536825652247517, 5.820487603484174e-5, 0.0027318469404707633, 1.4735801844309795e-6, 1.143618400794048e-5, 0.002034477602855906, 0.0003112367062416818, 0.0003112367062416818, 0.0002695648739566832, 0.00047569724030390543, 3.472470976634669e-6]
[0.0014746409122792271, 0.00029268997076732205, 0.0001456503544952554, 0.000620142597946999, 0.0014263387836995732, 0.00027859337804837965, 0.0003166564336747903, 6.619117198428419e-5, 0.000568115853856836, 5.222406967276931e-5, 0.00022143049960619875, 7.73326411071403e-5, 0.0016025379605751266, 0.00014139855727689178, 0.002998752102906399, 0.0006749951208984322, 0.0007203771163297196, 0.00062964251903055, 0.0015262867874437699, 0.0001043132792972086, 0.002264296387929167, 0.004069357578444852, 0.0002735792593804487, 7.46447187203788e-5, 0.0005234391505198402]
[0.00013425374282760583, 9.825294059367137e-5, 1.8536399311917828e-5, 0.0008454134463097775, 0.0001161225136579305, 0.0007623884964084553, 0.00010904228544805945, 0.00030177991657128617, 0.0010239036629102333, 0.00345080401581042, 1.5019243214468001e-6, 0.00040435873239786984, 0.0003482955426577202, 0.0002962056000502585, 7.024297937736673e-5, 0.0015671900914971983, 0.0006738691925761535, 2.2822185525284838e-5, 0.0021371885794112637, 0.0018527139224939013, 0.00014838008319332358, 0.0010634834385864424, 0.004396795486017239, 2.8487989968740447e-5, 0.0001161225136579305]
[0.0002224933917277, 0.0006662972268202611, 0.00011811645750188678, 0.00031618841390246115, 4.960254203703607e-5, 0.0002497926856198235, 0.00047108281813309887, 0.0023069194845154063, 0.0011854521065993821, 2.9382902548208477e-7, 0.0007067313997247363, 9.214583529242645e-5, 1.1139569102755741e-8, 8.86925296494541e-5, 0.0005325761121524036, 0.00019096365865974626, 0.0008431957327860572, 0.006223012581064332, 0.0020806411652438284, 0.0005790038048423115, 3.3799032803785234e-6, 2.7037243720590847e-7, 0.0004927028556345548, 0.00027717136987136324, 0.0024117222773209004]
[1.542370975208987e-5, 0.0007645735297626341, 2.664963854126653e-5, 0.00010746818643142682, 0.002657715399857168, 1.972448109810015e-8, 8.2073500342494e-8, 0.00030316478763672697, 1.4120172364988554e-6, 0.00048494183131038253, 0.00025482212295456085, 1.7005106795843494e-5, 6.45581582970962e-8, 0.0002530787648862595, 0.000993353725208701, 0.00208534317595915, 0.0010333354683928, 2.8675547597163068e-5, 2.6298760527494833e-5, 0.00085234028988131, 0.0016778315683610486, 0.0009856064791962365, 0.0015537379410614075, 0.002310280180334894, 0.0010817057791107452]
[0.0010279759220517496, 6.91626954926537e-5, 9.878464149095517e-5, 0.00014706085748153637, 0.0007354990059952127, 0.0007451257482395043, 0.0004006936101513883, 1.8908011510981176e-5, 0.0044485051513821795, 0.0006397541070887122, 0.004577215319387628, 0.0016224047126363796, 0.0011740701614775442, 0.00030098366433393194, 0.00015556203727294833, 0.0011135560136569349, 5.4778371310503296e-5, 0.00039075593504197224, 0.0009125877874602527, 7.500340772272551e-5, 2.4871348281695895e-6, 0.0005515205040504899, 0.00037984986567787707, 2.610027356245582e-6, 4.160138461760691e-5]
[1.1292667309886425e-5, 8.50936587894541e-6, 0.0008541083438125359, 0.0001386043677274755, 3.2165726121963624e-5, 8.08123978077841e-8, 0.001358298627872739, 0.0011156984100832955, 0.0020626912917920217, 0.0014319761624032807, 0.00036630300407795467, 0.0009110260654366033, 0.0005182374601155008, 3.2165726121963624e-5, 6.864537953827959e-5, 0.004959799444231064, 0.0023512309280683745, 3.1842235015133464e-5, 6.864537953827959e-5, 0.00047569724030390543, 8.50936587894541e-6, 0.0001161225136579305, 0.0009110260654366033, 0.0, 0.0]
[2.771278092290045e-7, 7.736581801376168e-5, 8.681474699117763e-6, 0.0006436198677520271, 8.50936587894541e-6, 0.000199878249022142, 1.4978194088863272e-6, 0.0006969027696933656, 0.0014137715030414846, 0.0009926867246884, 0.0048865756399922074, 0.00045316759805055394, 0.0014741088683786294, 0.0019532168823862264, 0.0001386043677274755, 9.148695888738399e-6, 0.00036677058400232327, 0.0002726969559132906, 0.0012006245503852434, 0.001202329478029453, 0.00015999774950266224, 5.041048231458169e-7, 0.001018425350231185, 0.001109776583450252, 0.0]
[0.0014822000686512977, 0.00047329465529300126, 0.0016778315683610486, 0.0010596345235061137, 0.0002822466919986941, 9.614671880408643e-6, 0.0027062454207440814, 0.0008727027448915689, 0.0018023006391216165, 2.3008738367325757e-7, 0.00019096660274953202, 0.0008252213021008523, 5.552288461696899e-5, 0.0010276298879474174, 0.00024379813836722256, 0.004442809842134294, 0.00012344083387798906, 1.967749467491817e-5, 0.0019431753219645194, 0.0007274380786393706, 8.50936587894541e-6, 0.00017313646071325298, 8.50936587894541e-6, 0.0001161225136579305, 0.0]
[0.00124829718818548, 6.297381104607212e-5, 0.00040847433652014403, 3.721205620786606e-7, 0.00016982026307213309, 0.00012137974223172922, 0.0014501506004069298, 0.00013672546878943075, 1.1220388920145266e-5, 1.5637625852493947e-5, 0.0010642928752480404, 0.0014875453290522948, 0.003145285024334074, 6.049057540405737e-5, 0.0008767918660481711, 0.00026365397010958726, 0.003229645942798535, 0.00020682595090516093, 0.0001841346173048963, 0.0010075255018523726, 0.0003809455748013616, 0.00031829845161311134, 0.0008320294875084743, 0.0034479412269966536, 0.00027735619532984245]
[0.0012126638519521955, 0.0007392001131712005, 0.0004669851587235834, 0.00019012633012555416, 0.00020106154968099017, 0.005052168366062409, 0.0010047078368135218, 4.7523101586669685e-5, 0.0026351026303420566, 0.00047569724030390543, 0.0006911903311885787, 0.0003354415306918773, 0.002159633513079247, 0.00018960566946444723, 6.864537953827959e-5, 8.820657273127188e-6, 0.001725136893559233, 0.00015677030695678527, 0.00036549423168430115, 3.2165726121963624e-5, 1.1292667309886425e-5, 0.0002695648739566832, 0.00017313646071325298, 0.0011961217098038952, 0.0]
[3.552631312608184e-6, 0.00038248315742807956, 0.00019816828150101724, 0.000567638866487182, 0.00036689921750315563, 0.0012091794948444496, 0.0010422750101332203, 0.0002722902472085979, 0.00048669068292461586, 0.00011553987971605327, 0.0008382676999240729, 0.0007487760142913975, 0.0008904355968625509, 0.0027595257148342756, 0.0008437376833575405, 1.4072087801667694e-5, 0.00043842757587570814, 0.0016812446200339271, 0.00014488949265294843, 0.003856243533395913, 4.061642464051789e-5, 0.0008673810419403769, 0.0005789089065701743, 0.0009126743220499584, 0.0001440200650099123]
[0.00016746260230027493, 0.00020280691016058778, 0.00017313646071325298, 0.0007609966483555716, 6.864537953827959e-5, 1.943594438654243e-5, 0.004454652005082455, 0.0012464483588440628, 0.00017468129010747612, 0.0005661521693803818, 0.00020939440341800723, 0.001332734951524216, 2.2909942787126302e-5, 0.003020193344156331, 7.024297937736673e-5, 0.0003754598402757464, 0.0004483389642809298, 0.0009718146390005988, 0.0005360856246997892, 0.0003112367062416818, 0.0014319761624032807, 0.0, 0.0, 0.0, 0.0]
[0.000144068196406577, 0.0001473557226312843, 0.0005686009114615172, 0.0005714647740692651, 0.00010390462168866034, 0.0011456953349103932, 0.00018052717405561648, 0.001442157377296395, 0.0006586858857352464, 0.0022973478975459437, 0.0007495349918130775, 0.002306336471364138, 0.0014452538841111442, 0.00048273671420211595, 0.0002891890395042363, 1.8307473269635246e-6, 0.000565749709960389, 0.0002684433943683307, 6.715779980651267e-5, 3.563092005957349e-5, 0.00014326670303076725, 3.078587808873028e-5, 3.9895696413993174e-5, 0.00024051202029616407, 0.0028112539471630976]
[0.000834365785678812, 6.623137150097791e-5, 0.0002333969650169115, 0.0007571614865792657, 0.001209014657274516, 2.1192430403000413e-7, 0.00012641584460879388, 0.0004488097728435306, 0.0009262192945389824, 0.0007196372174919823, 0.0010559596324134302, 0.0018735991688036517, 0.00031633847190229956, 0.0002896115889626464, 0.00022064898675990918, 0.004666357504086737, 8.794061757605356e-5, 0.0022224500313693003, 1.679822775723706e-5, 0.00041650884083202066, 0.0, 0.0007341067636079677, 8.50936587894541e-6, 2.143304578716308e-5, 3.2165726121963624e-5]
[0.00023079626006071354, 0.002339435456042491, 0.0010000878466768816, 2.6515349086519307e-5, 0.0003112367062416818, 0.00047569724030390543, 6.70844513224548e-7, 0.004301831116152505, 0.0005578514476086997, 6.864537953827959e-5, 0.001122222032109925, 0.0004715236434458059, 0.0002762324411747282, 0.0011292209862727928, 5.997180146779049e-7, 0.0003112367062416818, 0.00022222584355664808, 0.0014319761624032807, 0.00023850037533757222, 3.2165726121963624e-5, 0.00023850037533757222, 6.864537953827959e-5, 0.0007609966483555716, 6.864537953827959e-5, 8.50936587894541e-6]
[0.0001687040461526611, 0.00022128388787839718, 8.735063163682296e-7, 0.00010071934342758323, 1.2779793715177873e-5, 0.00046163847154199415, 0.000472398463556338, 0.001088690695762359, 0.0024651486582639333, 0.0007487246986717152, 0.0006536608684961764, 3.8494378550007775e-5, 2.8341941837604413e-8, 0.00029829092402082957, 0.000999475418453237, 0.001894589958220361, 0.0034331408676894545, 0.0012343549915193198, 0.00015157134752716945, 2.3008696008766172e-5, 0.0007491739938916449, 1.9997329425857366e-5, 0.000957975399783097, 3.623019479319866e-6, 0.0005415563007620128]
[0.002960400938101118, 0.0003992459204195083, 0.0008800755122778934, 0.0009416834290998863, 0.0004139916569566187, 0.0017354159241883358, 0.0009432175899249506, 0.0006696890569390483, 3.492064724511549e-5, 0.00041627831600983285, 6.5556383124383815e-6, 3.140733627095271e-7, 0.0005572678120234118, 0.0009678142881562116, 0.0018584125964554912, 0.00012798279739444259, 0.00028902395046724854, 0.0001661755167409731, 0.00161818166459907, 0.00024727531818484255, 0.0015384212245615411, 0.0003040042587001031, 2.3347228601255064e-5, 9.462262746915426e-5, 0.001225674636146281]
[9.239610650056554e-5, 0.00023141712412256925, 0.0021273464527053684, 0.0020177545485382618, 2.024434460984895e-6, 2.372569937997889e-5, 0.0016446249450125256, 0.0003262729151333127, 6.33589778836096e-6, 0.00047569724030390543, 0.0004701293639108473, 0.0006106237733253094, 5.9682170225314884e-5, 0.0004672428492227057, 1.8461107310899423e-7, 0.003003115068488618, 2.7625516181673882e-5, 0.0003721987527708689, 0.0009071881572225854, 7.040892557833901e-5, 8.258851220955448e-5, 0.0016866143674722361, 0.0006490127416488838, 0.0012667445423258754, 0.0002541214088938198]
[0.0007253358557961689, 3.588841326576187e-5, 0.00013145640751394648, 0.0004971974185412099, 0.00019825912142769526, 0.0002646386587684601, 2.3389151890753626e-5, 8.572101153776746e-6, 0.00036642140859246067, 5.99234488034622e-5, 0.0005766519637306813, 3.773298632682497e-5, 0.002726604776549237, 0.0003124401852375395, 0.0007294662617953898, 0.0006443147038841046, 6.37208683083198e-9, 4.471412869427589e-6, 0.007303410008474474, 0.0009895766311598577, 4.917651339255975e-6, 0.00017382379844532638, 0.002479627136330681, 0.0004274334906069011, 3.778325741579875e-5]
[0.0005539591310774676, 0.00013268782678692238, 1.763300380391256e-5, 0.00034125861011066435, 2.1895858943666864e-5, 0.0003696771287082755, 0.0019962307491213464, 2.4209018645620934e-5, 0.0005958569789218434, 0.001157158444184337, 0.0008496719931118885, 0.00016616166356670653, 0.00017706188647607706, 0.0007773101914138039, 0.003021193524798403, 0.0003880863988472384, 0.0002045699798541717, 0.00024762792651653997, 0.002640713675584525, 0.00308887552897354, 0.0001161225136579305, 0.00023850037533757222, 3.852645303271452e-5, 0.00017313646071325298, 6.864537953827959e-5]
[2.094275438710696e-6, 0.002230261220115359, 0.001815827517063242, 0.000574716288480835, 5.041048231458169e-7, 0.0001327315427862661, 0.0037517750308197727, 2.709782873776788e-5, 0.00010990322699383883, 0.0010824141040125777, 4.465014206347668e-5, 0.00035171214485054357, 0.0021719894461622764, 0.0008082312485853862, 1.8461107310899423e-7, 4.725738169090651e-6, 0.0004911910963217346, 0.0005498944451754724, 0.00033717549980531985, 0.00011224758429833942, 0.0005203605088077243, 0.0016764704974454626, 0.001978084929315546, 4.25311864475197e-6, 0.0019904153684318156]
[0.0004401408934721091, 0.0004703846230427475, 0.002043602237962275, 2.3576297346962786e-7, 0.0008984868197956723, 0.00016826496769300169, 5.348226278762596e-5, 0.0008131910182298807, 0.00032422536788002596, 0.0003112367062416818, 4.139349076147066e-6, 0.0024903132140740997, 0.0008003252736658467, 0.0004302684881502452, 0.00040435873239786984, 0.0007792846667349657, 8.773223027855196e-5, 0.0003199330192473651, 0.0011514237822508669, 0.0004789443651419833, 0.0013674158367106368, 0.0013929025401105636, 0.001458358052678392, 0.00017966496759993806, 0.00038741047141665846]
[0.0005921216323296935, 0.0009851080607979797, 0.00027424203966835547, 0.0005200420852347586, 0.00042366626516279434, 0.0007785477759376987, 3.3807673466457362e-6, 0.000339149687976516, 4.246932725649735e-5, 0.0014550337622475599, 3.0961658046659485e-8, 7.993068221907223e-5, 0.0035038121313109485, 0.0008309557343985762, 0.00027706699496999644, 0.0006483006216418197, 0.0011133517997281694, 0.0004978442827811447, 0.0017480278550123518, 0.00037461082429716356, 1.6408713680889542e-5, 0.0008470286909687073, 0.001152435327387554, 0.0013400055170274747, 0.00015952185338535124]
[0.0010182599896191107, 7.681400392222791e-6, 0.0004626606693296639, 0.0004138431360479495, 4.4818257596183604e-5, 0.00018973432872621855, 7.436892502042311e-5, 0.0010264348492916384, 0.00030689390958667847, 0.001193032197553674, 0.0003077643577823982, 0.0029122957655079752, 0.00018163264666476572, 0.002903857861894503, 0.0005546953626416134, 2.463962184804595e-5, 6.3899774969825365e-6, 0.0032053425486372822, 0.0014047031552161388, 0.0001622334451644742, 0.000390531031640381, 4.425101147718794e-6, 1.5637625852493947e-5, 0.0013270644219072645, 6.864537953827959e-5]
[0.001436913490865454, 1.4779586021252279e-5, 0.0002969714569499961, 7.571012525533658e-5, 1.8461107310899423e-7, 0.0011758249872909528, 0.00025964020097662185, 0.002606973686552449, 3.318571068962914e-5, 0.0011961217098038952, 8.694779612459331e-5, 0.0006158123284193406, 0.0006485433658192669, 0.00021300375040000062, 2.3226857634176673e-5, 0.002070213485317997, 0.0019366082399909171, 0.0009993440025191994, 0.0010279193828835968, 4.3802207240457446e-5, 2.0545753841870506e-6, 0.00010607046468673375, 0.00023740344267878227, 0.000761545568785809, 0.002194762932941256]
[0.0013111149822143892, 0.00047460654040187324, 0.0021782857824079824, 0.002600991340004969, 0.00013416141617025195, 8.945605413475518e-5, 4.049239578485741e-6, 3.731043831863793e-6, 0.00017107324638822915, 0.00042353248327244193, 0.0012257569897146285, 0.00104338337214583, 2.493967161138963e-5, 6.136393146849309e-5, 0.00037669455100858046, 0.001003957945422288, 0.00018994826750038957, 0.00017695706893234003, 0.0016573633284522778, 0.00297208583846477, 4.47092341960679e-5, 0.000471569780094069, 9.717460218937779e-5, 5.249210494949388e-5, 0.0006351518248566813]
[0.0012939810433504183, 2.7670919842472195e-5, 0.00030033737297051983, 0.00011151729564760383, 0.000390531031640381, 0.000498640445259717, 4.140923826750648e-5, 0.00030798405568517205, 0.0005943466802486776, 0.0007223382871322875, 2.225523741579958e-7, 0.00019230621273348594, 0.002971237155344846, 7.477225595482577e-5, 0.0013136827127070436, 0.0002435355145007762, 0.0014303071621257334, 0.0020530595173041287, 0.0009640239167519864, 0.00011012632247278881, 0.001115952005483459, 0.00011776139129159513, 0.00029728388024088427, 0.000674215755271745, 0.00013873707272770049]
[6.322736561395004e-7, 1.840522403777226e-5, 0.0011999330313166925, 0.0007274380786393706, 0.004644132950734332, 0.00015182700885439074, 0.0009718146390005988, 0.0015555484190605132, 0.0, 0.0, 3.2165726121963624e-5, 3.2165726121963624e-5, 0.000653970097648371, 0.0, 0.0, 1.2137783651849042e-5, 0.004040066585295597, 0.0002946305502919914, 8.50936587894541e-6, 8.50936587894541e-6, 8.50936587894541e-6, 8.50936587894541e-6, 0.003653049425878146, 0.0, 0.0]
[1.400233987585125e-5, 0.002060969625217543, 8.581533163847898e-5, 7.573960772387883e-5, 0.0008094032463850473, 0.0010154260942015821, 0.000485048414735699, 0.0001223164980386417, 0.000984113878757081, 0.0002687798412176596, 9.542915105903026e-7, 0.004330315369233152, 0.0004709460131461147, 0.0009995268846176653, 0.0002602261056646657, 5.1575348705561056e-5, 0.00011591315127877037, 1.6253283147924088e-5, 0.0006047182768930646, 0.0003718901142183962, 1.6583021819647136e-5, 4.0471986510482176e-5, 0.00015846000086767976, 0.001543951395876951, 0.0007867390889477405]
[0.00297640724347923, 0.00025678854172781103, 0.0033009614216281524, 4.398469284170627e-6, 6.243458409991079e-7, 0.0003041609325173094, 0.00014575085315519237, 0.001174989840916579, 9.82832804590902e-5, 0.003048256599364054, 4.210680295882322e-5, 6.236087671773424e-5, 2.0959695246831216e-5, 0.0002501148737324788, 0.0001918860643252919, 0.00045755917064300294, 0.00040401562252543287, 0.0006924428543305695, 1.7383027083516574e-5, 0.0011367530732324486, 0.0005097225507298847, 3.571237556654501e-5, 0.00017313646071325298, 0.0010519276436437618, 6.839784745591392e-5]
[0.0011157221984726146, 0.00035545874239873744, 1.2655248506678323e-6, 0.00022848492363805248, 0.00011733342002891427, 0.0013151195951527032, 0.004353435381344119, 0.00010011183922432757, 0.0007151611091951084, 0.0022494258968463136, 0.00016911900428832546, 0.00038368534083826856, 0.0002624937203003627, 4.253817674362088e-5, 1.760742529694848e-5, 0.00044605722953342496, 0.00011401275057692844, 0.0005907149539420009, 0.0002475390232014301, 0.0004677306587405842, 0.0005380067627631341, 0.000661395811083364, 0.0009869439344412948, 0.0001161225136579305, 0.0008175965414339579]
[4.126362901666963e-6, 9.05504843483711e-5, 2.2320336582327266e-5, 0.002940150300856134, 0.0004897467611450204, 0.0003817105127987301, 0.0016089750619537064, 9.910543148498353e-5, 0.00045382019082036706, 0.0002320915083612136, 0.0003339638935186311, 8.94972176258954e-6, 0.0005343443304243866, 0.003722986824170091, 0.0003721326216130161, 4.640215216641214e-5, 0.0005920565471737643, 0.000301563802218921, 1.2321560810229343e-5, 0.0017684175506076268, 6.326534974579945e-5, 9.448809147402691e-5, 0.00013220428207047583, 0.0003858504404694856, 0.0014361969836424147]
[1.8237380601308765e-5, 0.0010640587081676995, 0.0006224246793677859, 0.0003960538526752012, 0.001093449737246511, 0.00019966222616931394, 0.0005306752056792353, 7.99868911802832e-6, 0.0004474278505014178, 8.789255759607652e-5, 0.0009188190890204143, 0.0008119605442449647, 0.000476288633722414, 0.0003366192982359618, 0.0003024003937651307, 3.0428711514913272e-5, 0.00012389614989994756, 0.0016968765564986908, 0.00016402906943160152, 0.0005116280046827074, 0.000825557436099696, 0.0006820824267791147, 0.0003394682769627673, 0.000934397766777544, 0.003398792436324246]
[2.6602939235545377e-5, 0.00021730270034529993, 0.00033990087356050667, 0.0019261122536404687, 3.2455239697463945e-5, 1.506960738245286e-5, 3.947272975132212e-6, 0.00011986939389430464, 0.0013698197854638723, 0.00042103243441657216, 0.0002814624932063279, 0.003312181005093503, 3.541304736501619e-5, 0.0008610112748881245, 0.00013389803382109601, 0.00272331355664006, 1.7955713369552774e-7, 0.0025525562993708346, 3.547122193228963e-6, 0.0005923903053145557, 0.00014449307558650568, 0.0002717092987539159, 0.00031202456815982837, 1.178895341975004e-5, 0.000727634627549858]
[0.00015853431042503648, 6.379773455492642e-5, 0.0009976651969421223, 8.610027366781669e-5, 1.6721367133368714e-5, 6.072412721066394e-5, 0.0007421210888650474, 0.0018781449496922103, 0.0013871180336668103, 1.5637625852493947e-5, 0.00042349037895847517, 2.5021889330938824e-5, 0.0003845723953994672, 0.0009425930230905002, 2.964356795670894e-5, 0.0009363017231662062, 0.00035502675237418426, 2.9049164441344614e-5, 0.006584289163536334, 0.00017313646071325298, 0.00035742113898889084, 0.0005462033200889916, 0.00021706871224042024, 1.9101302581779177e-5, 0.0]
[0.00014775463856135738, 0.0001658391689131648, 7.70809968415114e-7, 6.172428936151433e-5, 0.0004581527273564475, 0.0009151586084422472, 0.0010509268291953415, 3.2481522461907182e-6, 0.00012136744927789683, 8.43835215873826e-5, 0.0008000161999191808, 3.116448138984094e-6, 0.00010349997555434234, 0.0007416979761113111, 0.0006906196713374938, 2.873978678485798e-6, 0.0023507529299084135, 0.0037349635762339815, 2.5774188177451595e-5, 0.0002295453893299095, 2.8750366679417157e-6, 0.002079321708654446, 0.00032010018665055854, 0.0010469917348512638, 0.0010885597311073463]
[0.0004662065107572033, 5.9402256285910095e-5, 0.0018022625204844748, 2.169076485053641e-5, 2.1819654397324593e-5, 0.001621641361541212, 0.00034289688216995046, 0.0004964090197618941, 0.002772481543378627, 1.7785042740479158e-6, 0.00010348940599878235, 0.0016219919574617034, 2.2569909899357635e-5, 2.3229613640323495e-5, 0.00014571591273762293, 4.198243142863943e-5, 0.006359657460967828, 1.9680079743384098e-5, 0.0014129695912688846, 0.00029113878040929126, 0.00015677030695678527, 0.0009502722619292164, 6.864537953827959e-5, 0.0001799378899368341, 6.864537953827959e-5]
[0.0003297913810004806, 0.0007979790051978602, 0.0013223292047023529, 0.000778686916908862, 0.0003076573920228131, 2.322251644714746e-5, 0.00021668173183197982, 0.0015644093157260106, 0.001301769704247186, 4.541889130881829e-5, 0.0005816147446931017, 1.196225610833367e-6, 0.00011173519769376063, 0.0010412554068839333, 0.000162866822305364, 0.0018395326462838143, 0.00016586770191002326, 0.00010665865657729593, 0.0012737769405870326, 0.00010596914176963122, 0.00025268546525157587, 0.00027014558723437946, 0.00023140851963705886, 0.0005295799269984715, 0.0004343915375999391]
[0.000661395811083364, 0.003259716492924787, 0.0009300488413662403, 0.0015937160231779641, 6.864537953827959e-5, 6.864537953827959e-5, 0.0012496518442780997, 3.0818203127763906e-5, 0.000574204589497852, 0.0, 2.610027356245582e-6, 3.200253513156856e-5, 0.0014688515709606722, 0.001345805587950498, 8.50936587894541e-6, 0.0009718146390005988, 0.00021064147893206167, 0.00013220421993473982, 0.0001742757188660845, 6.864537953827959e-5, 0.00025681659525217697, 7.426388322787948e-5, 0.002954059428335416, 0.0001227300996530802, 8.50936587894541e-6]
[4.529440629656668e-5, 0.005425274052628853, 0.0015898860932922754, 8.479011458505104e-5, 0.00042274898179503256, 0.00019260720885478028, 0.00030042008500357886, 1.0535752499779062e-6, 0.0015523856357189114, 0.00010519460833435042, 0.00010626158944048499, 0.0016740587706518817, 0.0003694400728714107, 0.00019746714836638233, 0.0005031494916428606, 1.5261154713788684e-5, 1.2689777778309179e-5, 0.0014451997930188696, 0.00042138607931362787, 3.953881697582042e-5, 0.0008086570067487716, 0.000665643376885839, 0.00011771852836333719, 0.00038591577260928874, 0.0008372552209094967]
[0.0007248079037364217, 0.0001627612907967274, 0.0011439097596102812, 0.0003268927553935555, 6.429456366546728e-6, 0.00037730617731646446, 3.2107900972312025e-8, 0.0015320848896166177, 0.0009894621555160627, 0.0007216313785935839, 0.0005575006811268535, 0.00017381624083877582, 0.0037176912904733836, 5.227999580059619e-5, 0.0009077954105312629, 0.00038488517349171986, 4.606320974963828e-5, 0.0012764046441718201, 2.7704346908111318e-5, 0.0009319059423845578, 0.00030801228980368266, 0.0005692484075571374, 1.3780381499215052e-5, 1.7490808312324243e-5, 0.0014207759926894567]
[0.0016526366966961858, 0.004241046045257466, 0.0008645791071191788, 0.0005961401065908657, 0.00048317738164197627, 0.0001297268076018033, 0.0003413027119111914, 4.7341777424286845e-5, 2.347680483393488e-5, 8.857392532763395e-5, 1.5408662775166196e-5, 0.00024541427274616615, 0.00013055269987591756, 4.529576646250793e-6, 4.2766710069508146e-5, 0.0002494975182102733, 9.820404421907215e-5, 0.0012066540361480582, 0.0005694461919746457, 0.0011069111910358511, 0.0, 0.0013127100730284439, 0.0, 0.00017313646071325298, 0.0]
[0.00023002533892277788, 0.0001291078864501848, 1.7845292847491756e-5, 0.00017341405492832902, 0.0027078459120049147, 0.0026263050397325564, 9.757103159268232e-6, 7.89115238864161e-5, 0.0009966027708644297, 0.00024290843705164229, 0.00022561958155985305, 0.0012147258264163952, 6.670404244070319e-5, 2.97702216951344e-6, 0.0014521840733039606, 0.0012341889365355633, 0.0021015068217492758, 3.826778994857403e-6, 4.780046336593522e-5, 1.0305022350684079e-5, 9.575806882852885e-5, 0.0008601593325440514, 6.201759087374895e-5, 0.00047648324237717105, 5.290840939158503e-6]
[0.0002250179845425188, 0.00037979989015066596, 0.0006398637836986503, 5.466203211946814e-6, 4.030501022285292e-6, 1.4598175492416712e-6, 0.00017908840502256019, 0.0001659300220305895, 0.0010721135505647583, 0.0020239044905682136, 0.0005498793351882613, 0.0006121447869953511, 0.0008983139028643766, 0.0002811689042943313, 0.0003901365799307175, 0.00037892991384561644, 0.004721434484880896, 2.51744915148208e-5, 7.278629171996375e-5, 5.668291266595438e-6, 9.776887977909357e-5, 0.0008074589013314696, 1.7176209979786366e-6, 0.0007555701249062014, 0.0005563063944630155]
[3.852645303271452e-5, 8.50936587894541e-6, 0.0, 0.00022222584355664808, 0.0, 0.002270542078441809, 0.002073190183593793, 1.684301632461923e-5, 0.0005536478443112693, 3.626350992766143e-5, 0.0023285488830018857, 0.0, 0.0, 6.864537953827959e-5, 0.0, 4.035572746330504e-6, 0.002119329183319485, 0.0008549607175816075, 1.0536134215760585e-5, 0.002194762932941256, 0.0003112367062416818, 0.0, 0.0, 0.0, 0.0]
[0.00022715616639897105, 0.001318143083885108, 0.0011015323998451922, 0.0004814766797210015, 5.5611917121338623e-5, 0.00047968217697445803, 0.0030961497991654607, 0.00039241733032241563, 6.722638640430383e-6, 0.00013937783473978857, 0.00014446192868588798, 0.00011177436077410355, 8.417628564144999e-5, 0.0028045509035810635, 3.288800874556288e-5, 4.787272246318305e-5, 1.5994456250226262e-5, 9.651379317417679e-7, 0.0006809163661958819, 0.002366673071995177, 3.056843892665275e-5, 1.4172330487582626e-5, 0.0007085430265974663, 5.7887210969096315e-5, 2.9876897222513594e-5]
[0.0006129484426559621, 1.2145686982493434e-5, 0.0011739389558543512, 2.5712634968065812e-8, 0.0016079546491633775, 0.0010587110971326582, 0.00012338092629987554, 0.00036882732037744935, 0.001148529538052714, 0.0020253874879246243, 0.002381205315012445, 0.0001073690627679748, 3.2119567025733708e-6, 0.0007069564241157207, 0.0003093260670264516, 0.00069823226402819, 0.000854229550223488, 0.000574945548370114, 5.421018403021431e-6, 0.0010681026243826754, 2.002542078141542e-6, 0.000394893282446226, 1.494960200395276e-5, 1.6536956391399336e-5, 0.0001620724241311374]
[8.867184933210315e-6, 0.0009312893430548771, 0.0003066099540843057, 0.00028751788338486715, 1.5951068174398632e-6, 0.00041903966417793223, 0.0014542268825929994, 0.0003088975222539439, 0.00025243656091747456, 0.00014200580618009486, 0.0016459544237767657, 0.001722052471796345, 0.00015182700885439074, 0.0023316051997101152, 0.0010511723498864145, 0.0002508780522137966, 0.0013127100730284439, 0.00015677030695678527, 1.2020541621888788e-5, 0.0003112367062416818, 8.50936587894541e-6, 0.00022222584355664808, 7.778390567299298e-5, 0.000390531031640381, 8.50936587894541e-6]
[4.240820426281095e-5, 0.00010820234612697165, 4.064485802665542e-5, 0.00031160082639273244, 0.0003178979984688995, 0.0018417961020624554, 0.0003638106954675334, 0.00033478148328571367, 0.0003118612463316982, 7.170695687625916e-6, 3.9481118023747415e-6, 0.0002028931905408123, 0.0006965768632788169, 0.000928824045443726, 0.0009389932797565252, 0.0006821931250031946, 0.000571201063931593, 4.7609712091751556e-5, 0.0001590745044782859, 0.0014443332531554045, 0.00018389449673166056, 0.002339836377097837, 0.00022904560786394862, 0.0008873667248890504, 0.0006685044805193135]
[0.0022736227209696723, 3.626350992766143e-5, 0.00021710463357991507, 5.8753500157898535e-5, 0.0, 0.002204764471569241, 0.0007123630640346462, 0.0006680949893776052, 7.466266277588048e-5, 0.00047569724030390543, 0.0014393235822542589, 0.0004089896719694447, 0.0023755459794619666, 3.726234858229772e-7, 8.50936587894541e-6, 0.00044694578329376386, 0.00030419134443273265, 8.114816046843852e-7, 0.0007055686769183948, 6.864537953827959e-5, 1.1292667309886425e-5, 8.50936587894541e-6, 0.0011961217098038952, 0.0, 0.0]
[0.0, 0.0018041084287881912, 0.0, 0.0001386043677274755, 5.945100174708498e-5, 0.0012158120182422, 0.006760508000462632, 0.0006746680267391198, 0.00048279884813308156, 0.0027975407314067466, 0.0, 0.003596594275536247, 0.0, 0.0, 0.0, 0.0, 0.0004793988843172234, 0.0, 0.0, 0.0, 8.50936587894541e-6, 0.00193243563823954, 8.50936587894541e-6, 0.0, 0.0]
[1.4608055729408169e-5, 3.626350992766143e-5, 0.0006173742465034205, 8.50936587894541e-6, 0.0, 0.00017594993818435378, 8.50936587894541e-6, 0.0006584437848281576, 8.50936587894541e-6, 0.0, 0.0011675555132960678, 0.0019730861651904696, 0.004445449863464047, 0.003596594275536247, 0.0001161225136579305, 0.001617898689452918, 0.0008077874484116493, 0.002427495963213913, 6.70844513224548e-7, 8.50936587894541e-6, 0.0, 0.0, 0.0008645791071191788, 0.0, 0.0]
[0.0003112367062416818, 0.00028170038341311134, 0.0012705687541292076, 0.001244180474390971, 6.864537953827959e-5, 0.00017313646071325298, 0.0020125177039170654, 0.0006485363246312081, 1.0826843723722637e-6, 3.2165726121963624e-5, 2.610027356245582e-6, 1.8278850606188394e-5, 0.0009880223493362369, 0.0007106103364637332, 3.2165726121963624e-5, 0.00019071456799845635, 0.00011706948032378338, 0.00039496181512526664, 0.0007775010426008273, 8.50936587894541e-6, 0.0005661521693803818, 0.0034746089538372216, 0.0018328426925143379, 0.00019712399870033814, 6.864537953827959e-5]
[0.0004449162696414017, 1.759906991997322e-5, 0.001966621220336808, 6.70844513224548e-7, 0.0, 0.00017313646071325298, 0.00010990865092432424, 0.0004396696643744081, 0.00017594993818435378, 0.0, 0.00047369954467980403, 0.00018168058518222736, 0.0001509215890374907, 0.00015475504328058692, 0.0010824141040125777, 0.0025931586569010057, 8.109115871366107e-5, 0.0016225666652844965, 0.003752665773712414, 8.50936587894541e-6, 3.2165726121963624e-5, 8.50936587894541e-6, 0.00017313646071325298, 0.0001161225136579305, 0.0]
[0.0003440800676922399, 2.6611937704998563e-5, 0.0001347420631479415, 0.0017334508222910019, 0.0005320837984765601, 0.0001465436521203129, 0.00011610236727183651, 0.0011538425268865105, 0.000966535831936512, 0.0005849517231397618, 0.0015583205164289276, 1.8864136104929357e-5, 0.0002852095894794399, 0.00021420906430298214, 0.00039327491656491586, 0.00033850207534336183, 7.696275077380784e-9, 0.001913275694052946, 0.00041699164986419394, 0.0013316887266330135, 0.00047458401107033053, 0.00038920729449198974, 0.0008852506465041633, 2.284661490442575e-5, 0.001790271159571366]
[3.7866576144135336e-5, 0.00015256971347846378, 0.000559167191576079, 0.0007592064626228039, 0.00023558808182843022, 0.00011742259045912544, 7.751510736344778e-6, 0.003061271146673015, 0.0009096766450272138, 0.0003056305034324367, 0.0001631098331851483, 4.171044561537482e-6, 0.0013511637738301222, 6.0528867309829005e-6, 0.00018148757324023298, 0.001232561399066981, 0.0003259946423879107, 0.00018692203670247088, 0.00039209900744029656, 0.0001835682132010981, 0.000390531031640381, 0.000390531031640381, 0.00033443711415834937, 0.0005661521693803818, 0.002029179775106766]
[4.0178434921826506e-5, 0.0016603270039871783, 0.0009976121502972071, 4.178104276553142e-5, 0.000390531031640381, 0.00045955396811553795, 0.00012104416163026413, 2.058442664961313e-6, 0.00013289794415790777, 8.50936587894541e-6, 2.2633132504400882e-5, 0.0007267456211684752, 0.0013577616082969847, 0.0007746567048637718, 8.50936587894541e-6, 6.74676138978788e-6, 7.30752433717877e-5, 0.00021791204975732392, 0.005849308808647258, 0.0001161225136579305, 8.29789793050607e-5, 0.00040977293103028854, 7.086596911135435e-5, 0.0005344988169167031, 0.00017313646071325298]
[0.0002519694794709624, 0.00012226046545488374, 0.001159061350296725, 0.00017295730457267053, 0.00079717470921826, 2.610027356245582e-6, 0.0007014835735285312, 0.0012380318053809864, 1.3436878616814095e-6, 1.1168053047609476e-5, 0.0006635273412177295, 0.0008410492537759546, 8.858393084661825e-5, 0.0011161124553965215, 0.00023198288694317986, 0.00036194227497166856, 5.910985337340911e-7, 0.0001692104157177323, 0.0010794602009087497, 3.0248754399717906e-5, 0.0010307550806592219, 0.0023969083408356554, 0.00019984379777789746, 0.00028796236696851125, 0.0010075255018523726]
[0.0014872221093148834, 0.00040025324799332004, 0.0011766567416656593, 0.00043160844304989624, 4.3771150630885543e-5, 0.00014492721682430112, 6.493316888900313e-7, 0.00066757682121793, 0.0007003635682378013, 0.000661395811083364, 0.0001725249343388028, 3.921708217857235e-6, 0.0018234182352749023, 6.696572285071764e-5, 2.3226857634176673e-5, 2.1076859613197545e-6, 0.004244607424998562, 0.00012815095522181533, 0.0004892914163365496, 0.00024245073596183202, 0.0014440081415369212, 1.8454641507947237e-6, 0.0006985779663655767, 0.00018016221981239332, 0.00047569724030390543]
[0.0004362803222028146, 0.00013947651304959232, 0.0015995838112388581, 0.00041760701145474033, 0.0016417308380028894, 0.0007856351320669943, 0.00045777699787361795, 8.816730395022165e-5, 9.333170925975237e-6, 0.00032626496702228987, 5.181896991398086e-6, 0.0013921244598825676, 0.0006353700360875866, 2.3530859969013006e-5, 0.00028795753050740204, 5.014879775921857e-5, 0.00047190452541831605, 6.729309007553488e-5, 0.0015051466178580882, 0.0012518184510870935, 6.864537953827959e-5, 0.0001161225136579305, 0.0, 0.0007609966483555716, 8.50936587894541e-6]
[5.041048231458169e-7, 0.0005661521693803818, 0.001877899879032613, 0.0008595870039104347, 0.0026404332678370895, 0.0006341690247530308, 0.0014319761624032807, 0.0008720640411575484, 0.0001161225136579305, 0.0003112367062416818, 0.0001090689282071157, 8.398388978423158e-6, 0.00012928327877764594, 0.0002671568368687641, 0.0005377310286929296, 8.108716591598124e-6, 0.00010990865092432424, 0.0012731571534085814, 0.0006917244981740405, 0.0004600000211418085, 0.0, 0.0, 0.0016778315683610486, 0.0, 0.0]
[0.0003335568681665929, 0.00032954048544436235, 0.0003228310997757545, 0.0013465742736360692, 2.2330745133973063e-5, 0.001967170566929817, 8.40242236933215e-5, 0.00010447264653192867, 0.0011629403893718294, 0.0006055714023246294, 8.58039646201951e-5, 0.0005286635162995634, 0.0003812305439398118, 0.00031697906623173733, 6.293032336734342e-5, 0.0020278501864649887, 0.0001337153792283787, 0.0006617791575243928, 1.0111655067901004e-5, 0.0015022087040178662, 0.0005551181117298613, 7.461802938480908e-5, 0.00027301846028093, 1.4298384672284197e-5, 0.0008668256301761542]
[6.839784745591392e-5, 7.717882094726873e-6, 0.0025187296647487274, 6.664087334005129e-5, 0.00022362318245652065, 4.026058447328376e-5, 0.0003081749276398517, 0.0002589058664955648, 0.00013011905634321844, 0.00036524153512530787, 0.00017313646071325298, 0.000661395811083364, 0.0009773258260512, 0.0012820102406445833, 0.0006425876892813646, 4.12269705278637e-5, 0.00045796944205936147, 3.0303439339388408e-5, 0.00019251995454322695, 0.00023904540392492455, 0.0007291896091054934, 0.00045746879114736023, 0.0010144808480670106, 9.150069782470731e-5, 0.003266958220710891]
[0.0009424721679433755, 9.635360770588071e-5, 0.0007923297228517694, 3.626350992766143e-5, 0.0, 0.0012483942656987008, 0.0014263130336192786, 9.086224207119353e-5, 1.6346524079142587e-5, 3.488117641776631e-5, 0.00015714650523714568, 0.001496177503324929, 5.85300162466427e-6, 9.214035800073962e-6, 6.864537953827959e-5, 0.002411403549882108, 0.0005435986950267902, 0.0006268693747214261, 0.0021135461063389364, 0.0003112367062416818, 3.2165726121963624e-5, 8.50936587894541e-6, 3.852645303271452e-5, 8.50936587894541e-6, 0.0]
[0.0016912483623760383, 3.1273220795050276e-5, 5.967853570094527e-5, 0.0005039335639567804, 0.0019351324806455433, 0.0005225010751987724, 1.4029508322993003e-5, 0.000390531031640381, 0.0009741450372361725, 0.00024257832560734644, 1.69578640768721e-7, 0.00012655374330405823, 0.0003299895930807075, 0.00012549070952911018, 0.00077457896963949, 0.0039847790311420585, 4.6056705196746315e-5, 0.0008080047813377104, 8.498210444683177e-6, 0.000256241452139332, 0.0003734401738825601, 1.9837974140804893e-5, 5.435915826970986e-6, 4.88550001186618e-5, 8.194018941070822e-5]
[1.3604390117259529e-5, 6.981145532793912e-6, 3.8089127562809756e-5, 0.0001230562188117212, 0.00014899729602314577, 0.00026726538458553923, 0.00018043913132994183, 0.0012294796420879595, 0.0003418716105018189, 0.0027410876016557666, 3.3200677854793395e-6, 0.000724861630418341, 0.0013020195981923279, 0.0013715873074688634, 0.00024916365062596993, 0.0014745875349940433, 6.492341447685208e-6, 0.00021310522150069485, 0.0010319687853225954, 2.137123353639775e-5, 0.0001386043677274755, 0.0005157608652120633, 0.0001161225136579305, 0.0001848484006586465, 4.895831634612181e-5]
[0.0002799708328382771, 0.00028032029136972666, 3.9772102982200605e-6, 1.4514137402447686e-5, 6.365779425998618e-5, 0.0006428423321411438, 0.000312244327386706, 0.000654067732418313, 0.0005145238133120742, 0.0002445124773981168, 0.0012276503851110596, 0.0003074843516097884, 6.366989718397482e-5, 0.00011898873222453317, 7.466266277588048e-5, 7.492399417522344e-5, 2.701493563296402e-5, 0.001470634343348392, 9.212285230739614e-5, 0.003855320656304311, 0.0005562723425136134, 1.0827843472709575e-6, 0.00023910773435809832, 0.0010560645951125242, 6.0818913299130794e-5]
[5.305405812966284e-5, 0.00012062651589804952, 0.0005444761870516505, 0.0013987819163390437, 1.1292667309886425e-5, 0.001593289395556259, 0.0004803437120010799, 0.0002882845332282981, 0.00027452205476344413, 2.610027356245582e-6, 0.0028108910784971613, 0.0001506388079105807, 0.0021613355633812725, 0.0004789443651419833, 0.00017313646071325298, 6.88848380031486e-5, 0.0020025518058618052, 0.00026994615995973824, 0.00030611113369168616, 0.000661395811083364, 0.0003214157181003845, 1.8332986671151276e-5, 2.2432511733190292e-5, 4.298489058949227e-5, 6.864537953827959e-5]
[2.427467446464897e-5, 0.0009015595990810171, 4.9384647604271505e-5, 0.00011427060444063608, 0.0004789443651419833, 1.5774085698128364e-5, 5.2640904817956085e-6, 0.00014143472294859743, 1.7520742673694713e-5, 0.0017159741279915786, 0.0008117440592529408, 0.00030041938737634076, 0.0002792152142904827, 0.00011448825482140036, 7.2977795009070406e-6, 0.003306950625167851, 0.0030253304063537663, 0.0005999579939543185, 0.0006948094463131958, 7.024297937736673e-5, 1.1444464437710398e-5, 0.00011191490362991445, 3.2165726121963624e-5, 0.0016894500070230613, 0.0]
[2.1988210775236586e-5, 0.0011134581277650484, 9.986431362816973e-5, 0.0003268555789642264, 0.00015272036936118884, 0.00017260065963379048, 1.3993246369915422e-6, 2.315100583680967e-5, 4.7485272338738255e-5, 0.00012217277854056343, 0.002494002498931218, 0.0006923196332170069, 0.0024637708126473545, 0.0001432471879658755, 0.0006571112285108666, 9.023204175584356e-5, 0.0012785710076023415, 0.0007555835084014709, 7.449145441347461e-5, 0.000431045207242279, 8.392014676556706e-6, 0.0003666883824208836, 0.0007416937763181138, 6.890683946265291e-5, 0.0002168151449712069]
[5.5083490351648216e-5, 0.003890972233191542, 0.00040042443061763695, 0.00257161736669154, 3.445224416628585e-5, 7.915536765079438e-5, 7.649090624092087e-6, 1.1259624166747701e-7, 0.00033490627561511607, 1.1964104288802945e-11, 0.0009920397243082715, 0.0016619123169996832, 0.0016768894311356176, 1.4844695576481364e-5, 0.0003485048042775815, 0.0005835885891846736, 0.001519428337537064, 0.0014680350050143304, 0.0003932143773955647, 0.00025473557329478737, 0.0001161225136579305, 0.00017313646071325298, 0.00023850037533757222, 0.00023850037533757222, 1.0024340575963777e-5]
