20 195.94 0.56 196.5 0.057 16 42 0.35 0.0 
40 194.12 1.48 195.6 0.085 29 95 0.64 0.0 
60 191.68 2.21 193.89 0.117 45 143 0.99 0.01 
80 191.22 2.76 193.98 0.143 58 202 1.27 0.01 
100 189.4 3.7 193.1 0.179 74 257 1.62 0.01 
120 186.44 4.3 190.74 0.201 88 310 1.93 0.02 
140 184.75 4.79 189.54 0.225 101 367 2.21 0.02 
160 183.75 5.59 189.33 0.25 110 424 2.41 0.02 
180 182.2 6.49 188.69 0.279 126 480 2.76 0.02 
200 180.35 7.34 187.7 0.29 139 542 3.05 0.03 
220 179.12 8.1 187.22 0.318 149 603 3.27 0.03 
240 176.87 8.91 185.78 0.337 164 654 3.6 0.03 
260 175.73 9.76 185.48 0.366 177 713 3.88 0.04 
280 174.53 10.38 184.91 0.37 189 771 4.14 0.04 
300 173.36 11.19 184.55 0.386 201 834 4.41 0.04 
320 172.44 11.83 184.27 0.404 216 890 4.74 0.04 
340 170.54 12.61 183.15 0.412 228 946 5.0 0.05 
360 168.22 13.35 181.57 0.444 244 993 5.35 0.05 
380 166.96 14.08 181.04 0.453 256 1056 5.61 0.05 
400 166.13 14.73 180.86 0.459 267 1124 5.86 0.06 
420 165.17 15.35 180.52 0.472 280 1188 6.14 0.06 
440 163.44 16.1 179.55 0.475 291 1248 6.38 0.06 
460 162.07 16.91 178.98 0.498 303 1303 6.64 0.06 
480 161.05 17.77 178.82 0.505 316 1364 6.93 0.07 
500 160.0 18.72 178.72 0.511 328 1434 7.19 0.07 
520 158.41 19.62 178.03 0.523 339 1502 7.43 0.07 
540 157.17 20.35 177.52 0.528 348 1569 7.63 0.08 
560 156.23 21.05 177.28 0.532 359 1629 7.87 0.08 
580 154.3 21.84 176.14 0.544 370 1690 8.11 0.08 
600 152.41 22.41 174.82 0.551 381 1764 8.36 0.09 
620 150.72 23.3 174.02 0.56 397 1833 8.71 0.09 
640 150.45 24.22 174.66 0.567 411 1905 9.01 0.09 
660 147.94 25.03 172.98 0.573 422 1970 9.25 0.1 
680 146.81 25.76 172.57 0.586 433 2040 9.5 0.1 
700 144.51 26.35 170.85 0.593 446 2102 9.78 0.1 
720 143.37 27.12 170.49 0.601 460 2170 10.09 0.11 
740 142.63 27.98 170.6 0.601 470 2248 10.31 0.11 
760 142.09 28.85 170.95 0.603 482 2325 10.57 0.12 
780 140.67 29.62 170.29 0.611 491 2404 10.77 0.12 
800 139.65 30.38 170.03 0.608 502 2480 11.01 0.12 
820 138.24 31.2 169.44 0.626 513 2549 11.25 0.13 
840 136.77 32.0 168.78 0.631 524 2620 11.49 0.13 
860 136.13 32.78 168.91 0.639 535 2692 11.73 0.13 
880 135.41 33.5 168.91 0.643 545 2760 11.95 0.14 
900 135.08 34.36 169.44 0.644 551 2831 12.08 0.14 
920 133.18 35.21 168.39 0.656 564 2904 12.37 0.14 
940 132.31 36.1 168.41 0.656 575 2979 12.61 0.15 
960 132.56 36.8 169.36 0.656 581 3063 12.74 0.15 
980 131.3 37.73 169.03 0.661 589 3139 12.92 0.16 
1000 129.5 38.56 168.07 0.676 599 3214 13.14 0.16 
1020 129.26 39.33 168.59 0.676 610 3297 13.38 0.16 
1040 128.2 40.2 168.39 0.679 617 3369 13.53 0.17 
1060 127.5 41.12 168.62 0.682 627 3455 13.75 0.17 
1080 126.33 41.88 168.21 0.69 633 3529 13.88 0.18 
1100 125.32 42.6 167.92 0.695 643 3601 14.1 0.18 
1120 124.39 43.39 167.78 0.7 650 3673 14.25 0.18 
1140 124.02 44.14 168.17 0.7 660 3763 14.47 0.19 
1160 123.14 44.89 168.03 0.697 670 3845 14.69 0.19 
1180 122.14 45.84 167.98 0.699 677 3921 14.85 0.19 
1200 120.66 46.62 167.28 0.714 688 3993 15.09 0.2 
1220 120.03 47.52 167.54 0.715 697 4072 15.29 0.2 
1240 119.38 48.58 167.95 0.715 704 4167 15.44 0.21 
1260 118.29 49.47 167.76 0.72 714 4255 15.66 0.21 
1280 117.91 50.41 168.32 0.721 727 4340 15.94 0.22 
1300 116.0 51.23 167.23 0.726 735 4428 16.12 0.22 
1320 114.9 51.95 166.85 0.719 747 4514 16.38 0.22 
1340 113.83 52.85 166.67 0.731 757 4602 16.6 0.23 
1360 113.01 53.82 166.83 0.732 769 4683 16.86 0.23 
1380 112.3 54.54 166.84 0.733 775 4763 17.0 0.24 
1400 111.47 55.38 166.85 0.736 784 4843 17.19 0.24 
1420 110.71 56.11 166.82 0.738 799 4920 17.52 0.24 
1440 110.0 57.06 167.06 0.74 807 5002 17.7 0.25 
1460 109.38 57.88 167.26 0.742 815 5083 17.87 0.25 
1480 108.7 58.74 167.45 0.746 825 5160 18.09 0.26 
1500 107.47 59.49 166.96 0.751 834 5247 18.29 0.26 
1520 106.1 60.3 166.39 0.756 843 5329 18.49 0.26 
1540 105.3 61.03 166.33 0.753 858 5410 18.82 0.27 
1560 103.78 61.79 165.57 0.759 869 5500 19.06 0.27 
1580 102.76 62.68 165.44 0.761 877 5580 19.23 0.28 
1600 102.4 63.49 165.9 0.766 887 5660 19.45 0.28 
1620 101.17 64.36 165.53 0.769 895 5752 19.63 0.29 
1640 100.49 65.04 165.53 0.772 905 5830 19.85 0.29 
1660 99.59 65.83 165.42 0.772 914 5910 20.04 0.29 
1680 99.46 66.74 166.21 0.772 922 6009 20.22 0.3 
1700 99.12 67.68 166.81 0.772 933 6103 20.46 0.3 
1720 97.28 68.63 165.91 0.776 941 6188 20.64 0.31 
1740 95.99 69.44 165.44 0.777 952 6276 20.88 0.31 
1760 95.91 70.24 166.15 0.776 959 6371 21.03 0.32 
1780 95.53 70.99 166.53 0.779 967 6463 21.21 0.32 
1800 94.79 71.84 166.63 0.78 975 6552 21.38 0.33 
1820 93.87 72.76 166.63 0.781 978 6640 21.45 0.33 
1840 92.52 73.71 166.23 0.781 984 6734 21.58 0.33 
1860 92.33 74.5 166.83 0.78 991 6821 21.73 0.34 
1880 91.35 75.39 166.74 0.781 999 6902 21.91 0.34 
1900 90.52 76.21 166.73 0.784 1007 6985 22.08 0.35 
1920 89.76 77.05 166.81 0.79 1016 7059 22.28 0.35 
1940 87.77 77.81 165.58 0.789 1024 7146 22.46 0.36 
1960 87.0 78.7 165.7 0.789 1038 7241 22.76 0.36 
1980 86.43 79.56 165.99 0.789 1045 7327 22.92 0.36 
2000 85.95 80.46 166.41 0.79 1052 7422 23.07 0.37 
2020 85.53 81.24 166.77 0.79 1060 7519 23.25 0.37 
2040 84.59 82.13 166.73 0.794 1068 7617 23.42 0.38 
2060 83.83 82.93 166.76 0.795 1076 7709 23.6 0.38 
2080 82.82 83.82 166.64 0.796 1084 7801 23.77 0.39 
2100 81.93 84.77 166.7 0.796 1094 7900 23.99 0.39 
2120 81.17 85.61 166.77 0.798 1099 7998 24.1 0.4 
2140 80.98 86.43 167.41 0.798 1107 8087 24.28 0.4 
2160 79.99 87.31 167.3 0.801 1115 8178 24.45 0.41 
2180 79.21 88.19 167.39 0.802 1123 8264 24.63 0.41 
2200 78.11 88.82 166.93 0.805 1130 8354 24.78 0.42 
2220 77.55 89.67 167.21 0.805 1138 8444 24.96 0.42 
2240 76.81 90.55 167.37 0.806 1148 8517 25.18 0.42 
2260 76.09 91.41 167.51 0.808 1157 8607 25.37 0.43 
2280 75.67 92.32 168.0 0.808 1166 8702 25.57 0.43 
2300 74.51 93.29 167.8 0.812 1175 8789 25.77 0.44 
2320 73.73 94.15 167.88 0.811 1182 8884 25.92 0.44 
2340 73.64 94.96 168.6 0.814 1192 8965 26.14 0.45 
2360 72.93 95.83 168.77 0.812 1200 9055 26.32 0.45 
2380 72.1 96.69 168.79 0.812 1213 9139 26.6 0.45 
2400 71.07 97.46 168.53 0.814 1219 9223 26.73 0.46 
2420 70.51 98.45 168.96 0.816 1225 9322 26.86 0.46 
2440 69.53 99.14 168.67 0.816 1229 9415 26.95 0.47 
2460 69.46 99.92 169.38 0.813 1238 9502 27.15 0.47 
2480 68.97 100.71 169.69 0.816 1247 9584 27.35 0.48 
2500 68.5 101.59 170.09 0.812 1257 9672 27.57 0.48 
2520 67.37 102.43 169.8 0.815 1262 9763 27.68 0.49 
2540 66.95 103.34 170.29 0.818 1272 9866 27.89 0.49 
2560 65.72 104.19 169.91 0.821 1281 9949 28.09 0.49 
2580 64.59 105.05 169.64 0.822 1290 10042 28.29 0.5 
2600 63.85 105.96 169.81 0.824 1297 10133 28.44 0.5 
2620 64.06 106.75 170.81 0.824 1304 10225 28.6 0.51 
2640 62.93 107.57 170.49 0.822 1314 10325 28.82 0.51 
2660 62.32 108.34 170.66 0.823 1325 10408 29.06 0.52 
2680 61.07 109.36 170.42 0.825 1334 10499 29.25 0.52 
2700 59.81 110.17 169.98 0.827 1338 10586 29.34 0.53 
2720 59.04 111.03 170.07 0.826 1345 10681 29.5 0.53 
2740 58.61 111.98 170.59 0.829 1354 10767 29.69 0.54 
2760 57.68 112.82 170.5 0.83 1365 10850 29.93 0.54 
2780 56.36 113.55 169.91 0.831 1370 10939 30.04 0.54 
2800 56.1 114.51 170.61 0.832 1380 11033 30.26 0.55 
2820 55.32 115.38 170.7 0.832 1385 11123 30.37 0.55 
2840 55.0 116.25 171.24 0.833 1392 11216 30.53 0.56 
2860 54.43 117.1 171.53 0.83 1398 11304 30.66 0.56 
2880 53.7 117.99 171.68 0.832 1404 11400 30.79 0.57 
2900 53.15 118.89 172.04 0.832 1411 11501 30.94 0.57 
2920 51.58 119.75 171.32 0.834 1417 11598 31.07 0.58 
2940 51.23 120.65 171.88 0.835 1421 11696 31.16 0.58 
2960 50.6 121.69 172.29 0.837 1427 11787 31.29 0.59 
2980 49.9 122.55 172.45 0.838 1430 11882 31.36 0.59 
3000 49.44 123.3 172.74 0.84 1436 11980 31.49 0.6 
3020 48.82 124.06 172.88 0.838 1442 12072 31.62 0.6 
3040 48.45 124.85 173.3 0.836 1448 12161 31.75 0.6 
3060 48.16 125.72 173.87 0.837 1458 12246 31.97 0.61 
3080 46.87 126.43 173.3 0.838 1460 12341 32.02 0.61 
3100 45.85 127.31 173.16 0.838 1465 12439 32.13 0.62 
3120 45.51 128.24 173.76 0.84 1468 12530 32.19 0.62 
3140 45.27 129.03 174.3 0.84 1475 12617 32.35 0.63 
3160 44.7 129.79 174.49 0.84 1478 12714 32.41 0.63 
3180 44.17 130.52 174.69 0.841 1485 12797 32.57 0.64 
3200 43.32 131.38 174.7 0.843 1489 12886 32.65 0.64 
3220 42.95 132.35 175.3 0.843 1498 12975 32.85 0.65 
3240 42.38 133.3 175.68 0.842 1503 13070 32.96 0.65 
3260 41.92 134.1 176.02 0.843 1511 13162 33.14 0.65 
3280 41.32 134.93 176.25 0.844 1517 13259 33.27 0.66 
3300 40.93 135.73 176.65 0.843 1524 13349 33.42 0.66 
3320 39.94 136.64 176.58 0.844 1534 13440 33.64 0.67 
3340 38.91 137.46 176.37 0.844 1540 13520 33.77 0.67 
3360 38.62 138.26 176.88 0.843 1549 13609 33.97 0.68 
3380 37.3 139.0 176.3 0.847 1556 13708 34.12 0.68 
3400 37.16 139.78 176.94 0.846 1566 13809 34.34 0.69 
3420 36.14 140.8 176.94 0.848 1573 13903 34.5 0.69 
3440 35.51 141.54 177.05 0.849 1582 13989 34.69 0.7 
3460 35.54 142.39 177.93 0.849 1588 14088 34.82 0.7 
3480 34.59 143.28 177.87 0.85 1597 14175 35.02 0.7 
3500 33.67 144.11 177.78 0.849 1606 14266 35.22 0.71 
3520 32.97 145.0 177.97 0.851 1613 14354 35.37 0.71 
3540 32.87 145.97 178.83 0.847 1620 14453 35.53 0.72 
3560 32.31 146.81 179.12 0.847 1627 14546 35.68 0.72 
3580 31.4 147.62 179.03 0.85 1631 14643 35.77 0.73 
3600 30.09 148.44 178.53 0.853 1639 14739 35.94 0.73 
3620 29.5 149.3 178.8 0.855 1644 14833 36.05 0.74 
3640 28.81 150.11 178.93 0.855 1651 14925 36.21 0.74 
3660 28.11 150.9 179.01 0.853 1658 15024 36.36 0.75 
3680 27.71 151.79 179.5 0.852 1663 15119 36.47 0.75 
3700 27.17 152.7 179.86 0.854 1672 15202 36.67 0.76 
3720 26.61 153.49 180.1 0.854 1677 15299 36.78 0.76 
3740 25.72 154.19 179.91 0.856 1684 15392 36.93 0.77 
3760 25.1 154.98 180.08 0.856 1687 15486 37.0 0.77 
3780 24.44 155.81 180.25 0.857 1693 15584 37.13 0.77 
3800 24.27 156.68 180.95 0.858 1701 15665 37.3 0.78 
3820 23.89 157.58 181.47 0.856 1705 15767 37.39 0.78 
3840 22.76 158.42 181.19 0.857 1710 15858 37.5 0.79 
3860 21.86 159.35 181.2 0.858 1713 15954 37.57 0.79 
3880 21.29 160.14 181.42 0.856 1722 16047 37.76 0.8 
3900 20.83 161.0 181.84 0.859 1730 16135 37.94 0.8 
3920 20.02 161.69 181.71 0.86 1735 16234 38.05 0.81 
3940 19.58 162.48 182.06 0.861 1739 16335 38.14 0.81 
3960 19.58 163.27 182.85 0.862 1744 16435 38.25 0.82 
3980 18.96 164.03 182.99 0.864 1747 16531 38.31 0.82 
4000 18.06 164.95 183.01 0.863 1754 16626 38.46 0.83 
4020 18.26 165.71 183.97 0.863 1758 16731 38.55 0.83 
4040 17.48 166.63 184.11 0.862 1766 16828 38.73 0.84 
4060 16.39 167.63 184.02 0.864 1770 16935 38.82 0.84 
4080 15.91 168.44 184.35 0.862 1778 17024 38.99 0.85 
4100 15.58 169.28 184.86 0.862 1781 17125 39.06 0.85 
4120 15.12 170.13 185.25 0.862 1787 17208 39.19 0.86 
4140 14.93 170.98 185.91 0.861 1793 17311 39.32 0.86 
4160 14.8 171.83 186.63 0.861 1799 17407 39.45 0.87 
4180 13.92 172.75 186.67 0.863 1804 17508 39.56 0.87 
4200 13.75 173.36 187.11 0.863 1807 17611 39.63 0.88 
4220 13.26 174.22 187.48 0.864 1815 17698 39.8 0.88 
4240 12.46 175.05 187.51 0.865 1819 17787 39.89 0.88 
4260 11.47 175.85 187.33 0.867 1826 17873 40.04 0.89 
4280 11.01 176.69 187.7 0.87 1829 17963 40.11 0.89 
4300 10.86 177.6 188.46 0.868 1837 18055 40.29 0.9 
4320 10.05 178.46 188.51 0.866 1842 18147 40.39 0.9 
4340 9.3 179.35 188.65 0.867 1849 18241 40.55 0.91 
4360 9.23 180.21 189.44 0.867 1855 18339 40.68 0.91 
4380 8.54 181.06 189.6 0.869 1861 18434 40.81 0.92 
4400 8.05 181.87 189.92 0.869 1862 18534 40.83 0.92 
4420 7.48 182.67 190.15 0.87 1867 18625 40.94 0.93 
4440 6.71 183.44 190.14 0.869 1870 18718 41.01 0.93 
4460 6.24 184.17 190.41 0.868 1873 18814 41.07 0.94 
4480 5.67 185.03 190.7 0.87 1880 18907 41.23 0.94 
4500 5.17 185.93 191.1 0.871 1884 19000 41.32 0.94 
4520 4.7 186.68 191.37 0.871 1888 19099 41.4 0.95 
4540 4.18 187.56 191.74 0.872 1893 19201 41.51 0.95 
4560 3.33 188.44 191.77 0.873 1895 19300 41.56 0.96 
4580 2.76 189.32 192.08 0.873 1899 19392 41.64 0.96 
4600 2.84 190.19 193.03 0.873 1902 19486 41.71 0.97 
4620 2.34 191.05 193.39 0.873 1906 19593 41.8 0.97 
4640 1.74 191.83 193.57 0.873 1912 19685 41.93 0.98 
4660 1.35 192.58 193.93 0.874 1914 19780 41.97 0.98 
4680 1.07 193.48 194.55 0.872 1916 19887 42.02 0.99 
4700 0.74 194.29 195.03 0.873 1919 19982 42.08 0.99 
4720 0.05 195.14 195.19 0.874 1922 20080 42.15 1.0 
4740 -0.6 195.97 195.37 0.875 1925 20176 42.21 1.0 
4760 -1.56 196.91 195.35 0.876 1927 20278 42.26 1.01 
4780 -1.55 197.71 196.16 0.876 1930 20377 42.32 1.01 
4800 -2.01 198.53 196.52 0.876 1934 20481 42.41 1.02 
4820 -2.74 199.46 196.72 0.877 1937 20582 42.48 1.02 
4840 -3.4 200.37 196.96 0.878 1939 20683 42.52 1.03 
4860 -3.93 201.15 197.21 0.877 1943 20778 42.61 1.03 
4880 -4.29 202.01 197.71 0.876 1949 20886 42.74 1.04 
4900 -5.35 202.81 197.47 0.876 1954 20982 42.85 1.04 
4920 -5.66 203.66 197.99 0.878 1958 21083 42.94 1.05 
4940 -5.95 204.59 198.64 0.88 1964 21185 43.07 1.05 
4960 -6.48 205.39 198.91 0.879 1969 21283 43.18 1.06 
4980 -6.86 206.27 199.41 0.88 1975 21371 43.31 1.06 
5000 -7.4 207.15 199.75 0.88 1983 21460 43.49 1.07 
5020 -7.99 208.01 200.02 0.879 1987 21556 43.57 1.07 
5040 -8.66 208.89 200.23 0.879 1989 21652 43.62 1.08 
5060 -9.05 209.73 200.68 0.879 1995 21741 43.75 1.08 
5080 -9.43 210.48 201.04 0.879 1997 21841 43.79 1.09 
5100 -10.02 211.2 201.18 0.88 2002 21931 43.9 1.09 
5120 -10.71 212.03 201.31 0.88 2007 22036 44.01 1.1 
5140 -10.75 212.92 202.17 0.879 2009 22135 44.06 1.1 
5160 -11.05 213.73 202.68 0.879 2011 22233 44.1 1.11 
5180 -11.61 214.5 202.89 0.88 2014 22338 44.17 1.11 
5200 -12.45 215.28 202.82 0.882 2018 22426 44.25 1.12 
5220 -13.06 216.21 203.15 0.88 2021 22526 44.32 1.12 
5240 -13.6 216.99 203.39 0.881 2025 22625 44.41 1.13 
5260 -14.62 217.8 203.19 0.883 2030 22711 44.52 1.13 
5280 -15.06 218.53 203.47 0.883 2036 22803 44.65 1.13 
