20 194.42 0.24 194.66 0.099 19 119 0.42 0.01 
40 191.56 0.4 191.96 0.163 39 256 0.86 0.01 
60 187.99 0.57 188.55 0.231 59 414 1.29 0.02 
80 185.42 0.81 186.23 0.286 78 562 1.71 0.03 
100 182.51 1.13 183.64 0.332 97 718 2.13 0.04 
120 179.28 1.41 180.68 0.375 116 917 2.54 0.05 
140 176.24 1.51 177.75 0.425 134 1079 2.94 0.05 
160 174.08 1.8 175.89 0.454 153 1255 3.36 0.06 
180 171.91 1.96 173.87 0.476 173 1421 3.79 0.07 
200 168.95 2.36 171.31 0.521 191 1586 4.19 0.08 
220 167.0 2.71 169.71 0.549 209 1779 4.58 0.09 
240 164.19 2.97 167.16 0.578 226 2009 4.96 0.1 
260 161.12 3.3 164.42 0.589 243 2229 5.33 0.11 
280 158.23 3.72 161.95 0.608 261 2454 5.72 0.12 
300 155.98 3.92 159.9 0.625 280 2648 6.14 0.13 
320 154.42 4.32 158.74 0.638 297 2884 6.51 0.14 
340 152.52 4.69 157.22 0.65 315 3137 6.91 0.16 
360 149.73 5.12 154.85 0.664 333 3350 7.3 0.17 
380 147.84 5.39 153.23 0.676 350 3582 7.68 0.18 
400 145.89 5.66 151.56 0.685 367 3803 8.05 0.19 
420 144.49 6.03 150.53 0.7 382 4034 8.38 0.2 
440 142.77 6.34 149.11 0.711 398 4262 8.73 0.21 
460 140.47 6.68 147.14 0.717 416 4522 9.12 0.22 
480 139.0 6.95 145.95 0.726 430 4805 9.43 0.24 
500 137.65 7.33 144.98 0.731 448 5044 9.82 0.25 
520 135.17 7.88 143.04 0.744 466 5301 10.22 0.26 
540 133.3 8.33 141.63 0.751 483 5586 10.59 0.28 
560 131.91 8.8 140.71 0.756 498 5856 10.92 0.29 
580 130.61 9.3 139.92 0.76 514 6142 11.27 0.31 
600 129.3 9.72 139.02 0.765 530 6416 11.62 0.32 
620 128.29 10.13 138.42 0.773 548 6704 12.02 0.33 
640 126.38 10.56 136.94 0.776 564 6980 12.37 0.35 
660 125.02 11.07 136.1 0.781 579 7252 12.7 0.36 
680 123.35 11.53 134.88 0.786 596 7492 13.07 0.37 
700 121.92 11.88 133.8 0.792 612 7767 13.42 0.39 
720 121.12 12.33 133.45 0.796 629 8055 13.79 0.4 
740 120.14 12.78 132.92 0.799 642 8371 14.08 0.42 
760 118.26 13.31 131.58 0.803 658 8697 14.43 0.43 
780 116.8 13.83 130.63 0.805 677 9003 14.85 0.45 
800 115.41 14.21 129.62 0.807 692 9305 15.18 0.46 
820 114.6 14.63 129.23 0.809 708 9595 15.53 0.48 
840 112.87 15.05 127.92 0.813 723 9885 15.86 0.49 
860 111.87 15.52 127.39 0.818 737 10170 16.16 0.51 
880 111.05 16.03 127.08 0.82 753 10492 16.51 0.52 
900 109.81 16.53 126.34 0.821 770 10801 16.89 0.54 
920 107.87 16.93 124.8 0.824 788 11061 17.28 0.55 
940 106.9 17.39 124.29 0.825 803 11380 17.61 0.57 
960 105.31 17.78 123.09 0.831 822 11648 18.03 0.58 
980 104.07 18.18 122.24 0.833 838 11949 18.38 0.59 
1000 102.83 18.72 121.55 0.836 852 12242 18.68 0.61 
1020 102.62 19.35 121.97 0.835 869 12552 19.06 0.62 
1040 101.18 19.75 120.93 0.839 882 12834 19.34 0.64 
1060 99.71 20.31 120.01 0.843 897 13106 19.67 0.65 
1080 97.82 20.87 118.69 0.846 915 13409 20.07 0.67 
1100 97.09 21.43 118.52 0.848 928 13667 20.35 0.68 
1120 96.39 21.95 118.34 0.848 947 13991 20.77 0.7 
1140 94.61 22.56 117.17 0.852 963 14317 21.12 0.71 
1160 94.37 23.13 117.5 0.851 977 14624 21.43 0.73 
1180 93.16 23.58 116.74 0.855 996 14937 21.84 0.74 
1200 91.37 24.12 115.49 0.859 1009 15237 22.13 0.76 
1220 90.55 24.61 115.16 0.858 1025 15552 22.48 0.77 
1240 89.5 25.17 114.68 0.859 1040 15862 22.81 0.79 
1260 88.58 25.65 114.23 0.86 1056 16142 23.16 0.8 
1280 87.46 26.12 113.58 0.862 1071 16460 23.49 0.82 
1300 86.37 26.69 113.06 0.862 1083 16770 23.75 0.83 
1320 85.77 27.21 112.98 0.864 1097 17089 24.06 0.85 
1340 84.65 27.63 112.29 0.867 1109 17389 24.32 0.86 
1360 83.9 28.14 112.04 0.867 1123 17699 24.63 0.88 
1380 82.69 28.67 111.36 0.867 1137 18002 24.93 0.9 
1400 81.93 29.21 111.14 0.867 1151 18316 25.24 0.91 
1420 80.54 29.78 110.32 0.869 1165 18585 25.55 0.92 
1440 79.49 30.36 109.85 0.871 1180 18894 25.88 0.94 
1460 78.92 30.89 109.8 0.872 1196 19207 26.23 0.96 
1480 77.5 31.43 108.93 0.873 1212 19521 26.58 0.97 
1500 77.25 31.89 109.14 0.873 1224 19862 26.84 0.99 
1520 76.33 32.38 108.71 0.875 1238 20163 27.15 1.0 
1540 76.34 32.98 109.32 0.876 1253 20458 27.48 1.02 
1560 75.06 33.44 108.49 0.876 1269 20760 27.83 1.03 
1580 73.7 33.99 107.7 0.878 1279 21076 28.05 1.05 
1600 73.08 34.54 107.62 0.88 1293 21399 28.36 1.06 
1620 72.2 35.06 107.26 0.879 1307 21721 28.66 1.08 
1640 70.9 35.54 106.43 0.883 1322 22042 28.99 1.1 
1660 69.58 36.02 105.6 0.884 1335 22323 29.28 1.11 
1680 68.93 36.6 105.52 0.885 1349 22620 29.58 1.12 
1700 67.96 37.15 105.1 0.885 1364 22924 29.91 1.14 
1720 67.18 37.68 104.86 0.886 1377 23236 30.2 1.16 
1740 65.79 38.3 104.08 0.887 1395 23530 30.59 1.17 
1760 65.74 38.76 104.5 0.887 1407 23839 30.86 1.19 
1780 64.56 39.34 103.9 0.89 1421 24136 31.16 1.2 
1800 64.26 39.8 104.06 0.89 1436 24442 31.49 1.22 
1820 63.46 40.33 103.78 0.892 1452 24733 31.84 1.23 
1840 63.2 40.92 104.12 0.891 1468 25051 32.19 1.25 
1860 62.03 41.42 103.45 0.893 1484 25357 32.54 1.26 
1880 61.34 41.93 103.27 0.891 1496 25656 32.81 1.28 
1900 60.16 42.48 102.64 0.895 1510 25984 33.11 1.29 
1920 58.76 43.0 101.76 0.894 1524 26288 33.42 1.31 
1940 58.22 43.51 101.73 0.895 1537 26609 33.71 1.32 
1960 57.25 43.99 101.24 0.895 1548 26936 33.95 1.34 
1980 56.05 44.53 100.58 0.897 1562 27209 34.25 1.35 
2000 55.8 45.03 100.84 0.898 1573 27528 34.5 1.37 
2020 54.92 45.54 100.46 0.898 1587 27844 34.8 1.38 
2040 54.3 46.1 100.4 0.897 1600 28159 35.09 1.4 
2060 53.15 46.58 99.72 0.899 1613 28446 35.37 1.41 
2080 52.19 47.07 99.26 0.899 1624 28763 35.61 1.43 
2100 52.08 47.51 99.59 0.901 1635 29054 35.86 1.44 
