20 197.07 -0.44 196.63 0.05 17 25 0.37 0.0 
40 196.27 -0.74 195.54 0.095 31 53 0.68 0.0 
60 195.09 -1.05 194.04 0.121 46 87 1.01 0.0 
80 194.04 -1.55 192.49 0.144 60 121 1.32 0.01 
100 192.27 -2.14 190.12 0.196 72 158 1.58 0.01 
120 192.38 -2.44 189.93 0.208 87 190 1.91 0.01 
140 191.38 -2.65 188.73 0.229 100 229 2.19 0.01 
160 190.46 -2.89 187.58 0.254 115 270 2.52 0.01 
180 190.01 -3.15 186.86 0.273 130 305 2.85 0.02 
200 189.42 -3.25 186.18 0.283 141 340 3.09 0.02 
220 188.44 -3.25 185.19 0.288 153 383 3.36 0.02 
240 188.09 -3.42 184.67 0.31 166 418 3.64 0.02 
260 186.61 -3.5 183.12 0.334 178 454 3.9 0.02 
280 185.67 -3.82 181.84 0.343 186 491 4.08 0.02 
300 185.33 -4.01 181.32 0.354 199 531 4.36 0.03 
320 184.17 -4.21 179.96 0.383 214 569 4.69 0.03 
340 184.23 -4.46 179.76 0.384 226 611 4.96 0.03 
360 182.94 -4.72 178.21 0.403 238 648 5.22 0.03 
380 181.91 -4.69 177.22 0.409 249 682 5.46 0.03 
400 179.93 -4.87 175.06 0.436 261 720 5.72 0.04 
420 179.24 -5.34 173.9 0.456 271 758 5.94 0.04 
440 178.94 -5.55 173.39 0.465 284 794 6.23 0.04 
460 178.69 -5.72 172.97 0.475 294 836 6.45 0.04 
480 178.55 -5.86 172.69 0.477 305 878 6.69 0.04 
500 177.53 -5.89 171.63 0.484 314 922 6.89 0.05 
520 176.18 -5.96 170.23 0.492 329 957 7.21 0.05 
540 175.87 -6.23 169.63 0.504 342 995 7.5 0.05 
560 174.55 -6.32 168.23 0.516 355 1040 7.79 0.05 
580 173.83 -6.47 167.36 0.519 365 1086 8.0 0.05 
600 173.25 -6.52 166.73 0.523 375 1129 8.22 0.06 
620 172.95 -6.76 166.19 0.531 388 1168 8.51 0.06 
640 172.13 -6.76 165.36 0.545 404 1207 8.86 0.06 
660 171.52 -6.9 164.62 0.551 414 1254 9.08 0.06 
680 171.03 -7.02 164.01 0.56 428 1294 9.39 0.06 
700 169.46 -7.1 162.37 0.569 440 1338 9.65 0.07 
720 169.19 -7.26 161.93 0.575 450 1384 9.87 0.07 
740 168.83 -7.21 161.62 0.577 463 1428 10.15 0.07 
760 168.15 -7.31 160.85 0.586 476 1469 10.44 0.07 
780 167.57 -7.43 160.15 0.592 484 1516 10.61 0.08 
800 166.72 -7.65 159.07 0.602 497 1562 10.9 0.08 
820 166.56 -7.67 158.89 0.607 509 1614 11.16 0.08 
840 166.18 -7.65 158.53 0.61 520 1658 11.4 0.08 
860 165.01 -7.65 157.36 0.623 533 1701 11.69 0.08 
880 164.19 -7.8 156.38 0.628 543 1741 11.91 0.09 
900 164.22 -7.92 156.3 0.633 551 1791 12.08 0.09 
920 163.6 -8.04 155.57 0.638 563 1843 12.35 0.09 
940 161.29 -7.97 153.32 0.642 575 1887 12.61 0.09 
960 161.78 -7.98 153.81 0.642 586 1933 12.85 0.1 
980 160.75 -8.03 152.73 0.652 598 1981 13.11 0.1 
1000 160.25 -8.12 152.13 0.653 611 2030 13.4 0.1 
1020 159.25 -8.24 151.01 0.656 625 2076 13.71 0.1 
1040 158.74 -8.22 150.52 0.666 635 2120 13.93 0.11 
1060 158.69 -8.19 150.51 0.667 644 2169 14.12 0.11 
1080 157.55 -8.26 149.29 0.676 652 2218 14.3 0.11 
1100 157.89 -8.48 149.42 0.678 661 2273 14.5 0.11 
1120 157.45 -8.48 148.98 0.682 673 2323 14.76 0.12 
1140 157.7 -8.57 149.13 0.686 682 2373 14.96 0.12 
1160 157.25 -8.56 148.69 0.689 692 2420 15.18 0.12 
1180 156.23 -8.54 147.69 0.693 699 2474 15.33 0.12 
1200 156.0 -8.53 147.47 0.699 708 2525 15.53 0.13 
1220 156.07 -8.46 147.6 0.704 721 2579 15.81 0.13 
1240 155.92 -8.4 147.52 0.708 731 2629 16.03 0.13 
1260 155.34 -8.35 146.99 0.705 741 2681 16.25 0.13 
1280 155.0 -8.36 146.63 0.71 750 2734 16.45 0.14 
1300 154.36 -8.27 146.09 0.718 763 2785 16.73 0.14 
1320 153.45 -8.22 145.22 0.721 771 2834 16.91 0.14 
1340 152.14 -8.2 143.94 0.723 782 2884 17.15 0.14 
1360 152.16 -8.27 143.89 0.726 791 2940 17.35 0.15 
1380 151.55 -8.18 143.37 0.728 800 2992 17.54 0.15 
1400 151.12 -8.2 142.92 0.732 810 3039 17.76 0.15 
1420 151.15 -8.12 143.03 0.732 817 3090 17.92 0.15 
1440 150.84 -8.06 142.77 0.738 828 3149 18.16 0.16 
1460 150.92 -7.98 142.94 0.739 840 3204 18.42 0.16 
1480 150.11 -7.85 142.26 0.741 850 3254 18.64 0.16 
1500 149.63 -7.77 141.87 0.746 861 3315 18.88 0.16 
1520 149.4 -7.71 141.7 0.747 873 3374 19.14 0.17 
1540 148.97 -7.68 141.29 0.752 878 3436 19.25 0.17 
1560 148.01 -7.52 140.49 0.752 890 3486 19.52 0.17 
1580 147.71 -7.42 140.29 0.753 898 3536 19.69 0.18 
1600 146.68 -7.41 139.27 0.754 905 3591 19.85 0.18 
1620 146.69 -7.48 139.21 0.759 914 3638 20.04 0.18 
1640 146.27 -7.47 138.8 0.76 920 3689 20.18 0.18 
1660 146.07 -7.44 138.63 0.763 927 3747 20.33 0.19 
1680 145.82 -7.45 138.36 0.764 932 3814 20.44 0.19 
1700 145.31 -7.31 138.0 0.766 944 3875 20.7 0.19 
1720 144.86 -7.18 137.67 0.769 951 3932 20.86 0.2 
1740 144.69 -7.14 137.55 0.771 959 3987 21.03 0.2 
1760 144.44 -6.95 137.49 0.772 967 4046 21.21 0.2 
1780 144.26 -6.85 137.41 0.775 975 4099 21.38 0.2 
1800 144.16 -6.65 137.51 0.777 983 4160 21.56 0.21 
1820 144.08 -6.58 137.5 0.777 988 4216 21.67 0.21 
1840 143.61 -6.42 137.19 0.78 997 4276 21.86 0.21 
1860 142.93 -6.19 136.75 0.782 1005 4332 22.04 0.22 
1880 142.15 -6.06 136.1 0.784 1010 4389 22.15 0.22 
1900 141.84 -5.99 135.86 0.783 1020 4454 22.37 0.22 
1920 141.89 -5.89 136.0 0.785 1029 4510 22.57 0.22 
1940 141.75 -5.88 135.86 0.788 1038 4575 22.76 0.23 
1960 141.89 -5.86 136.03 0.789 1047 4633 22.96 0.23 
1980 141.18 -5.74 135.44 0.791 1055 4693 23.14 0.23 
2000 141.33 -5.52 135.81 0.789 1060 4758 23.25 0.24 
2020 140.89 -5.38 135.52 0.792 1070 4823 23.46 0.24 
2040 140.65 -5.2 135.44 0.794 1079 4881 23.66 0.24 
2060 139.74 -5.13 134.61 0.792 1086 4934 23.82 0.25 
2080 140.27 -5.04 135.24 0.795 1091 4987 23.93 0.25 
2100 139.81 -4.87 134.95 0.796 1104 5046 24.21 0.25 
2120 139.24 -4.67 134.58 0.798 1113 5099 24.41 0.25 
2140 138.49 -4.46 134.02 0.797 1121 5162 24.58 0.26 
2160 138.38 -4.34 134.04 0.797 1129 5226 24.76 0.26 
2180 137.49 -4.21 133.28 0.796 1135 5280 24.89 0.26 
2200 137.46 -4.18 133.28 0.8 1141 5345 25.02 0.27 
2220 137.13 -4.08 133.05 0.799 1150 5410 25.22 0.27 
2240 136.78 -3.91 132.86 0.802 1157 5472 25.37 0.27 
2260 136.31 -3.78 132.54 0.804 1168 5530 25.61 0.27 
2280 136.15 -3.65 132.5 0.805 1172 5589 25.7 0.28 
2300 136.15 -3.49 132.66 0.805 1178 5642 25.83 0.28 
2320 135.29 -3.29 132.0 0.808 1182 5704 25.92 0.28 
2340 135.39 -3.21 132.18 0.809 1190 5759 26.1 0.29 
2360 135.2 -2.99 132.21 0.81 1198 5822 26.27 0.29 
2380 134.95 -2.82 132.13 0.811 1210 5881 26.54 0.29 
2400 134.65 -2.61 132.04 0.813 1216 5943 26.67 0.3 
2420 134.04 -2.38 131.66 0.815 1221 5997 26.78 0.3 
2440 133.58 -2.18 131.4 0.815 1229 6062 26.95 0.3 
2460 133.24 -2.07 131.17 0.818 1236 6124 27.11 0.3 
2480 133.3 -1.96 131.34 0.818 1245 6184 27.3 0.31 
2500 132.72 -1.8 130.92 0.819 1251 6242 27.43 0.31 
2520 132.01 -1.57 130.44 0.82 1260 6293 27.63 0.31 
2540 131.94 -1.42 130.51 0.82 1270 6352 27.85 0.32 
2560 131.62 -1.32 130.3 0.819 1276 6415 27.98 0.32 
2580 131.4 -1.22 130.18 0.821 1284 6475 28.16 0.32 
2600 131.11 -1.08 130.03 0.823 1287 6536 28.22 0.33 
2620 130.98 -0.93 130.05 0.824 1296 6587 28.42 0.33 
2640 130.66 -0.75 129.91 0.824 1302 6649 28.55 0.33 
2660 130.49 -0.59 129.9 0.826 1305 6720 28.62 0.33 
2680 129.91 -0.54 129.37 0.827 1310 6784 28.73 0.34 
2700 129.98 -0.39 129.59 0.827 1317 6833 28.88 0.34 
2720 129.22 -0.29 128.94 0.831 1324 6892 29.04 0.34 
2740 129.41 -0.13 129.28 0.829 1332 6951 29.21 0.35 
2760 128.82 -0.04 128.78 0.831 1339 7017 29.36 0.35 
2780 128.54 0.15 128.69 0.832 1344 7082 29.47 0.35 
2800 128.32 0.34 128.65 0.832 1355 7145 29.71 0.36 
2820 128.35 0.45 128.79 0.831 1361 7200 29.85 0.36 
2840 127.83 0.72 128.56 0.834 1368 7259 30.0 0.36 
2860 127.44 0.91 128.36 0.834 1376 7324 30.18 0.36 
2880 126.44 1.12 127.56 0.836 1382 7383 30.31 0.37 
2900 126.15 1.26 127.4 0.836 1388 7449 30.44 0.37 
2920 126.2 1.31 127.51 0.837 1395 7517 30.59 0.37 
2940 125.71 1.49 127.2 0.837 1403 7585 30.77 0.38 
2960 125.62 1.72 127.33 0.837 1410 7645 30.92 0.38 
2980 124.94 1.93 126.87 0.84 1417 7708 31.07 0.38 
3000 124.57 2.09 126.65 0.84 1420 7768 31.14 0.39 
3020 124.78 2.26 127.04 0.84 1422 7836 31.18 0.39 
3040 124.71 2.37 127.08 0.84 1424 7899 31.23 0.39 
3060 124.34 2.49 126.83 0.841 1429 7971 31.34 0.4 
3080 123.96 2.6 126.56 0.842 1438 8029 31.54 0.4 
3100 124.13 2.76 126.89 0.842 1444 8087 31.67 0.4 
3120 123.34 2.98 126.32 0.843 1447 8150 31.73 0.41 
3140 123.46 3.11 126.57 0.843 1455 8206 31.91 0.41 
3160 123.05 3.38 126.43 0.845 1466 8263 32.15 0.41 
3180 122.72 3.51 126.23 0.844 1471 8324 32.26 0.41 
3200 122.6 3.71 126.31 0.845 1476 8388 32.37 0.42 
3220 122.18 3.91 126.09 0.847 1484 8449 32.54 0.42 
3240 122.24 4.09 126.33 0.848 1493 8511 32.74 0.42 
3260 121.6 4.26 125.86 0.846 1498 8582 32.85 0.43 
3280 122.03 4.34 126.37 0.847 1504 8647 32.98 0.43 
3300 121.63 4.54 126.17 0.847 1509 8711 33.09 0.43 
3320 121.22 4.67 125.88 0.848 1515 8772 33.22 0.44 
3340 121.05 4.92 125.97 0.848 1521 8835 33.36 0.44 
3360 120.84 5.05 125.88 0.849 1529 8905 33.53 0.44 
3380 119.89 5.27 125.15 0.849 1538 8971 33.73 0.45 
3400 120.56 5.43 125.98 0.849 1541 9037 33.79 0.45 
3420 120.07 5.59 125.67 0.851 1547 9096 33.93 0.45 
3440 119.85 5.79 125.64 0.852 1558 9163 34.17 0.46 
3460 119.56 6.02 125.58 0.854 1562 9230 34.25 0.46 
3480 119.86 6.17 126.03 0.853 1568 9298 34.39 0.46 
3500 119.22 6.44 125.66 0.855 1570 9359 34.43 0.47 
3520 119.09 6.61 125.7 0.856 1577 9421 34.58 0.47 
3540 118.13 6.81 124.94 0.856 1584 9491 34.74 0.47 
3560 117.72 6.95 124.67 0.854 1596 9555 35.0 0.48 
3580 117.69 7.09 124.78 0.856 1600 9615 35.09 0.48 
3600 117.1 7.27 124.36 0.857 1604 9678 35.18 0.48 
3620 117.99 7.46 125.45 0.857 1607 9735 35.24 0.48 
3640 117.4 7.75 125.15 0.857 1614 9802 35.39 0.49 
3660 116.87 8.01 124.88 0.859 1620 9865 35.53 0.49 
3680 116.74 8.18 124.92 0.858 1625 9925 35.64 0.49 
3700 116.73 8.44 125.18 0.859 1629 9997 35.72 0.5 
3720 116.56 8.64 125.2 0.858 1636 10063 35.88 0.5 
3740 115.64 8.79 124.43 0.859 1640 10131 35.96 0.5 
3760 115.42 9.07 124.48 0.86 1645 10192 36.07 0.51 
3780 114.79 9.29 124.08 0.862 1651 10256 36.21 0.51 
3800 114.85 9.49 124.34 0.861 1656 10318 36.32 0.51 
3820 113.95 9.72 123.67 0.862 1660 10381 36.4 0.52 
3840 114.12 9.85 123.97 0.86 1663 10442 36.47 0.52 
3860 114.48 10.01 124.49 0.86 1669 10503 36.6 0.52 
3880 114.42 10.17 124.59 0.862 1673 10572 36.69 0.53 
3900 113.81 10.5 124.31 0.863 1681 10636 36.86 0.53 
3920 113.77 10.7 124.46 0.864 1687 10701 37.0 0.53 
3940 113.42 10.93 124.36 0.865 1696 10765 37.19 0.54 
3960 113.54 11.15 124.69 0.866 1702 10830 37.32 0.54 
3980 113.27 11.39 124.66 0.866 1710 10890 37.5 0.54 
4000 112.74 11.59 124.33 0.865 1711 10952 37.52 0.54 
4020 112.17 11.76 123.94 0.866 1718 11008 37.68 0.55 
4040 112.16 11.97 124.13 0.866 1724 11076 37.81 0.55 
4060 111.7 12.21 123.91 0.866 1729 11142 37.92 0.55 
4080 110.86 12.39 123.25 0.867 1732 11210 37.98 0.56 
4100 111.15 12.63 123.78 0.868 1738 11273 38.11 0.56 
4120 110.72 12.85 123.56 0.87 1744 11347 38.25 0.56 
4140 110.08 13.06 123.14 0.869 1750 11410 38.38 0.57 
4160 110.22 13.21 123.42 0.868 1756 11477 38.51 0.57 
4180 109.96 13.37 123.33 0.869 1762 11541 38.64 0.57 
4200 109.78 13.55 123.32 0.869 1766 11609 38.73 0.58 
4220 109.77 13.76 123.53 0.869 1771 11671 38.84 0.58 
4240 108.86 13.99 122.85 0.869 1775 11739 38.93 0.58 
4260 109.42 14.17 123.59 0.87 1780 11802 39.04 0.59 
4280 109.07 14.47 123.53 0.871 1787 11869 39.19 0.59 
4300 108.53 14.68 123.21 0.873 1794 11938 39.34 0.59 
4320 108.18 14.76 122.94 0.873 1798 12006 39.43 0.6 
4340 107.97 14.94 122.92 0.873 1802 12070 39.52 0.6 
4360 107.64 15.23 122.87 0.872 1807 12136 39.63 0.6 
4380 108.17 15.46 123.63 0.873 1814 12197 39.78 0.61 
4400 107.67 15.62 123.28 0.873 1818 12269 39.87 0.61 
4420 107.75 15.72 123.47 0.873 1824 12330 40.0 0.61 
4440 107.1 15.89 122.99 0.874 1829 12395 40.11 0.62 
4460 106.94 16.1 123.04 0.875 1831 12462 40.15 0.62 
4480 107.0 16.35 123.34 0.875 1837 12531 40.29 0.62 
4500 106.65 16.51 123.16 0.875 1840 12604 40.35 0.63 
4520 106.3 16.7 123.0 0.876 1846 12670 40.48 0.63 
4540 105.76 16.86 122.62 0.877 1852 12739 40.61 0.63 
4560 105.66 17.03 122.69 0.877 1858 12810 40.75 0.64 
4580 105.99 17.3 123.29 0.877 1865 12878 40.9 0.64 
4600 106.1 17.54 123.64 0.877 1870 12949 41.01 0.64 
4620 105.27 17.76 123.03 0.877 1875 13013 41.12 0.65 
4640 105.31 17.94 123.25 0.878 1877 13084 41.16 0.65 
4660 105.09 18.11 123.2 0.879 1883 13149 41.29 0.65 
4680 104.55 18.31 122.86 0.879 1886 13212 41.36 0.66 
4700 104.66 18.52 123.18 0.88 1891 13278 41.47 0.66 
4720 104.48 18.82 123.3 0.88 1896 13344 41.58 0.66 
4740 103.99 18.99 122.97 0.882 1899 13407 41.64 0.67 
4760 103.66 19.17 122.84 0.881 1907 13477 41.82 0.67 
4780 103.32 19.44 122.76 0.882 1914 13544 41.97 0.67 
4800 103.32 19.66 122.98 0.881 1917 13617 42.04 0.68 
4820 102.92 19.81 122.73 0.882 1920 13688 42.11 0.68 
4840 103.07 19.98 123.05 0.883 1925 13753 42.21 0.68 
4860 102.61 20.17 122.77 0.883 1932 13820 42.37 0.69 
4880 102.48 20.4 122.88 0.883 1936 13888 42.46 0.69 
4900 101.94 20.65 122.59 0.883 1940 13958 42.54 0.69 
4920 102.18 20.91 123.09 0.883 1945 14016 42.65 0.7 
4940 101.95 21.14 123.09 0.883 1946 14083 42.68 0.7 
4960 101.44 21.29 122.73 0.882 1954 14151 42.85 0.7 
4980 101.44 21.46 122.9 0.883 1959 14216 42.96 0.71 
5000 100.85 21.64 122.49 0.885 1966 14288 43.11 0.71 
5020 100.47 21.81 122.29 0.885 1968 14364 43.16 0.71 
5040 99.97 22.02 121.99 0.885 1973 14434 43.27 0.72 
5060 100.22 22.19 122.42 0.886 1981 14495 43.44 0.72 
