
0.6046557
0.60624367
0.6095328
0.6004854
0.5990554
0.5850256
0.5535273
0.55732715
0.53460866
0.54060245
0.5304313
0.5119524
0.51769006
0.5233475
0.52460563
0.5375514
0.51764345
0.52622867
0.5049341
0.50380135
0.51161814
0.51216865
0.5558837
0.56773514
0.5298106
0.51485795
0.5062766
0.5150992
0.5121801
0.515859
0.5089166
0.5117007
0.49905354
0.49341393
0.48603287
0.48853922
0.48830378
0.49850783
0.4806674
0.48153007
0.48419932
0.5001582
0.500573
0.49514708
0.4901686
0.49866402
0.4890376
0.47432083
0.4728437
0.4866533
0.4757739
0.47668403
0.46423072
0.4614839
0.47058207
0.46429133
0.4675799
0.4636896
0.45901954
0.4615397
0.45578703
0.46953624
0.44935685
0.4479168
0.4632314
0.45310768
0.45395473
0.45084044
0.46245992
0.45465162
0.4429679
0.44875607
0.44937107
0.43854004
0.44497707
0.45903695
0.4477921
0.44691
0.44383833
0.4485658
0.4428972
0.4446304
0.4405122
0.45069
0.43234804
0.44073492
0.4519438
0.43523118
0.44138965
0.43871298
0.43840745
0.44861302
0.44797987
0.44580945
0.43634608
0.4533532
0.44252697
0.4369547
0.42544228
0.43331927
0.4287151
0.43390697
0.4332165
0.42380926
0.4319696
0.4286697
0.4334056
0.42726323
0.43250126
0.4253749
0.42627054
0.43372667
0.41952103
0.41611812
0.41950554
0.41753376
0.40831384
0.4108501
0.42180744
0.41800758
0.4130783
0.42672423
0.41772932
0.41492406
0.41727513
0.40838793
0.40965298
0.41491958
0.41820621
0.43890396
0.42263073
0.41188115
0.4140401
0.41013804
0.41527942
0.41062227
0.41543818
0.40567183
0.39764482
0.40070927
0.40722755
0.3957804
0.412233
0.41149744
0.40153503
0.39742592
0.4442903
0.39686853
0.3881245
0.38552347
0.3890585
0.3951381
0.38568535
0.40604165
0.40054953
0.3991449
0.40021515
0.38402644
0.39093038
0.3984032
0.39520213
0.3828758
0.3808265
0.38293773
0.38067824
0.38281557
0.38055998
0.38263777
0.3816331
0.3906456
0.38372204
0.37987936
0.3937822
0.38930237
0.3969032
0.39332953
0.38379836
0.3829257
0.38176087
0.37627962
0.385571
0.3789243
0.3952291
0.38450196
0.37861654
0.37840638
0.37342697
0.3676589
0.37215838
0.36990258
0.38023326
0.36628807
0.37143368
0.3566388
0.36936173
0.36482805
0.36304694
0.36537924
0.35730404
0.3697735
0.36677012
0.35835662
0.35551178
0.36737096
0.35310325
0.35843307
0.35371187
0.36399323
0.37242547
0.36966956
0.37090892
0.36131305
0.36079454
0.34945068
0.35633773
0.36207494
0.35872018
0.3618384
0.3560374
0.35843992
0.35746837
0.35749036
0.35770717
0.36046568
0.35849503
0.3560473
0.35284257
0.3488036
0.35296354
0.35263303
0.37073565
0.3541057
0.34203172
0.35232884
0.34615728
0.35663542
0.3472269
0.3478996
0.34794888
0.34520188
0.34767666
0.34378874
0.33761123
0.34224075
0.3491369
0.34458607
0.34471133
0.34836096
0.3409242
0.34659064
0.33590835
0.3422309
0.35356113
0.3388458
0.34172514
0.34615743
0.3399088
0.34673885
0.34916157
0.34022212
0.34011254
0.34566122
0.35999244
0.35808074
0.3478014
0.34885138
0.34631377
0.34002343
0.33002985
0.3382648
0.33387515
0.33213586
0.33309495
0.32721114
0.34040743
0.33540368
0.3291537
0.327076
0.3417418
0.33573434
0.3330092
0.3304429
0.3216728
0.33020923
0.32687563
0.32614198
0.3284294
0.32367942
0.33187556
0.3288237
0.32849345
0.33840764
0.32687506
0.32632288
0.3222292
0.32662183
0.32463184
0.33259195
0.3301926
0.32545826
0.31472299
0.32400072
0.32971534
0.33073315
0.32075408
0.3226269
0.31768674
0.3254927
0.31942093
0.32004613
0.33273485
0.3207785
0.3234177
0.33085078
0.33296743
0.31550094
0.31993973
0.31997558
0.31615257
0.32364944
0.31910872
0.3194595
0.314864
0.31836337
0.31836155
0.32331267
0.31631082
0.32128742
0.3121939
0.32502094
0.3200538
0.31401104
0.31252098
0.31237358
0.31954482
0.3218787
0.3158814
0.3246712
0.3195597
0.31273544
0.3151166
0.3315797
0.3206741
0.32167846
0.3215563
0.32108876
0.31782237
0.3172916
0.31781065
0.32962337
0.31855246
0.31787258
0.31532353
0.3150012
0.32751688
0.3139708
0.31128937
0.31364253
0.31315196
0.31131938
0.30863702
0.30570233
0.3065644
0.30523834
0.319965
0.31487185
0.31589043
0.30253908
0.30910066
0.30830437
0.30073932
0.3131201
0.30297726
0.3053306
0.30031058
0.30177736
0.30209565
0.3058493
0.30708587
0.31060857
0.30414596
0.30794743
0.30262738
0.31126854
0.30650568
0.3089265
0.30680344
0.30056217
0.325562
0.3075946
0.31011704
0.29781926
0.29877356
0.30133086
0.302783
0.30626562
0.2983025
0.2969521
0.3014109
0.29203692
0.28951168
0.29778907
0.29703823
0.29682782
0.29361644
0.2934078
0.2888277
0.29079267
0.2983879
0.2945216
0.2931352
0.29839763
0.30100378
0.28659493
0.29260072
0.2915901
0.2887591
0.2900199
0.28823522
0.29182768
0.29457545
0.2977763
0.29331127
0.29090658
0.29463112
0.29175824
0.2960015
0.29238597
0.28951174
0.292266
0.29053602
0.29606816
0.29501176
0.2904207
0.28674784
0.2908658
0.28844163
0.28739518
0.29213554
0.2908296
0.28647268
0.28652045
0.28446415
0.28931507
0.2925362
0.2869577
0.29492295
0.28251317
0.29166034
0.28700757
0.28477353
0.27901322
0.2842067
0.2843574
0.28425926
0.28656408
0.284494
0.29040596
0.28924364
0.284041
0.29111737
0.2896725
0.28585473
0.28552672
0.28445646
0.27772307
0.28340015
0.28300306
0.2832035
0.28019193
0.2851818
0.27819186
0.29408816
0.30583495
0.28909016
0.27896965
0.28152514
0.2844451
0.2825893
0.28166825
0.28196922
0.27872205
0.27911806
0.27574334
0.27993974
0.28217277
0.28088176
0.28263542
0.28278458
0.27431402
0.2798142
0.282309
0.28067794
0.28221458
0.27956116
0.27965775
0.2796918
0.28778437
0.28279212
0.27918977
0.28069296
0.2884271
0.27906495
0.27815834
0.28173333
0.27970335
0.2859843
0.27752775
0.28192145
0.2798165
0.2826745
0.28071317
0.27990732
0.27758363
0.2800424
0.2799099
0.28620884
0.27542192
0.27926174
0.27713105
0.27381575
0.2744293
0.279897
0.27488494
0.27896187
0.27119625
0.27803344
0.27108088
0.2721742
0.27659133
0.27213705
0.27777177
0.26980987
0.27512485
0.26944882
0.2710321
0.27351606
0.2745111
0.26790157
0.27018344
0.26643363
0.26886767
0.26978025
0.2709701
0.27299187
0.2668762
0.27114102
0.26617348
0.2692557
0.2743413
0.26895785
0.28073674
0.2696666
0.26868215
0.27016208
0.2653634
0.2689311
0.2669601
0.2638148
0.2691204
0.2669031
0.27129927
0.26586333
0.26746807
0.26772168
0.26407304
0.26134488
0.26810768
0.25877514
0.26283014
0.2638066
0.26747757
0.2726139
0.26333547
0.27025127
0.2676743
0.26511043
0.2684365
0.26705825
0.26645377
0.27351913
0.26288527
0.27058616
0.2664466
0.2652381
0.26020703
0.2666627
0.26315716
0.26124611
0.26847082
0.2616194
0.25998807
0.26274875
0.2613876
0.26209688
0.2616263
0.2608351
0.25466105
0.2580075
0.2638109
0.25783968
0.2602893
0.2587876
0.25375447
0.261678
0.25564057
0.2576932
0.26275802
0.26400855
0.26366118
0.25895333
0.26255253
0.26666868
0.25537473
0.25768134
0.26235297
0.25484806
0.2593589
0.2526655
0.2574616
0.25465098
0.25653398
0.25470084
0.26091638
0.2591162
0.25438493
0.26209053
0.25495988
0.26163113
0.26049468
0.2532052
0.25809506
0.25405535
0.2528985
0.25861597
0.2570762
0.25075972
0.2532348
0.2563404
0.25324798
0.26223767
0.24955863
0.26127478
0.25047067
0.25318828
0.25687236
0.2529932
0.25207508
0.2578249
0.25413612
0.2556022
0.24566723
0.24934457
0.25336808
0.2468227
0.25135884
0.24900773
0.25371426
0.24670173
0.247621
0.24957421
0.25227255
0.2458301
0.25127497
0.24743026
0.2558908
0.25546315
0.24888758
0.2522375
0.24408057
0.24704158
0.24685775
0.25245756
0.2550986
0.2637984
0.250139
0.24930613
0.24950393
0.2475566
0.2535651
0.25356394
0.26125056
0.24477436
0.2508555
0.25676066
0.24851967
0.24578568
0.24890944
0.2577097
0.24670969
0.24641669
0.24530801
0.24611467
0.24305962
0.24818541
0.25032702
0.24503699
0.24549948
0.2555159
0.24296555
0.24686594
0.24544361
0.24554731
0.24688701
0.24280526
0.23937173
0.24381004
0.24542564
0.24825595
0.2458499
0.24451849
0.2507256
0.25028545
0.24164814
0.24078394
0.24094386
0.24198164
0.24340309
0.24308398
0.24786647
0.24374089
0.25468987
0.24333706
0.24329981
0.25193045
0.24522726
0.23930009
0.24093312
0.24227127
0.23708037
0.24103494
0.24007231
0.2481077
0.24354479
0.2439781
0.23683137
0.24701141
0.25397578
0.2411622
0.23596531
0.24051325
0.23923677
0.23984362
0.23793596
0.2447685
0.23926592
0.2418562
0.2424676
0.24138138
0.24257697
0.23924525
0.2388546
0.2369826
0.23656556
0.23799634
0.23741841
0.24151726
0.24025413
0.23733985
0.23843792
0.23997064
0.23612128
0.23749264
0.2372957
0.24025312
0.23703119
0.24165803
0.23946816
0.24374136
0.24359636
0.23499036
0.2363977
0.2371597
0.23887208
0.23525932
0.23601095
0.23372468
0.23430304
0.23481624
0.23488764
0.23706344
0.23154502
0.23249447
0.23598027
0.23722829
0.23379338
0.23318662
0.23845038
0.2343634
0.23132227
0.2358884
0.23186116
0.22998759
0.23457584
0.23121122
0.22793393
0.23238699
0.23246022
0.23537765
0.23254229
0.2319165
0.22882016
0.2332325
0.23183265
0.2303746
0.23869841
0.23284785
0.23686968
0.23051919
0.22914569
0.23853612
0.22983478
0.23439032
0.227307
0.22825731
0.22894253
0.22704202
0.22835806
0.23319198
0.23214301
0.23298626
0.22779334
0.22787437
0.2249195
0.22712496
0.22850493
0.22973932
0.22851568
0.2396547
0.2263175
0.23014629
0.22931696
0.22861415
0.22818407
0.22817327
0.2345062
0.22533113
0.23233141
0.22635625
0.22715668
0.23845226
0.23057352
0.23256062
0.23273867
0.23234102
0.23156707
0.22761239
0.22948976
0.22477989
0.22897804
0.23084085
0.23351945
0.23201795
0.2238464
0.22658646
0.22310492
0.22104453
0.2207004
0.2242192
0.23052117
0.22445774
0.22008052
0.22951518
0.22637448
0.22277808
0.22467835
0.22199725
0.22438242
0.22206604
0.22016008
0.22156417
0.22140433
0.2222848
0.22344697
0.2202672
0.2275953
0.22660622
0.2274645
0.22282405
0.21853895
0.22974278
0.22846231
0.22579196
0.21961808
0.2205955
0.22160389
0.22277461
0.22003141
0.224339
0.22100864
0.22450517
0.21929584
0.22372136
0.22293603
0.22267428
0.22121298
0.22101828
0.22310686
0.22465365
0.21999577
0.22203492
0.22314043
0.21978274
0.22474016
0.22060642
0.22271591
0.22181322
0.22027247
0.2225332
0.22132872
0.21939886
0.22003107
0.2211086
0.22507975
0.22414918
0.22546473
0.22315748
0.221101
0.21846636
0.2245193
0.21947159
0.22106132
0.2205324
0.21714836
0.22094837
0.22196984
0.21866965
0.21936788
0.21761213
0.22272608
0.22374642
0.22691774
0.21839006
0.22010487
0.21754198
0.21513624
0.21518242
0.22879569
0.21716924
0.21828568
0.21975099
0.21581341
0.21688998
0.21443154
0.21552311
0.22120294
0.21700257
0.2164399
0.21697074
0.21664107
0.21249399
0.2169013
0.21781051
0.21223632
0.22147276
0.21344735
0.21563624
0.21350852
0.21466514
0.21719478
0.21963358
0.21825805
0.2189256
0.21208857
0.21527053
0.21447028
0.21861658
0.21823409
0.22303629
0.2261241
0.21562296
0.21513154
0.21124788
0.21416998
0.2156691
0.22030084
0.22254834
0.21478073
0.21106985
0.21326005
0.21268427
0.21340321
0.22065696
0.21355772
0.21575025
0.21298735
0.21282126
0.21614651
0.21236664
0.21533507
0.21385293
0.21494228
0.21331966
0.21650901
0.2130923
0.2140332
0.21404676
0.21406664
0.2118784
0.2122663
0.21221024
0.21006131
0.21596986
0.21257614
0.2139875
0.20675196
0.2122549
0.21108836
0.20942463
0.20805208
0.21371804
0.21063894
0.21140552
0.2115536
0.21168073
0.21603328
0.21634537
0.21550353
0.20915449
0.2130504
0.21516237
0.21502301
0.21123853
0.21032274
0.20811476
0.21111406
0.21020743
0.2119827
0.20870084
0.20905867
0.21236381
0.21145
0.20992173
0.2161321
0.20768723
0.21336938
0.20837173
0.2081895
0.2077119
0.21100307
0.2108067
0.20987897
0.21184584
0.21820186
0.20919967
0.21696317
0.21039149
0.20957774
0.21502604
0.2070287
0.20591989
0.21299404
0.20695116
0.21166104
0.20926517
0.2036122
0.20828779
0.20466335
0.20248316
0.20864718
0.21048164
0.20375901
0.20416088
0.20390056
0.20216842
0.2026908
0.2094119
0.207385
0.20696546
0.20723946
0.20981175
0.20797555
0.20507239
0.21007277
0.20550421
0.20700446
0.21023883
0.20603648
0.21221982
0.2061085
0.21099271
0.20343412
0.20507593
0.20750776
0.21068446
0.21806116
0.21504495
0.20714344
0.20561583
0.20671374
0.2108929
0.20502767
0.2142321
0.20540144
0.20498724
0.20378311
0.20449112
0.20360947
0.20549873
0.2095924
0.20518118
0.20725164
0.20338652
0.2073361
0.20566006
0.20216511
0.20621382
0.20449041
0.20526803
0.20814775
0.20821913
0.19919376
0.20335406
0.19993833
0.2005753
0.21050811
0.20494871
0.20397566
0.2025822
0.20966049
0.1982212
0.20134713
0.1972839
0.20161246
0.19981588
0.19689089
0.20453976
0.20411181
0.20130251
0.20112437
0.20264779
0.20348029
0.20627105
0.20526549
0.19965328
0.19920589
0.20311631
0.2005601
0.19928615
0.19683883
0.20492296
0.19694394
0.19917822
0.199756
0.20388214
0.20071056
0.19842559
0.20070885
0.19780998
0.1995668
0.20214152
0.200174
0.20434423
0.2052013
0.20182496
0.19801039
0.20021014
0.19711715
0.19608098
0.19691788
0.19879088
0.19987594
0.20437582
0.19955322
0.2003858
0.19950187
0.19678323
0.19774792
0.19842607
0.19995038
0.19552541
0.19771686
0.19815964
0.20550334
0.19793275
0.19464321
0.19848627
0.19470249
0.20041196
0.19690485
0.19901593
0.19355853
0.19698274
0.19609323
0.19602107
0.19839866
0.19473138
0.19888039
0.19869381
0.20658839
0.19435607
0.19823435
0.20216593
0.19847867
0.19656678
0.19468571
0.19630691
0.19520447
0.19560362
0.19671829
0.1937239
0.19749466
0.19256034
0.19360338
0.19703247
0.19316563
0.19552386
0.20153207
0.19427545
0.19665149
0.20005488
0.19588713
0.19638841
0.19964077
0.19967549
0.19311458
0.19852155
0.1964387
0.19322601
0.19693366
0.19607005
0.19353174
0.19313687
0.19772182
0.19980256
0.19488697
0.19765213
0.19171189
0.19428879
0.18922669
0.19802031
0.19196351
0.1958299
0.19173011
0.19736207
0.19379407
0.19046912
0.19143826
0.19199239
0.19384858
0.19145083
0.19271807
0.19123864
0.19088714
0.1910009
0.19398919
0.19108523
0.18981077
0.19246592
0.1948325
0.19483577
0.19273312
0.18964578
0.19487964
0.19250773
0.19104604
0.190313
0.19231598
0.1948423
0.19283639
0.19126222
0.19417238
0.19480821
0.19415787
0.19033723
0.19215578
0.19106133
0.19420695
0.19158825
0.18960863
0.19203198
0.18843016
0.19090876
0.1890116
0.19179009
0.1881302
0.19262043
0.19165468
0.19384384
0.18944912
0.19110264
0.19011883
0.19371109
0.19151606
0.19499367
0.1901501
0.18911383
0.19494353
0.19216178
0.1923845
0.19024085
0.18633515
0.19277914
0.18602748
0.18776344
0.1892705
0.1872116
0.19213995
0.19406822
0.19172029
0.19093023
0.18909621
0.18730558
0.18993959
0.19506891
0.18815014
0.19591276
0.18878137
0.19062914
0.1906
0.1920827
0.18896939
0.18913375
0.1892457
0.18831672
0.18795566
0.19315225
0.18740249
0.18814687
0.1849176
0.18565175
0.1873794
0.18570986
0.18580757
0.18610969
0.18511654
0.18383084
0.18490675
0.18695185
0.19230998
0.18875334
0.18518442
0.18481095
0.18390363
0.18428855
0.18369448
0.1844802
0.1876995
0.18355481
0.1892478
0.18410519
0.18894638
0.1865086
0.18199435
0.18476656
0.18578258
0.18386167
0.1856207
0.18456365
0.18566567
0.18662304
0.1864633
0.19005623
0.18421929
0.18691032
0.1844655
0.18476695
0.18281554
0.18564114
0.1883742
0.19003025
0.186068
0.1863165
0.1893728
0.18837844
0.19088319
0.18794641
0.18638906
0.18456568
0.18621314
0.18566607
0.18243532
0.18831055
0.18832819
0.19161676
0.18292846
0.18425791
0.18308699
0.187997
0.18482623
0.19061525
0.18694761
0.18755952
0.1864551
0.18447746
0.18403359
0.18836313
0.18777797
0.18471052
0.18834914
0.18473777
0.18831956
0.18679684
0.18882419
0.18454772
0.18730883
0.1871971
0.18383478
0.18654639
0.18651368
0.19231614
0.18331365
0.18583423
0.18392533
0.18125926
0.18640433
0.18609098
0.18403924
0.18875265
0.19278866
0.18456419
0.18446322
0.1882755
0.18749781
0.18323714
0.18527167
0.18746138
0.18610144
0.18149708
0.1928149
0.181777
0.18522784
0.18182957
0.18231094
0.18496735
0.18515433
0.18354993
0.18158303
0.18091366
0.18536298
0.18405323
0.18718462
0.18006298
0.17919514
0.18031181
0.18074715
0.1808233
0.18310834
0.1903313
0.17973574
0.18458745
0.18272062
0.1820403
0.18325782
0.17979994
0.18596625
0.18918692
0.18023969
0.18213598
0.18769303
0.18257491
0.17967185
0.18594874
0.18318313
0.19566473
0.1834446
0.18167883
0.18612278
0.17809701
0.17879027
0.17851007
0.18331994
0.17958282
0.18219826
0.17806375
0.1852722
0.18046904
0.18302195
0.18289506
0.18564418
0.18266223
0.17973487
0.18083222
0.17908452
0.18150462
0.1828263
0.18313515
0.17606625
0.1819792
0.18219686
0.18037465
0.18192239
0.18401882
0.18062717
0.1782581
0.18261884
0.17837268
0.1839869
0.18100853
0.17753714
0.18110545
0.1834267
0.17852692
0.17832369
0.18049686
0.17576715
0.18047492
0.17877087
0.17796843
0.1819622
0.17431341
0.17764913
0.17668936
0.17631952
0.17634703
0.18068632
0.18038501
0.17561889
0.1796459
0.17885913
0.18393879
0.18321848
0.17776081
0.17945357
0.18333018
0.18037805
0.18047221
0.17912894
0.17786255
0.17831793
0.17514935
0.17891087
0.1776325
0.18320502
0.18226846
0.17737323
0.17815512
0.1776488
0.1824995
0.18268608
0.17560159
0.18082625
0.17983711
0.17710787
0.17876741
0.17777398
0.17814949
0.17696057
0.17754833
0.1779104
0.18295197
0.1780229
0.17631619
0.18029837
0.17859884
0.17938396
0.17896734
0.17789052
0.18130773
0.18210293
0.18430398
0.1793347
0.1765707
0.17856057
0.17630823
0.18238562
0.1772469
0.17590714
0.17655201
0.17704804
0.17825699
0.17364794
0.17594576
0.17566046
0.17667165
0.17762409
0.1822971
0.17910294
0.18031375
0.17741258
0.17967823
0.17705683
0.17659782
0.17969249
0.17632237
0.17972733
0.17665078
0.17916586
0.17920645
0.18020552
0.17829002
0.17698379
0.1765636
0.17664643
0.17495708
0.17801775
0.17669511
0.17486912
0.17767276
0.17887786
0.17589967
0.18384866
0.17601855
0.17508991
0.17544056
0.17971921
0.1768919
0.17873739
0.17796521
0.17803024
0.17818962
0.17625386
0.17671767
0.17852025
0.17815308
0.17723086
0.1833923
0.17665179
0.1797262
0.17501634
0.17996113
0.18091525
0.17537737
0.17405348
0.17971222
0.17635667
0.17329176
0.17299427
0.17483334
0.1755803
0.17933844
0.17536563
0.1763831
0.17555548
0.17340231
0.17411195
0.17572029
0.17145722
0.17422703
0.1753483
0.17985158
0.17369863
0.17255162
0.17496954
0.17073771
0.17392372
0.1746702
0.1764609
0.17102955
0.1742899
0.1740003
0.17300035
0.17238252
0.17310418
0.17474456
0.1762695
0.17492971
0.17121944
0.17516737
0.17540143
0.17527093
0.17711143
0.17355956
0.17508386
0.1749278
0.17256267
0.17443731
0.17421326
0.17621595
0.17468333
0.17215548
0.17289272
0.17397039
0.17319044
0.17322725
0.17210747
0.18165626
0.17498179
0.17068496
0.17304467
0.17425504
0.1755335
0.17752205
0.17039715
0.1748022
0.1713021
0.17427745
0.17608538
0.16985719
0.17314003
0.17688352
0.17544156
0.17069443
0.17100069
0.17370166
0.17139703
0.1744233
0.17172632
0.17240116
0.17110372
0.17474142
0.17346098
0.17718932
0.17161585
0.17122866
0.17156214
0.17494598
0.1708552
0.17126268
0.17278591
0.17439565
0.17838863
0.17218354
0.17058389
0.16960295
0.17277177
0.16952848
0.17458168
0.17150438
0.17181161
0.17415604
0.17180113
0.17160101
0.17355677
0.17357257
0.17309916
0.17246322
0.17116024
0.17055774
0.16994952
0.17107883
0.16948672
0.17005257
0.16942926
0.17555682
0.1683151
0.17198807
0.17234652
0.17197122
0.17214999
0.17032735
0.16773628
0.16916966
0.17199366
0.17095612
0.17706244
0.1724658
0.17207249
0.17200862
0.1711629
0.17263979
0.17026228
0.16944541
0.16894232
0.16946758
0.1739173
0.17341357
0.16966538
0.16876994
0.17502204
0.17097689
0.16732633
0.16669346
0.17065957
0.1718697
0.16798578
0.174024
0.16813621
0.16788249
0.171604
0.16730654
0.16643812
0.1664894
0.17235166
0.16816364
0.16889901
0.16749884
0.16686507
0.16629732
0.16593577
0.1640169
0.16806495
0.16599548
0.16858505
0.16791564
0.16750573
0.16448818
0.166178
0.16639465
0.16638318
0.16792601
0.16986437
0.16536665
0.16878122
0.16261625
0.1651017
0.16602767
0.17098005
0.16772734
0.16501302
0.1682412
0.16454539
0.16889176
0.1662237
0.16551149
0.16614495
0.16861185
0.16441947
0.16545454
0.16292581
0.16557842
0.1709387
0.16436
0.16716169
0.16892654
0.16459833
0.16692802
0.16751139
0.16954449
0.16635087
0.17345284
0.16669047
0.1662744
0.16807446
0.16528869
0.16550978
0.17058882
0.16648673
0.16403495
0.16418675
0.16589437
0.16459693
0.16476445
0.1667927
0.17549875
0.1673611
0.16618368
0.16485527
0.16654223
0.16944517
0.1671956
0.16739757
0.16427192
0.16187102
0.16313404
0.16773416
0.16825151
0.17148428
0.16525741
0.16822502
0.16829552
0.16519259
0.16516437
0.16753162
0.16623224
0.16524188
0.16310224
0.16900317
0.16303906
0.16751127
0.17134376
0.16280551
0.16361837
0.16403182
0.16389395
0.16620745
0.16853572
0.16209938
0.16681531
0.16397002
0.16932653
0.16728577
0.16634476
0.1669588
0.16760536
0.16390488
0.16448903
0.16415818
0.16955622
0.16674437
0.16549543
0.16847281
0.16625857
0.16727589
0.16538815
0.16424987
0.16468784
0.16610931
0.16529082
0.16523892
0.16530834
0.16326594
0.17073196
0.16777276
0.16602795
0.16336487
0.16746777
0.16471839
0.1640948
0.1664416
0.16659953
0.16621712
0.16807085
0.16212879
0.16559395
0.16245118
0.16210476
0.16246359
0.17099953
0.1676635
0.16263519
0.1649218
0.16262633
0.16078122
0.16280642
0.16638723
0.16512482
0.1638793
0.1613737
0.17160185
0.1655069
0.16867131
0.16477393
0.16318376
0.16510631
0.16516908
0.16622147
0.16041207
0.16623555
0.16388088
0.16407691
0.16123895
0.16669883
0.16270046
0.16393533
0.16151091
0.16114439
0.1638254
0.16107458
0.16273192
0.16178297
0.16148658
0.16514114
0.16201375
0.16362672
0.1628587
0.1605382
0.16549572
0.1612383
0.16138487
0.16032468
0.1620167
0.1613883
0.16150871
0.16287142
0.16371338
0.16343325
0.16652852
0.16341184
0.16140336
0.16080457
0.16223785
0.16443306
0.16078468
0.1661149
0.16036117
0.16547282
0.1642588
0.16375688
0.16116427
0.16148737
0.1614439
0.16393106
0.1597887
0.16036867
0.16571261
0.16457835
0.1643031
0.16206668
0.15831168
0.16052584
0.16452765
0.16026865
0.1625971
0.16270435
0.16076466
0.16282378
0.16000661
0.16031861
0.16244659
0.15814008
0.16083762
0.16121915
0.15968189
0.16382629
0.16236721
0.16493589
0.16410954
0.16265039
0.16373241
0.16474459
0.16260922
0.16218697
0.16237864
0.15837502
0.162475
0.1660202
0.16055126
0.16215871
0.16078052
0.16125159
0.1599651
0.16138655
0.162103
0.16028556
0.16210161
0.16259941
0.15887827
0.16192448
0.16203542
0.16032824
0.15986523
0.16163625
0.16065481
0.16539624
0.16236664
0.16543908
0.16262265
0.16090217
0.16292985
0.16229828
0.15955189
0.15980345
0.15943077
0.15873004
0.15970428
0.16041338
0.16318528
0.16320547
0.16082865
0.16199736
0.16122615
0.16586976
0.16396976
0.15952925
0.15886062
0.15649442
0.15921363
0.16116476
0.15950029
0.15813081
0.15963715
0.16156933
0.16168767
0.15969715
0.15795995
0.15969104
0.16125597
0.15763104
0.16133118
0.15707327
0.15800777
0.16146527
0.16415475
0.15825446
0.16109547
0.1607697
0.16226052
0.15823744
0.16193707
0.15974334
0.15963422
0.15895453
0.1611269
0.16040325
0.16076747
0.15951604
0.16050334
0.16298115
0.15684277
0.1587682
0.15796682
0.15748033
0.16141805
0.15663578
0.15649647
0.16261144
0.15976816
0.16656992
0.15869749
0.15921114
0.1622988
0.15650652
0.15848163
0.15913928
0.15479983
0.16221352
0.16086312
0.15909895
0.15677506
0.15654573
0.16187115
0.15848568
0.16201036
0.15959327
0.15982108
0.15668395
0.15927824
0.15849073
0.15534152
0.15855956
0.15535267
0.15755545
0.15711564
0.16084075
0.16306366
0.15870816
0.15643366
0.16062878
0.15801741
0.159359
0.15935166
0.15732902
0.15589951
0.16077693
0.15963852
0.15636954
0.15711343
0.15489028
0.16094601
0.15839793
0.15613636
0.15812078
0.15925218
0.1556929
0.1574538
0.15620837
0.15876
0.1565016
0.15628554
0.15832262
0.15699431
0.15570243
0.15821317
0.15459353
0.15616715
0.156555
0.15808913
0.15794586
0.15588593
0.15842402
0.15675378
0.15892276
0.15497753
0.16054927
0.15520543
0.15578431
0.15553318
0.15800181
0.15622167
0.15870391
0.15471408
0.15935376
0.15246496
0.15922014
0.15772058
0.16075596
0.15463239
0.15988612
0.15643416
0.15794404
0.15355301
0.15517206
0.15701851
0.15722527
0.15479746
0.154431
0.15713474
0.15693714
0.15425038
0.1536468
0.15583475
0.15344295
0.15318803
0.15440078
0.1532156
0.15548497
0.15291834
0.15381251
0.15373018
0.15355544
0.15314926
0.1542651
0.15383585
0.15832135
0.15512054
0.15777981
0.15206221
0.15748702
0.15294869
0.15540786
0.15408264
0.15274422
0.15206257
0.15600729
0.15187058
0.15383436
0.15670307
0.16260119
0.15375237
0.15738675
0.15546986
0.1554726
0.15551801
0.15485807
0.15336843
0.15257958
0.1578832
0.15196395
0.15323211
0.15846412
0.15385042
0.1582767
0.1518526
0.1529059
0.15709803
0.15373878
0.15607506
0.15191326
0.15163669
0.15151216
0.15799724
0.15290022
0.15434855
0.151421
0.15221815
0.15222886
0.15649539
0.15570067
0.15451896
0.15491246
0.15192625
0.15228981
0.15433885
0.15841763
0.15187037
0.15237291
0.1521812
0.15498793
0.15447187
0.15216506
0.15373226
0.15002058
0.15262058
0.15482314
0.152221
0.1522733
0.15119168
0.1508912
0.15404779
0.15328854
0.1502504
0.15043448
0.15276392
0.15541574
0.15787093
0.15223198
0.15927303
0.15324998
0.15488625
0.15364906
0.15292521
0.15361816
0.1518965
0.15623991
0.15314478
0.15733701
0.1545509
0.15358989
0.15693946
0.15308729
0.15391973
0.15234809
0.15474609
0.15330988
0.15179388
0.14945069
0.15170915
0.15321824
0.1542279
0.15227099
0.15173714
0.15124361
0.15060927
0.14983216
0.15252501
0.15072174
0.15312214
0.14997837
0.15390798
0.15267962
0.1518551
0.14924589
0.15358147
0.15535675
0.15852524
0.15183638
0.15274665
0.15154278
0.15750962
0.15138827
0.14987707
0.15156783
0.15343204
0.15429886
0.15519439
0.15013327
0.15176818
0.15215966
0.14950396
0.15006037
0.15160853
0.15163937
0.15204628
0.15526904
0.1515191
0.15195006
0.15204859
0.14891003
0.1512637
0.15328902
0.1498527
0.14884752
0.14952303
0.15139338
0.14983068
0.15132132
0.14732687
0.14890029
0.15039572
0.15072803
0.14914826
0.14997098
0.14841133
0.1482663
0.15122624
0.14863612
0.14922749
0.14853722
0.15280393
0.14831077
0.14864591
0.15172043
0.14837219
0.15355515
0.15103762
0.15039425
0.14895917
0.15116449
0.14823632
0.14751524
0.1520251
0.14904821
0.14862189
0.1532782
0.15237038
0.15189819
0.15090261
0.14745584
0.149019
0.14817809
0.14834568
0.14865449
0.15288994
0.14922646
0.15195103
0.15075852
0.15122391
0.15178342
0.15000275
0.15256888
0.15392394
0.14931104
0.14841942
0.14774688
0.15290219
0.14851023
0.14901668
0.15075465
0.15003069
0.1525178
0.1509311
0.15079151
0.15235247
0.14879742
0.14882606
0.14952484
0.1492155
0.15043868
0.14824463
0.15296897
0.14894222
0.14776127
0.15066414
0.15110224
0.1495447
0.15114899
0.14976446
0.1477764
0.14844085
0.15088251
0.14904815
0.1488821
0.14992186
0.14752783
0.14635663
0.1486404
0.14959778
0.15114196
0.1506052
0.14961764
0.1523387
0.14656964
0.14872776
0.14962299
0.14702281
0.14811602
0.1487061
0.15594304
0.1498495
0.14691432
0.15250245
0.14761977
0.14762956
0.14882272
0.1496747
0.14694446
0.14854442
0.14725041
0.15307198
0.14792222
0.14886127
0.1481701
0.15182948
0.1449823
0.14842016
0.15253326
0.14759362
0.14718474
0.1486123
0.14696394
0.14801559
0.14518435
0.14770384
0.14802335
0.14940248
0.14624372
0.14845374
0.1479174
0.14792868
0.14595735
0.14900005
0.14877483
0.1493118
0.14728555
0.14848128
0.15200968
0.15349604
0.15135553
0.14958084
0.14910881
0.14966273
0.14988564
0.14595926
0.15191671
0.14912792
0.15253377
0.14905526
0.14763853
0.14728165
0.1478634
0.14761226
0.14718352
0.14777413
0.1495715
0.14713684
0.14548124
0.14735386
0.14761898
0.14686835
0.14818482
0.14444302
0.14699009
0.1461383
0.15086101
0.14715037
0.14920624
0.14768963
0.15255642
0.14761518
0.1452214
0.14808463
0.14657725
0.14863855
0.14719625
0.14708635
0.14815202
0.1477007
0.14618103
0.14626321
0.14854312
0.14496477
0.14845319
0.14504747
0.14609665
0.14793856
0.15182571
0.15178779
0.14419124
0.14775531
0.14550856
0.15059926
0.14580436
0.15232709
0.15062875
0.14641805
0.14963089
0.15015869
0.14513658
0.14951444
0.14836407
0.14920136
0.14574608
0.14555828
0.14458928
0.1457019
0.1460964
0.14273225
0.14485109
0.14504366
0.14275266
0.14992967
0.14648429
0.14455403
0.14351894
0.1456746
0.14246474
0.14467041
0.14417753
0.14431183
0.14748457
0.1440254
0.14328796
0.14571966
0.14460532
0.14381118
0.14422388
0.14525923
0.1468765
0.14522274
0.14424294
0.14592376
0.14433157
0.14793469
0.14417852
0.14849089
0.14688319
0.14535822
0.14354336
0.14653957
0.14622048
0.1449093
0.14613321
0.14461565
0.14388031
0.14521556
0.14731061
0.14350559
0.14294484
0.14351037
0.14641143
0.14242901
0.14805295
0.14617656
0.14382705
0.14607485
0.14426395
0.14479974
0.145048
0.14766692
0.1459352
0.14542055
0.14941967
0.14270687
0.14827129
0.14453407
0.14241698
0.14331315
0.1464679
0.14551976
0.14870992
0.14635639
0.14493763
0.1443225
0.14383389
0.14939351
0.14549175
0.14406
0.14563562
0.14427735
0.1483508
0.14587246
0.14291583
0.14532858
0.1451502
0.1440781
0.14585006
0.14507063
0.14177658
0.14465617
0.14868037
0.14781977
0.1463194
0.15627939
0.14341271
0.14886014
0.14847645
0.14332974
0.14402652
0.1434892
0.14670093
0.14610906
0.14456882
0.14502047
0.14344949
0.14258158
0.14490636
0.14141446
0.14607303
0.14147712
0.14475271
0.14788921
0.14249201
0.14054665
0.143845
0.14464952
0.14422579
0.14654008
0.14100094
0.14233613
0.14175047
0.1456097
0.14235154
0.14354247
0.14475927
0.14487253
0.14558597
0.14862415
0.14586361
0.14552937
0.14329837
0.14777444
0.14629976
0.14366874
0.14428146
0.14760081
0.1444419
0.14302945
0.14738749
0.145193
0.14514308
0.14302571
0.14361314
0.14781724
0.14444776
0.14231881
0.14311622
0.14252718
0.14461388
0.1424665
0.14331485
0.14332056
0.14198805
0.14198212
0.14109735
0.14243567
0.14359063
0.14068137
0.143396
0.14405946
0.14314617
0.14341922
0.13986312
0.14664909
0.14123614
0.14713858
0.14252146
0.14303592
0.14161554
0.14505157
0.1407122
0.14426848
0.14202107
0.14217722
0.14259967
0.14440686
0.14651604
0.14155765
0.14397712
0.14315835
0.14453891
0.14400694
0.14264145
0.14209701
0.14321765
0.14351068
0.14357932
0.1429233
0.14053877
0.14312798
0.14438325
0.15162577
0.14070916
0.14239863
0.14175473
0.14384307
0.14239414
0.1414224
0.14336617
0.14534886
0.14347021
0.14098561
0.14294367
0.1417245
0.14191248
0.14216413
0.14127779
0.14298685
0.14105636
0.14143348
0.14471486
0.14238816
0.14117825
0.13993214
0.1400352
0.14235972
0.1444934
0.1401655
0.1415031
0.13951845
0.13966838
0.14176786
0.14414209
0.14289382
0.138407
0.14254873
0.13921928
0.14672057
0.14724858
0.14186603
0.1450496
0.14220135
0.14224055
0.13898087
0.14051816
0.14214881
0.1437722
0.1409681
0.14291336
0.14391536
0.14032918
0.14745499
0.14056481
0.14386986
0.14045995
0.13842118
0.13781597
0.13980214
0.14448458
0.13984264
0.14348075
0.14142376
0.14465448
0.14503203
0.14166224
0.14113015
0.14056903
0.13979852
0.14058125
0.13958709
0.13987084
0.13794298
0.13935658
0.14330204
0.14060181
0.14432521
0.14402677
0.14037985
0.1398727
0.13921349
0.13757612
0.13958144
0.13996182
0.13864057
0.13881645
0.13927595
0.14645764
0.14272311
0.13927639
0.13703275
0.13809596
0.14247483
0.13942137
0.13979927
0.14161181
0.13876748
0.14062537
0.14079478
0.14238952
0.14057264
0.14029802
0.14295697
0.13924852
0.14053078
0.14011233
0.13902923
0.14130375
0.13995124
0.13871373
0.13800131
0.14065555
0.14050186
0.14339572
0.1406958
0.14125185
0.14772232
0.14194566
0.14188606
0.13935556
0.1394012
0.14511728
0.14616725
0.14365812
0.13938944
0.14348696
0.1394653
0.143217
0.14387803
0.1437926
0.13982666
0.14172445
0.1394949
0.13860576
0.1475023
0.14028622
0.14116399
0.14463389
0.13833298
0.13861077
0.13979185
0.14094506
0.14232083
0.14050484
0.14364216
0.14033705
0.1438346
0.14247772
0.13828562
0.13980107
0.14834139
0.13900852
0.13980529
0.13801406
0.13771592
0.14307348
0.13948001
0.14280418
0.13916719
0.14238508
0.13946252
0.141162
0.14171587
0.13795136
0.13902612
0.13792093
0.1391677
0.13865261
0.14159778
0.14134227
0.14005919
0.13839172
0.14106733
0.1390393
0.13587579
0.13782093
0.14020678
0.14178352
0.13883595
0.1401611
0.13787542
0.13902368
0.13671549
0.13838166
0.13767995
0.13813254
0.13615437
0.13719654
0.13925844
0.13979003
0.13825475
0.13558301
0.13915963
0.13876417
0.13449104
0.1368756
0.13889319
0.14097293
0.14133967
0.14009579
0.13981943
0.14038017
0.14044167
0.13782828
0.13950863
0.14266862
0.1373066
0.13736159
0.13726942
0.13805217
0.13931015
0.13870084
0.14388758
0.13568768
0.13831256
0.13642476
0.13934112
0.13881089
0.13820688
0.138309
0.138246
0.13767362
0.13936512
0.14184818
0.13996278
0.14501418
0.1413167
0.1396268
0.14220215
0.1396814
0.13906501
0.13867693
0.14028311
0.14565086
0.13858
0.14014097
0.14253907
0.13708055
0.14040513
0.13814585
0.1385781
0.13898887
0.13990247
0.13863058
0.1368327
0.13855028
0.13959381
0.13677573
0.1440947
0.13875689
0.13673909
0.13890648
0.14228395
0.139534
0.13863409
0.13654102
0.13771704
0.13621782
0.1409802
0.14080295
0.14184855
0.13689421
0.14175098
0.14159858
0.14295562
0.13528974
0.13900521
0.13739404
0.13929154
0.13608523
0.13658541
0.13748989
0.1382088
0.13716021
0.13770007
0.1354827
0.13836108
0.13785814
0.13594657
0.13675329
0.13941279
0.14425203
0.13589346
0.13650346
0.13561372
0.13652667
0.13689947
0.14056669
0.13825268
0.13611522
0.13889003
0.13669473
0.13585898
0.13688737
0.13654803
0.13909979
0.13727222
0.1371696
0.13537851
0.13573506
0.13598946
0.13347986
0.13836542
0.13458419
0.13829727
0.13763416
0.13928951
0.13756257
0.13865007
0.1369046
0.13770571
0.13583393
0.13616607
0.13439888
0.13669868
0.13657355
0.13692917
0.13788345
0.13529177
0.13735685
0.13866012
0.13997975
0.13790876
0.13641612
0.13550374
0.13959952
0.13937332
0.14091495
0.14019834
0.13678642
0.13557734
0.13885643
0.14449503
0.13650541
0.1370072
0.14022459
0.13869876
0.13601309
0.13666552
0.13709196
0.14059457
0.13935003
0.13879119
0.13667881
0.13544025
0.136843
0.13915479
0.14049216
0.13597503
0.13848194
0.13816474
0.13675924
0.13572824
0.13687845
0.13355443
0.13753334
0.13757898
0.13788202
0.13792172
0.13651918
0.13550048
0.13978377
0.1366795
0.13586302
0.13877511
0.1373638
0.13591023
0.13792999
0.13620438
0.13885325
0.13535658
0.13458814
0.13410854
0.13352948
0.13651425
0.13675319
0.13632806
0.13632062
0.1342317
0.13896738
0.13611266
0.13527234
0.13588509
0.14211378
0.13643362
0.13569476
0.13770458
0.13392298
0.13592139
0.13356607
0.13346443
0.13668054
0.137822
0.13529295
0.1350405
0.13421926
0.13520016
0.13773999
0.13509129
0.13248478
0.13512672
0.13475657
0.13442834
0.13710232
0.13568558
0.13550317
0.13364393
0.1363292
0.1344847
0.13372843
0.13679378
0.13233781
0.13612889
0.13198766
0.13584684
0.13342078
0.1378627
0.1324792
0.13339241
0.13377276
0.13310274
0.13243791
0.13376874
0.13535134
0.13443558
0.13431622
0.13686027
0.13467754
0.13718686
0.13232882
0.13706405
0.13449258
0.1382663
0.13805766
0.13570651
0.13687088
0.13478598
0.13464104
0.13485426
0.13657591
0.1368078
0.13320674
0.13540834
0.13445145
0.13779436
0.13668029
0.13298485
0.13635871
0.13297206
0.1338613
0.13592221
0.13708869
0.138285
0.13696131
0.13219494
0.13374048
0.13519369
0.13752437
0.13436739
0.13363871
0.13785411
0.13368632
0.13596676
0.1326768
0.13819969
0.13142076
0.13621792
0.13597369
0.137966
0.13548245
0.13184197
0.13365048
0.1371602
0.13384828
0.1337304
0.13224092
0.13345903
0.13321976
0.13350327
0.133915
0.13256834
0.13633302
0.13396037
0.13449514
0.13568886
0.13764708
0.13270319
0.13384114
0.13622326
0.13609964
0.1351192
0.13203892
0.13375202
0.13369441
0.13410665
0.13286513
0.13431917
0.13436745
0.13402721
0.13387042
0.13331547
0.13516833
0.13664499
0.13327442
0.13642897
0.13826934
0.13344501
0.1373582
0.13272293
0.13188028
0.13425793
0.13151273
0.135117
0.13150358
0.13888033
0.1358252
0.13369744
0.13233642
0.1338119
0.13330263
0.13428015
0.13376597
0.13236
0.13404357
0.13598755
0.13371515
0.1312585
0.13369197
0.13312402
0.13451733
0.13597491
0.13151906
0.13499478
0.13010314
0.13380359
0.1345132
0.13314527
0.13694346
0.13483642
0.13411534
0.13289179
0.13163885
0.13415715
0.13432656
0.13478029
0.13132851
0.13439098
0.13290387
0.13151613
0.13868618
0.13186528
0.13218588
0.13107069
0.13816975
0.13011384
0.13251543
0.13127199
0.13366958
0.13029738
0.1320899
0.13078536
0.13503121
0.13450374
0.13188332
0.13273364
0.13322414
0.13813281
0.13741586
0.1323544
0.13148338
0.13681003
0.12883195
0.13268338
0.13080233
0.13337551
0.13333093
0.13296932
0.1311628
0.13173983
0.13150977
0.13343716
0.13153282
0.12998942
0.12915641
0.13145876
0.13096079
0.13135678
0.12996203
0.13514931
0.13212287
0.13097218
0.13097446
0.131903
0.13289432
0.1367417
0.13036343
0.13108547
0.13092142
0.1343079
0.1321348
0.13178866
0.13138996
0.13457271
0.13590708
0.12974991
0.13016804
0.12957649
0.1286986
0.12994845
0.13318537
0.13087873
0.12927017
0.13108884
0.13443118
0.12812819
0.13071941
0.13492562
0.13046525
0.13428652
0.12897919
0.1303098
0.12893423
0.12808831
0.1293345
0.1315692
0.13047092
0.13479172
0.13063516
0.13075364
0.1291272
0.13266847
0.13373649
0.13248727
0.13281347
0.13114029
0.13284816
0.13359107
0.1322064
0.13024104
0.12980685
0.13056308
0.12950896
0.13013878
0.13046509
0.13265786
0.13035312
0.13049382
0.13014257
0.13628109
0.13428077
0.13018377
0.13092327
0.12963289
0.12867294
0.12983054
0.13057454
0.13043727
0.13067508
0.13261949
0.12773168
0.13006054
0.1297098
0.13002001
0.12975095
0.12866198
0.13117978
0.12824823
0.1304366
0.1336987
0.13293074
0.13098574
0.13123803
0.1284534
0.13136542
0.12914228
0.12929079
0.12990242
0.13062152
0.13180664
0.1306944
0.13017692
0.13170977
0.13191451
0.1297555
0.13089359
0.12913707
0.12859909
0.12838317
0.13047892
0.12883419
0.13135453
0.12991169
0.13142826
0.13088839
0.13036396
0.13043651
0.13698867
0.13276464
0.13426839
0.13017634
0.12947007
0.13183892
0.12872654
0.1301155
0.12895077
0.13002886
0.12824655
0.12999684
0.13359922
0.12948662
0.13396415
0.1310883
0.12936454
0.12873167
0.13264306
0.13124041
0.1324941
0.1309812
0.1305473
0.12992348
0.12981026
0.13303107
0.12816241
0.13087389
0.13044351
0.12943244
0.13212244
0.13251078
0.13035013
0.13311416
0.12888847
0.12862834
0.13112691
0.12947479
0.13149273
0.13137037
0.12979494
0.12941878
0.13089715
0.13336901
0.13180572
0.12840089
0.13036905
0.13231646
0.12789977
0.13386779
0.12956706
0.13094896
0.13100481
0.12940262
0.12947366
0.13149592
0.12919016
0.12898074
0.13109258
0.1318922
0.13351892
0.13067234
0.12912856
0.12923838
0.129451
0.12847267
0.13085571
0.13166353
0.12876253
0.13475634
0.13248545
0.12992875
0.1312606
0.13004328
0.12827797
0.13089429
0.13026814
0.12945725
0.12819394
0.13246898
0.12760705
0.12956019
0.13147919
0.1297847
0.13011548
0.13027538
0.12904255
0.13071753
0.13108593
0.12885407
0.13277894
0.12733522
0.13101284
0.12794504
0.1295848
0.13007854
0.13290903
0.13005313
0.12885284
0.13172807
0.13403246
0.13344
0.1278583
0.13041896
0.1317341
0.13394035
0.1304683
0.13352776
0.13059331
0.13196371
0.1292315
0.13129696
0.12899525
0.1276442
0.12768082
0.12785432
0.13127904
0.12887767
0.12955107
0.13196923
0.13197729
0.12845488
0.12901407
0.12603794
0.13217326
0.12733804
0.12729141
0.1277408
0.12884468
0.12895174
0.13406916
0.1293853
0.1295879
0.12912434
0.12908965
0.12954824
0.12939036
0.12898983
0.12988839
0.13194028
0.12849244
0.1304816
0.13051555
0.13302396
0.13145433
0.1268947
0.13127477
0.13369411
0.13185206
0.13330582
0.12761581
0.12826996
0.1297755
0.12847963
0.13265558
0.1306345
0.12988298
0.13319409
0.12967272
0.12863298
0.12932147
0.13061923
0.1282421
0.1317043
0.127721
0.12452415
0.12812543
0.12727733
0.12708668
0.12616168
0.13141255
0.1275434
0.12999673
0.12797584
0.13015561
0.12919042
0.12852024
0.13095823
0.12567243
0.12762077
0.12655026
0.12789916
0.12866889
0.1286844
0.12684354
0.12796645
0.12672985
0.12941608
0.12936985
0.12628786
0.12689619
0.12595138
0.13035198
0.13127318
0.12931454
0.12823334
0.1268425
0.12681611
0.12760782
0.13026977
0.12607755
0.13427526
0.12879291
0.12880524
0.12830399
0.12617612
0.12561564
0.1267693
0.13027723
0.12449212
0.13068877
0.12519757
0.12690884
0.12775064
0.12871444
0.12886295
0.12984276
0.12526377
0.13322279
0.12826042
0.12534128
0.12984307
0.12999883
0.12950608
0.12684925
0.12707701
0.12985834
0.12569968
0.12820815
0.12785736
0.12522005
0.1291576
0.12653719
0.12785894
0.12558785
0.12812674
0.1359585
0.12636079
0.12800664
0.12490747
0.12748162
0.12849642
0.12493514
0.12802596
0.12716281
0.1266966
0.12628834
0.12808242
0.12802462
0.12958859
0.1314325
0.12644058
0.12560292
0.12593272
0.12575118
0.12739709
0.1274713
0.12797473
0.12542436
0.12783001
0.12712865
0.12711065
0.12746984
0.12881874
0.12540464
0.12703142
0.12945747
0.12788746
0.12665933
0.12806149
0.12556379
0.12745622
0.12568945
0.12607269
0.12685251
0.12378034
0.12679212
0.12771933
0.12574323
0.13058811
0.12623064
0.12681055
0.12557901
0.12541676
0.1249098
0.12487511
0.13138916
0.12953167
0.12553379
0.122544475
0.12612297
0.12551619
0.1269816
0.12297423
0.12525329
0.12631762
0.1250546
0.12647247
0.12573731
0.12851621
0.12604901
0.123951346
0.12217751
0.12989274
0.12596534
0.12569046
0.12594368
0.12709406
0.12660094
0.1278074
0.12580623
0.12736541
0.12567027
0.12502588
0.124281876
0.12324648
0.12275643
0.1259731
0.12353421
0.124122694
0.12604085
0.12675174
0.12407528
0.12674293
0.13396896
0.12517425
0.12594931
0.124599785
0.12584132
0.12639694
0.12407668
0.12612677
0.12468552
0.12521236
0.12445158
0.12406396
0.12718797
0.121631555
0.12837434
0.12428206
0.1267575
0.12480682
0.12374179
0.12348717
0.12583362
0.12872845
0.1281359
0.12661313
0.12609103
0.12587449
0.12595569
0.12556495
0.12742276
0.12940164
0.12590958
0.12740524
0.12700903
0.12401238
0.12405732
0.12692112
0.12492317
0.12533756
0.12538043
0.124895774
0.12895235
0.12326471
0.12430323
0.12405403
0.12604144
0.12419748
0.123812325
0.12397667
0.12472372
0.12500939
0.12657146
0.12622814
0.124547824
0.12710409
0.12674299
0.12764786
0.12818243
0.12586182
0.12442236
0.12346428
0.12584662
0.12504464
0.12609245
0.12430291
0.124661535
0.12612802
0.12644576
0.1255268
0.12883034
0.12398989
0.1243913
0.12804522
0.12644969
0.12432873
0.122278735
0.12548088
0.122052796
0.12532036
0.124537125
0.124114834
0.12464461
0.124471314
0.12565875
0.124532364
0.12440803
0.12631418
0.12486444
0.12536244
0.12491572
0.1258352
0.124539636
0.12467381
0.12561125
0.123833045
0.12363334
0.12383288
0.124612056
0.12738538
0.12760396
0.123031124
0.12595937
0.12633847
0.124683015
0.122635774
0.12229528
0.12602305
0.1253841
0.12702982
0.12330719
0.123483196
0.1284694
0.12299093
0.12449522
0.12607864
0.1260002
0.12290896
0.12686744
0.12543719
0.1229733
0.12538925
0.12407539
0.12658174
0.12353483
0.12626496
0.124037065
0.12495433
0.12532768
0.123702824
0.12363065
0.1252677
0.12884417
0.120765194
0.12662913
0.12409813
0.12454392
0.12761822
0.12399445
0.13012439
0.12526996
0.12858969
0.12325179
0.1243689
0.12294987
0.12544674
0.12237926
0.1254358
0.124536954
0.12501195
0.12761095
0.1220899
0.12817757
0.124400735
0.12589253
0.12323411
0.123904176
0.122805536
0.1215522
0.122837044
0.12327252
0.123955436
0.12261427
0.12372653
0.12369122
0.121770404
0.122853756
0.12502879
0.122860864
0.12181688
0.12423356
0.12209326
0.122764125
0.12497835
0.12957716
0.12533903
0.12393859
0.12167636
0.1270909
0.12280095
0.12371781
0.12174983
0.122190274
0.12417278
0.12577212
0.13125105
0.12536938
0.12558343
0.124495156
0.12503129
0.124235235
0.12440632
0.12158164
0.123047054
0.1303528
0.12477169
0.124819465
0.120471455
0.12617162
0.12632199
0.122421294
0.12220987
0.1272573
0.124750316
0.12474807
0.1270607
0.122309186
0.12345101
0.1277259
0.12483097
0.123305105
0.12082077
0.12344237
0.12259008
0.124593176
0.12228994
0.12531802
0.12202114
0.122081734
0.12405022
0.12182567
0.12171252
0.12150699
0.12401885
0.12140387
0.12227468
0.122716986
0.12145384
0.12340956
0.12283459
0.1220841
0.12233459
0.12349995
0.1255265
0.124012165
0.12100935
0.12679288
0.121554285
0.12457031
0.12167678
0.12543778
0.12278038
0.1233556
0.12365083
0.12447432
0.12390409
0.12351657
0.12478602
0.123779915
0.12390403
0.12778787
0.12270111
0.12562892
0.12235868
0.122789375
0.12241989
0.12461515
0.121934
0.12484081
0.123562
0.12634878
0.12201078
0.122692935
0.12479162
0.12318133
0.12643279
0.12411766
0.12469279
0.12172744
0.12365739
0.12534918
0.123191
0.12205807
0.12239654
0.12400963
0.12176814
0.12224358
0.124001935
0.12754962
0.12354853
0.12554991
0.12412924
0.123388074
0.12683538
0.124757454
0.123709895
0.12401124
0.122796446
0.123177215
0.12371633
0.12185252
0.123589575
0.1237286
0.12258886
0.12708323
0.12307086
0.12393342
0.12621595
0.12282126
0.12201604
0.12104409
0.12364857
0.1203061
0.12555562
0.12194005
0.122065604
0.124991305
0.12120985
0.12519059
0.12656899
0.11987313
0.12236509
0.12337515
0.12636647
0.122524835
0.1216825
0.12279467
0.12244007
0.12371191
0.12249633
0.123711325
0.12755394
0.1265825
0.12400696
0.12648053
0.12523587
0.12692468
0.123795405
0.12755494
0.123027384
0.12058978
0.12262648
0.1252396
0.12347922
0.12340468
0.12332882
0.12220532
0.12114768
0.118608944
0.12472022
0.12237353
0.12374681
0.12493073
0.12053087
0.12271114
0.12251515
0.12186882
0.12107995
0.123313956
0.12415859
0.12243168
0.12634434
0.12195158
0.12230922
0.12189262
0.1209095
0.119933315
0.123398416
0.120846674
0.121887185
0.12093028
0.12099944
0.12387015
0.121822044
0.12206988
0.12205687
0.120519064
0.12042293
0.12292408
0.122126535
0.12017371
0.12609372
0.12204762
0.12084452
0.121129274
0.12443486
0.121398576
0.12266814
0.12280032
0.12066622
0.12024847
0.12114951
0.12191459
0.12629992
0.121598475
0.122179076
0.12076788
0.12174358
0.12135787
0.120715946
0.1252224
0.1241214
0.12475785
0.124092765
0.12127901
0.12017611
0.12137853
0.12128131
0.12064513
0.12279008
0.123228036
0.12417771
0.11995022
0.119496964
0.122063264
0.12050464
0.11908738
0.12041475
0.11945784
0.123725094
0.119883314
0.120342374
0.12099835
0.1208098
0.121889494
0.12168184
0.12036607
0.120216146
0.12026337
0.122060046
0.12243416
0.12202728
0.12284481
0.121341206
0.123021714
0.12035558
0.121578015
0.12177308
0.12281123
0.12184728
0.120927595
0.12093668
0.12453036
0.1224227
0.1255908
0.12158497
0.121870585
0.12249388
0.12297625
0.12664095
0.12322161
0.12234259
0.12351773
0.12582715
0.1229646
0.12117287
0.12076445
0.12290178
0.12104519
0.120188534
0.12191236
0.11844892
0.120065056
0.119760215
0.12001643
0.11993327
0.12102353
0.12238957
0.11986837
0.1220248
0.1201074
0.12198837
0.12102565
0.1231841
0.12055395
0.11987632
0.12056982
0.12108767
0.1209772
0.118589364
0.12044966
0.12166839
0.11927463
0.11872962
0.12101533
0.12021696
0.121369176
0.11964529
0.120421454
0.120153576
0.12144026
0.118545696
0.120799184
0.12019622
0.120268546
0.12096154
0.119671375
0.123871766
0.12686607
0.12065206
0.11929223
0.12104198
0.11921841
0.11989916
0.12135367
0.11881312
0.121985555
0.12038277
0.121952444
0.12248224
0.120603874
0.12066354
0.11883573
0.11950442
0.12249299
0.12012644
0.122210056
0.12121962
0.12092042
0.12144195
0.11909064
0.119660385
0.122297965
0.12426181
0.12288694
0.12122627
0.124894306
0.122954145
0.12150157
0.12102361
0.11932136
0.123497255
0.123299874
0.1202149
0.12039866
0.12367141
0.11894621
0.12057097
0.12029552
0.12157311
0.12125804
0.12158298
0.11824332
0.120766744
0.12213372
0.11931518
0.119864024
0.122616455
0.12464364
0.1205022
0.12064939
0.11829364
0.1199495
0.11882254
0.12126231
0.122158125
0.12355095
0.1191228
0.11812858
0.11783894
0.11993179
0.117672905
0.11902428
0.11804457
0.11938837
0.11874395
0.11739679
0.118264645
0.11646491
0.118531734
0.11719825
0.11859328
0.120726205
0.11769073
0.11841613
0.11883627
0.118374005
0.12138371
0.11843998
0.118316896
0.11817477
0.11650423
0.1165477
0.12328668
0.11750162
0.11955705
0.115188934
0.11793382
0.119444475
0.11621154
0.11737426
0.11778109
0.12082363
0.11767826
0.11914904
0.117000565
0.11493879
0.119640596
0.11825779
0.11957225
0.11718771
0.11859563
0.12046557
0.11915047
0.11860249
0.12051514
0.12133769
0.12083569
0.11893895
0.11739505
0.117839314
0.11699108
0.11839291
0.1187026
0.119886786
0.118706256
0.11857729
0.12041701
0.12061504
0.121308506
0.11970965
0.11882661
0.11844789
0.12056904
0.12073673
0.12002007
0.12024392
0.119742736
0.11727686
0.11856334
0.11892476
0.117610835
0.12274856
0.118140094
0.11621924
0.11724578
0.11907331
0.11987096
0.115852736
0.119606316
0.12150779
0.12180325
0.11793579
0.116367236
0.1167934
0.11930863
0.116093054
0.1171357
0.11592014
0.119489655
0.11805726
0.11906263
0.12082222
0.117396906
0.11575623
0.12014631
0.115688846
0.117550984
0.117889106
0.117241
0.121323474
0.11832168
0.116867885
0.115652755
0.11801896
0.11773651
0.11827263
0.11778253
0.12034302
0.11572037
0.116366476
0.11504766
0.114406735
0.11399706
0.11804178
0.11744282
0.11548835
0.11614508
0.117158204
0.11655116
0.124276504
0.116189964
0.11580202
0.117475964
0.11544954
0.11791042
0.118726544
0.11847768
0.11553173
0.120419264
0.11617016
0.11518804
0.11905843
0.11903769
0.117129445
0.119494624
0.11835222
0.116953194
0.11711152
0.12263293
0.1177756
0.115409866
0.11701916
0.11714747
0.117371336
0.11795092
0.11931993
0.11796146
0.11877572
0.11800691
0.12136771
0.11899967
0.11925212
0.11645864
0.11727404
0.116772376
0.11764923
0.11707035
0.1190938
0.11490829
0.11867292
0.12057693
0.11898769
0.11838551
0.11657883
0.120389745
0.12196587
0.11764775
0.11782168
0.11616826
0.11770606
0.118876696
0.11656578
0.12050251
0.119454354
0.11892231
0.122105904
0.1168899
0.11953012
0.11769505
0.11813466
0.119447924
0.11416934
0.12190921
0.11603669
0.118246816
0.11660134
0.118698
0.11730035
0.117209405
0.119781256
0.1175281
0.119285055
0.118939914
0.11749207
0.11758431
0.11783812
0.118350275
0.12241971
0.1184987
0.120862484
0.12016223
0.118498325
0.120263994
0.11761631
0.12051648
0.122019045
0.11841716
0.12189957
0.117104
0.11908824
0.1189875
0.12004246
0.120568395
0.119804054
0.11854934
0.120022714
0.119168244
0.12171364
0.118660174
0.1202462
0.119039975
0.11754145
0.11641675
0.1191355
0.12050419
0.118215024
0.11941054
0.120525375
0.11762246
0.11558138
0.118006535
0.11897687
0.12102288
0.11809438
0.11738032
0.115450546
0.117576
0.118405305
0.118053935
0.1192079
0.12132408
0.11510525
0.1176938
0.11909001
0.11760997
0.11668287
0.11640272
0.11880669
0.117485456
0.11564809
0.117161326
0.116748706
0.11695485
0.118678406
0.115767956
0.11651682
0.116974145
0.118736304
0.11914196
0.1196245
0.11807526
0.114376776
0.11871911
0.1256017
0.11605395
0.11692367
0.12173463
0.11645302
0.11762141
0.12245656
0.12016881
0.117922984
0.12191989
0.119923234
0.115925975
0.11746371
0.11626812
0.118986994
0.11835533
0.118066505
0.11670602
0.11986209
0.11654681
0.119124435
0.11567511
0.12017113
0.117975846
0.115611345
0.11534327
0.11937287
0.11749146
0.116341844
0.11712122
0.11827639
0.11450545
0.11550093
0.11724153
0.11427902
0.11498501
0.11468842
0.122310005
0.11757224
0.11745706
0.12201317
0.11519977
0.11846241
0.1196883
0.11718349
0.11491561
0.113679476
0.11895946
0.1213717
0.117048375
0.11675069
0.11503295
0.11626555
0.116855055
0.11571448
0.115220785
0.11430581
0.1178446
0.11379658
0.11736112
0.11578187
0.11662147
0.11776956
0.11636645
0.116088964
0.11751593
0.11441545
0.11487061
0.1178539
0.114572674
0.11627231
0.11529404
0.114832066
0.116161615
0.116365544
0.116292395
0.11628689
0.11610855
0.11601331
0.11705996
0.11629143
0.116237655
0.11612991
0.11399942
0.117486626
0.11606914
0.11502468
0.11621987
0.120416306
0.11834176
0.118474446
0.1138217
0.11573121
0.115899146
0.11535538
0.11772479
0.11511811
0.11698134
0.11882379
0.11930418
0.11843919
0.11433982
0.11591458
0.11720655
0.11843474
0.11528774
0.11506096
0.116355546
0.12306878
0.11776302
0.11855647
0.12249697
0.11514901
0.11705932
0.11508852
0.11596702
0.118579954
0.118703455
0.11430189
0.11673023
0.11591691
0.115955316
0.11639664
0.11602986
0.11694683
0.12000455
0.11636979
0.115664124
0.115834564
0.11538777
0.11402317
0.11280162
0.117074296
0.11403395
0.114015594
0.11747747
0.114815995
0.12041258
0.114886865
0.11357579
0.11824173
0.115558915
0.11398166
0.115653664
0.11619585
0.11425542
0.11479173
0.11709345
0.11464431
0.11496446
0.11377543
0.11346635
0.11602316
0.11824673
0.11687108
0.113805555
0.116417654
0.11518767
0.116800904
0.11543608
0.11323691
0.116985396
0.115578614
0.11738158
0.11733333
0.11504973
0.11602331
0.116553694
0.11743079
0.118232794
0.11697571
0.11512683
0.11990804
0.11710114
0.119827144
0.11690915
0.11437363
0.11705641
0.116621524
0.116628595
0.11610261
0.11476442
0.114131324
0.11720193
0.117635906
0.116069585
0.11613919
0.11863323
0.11820326
0.113404885
0.11655365
0.11719739
0.11682664
0.11663779
0.11828224
0.11356873
0.11837778
0.113554806
0.11716432
0.114592984
0.11748444
0.11685264
0.115624346
0.11564502
0.11689619
0.116586514
0.11749153
0.11657115
0.11654152
0.117809705
0.11505074
0.11460749
0.11622845
0.1163213
0.11781278
0.118378714
0.11646176
0.11505906
0.11615328
0.11348712
0.11474224
0.11629453
0.1162225
0.11921846
0.11545634
0.11420688
0.11395303
0.11439534
0.120164834
0.116272755
0.11420545
0.11374047
0.11219611
0.11549936
0.11429157
0.114885665
0.11551175
0.11483665
0.11754661
0.115739256
0.11477313
0.11475964
0.11358641
0.1131721
0.1131293
0.11404212
0.1148541
0.1192974
0.11477726
0.114162035
0.11134823
0.11359736
0.113109805
0.11438149
0.11438508
0.11365994
0.1161376
0.11250322
0.11282002
0.116698176
0.113121785
0.11249706
0.11196141
0.11471027
0.11664016
0.11643605
0.115411915
0.115700275
0.11531621
0.11774534
0.115788594
0.11553529
0.11416197
0.11551786
0.11609196
0.11724975
0.11405699
0.11654462
0.11312651
0.114861704
0.12029388
0.113639295
0.11411668
0.115079306
0.116914876
0.11495734
0.113856584
0.1161922
0.11353775
0.11551225
0.11540639
0.11357017
0.11509683
0.113025226
0.11401763
0.11633481
0.113741845
0.1141094
0.11510009
0.11311126
0.114197806
0.11496351
0.11886295
0.11686834
0.11556745
0.11518216
0.11261498
0.11464177
0.11409058
0.1144467
0.11466787
0.11416707
0.115436465
0.11424468
0.11528993
0.1140031
0.11477071
0.11467002
0.1186338
0.120035365
0.11403385
0.1141131
0.11302783
0.113551036
0.11601696
0.11885048
0.11475761
0.114609264
0.11390638
0.114648476
0.11509705
0.11420649
0.113308795
0.115240574
0.11446255
0.11300694
0.11408338
0.11369016
0.115006804
0.11553849
0.118816845
0.11285174
0.114143774
0.11395536
0.11439104
0.112468414
0.116210915
0.112377524
0.115203336
0.11571898
0.11325356
0.11371443
0.113262616
0.11553943
0.11473463
0.11572249
0.11608451
0.11491647
0.11689186
0.11240698
0.11710155
0.11538901
0.11443513
0.117242746
0.11314927
0.112062156
0.115533195
0.11609441
0.11280686
0.1154673
0.11703726
0.117281266
0.113086395
0.11391148
0.11792621
0.114296384
0.11338251
0.11275723
0.11274916
0.11523583
0.1136667
0.114202656
0.118146054
0.113981284
0.11217341
0.11319082
0.1124141
0.11362166
0.11367614
0.11424542
0.11286717
0.11107632
0.11455174
0.114520304
0.111886956
0.1126023
0.11524918
0.11184972
0.11243062
0.11035544
0.11470886
0.11222178
0.113186345
0.112703815
0.114153735
0.11722743
0.11692774
0.112711884
0.11365223
0.11188074
0.11207879
0.11263833
0.113336764
0.11317382
0.113291375
0.11145005
0.117356785
0.11435205
0.11224735
0.11360299
0.11218737
0.11444804
0.116384156
0.11232817
0.111967236
0.11313069
0.1125478
0.11358655
0.11084205
0.112285465
0.11372704
0.11602899
0.11105421
0.11338926
0.11077075